Origin Time       2016/04/16 01:25:00
Lat.              32.753
Long.             130.762
Depth. (km)       12
Mag.              7.3
Station Code      EHM005
Station Lat.      33.7974
Station Long.     132.9141
Station Height(m) 136
Record Time       2016/04/16 01:25:47
Sampling Freq(Hz) 100Hz
Duration Time(s)  107
Dir.              N-S
Scale Factor      7845(gal)/8223790
Max. Acc. (gal)   9.317
Last Correction   2016/04/16 01:25:48
Memo.             
   -7088    -7089    -7089    -7088    -7088    -7088    -7087    -7087 
   -7087    -7087    -7086    -7087    -7089    -7087    -7087    -7089 
   -7087    -7087    -7092    -7089    -7084    -7087    -7089    -7087 
   -7087    -7088    -7089    -7091    -7088    -7087    -7088    -7088 
   -7089    -7089    -7089    -7088    -7086    -7086    -7088    -7088 
   -7087    -7089    -7087    -7086    -7089    -7089    -7086    -7088 
   -7089    -7088    -7088    -7088    -7087    -7088    -7092    -7089 
   -7087    -7088    -7088    -7087    -7089    -7088    -7086    -7088 
   -7091    -7088    -7088    -7091    -7091    -7089    -7089    -7089 
   -7089    -7091    -7088    -7087    -7089    -7089    -7087    -7089 
   -7091    -7088    -7089    -7089    -7087    -7089    -7091    -7086 
   -7084    -7089    -7088    -7086    -7089    -7091    -7088    -7087 
   -7088    -7088    -7088    -7088    -7088    -7089    -7089    -7087 
   -7087    -7088    -7089    -7088    -7087    -7089    -7091    -7088 
   -7086    -7088    -7088    -7088    -7088    -7089    -7091    -7087 
   -7088    -7091    -7089    -7088    -7089    -7087    -7086    -7087 
   -7088    -7087    -7088    -7089    -7087    -7088    -7092    -7087 
   -7084    -7087    -7089    -7088    -7087    -7086    -7088    -7089 
   -7088    -7087    -7089    -7091    -7089    -7087    -7088    -7091 
   -7092    -7091    -7089    -7088    -7089    -7091    -7088    -7088 
   -7089    -7088    -7091    -7091    -7088    -7088    -7091    -7089 
   -7088    -7091    -7089    -7086    -7088    -7089    -7087    -7088 
   -7089    -7089    -7089    -7088    -7088    -7091    -7089    -7087 
   -7089    -7091    -7087    -7087    -7092    -7088    -7087    -7089 
   -7088    -7088    -7088    -7087    -7087    -7088    -7088    -7087 
   -7088    -7089    -7091    -7089    -7088    -7087    -7087    -7087 
   -7087    -7089    -7089    -7087    -7088    -7089    -7089    -7088 
   -7087    -7087    -7091    -7091    -7087    -7086    -7088    -7088 
   -7089    -7089    -7088    -7088    -7089    -7089    -7088    -7088 
   -7088    -7087    -7089    -7091    -7087    -7086    -7088    -7089 
   -7087    -7087    -7086    -7084    -7087    -7088    -7087    -7087 
   -7089    -7088    -7087    -7089    -7088    -7084    -7087    -7089 
   -7087    -7087    -7087    -7088    -7088    -7088    -7087    -7088 
   -7088    -7088    -7088    -7088    -7086    -7087    -7088    -7088 
   -7089    -7088    -7086    -7087    -7088    -7088    -7087    -7087 
   -7089    -7089    -7087    -7088    -7089    -7088    -7088    -7088 
   -7087    -7087    -7088    -7088    -7089    -7088    -7084    -7084 
   -7088    -7091    -7089    -7087    -7087    -7088    -7087    -7086 
   -7087    -7089    -7089    -7087    -7089    -7092    -7091    -7088 
   -7088    -7089    -7088    -7088    -7089    -7089    -7088    -7087 
   -7086    -7089    -7091    -7088    -7086    -7087    -7089    -7091 
   -7088    -7087    -7089    -7089    -7088    -7089    -7088    -7088 
   -7088    -7088    -7088    -7089    -7087    -7086    -7088    -7091 
   -7088    -7087    -7088    -7089    -7088    -7089    -7091    -7088 
   -7087    -7088    -7088    -7088    -7087    -7086    -7088    -7089 
   -7089    -7088    -7087    -7088    -7089    -7091    -7088    -7088 
   -7087    -7087    -7087    -7088    -7088    -7088    -7088    -7088 
   -7087    -7087    -7087    -7087    -7088    -7091    -7088    -7087 
   -7091    -7089    -7087    -7088    -7088    -7087    -7087    -7087 
   -7088    -7089    -7087    -7088    -7089    -7089    -7091    -7091 
   -7086    -7087    -7091    -7089    -7087    -7089    -7091    -7089 
   -7089    -7091    -7089    -7091    -7091    -7089    -7089    -7087 
   -7086    -7087    -7087    -7087    -7089    -7088    -7088    -7089 
   -7088    -7089    -7089    -7089    -7089    -7089    -7088    -7086 
   -7087    -7089    -7089    -7084    -7084    -7089    -7091    -7088 
   -7088    -7091    -7092    -7089    -7087    -7087    -7088    -7087 
   -7087    -7089    -7089    -7088    -7088    -7088    -7089    -7091 
   -7089    -7087    -7087    -7087    -7088    -7089    -7089    -7088 
   -7088    -7088    -7087    -7088    -7088    -7088    -7089    -7089 
   -7089    -7087    -7088    -7091    -7087    -7086    -7089    -7088 
   -7088    -7091    -7088    -7088    -7089    -7089    -7088    -7088 
   -7091    -7087    -7084    -7088    -7089    -7088    -7089    -7088 
   -7088    -7088    -7086    -7088    -7092    -7088    -7087    -7089 
   -7091    -7089    -7088    -7087    -7088    -7088    -7088    -7091 
   -7088    -7086    -7089    -7089    -7087    -7087    -7087    -7088 
   -7089    -7087    -7087    -7088    -7088    -7086    -7088    -7091 
   -7088    -7088    -7091    -7089    -7088    -7089    -7088    -7088 
   -7088    -7086    -7088    -7089    -7087    -7088    -7091    -7089 
   -7087    -7087    -7088    -7087    -7087    -7086    -7086    -7087 
   -7087    -7088    -7091    -7092    -7089    -7087    -7088    -7091 
   -7088    -7089    -7091    -7088    -7088    -7089    -7088    -7087 
   -7088    -7088    -7087    -7087    -7088    -7088    -7088    -7088 
   -7088    -7089    -7089    -7088    -7086    -7086    -7088    -7089 
   -7089    -7087    -7086    -7089    -7092    -7091    -7088    -7087 
   -7088    -7087    -7087    -7088    -7088    -7088    -7091    -7089 
   -7087    -7088    -7087    -7086    -7089    -7091    -7087    -7086 
   -7089    -7089    -7087    -7088    -7092    -7091    -7088    -7088 
   -7089    -7088    -7089    -7088    -7088    -7089    -7088    -7086 
   -7086    -7089    -7091    -7089    -7089    -7091    -7091    -7088 
   -7089    -7092    -7089    -7087    -7087    -7089    -7089    -7089 
   -7091    -7089    -7087    -7088    -7088    -7087    -7089    -7091 
   -7084    -7086    -7092    -7089    -7087    -7088    -7088    -7088 
   -7088    -7089    -7089    -7088    -7087    -7087    -7088    -7088 
   -7086    -7086    -7088    -7088    -7088    -7088    -7087    -7089 
   -7089    -7089    -7092    -7091    -7088    -7088    -7088    -7089 
   -7089    -7089    -7088    -7088    -7089    -7089    -7088    -7089 
   -7089    -7088    -7087    -7088    -7091    -7088    -7088    -7091 
   -7089    -7086    -7087    -7091    -7091    -7087    -7086    -7087 
   -7089    -7089    -7088    -7088    -7087    -7084    -7086    -7088 
   -7088    -7089    -7089    -7089    -7089    -7088    -7087    -7087 
   -7091    -7089    -7087    -7089    -7089    -7088    -7088    -7088 
   -7089    -7088    -7087    -7087    -7088    -7089    -7091    -7089 
   -7089    -7089    -7087    -7087    -7087    -7086    -7088    -7089 
   -7087    -7087    -7088    -7087    -7088    -7091    -7089    -7087 
   -7088    -7092    -7089    -7086    -7087    -7088    -7088    -7088 
   -7086    -7087    -7089    -7087    -7086    -7089    -7089    -7088 
   -7089    -7088    -7088    -7088    -7087    -7087    -7088    -7089 
   -7087    -7086    -7087    -7084    -7084    -7089    -7087    -7084 
   -7088    -7089    -7088    -7088    -7088    -7088    -7089    -7089 
   -7089    -7088    -7087    -7089    -7088    -7086    -7087    -7089 
   -7089    -7088    -7088    -7088    -7088    -7088    -7087    -7087 
   -7088    -7089    -7088    -7088    -7089    -7088    -7088    -7087 
   -7088    -7089    -7089    -7089    -7089    -7089    -7087    -7086 
   -7086    -7088    -7088    -7088    -7088    -7089    -7088    -7088 
   -7088    -7088    -7087    -7088    -7091    -7091    -7089    -7089 
   -7088    -7087    -7087    -7088    -7087    -7087    -7088    -7089 
   -7088    -7087    -7089    -7092    -7091    -7089    -7092    -7089 
   -7086    -7088    -7091    -7088    -7088    -7089    -7089    -7088 
   -7089    -7088    -7089    -7089    -7087    -7088    -7091    -7089 
   -7089    -7089    -7089    -7091    -7091    -7088    -7088    -7092 
   -7092    -7087    -7088    -7089    -7087    -7088    -7089    -7089 
   -7089    -7087    -7084    -7088    -7089    -7084    -7087    -7091 
   -7089    -7088    -7086    -7087    -7088    -7086    -7088    -7091 
   -7087    -7086    -7088    -7087    -7087    -7088    -7086    -7086 
   -7087    -7087    -7086    -7083    -7086    -7088    -7087    -7084 
   -7083    -7087    -7087    -7086    -7087    -7086    -7087    -7089 
   -7089    -7088    -7087    -7087    -7086    -7087    -7091    -7088 
   -7086    -7088    -7087    -7084    -7087    -7089    -7089    -7089 
   -7092    -7094    -7091    -7089    -7089    -7091    -7094    -7092 
   -7092    -7094    -7092    -7088    -7087    -7087    -7091    -7089 
   -7087    -7091    -7094    -7092    -7094    -7096    -7096    -7096 
   -7098    -7098    -7094    -7094    -7096    -7094    -7094    -7094 
   -7091    -7089    -7089    -7091    -7092    -7092    -7094    -7096 
   -7096    -7094    -7094    -7094    -7094    -7094    -7094    -7096 
   -7094    -7091    -7092    -7092    -7091    -7091    -7092    -7088 
   -7087    -7089    -7089    -7091    -7089    -7087    -7088    -7088 
   -7086    -7086    -7084    -7078    -7078    -7080    -7080    -7076 
   -7074    -7074    -7074    -7068    -7064    -7063    -7063    -7061 
   -7059    -7056    -7056    -7061    -7063    -7063    -7061    -7061 
   -7063    -7063    -7065    -7071    -7071    -7071    -7074    -7076 
   -7079    -7080    -7080    -7084    -7091    -7094    -7094    -7094 
   -7096    -7096    -7098    -7098    -7096    -7096    -7098    -7098 
   -7096    -7096    -7099    -7101    -7099    -7099    -7101    -7106 
   -7109    -7109    -7111    -7114    -7115    -7117    -7121    -7125 
   -7126    -7127    -7127    -7127    -7130    -7130    -7126    -7130 
   -7134    -7134    -7134    -7132    -7130    -7132    -7129    -7123 
   -7122    -7118    -7113    -7107    -7102    -7099    -7094    -7092 
   -7091    -7087    -7088    -7089    -7088    -7088    -7088    -7086 
   -7087    -7086    -7084    -7084    -7082    -7079    -7079    -7079 
   -7078    -7075    -7075    -7076    -7076    -7079    -7079    -7078 
   -7079    -7082    -7083    -7078    -7072    -7069    -7068    -7071 
   -7072    -7072    -7072    -7076    -7082    -7086    -7087    -7089 
   -7094    -7099    -7102    -7101    -7098    -7099    -7102    -7106 
   -7109    -7109    -7111    -7117    -7121    -7125    -7130    -7137 
   -7142    -7145    -7145    -7145    -7148    -7148    -7140    -7137 
   -7137    -7132    -7134    -7141    -7142    -7138    -7138    -7140 
   -7141    -7144    -7144    -7138    -7138    -7142    -7142    -7141 
   -7144    -7145    -7144    -7144    -7146    -7149    -7153    -7160 
   -7163    -7160    -7163    -7160    -7152    -7144    -7140    -7132 
   -7119    -7109    -7102    -7094    -7083    -7074    -7076    -7076 
   -7065    -7056    -7051    -7051    -7052    -7042    -7036    -7037 
   -7034    -7030    -7034    -7044    -7049    -7053    -7063    -7075 
   -7079    -7084    -7094    -7102    -7110    -7113    -7111    -7115 
   -7118    -7114    -7107    -7094    -7084    -7083    -7074    -7063 
   -7065    -7074    -7080    -7087    -7094    -7103    -7113    -7123 
   -7132    -7132    -7127    -7127    -7132    -7138    -7144    -7145 
   -7140    -7141    -7153    -7160    -7160    -7163    -7172    -7180 
   -7184    -7177    -7164    -7163    -7172    -7160    -7141    -7138 
   -7148    -7148    -7132    -7114    -7109    -7113    -7117    -7114 
   -7106    -7101    -7103    -7102    -7089    -7072    -7061    -7067 
   -7078    -7076    -7074    -7082    -7098    -7113    -7119    -7119 
   -7123    -7132    -7138    -7141    -7148    -7155    -7165    -7169 
   -7163    -7157    -7169    -7184    -7186    -7180    -7182    -7187 
   -7191    -7191    -7190    -7194    -7198    -7200    -7192    -7183 
   -7171    -7160    -7155    -7149    -7142    -7132    -7125    -7126 
   -7134    -7142    -7142    -7146    -7157    -7164    -7163    -7168 
   -7183    -7188    -7180    -7173    -7171    -7165    -7156    -7146 
   -7145    -7148    -7146    -7145    -7149    -7156    -7157    -7160 
   -7168    -7169    -7175    -7188    -7202    -7206    -7202    -7192 
   -7180    -7160    -7134    -7109    -7094    -7084    -7069    -7059 
   -7059    -7059    -7049    -7037    -7033    -7030    -7017    -7001 
   -6994    -6990    -6984    -6975    -6971    -6968    -6961    -6957 
   -6964    -6978    -6982    -6982    -6993    -7003    -7006    -7010 
   -7021    -7023    -7017    -7010    -7009    -7007    -6998    -6980 
   -6966    -6960    -6956    -6952    -6949    -6947    -6934    -6918 
   -6910    -6913    -6919    -6943    -6978    -7006    -7028    -7064 
   -7103    -7132    -7157    -7194    -7236    -7268    -7296    -7321 
   -7339    -7354    -7368    -7380    -7399    -7425    -7460    -7499 
   -7535    -7564    -7588    -7605    -7608    -7601    -7592    -7578 
   -7558    -7530    -7491    -7452    -7419    -7388    -7349    -7307 
   -7268    -7229    -7186    -7142    -7101    -7063    -7032    -7005 
   -6976    -6945    -6924    -6907    -6894    -6883    -6872    -6866 
   -6862    -6862    -6867    -6875    -6876    -6879    -6883    -6878 
   -6866    -6856    -6844    -6821    -6790    -6756    -6728    -6700 
   -6670    -6655    -6654    -6662    -6683    -6714    -6744    -6775 
   -6813    -6858    -6883    -6885    -6895    -6924    -6941    -6959 
   -6990    -7029    -7076    -7141    -7188    -7203    -7238    -7302 
   -7329    -7337    -7389    -7443    -7446    -7444    -7464    -7466 
   -7454    -7437    -7408    -7384    -7375    -7357    -7314    -7256 
   -7198    -7149    -7110    -7076    -7017    -6955    -6924    -6879 
   -6798    -6747    -6731    -6687    -6651    -6666    -6694    -6718 
   -6752    -6790    -6841    -6916    -6963    -6955    -6940    -6957 
   -6955    -6912    -6901    -6928    -6928    -6918    -6924    -6912 
   -6894    -6903    -6933    -6972    -7015    -7060    -7115    -7159 
   -7172    -7182    -7210    -7238    -7249    -7268    -7307    -7330 
   -7329    -7348    -7391    -7422    -7449    -7499    -7547    -7560 
   -7547    -7537    -7520    -7482    -7438    -7404    -7378    -7352 
   -7327    -7298    -7254    -7219    -7202    -7190    -7180    -7175 
   -7182    -7196    -7207    -7213    -7223    -7233    -7233    -7227 
   -7221    -7213    -7192    -7149    -7080    -6990    -6881    -6763 
   -6643    -6521    -6404    -6319    -6289    -6285    -6268    -6257 
   -6288    -6323    -6350    -6378    -6377    -6354    -6372    -6412 
   -6423    -6426    -6465    -6520    -6542    -6546    -6562    -6596 
   -6640    -6691    -6771    -6885    -6980    -7040    -7096    -7159 
   -7210    -7258    -7307    -7325    -7329    -7361    -7395    -7406 
   -7444    -7514    -7553    -7569    -7601    -7643    -7678    -7707 
   -7716    -7701    -7668    -7607    -7527    -7450    -7368    -7285 
   -7229    -7182    -7130    -7102    -7107    -7127    -7150    -7173 
   -7192    -7219    -7263    -7302    -7325    -7344    -7345    -7321 
   -7287    -7219    -7134    -7086    -7063    -7023    -6999    -7011 
   -7044    -7086    -7118    -7125    -7118    -7110    -7087    -7049 
   -7021    -7017    -7041    -7079    -7103    -7111    -7121    -7119 
   -7083    -7030    -6983    -6948    -6929    -6912    -6890    -6893 
   -6930    -6994    -7064    -7136    -7202    -7238    -7245    -7240 
   -7244    -7277    -7323    -7335    -7327    -7333    -7318    -7256 
   -7168    -7067    -6952    -6847    -6756    -6660    -6550    -6455 
   -6392    -6336    -6268    -6219    -6227    -6273    -6349    -6470 
   -6635    -6820    -6987    -7149    -7321    -7469    -7562    -7600 
   -7604    -7616    -7641    -7641    -7618    -7614    -7627    -7604 
   -7510    -7361    -7198    -7037    -6871    -6723    -6625    -6585 
   -6589    -6610    -6632    -6675    -6741    -6791    -6812    -6837 
   -6881    -6886    -6839    -6791    -6741    -6669    -6619    -6620 
   -6647    -6694    -6775    -6893    -7032    -7173    -7321    -7482 
   -7646    -7788    -7902    -7971    -7964    -7909    -7873    -7840 
   -7765    -7670    -7553    -7416    -7368    -7406    -7400    -7348 
   -7302    -7261    -7192    -7080    -6964    -6866    -6786    -6739 
   -6709    -6687    -6652    -6588    -6564    -6585    -6589    -6581 
   -6546    -6492    -6462    -6453    -6462    -6469    -6460    -6454 
   -6399    -6293    -6191    -6083    -5989    -5945    -5950    -5989 
   -6008    -6048    -6177    -6385    -6623    -6814    -6930    -7020 
   -7086    -7126    -7113    -7037    -6967    -6922    -6893    -6886 
   -6932    -7042    -7142    -7219    -7339    -7438    -7470    -7484 
   -7496    -7539    -7581    -7614    -7693    -7751    -7754    -7777 
   -7817    -7827    -7794    -7785    -7842    -7863    -7816    -7734 
   -7628    -7569    -7533    -7431    -7281    -7115    -6974    -6876 
   -6799    -6743    -6729    -6824    -6966    -7040    -7164    -7358 
   -7438    -7446    -7465    -7508    -7576    -7533    -7392    -7273 
   -7175    -7123    -7010    -6708    -6400    -6249    -6214    -6154 
   -6006    -5980    -6100    -6154    -6211    -6384    -6542    -6608 
   -6613    -6660    -6750    -6759    -6718    -6671    -6650    -6755 
   -6924    -7053    -7160    -7302    -7489    -7628    -7680    -7682 
   -7647    -7608    -7573    -7510    -7418    -7288    -7191    -7218 
   -7283    -7321    -7406    -7555    -7723    -7890    -8044    -8148 
   -8194    -8210    -8182    -8156    -8187    -8156    -8037    -8013 
   -8078    -8078    -8029    -8010    -8016    -7987    -7931    -7860 
   -7744    -7643    -7578    -7477    -7349    -7203    -7056    -6914 
   -6732    -6550    -6404    -6246    -6079    -5977    -5996    -6062 
   -6102    -6208    -6389    -6555    -6713    -6822    -6862    -6919 
   -7001    -7072    -7078    -7017    -7041    -7072    -6963    -6836 
   -6775    -6733    -6659    -6555    -6512    -6494    -6426    -6389 
   -6393    -6446    -6601    -6755    -6881    -7010    -7076    -7140 
   -7138    -7003    -6921    -6863    -6739    -6639    -6596    -6646 
   -6711    -6732    -6845    -6979    -7022    -7088    -7165    -7226 
   -7340    -7458    -7568    -7636    -7614    -7670    -7784    -7726 
   -7632    -7713    -7777    -7607    -7460    -7446    -7261    -7044 
   -6990    -6918    -6856    -6897    -6997    -7118    -7249    -7429 
   -7663    -7906    -8105    -8305    -8563    -8766    -8842    -8900 
   -8989    -8972    -8861    -8854    -8872    -8730    -8538    -8367 
   -8147    -7912    -7723    -7524    -7280    -7028    -6777    -6540 
   -6347    -6227    -6161    -6126    -6196    -6361    -6504    -6654 
   -6835    -6932    -6925    -6895    -6820    -6635    -6460    -6365 
   -6255    -6168    -6173    -6230    -6315    -6424    -6566    -6739 
   -6885    -6988    -7056    -7040    -6997    -7018    -7098    -7230 
   -7366    -7406    -7406    -7415    -7350    -7264    -7250    -7198 
   -7122    -7155    -7198    -7148    -7167    -7319    -7406    -7411 
   -7530    -7677    -7682    -7709    -7831    -7821    -7703    -7682 
   -7732    -7677    -7541    -7523    -7487    -7256    -7084    -6961 
   -6662    -6380    -6208    -6015    -5854    -5736    -5598    -5571 
   -5697    -5798    -5914    -6147    -6319    -6389    -6504    -6671 
   -6810    -6864    -6985    -7217    -7352    -7476    -7699    -7857 
   -7969    -8114    -8256    -8371    -8417    -8451    -8496    -8453 
   -8329    -8194    -8056    -7879    -7674    -7495    -7319    -7148 
   -7036    -6940    -6802    -6683    -6647    -6620    -6527    -6460 
   -6424    -6305    -6246    -6299    -6274    -6265    -6377    -6448 
   -6497    -6643    -6812    -6957    -7132    -7307    -7427    -7508 
   -7597    -7649    -7612    -7541    -7444    -7319    -7280    -7292 
   -7218    -7176    -7233    -7240    -7176    -7136    -7115    -7042 
   -6894    -6744    -6617    -6427    -6222    -6087    -5923    -5726 
   -5626    -5618    -5625    -5664    -5764    -5869    -5979    -6127 
   -6219    -6272    -6431    -6621    -6727    -6835    -6997    -7134 
   -7211    -7276    -7360    -7406    -7415    -7434    -7400    -7306 
   -7231    -7168    -7132    -7160    -7180    -7148    -7072    -6949 
   -6805    -6690    -6631    -6617    -6639    -6710    -6824    -6957 
   -7094    -7213    -7295    -7331    -7348    -7393    -7453    -7485 
   -7530    -7636    -7801    -8001    -8209    -8414    -8606    -8719 
   -8733    -8669    -8532    -8303    -8000    -7666    -7345    -7028 
   -6704    -6403    -6157    -5953    -5753    -5590    -5487    -5391 
   -5305    -5294    -5363    -5466    -5567    -5655    -5763    -5937 
   -6160    -6384    -6651    -6990    -7335    -7631    -7879    -8083 
   -8208    -8198    -8086    -7913    -7662    -7364    -7068    -6787 
   -6558    -6380    -6237    -6158    -6137    -6148    -6166    -6172 
   -6227    -6349    -6471    -6610    -6786    -6999    -7234    -7416 
   -7527    -7604    -7627    -7603    -7566    -7514    -7458    -7408 
   -7335    -7234    -7107    -6960    -6817    -6694    -6604    -6517 
   -6389    -6259    -6191    -6165    -6162    -6214    -6295    -6378 
   -6484    -6577    -6648    -6724    -6787    -6786    -6736    -6700 
   -6629    -6519    -6465    -6457    -6465    -6516    -6615    -6754 
   -6903    -7063    -7236    -7368    -7465    -7560    -7623    -7676 
   -7723    -7735    -7744    -7758    -7750    -7747    -7753    -7747 
   -7715    -7684    -7670    -7638    -7631    -7685    -7728    -7739 
   -7723    -7654    -7526    -7354    -7167    -6990    -6855    -6777 
   -6716    -6629    -6555    -6500    -6460    -6455    -6498    -6588 
   -6705    -6851    -7064    -7330    -7591    -7803    -7931    -7969 
   -7921    -7808    -7662    -7493    -7353    -7281    -7261    -7302 
   -7396    -7501    -7614    -7728    -7823    -7903    -7966    -7993 
   -7996    -8002    -8019    -8028    -8019    -7955    -7830    -7678 
   -7522    -7358    -7183    -6999    -6856    -6787    -6767    -6781 
   -6828    -6917    -7059    -7236    -7406    -7542    -7626    -7642 
   -7593    -7518    -7427    -7322    -7217    -7109    -6995    -6891 
   -6806    -6743    -6683    -6616    -6578    -6582    -6613    -6658 
   -6690    -6705    -6716    -6733    -6762    -6802    -6866    -6970 
   -7106    -7236    -7342    -7439    -7507    -7527    -7514    -7468 
   -7395    -7304    -7194    -7072    -6940    -6794    -6654    -6544 
   -6486    -6492    -6567    -6714    -6921    -7182    -7476    -7763 
   -8027    -8286    -8538    -8746    -8896    -8996    -9036    -9007 
   -8915    -8758    -8540    -8274    -7967    -7646    -7344    -7078 
   -6835    -6621    -6460    -6354    -6308    -6327    -6385    -6458 
   -6534    -6604    -6643    -6635    -6606    -6597    -6619    -6671 
   -6743    -6826    -6929    -7018    -7080    -7129    -7142    -7106 
   -7042    -6963    -6867    -6790    -6767    -6802    -6876    -6967 
   -7075    -7194    -7292    -7356    -7366    -7291    -7138    -6948 
   -6737    -6502    -6258    -6031    -5829    -5653    -5543    -5525 
   -5576    -5663    -5786    -5950    -6146    -6361    -6573    -6764 
   -6922    -7040    -7117    -7169    -7215    -7256    -7306    -7371 
   -7453    -7553    -7652    -7743    -7817    -7831    -7786    -7730 
   -7646    -7518    -7350    -7136    -6916    -6762    -6664    -6597 
   -6552    -6531    -6501    -6439    -6365    -6285    -6168    -6015 
   -5864    -5699    -5502    -5312    -5140    -5003    -4942    -4951 
   -5038    -5208    -5424    -5680    -5989    -6338    -6700    -7049 
   -7375    -7649    -7834    -7955    -8056    -8139    -8203    -8257 
   -8310    -8364    -8406    -8431    -8449    -8454    -8433    -8375 
   -8276    -8129    -7942    -7765    -7626    -7528    -7479    -7450 
   -7419    -7387    -7346    -7299    -7254    -7203    -7157    -7134 
   -7127    -7141    -7203    -7318    -7469    -7650    -7843    -8019 
   -8144    -8224    -8256    -8225    -8129    -8000    -7859    -7716 
   -7565    -7425    -7330    -7291    -7307    -7368    -7431    -7474 
   -7492    -7476    -7444    -7387    -7299    -7198    -7078    -6928 
   -6777    -6621    -6455    -6297    -6161    -6068    -6034    -6062 
   -6151    -6274    -6400    -6519    -6632    -6735    -6818    -6868 
   -6897    -6933    -6999    -7113    -7273    -7476    -7703    -7929 
   -8136    -8293    -8372    -8391    -8372    -8326    -8276    -8229 
   -8182    -8152    -8133    -8113    -8067    -7974    -7844    -7705 
   -7557    -7391    -7230    -7094    -6985    -6918    -6905    -6947 
   -7056    -7207    -7346    -7437    -7447    -7368    -7222    -7023 
   -6790    -6561    -6365    -6211    -6112    -6061    -6035    -6025 
   -6034    -6056    -6064    -6048    -6022    -5996    -5967    -5934 
   -5908    -5894    -5881    -5864    -5859    -5879    -5940    -6044 
   -6186    -6358    -6542    -6721    -6883    -7026    -7153    -7277 
   -7403    -7524    -7651    -7816    -8020    -8239    -8464    -8680 
   -8869    -9016    -9109    -9151    -9147    -9081    -8947    -8753 
   -8507    -8230    -7952    -7678    -7404    -7141    -6886    -6643 
   -6427    -6223    -6012    -5810    -5632    -5472    -5325    -5189 
   -5062    -4946    -4845    -4769    -4734    -4737    -4776    -4872 
   -5020    -5204    -5414    -5636    -5853    -6065    -6280    -6501 
   -6723    -6932    -7118    -7292    -7450    -7581    -7703    -7820 
   -7923    -8027    -8147    -8284    -8433    -8581    -8708    -8785 
   -8800    -8772    -8716    -8629    -8522    -8441    -8394    -8349 
   -8297    -8237    -8159    -8051    -7928    -7797    -7651    -7485 
   -7310    -7156    -7044    -6975    -6944    -6929    -6901    -6859 
   -6813    -6762    -6691    -6606    -6523    -6450    -6382    -6326 
   -6290    -6281    -6293    -6319    -6353    -6385    -6394    -6369 
   -6312    -6234    -6151    -6081    -6037    -6034    -6069    -6133 
   -6219    -6328    -6450    -6585    -6744    -6932    -7145    -7384 
   -7635    -7859    -8031    -8132    -8143    -8070    -7944    -7788 
   -7627    -7477    -7356    -7264    -7200    -7176    -7198    -7258 
   -7357    -7481    -7605    -7696    -7739    -7742    -7705    -7645 
   -7576    -7510    -7479    -7484    -7493    -7488    -7472    -7431 
   -7356    -7264    -7169    -7053    -6903    -6725    -6531    -6332 
   -6143    -5976    -5842    -5752    -5730    -5775    -5841    -5908 
   -5985    -6061    -6137    -6222    -6313    -6411    -6511    -6610 
   -6704    -6772    -6813    -6843    -6866    -6879    -6894    -6944 
   -7044    -7163    -7273    -7371    -7443    -7489    -7523    -7528 
   -7512    -7506    -7522    -7551    -7584    -7607    -7632    -7672 
   -7722    -7767    -7789    -7794    -7789    -7788    -7794    -7816 
   -7862    -7950    -8082    -8237    -8398    -8564    -8716    -8830 
   -8865    -8800    -8650    -8440    -8198    -7955    -7717    -7464 
   -7190    -6906    -6639    -6413    -6252    -6176    -6168    -6192 
   -6226    -6254    -6284    -6320    -6340    -6339    -6328    -6305 
   -6265    -6216    -6172    -6134    -6110    -6120    -6170    -6250 
   -6350    -6467    -6612    -6771    -6930    -7079    -7198    -7267 
   -7299    -7319    -7333    -7338    -7331    -7311    -7272    -7202 
   -7106    -6999    -6901    -6836    -6808    -6822    -6880    -6952 
   -7013    -7061    -7087    -7071    -7020    -6944    -6853    -6762 
   -6681    -6621    -6589    -6594    -6650    -6752    -6871    -6963 
   -7017    -7041    -7018    -6949    -6860    -6764    -6679    -6616 
   -6583    -6582    -6610    -6669    -6763    -6886    -7023    -7164 
   -7295    -7380    -7403    -7383    -7348    -7323    -7337    -7391 
   -7480    -7599    -7735    -7875    -8009    -8120    -8206    -8266 
   -8299    -8309    -8299    -8264    -8195    -8106    -8021    -7969 
   -7963    -7994    -8054    -8117    -8171    -8222    -8248    -8212 
   -8118    -7989    -7847    -7705    -7561    -7411    -7264    -7141 
   -7041    -6945    -6844    -6739    -6642    -6569    -6517    -6477 
   -6444    -6430    -6434    -6453    -6490    -6539    -6597    -6673 
   -6744    -6797    -6841    -6885    -6906    -6906    -6886    -6855 
   -6843    -6864    -6905    -6945    -6983    -7028    -7078    -7114 
   -7125    -7106    -7052    -6985    -6936    -6901    -6897    -6937 
   -7011    -7130    -7295    -7491    -7712    -7946    -8174    -8388 
   -8591    -8776    -8927    -9032    -9094    -9112    -9074    -8972 
   -8822    -8638    -8437    -8233    -8013    -7776    -7537    -7304 
   -7087    -6886    -6693    -6505    -6343    -6214    -6115    -6029 
   -5940    -5872    -5863    -5925    -6029    -6138    -6262    -6405 
   -6531    -6631    -6717    -6779    -6828    -6880    -6940    -7002 
   -7064    -7119    -7163    -7176    -7152    -7105    -7047    -6980 
   -6906    -6829    -6767    -6741    -6763    -6802    -6824    -6821 
   -6805    -6759    -6682    -6588    -6486    -6397    -6363    -6399 
   -6482    -6605    -6793    -7063    -7385    -7723    -8058    -8348 
   -8568    -8716    -8787    -8789    -8738    -8637    -8503    -8375 
   -8276    -8224    -8225    -8251    -8274    -8283    -8280    -8252 
   -8177    -8054    -7879    -7676    -7468    -7250    -7020    -6804 
   -6627    -6497    -6411    -6361    -6336    -6327    -6326    -6327 
   -6323    -6322    -6334    -6350    -6365    -6376    -6400    -6446 
   -6508    -6593    -6708    -6835    -6956    -7047    -7087    -7089 
   -7047    -6952    -6825    -6646    -6412    -6160    -5906    -5656 
   -5433    -5239    -5070    -4927    -4827    -4780    -4770    -4788 
   -4849    -4980    -5182    -5443    -5760    -6120    -6488    -6836 
   -7142    -7392    -7588    -7735    -7843    -7919    -7959    -7974 
   -7962    -7916    -7857    -7794    -7735    -7674    -7603    -7518 
   -7414    -7288    -7146    -6995    -6836    -6679    -6558    -6504 
   -6505    -6547    -6617    -6678    -6717    -6747    -6772    -6787 
   -6797    -6821    -6871    -6924    -6960    -6995    -7047    -7113 
   -7194    -7273    -7318    -7312    -7260    -7153    -6998    -6802 
   -6600    -6421    -6276    -6169    -6118    -6110    -6119    -6141 
   -6166    -6172    -6150    -6119    -6085    -6057    -6042    -6044 
   -6083    -6151    -6238    -6351    -6490    -6640    -6790    -6913 
   -7009    -7094    -7187    -7317    -7493    -7723    -8006    -8306 
   -8583    -8838    -9046    -9180    -9254    -9289    -9290    -9267 
   -9223    -9162    -9092    -9005    -8892    -8764    -8623    -8467 
   -8303    -8104    -7840    -7515    -7149    -6748    -6340    -5944 
   -5568    -5252    -5027    -4907    -4899    -4978    -5112    -5289 
   -5498    -5719    -5940    -6151    -6353    -6554    -6751    -6919 
   -7045    -7132    -7187    -7211    -7198    -7145    -7061    -6956 
   -6835    -6706    -6582    -6471    -6376    -6300    -6245    -6189 
   -6123    -6050    -5985    -5940    -5922    -5937    -5967    -5996 
   -6027    -6066    -6122    -6181    -6232    -6277    -6301    -6293 
   -6254    -6191    -6127    -6091    -6097    -6161    -6284    -6485 
   -6779    -7129    -7476    -7803    -8087    -8289    -8404    -8461 
   -8472    -8444    -8387    -8317    -8248    -8182    -8116    -8058 
   -8019    -7994    -7971    -7913    -7796    -7646    -7514    -7402 
   -7284    -7155    -7018    -6885    -6762    -6652    -6562    -6493 
   -6451    -6460    -6527    -6617    -6718    -6845    -7005    -7183 
   -7342    -7446    -7488    -7484    -7449    -7389    -7307    -7229 
   -7160    -7091    -7010    -6941    -6919    -6930    -6928    -6909 
   -6886    -6859    -6822    -6767    -6700    -6644    -6609    -6592 
   -6590    -6593    -6594    -6621    -6710    -6847    -6968    -7048 
   -7115    -7200    -7276    -7329    -7388    -7456    -7533    -7650 
   -7785    -7874    -7912    -7964    -8078    -8213    -8322    -8395 
   -8433    -8418    -8333    -8195    -8068    -7989    -7951    -7936 
   -7911    -7847    -7773    -7722    -7672    -7581    -7453    -7311 
   -7190    -7075    -6926    -6750    -6583    -6465    -6393    -6316 
   -6204    -6079    -5977    -5914    -5875    -5837    -5788    -5742 
   -5734    -5786    -5846    -5891    -5973    -6115    -6293    -6481 
   -6666    -6829    -6972    -7110    -7236    -7353    -7479    -7605 
   -7735    -7881    -8005    -8094    -8175    -8243    -8268    -8235 
   -8147    -8043    -7927    -7778    -7591    -7385    -7203    -7064 
   -6928    -6782    -6655    -6588    -6597    -6643    -6682    -6714 
   -6754    -6787    -6785    -6741    -6709    -6710    -6739    -6781 
   -6799    -6813    -6847    -6883    -6932    -7038    -7184    -7334 
   -7476    -7591    -7673    -7767    -7900    -8017    -8077    -8124 
   -8193    -8236    -8255    -8313    -8380    -8390    -8363    -8326 
   -8253    -8118    -7948    -7771    -7589    -7400    -7223    -7055 
   -6856    -6628    -6431    -6289    -6177    -6092    -6041    -6015 
   -6012    -6026    -6031    -6000    -5933    -5854    -5780    -5719 
   -5705    -5742    -5821    -5937    -6057    -6138    -6191    -6251 
   -6334    -6427    -6539    -6682    -6860    -7045    -7203    -7318 
   -7411    -7518    -7642    -7744    -7789    -7776    -7730    -7692 
   -7643    -7546    -7431    -7345    -7285    -7231    -7169    -7122 
   -7105    -7096    -7071    -7028    -6998    -7023    -7099    -7176 
   -7221    -7222    -7188    -7134    -7098    -7117    -7173    -7231 
   -7276    -7281    -7223    -7111    -6971    -6848    -6768    -6721 
   -6709    -6725    -6758    -6817    -6878    -6913    -6925    -6922 
   -6919    -6952    -7003    -7056    -7141    -7264    -7410    -7578 
   -7773    -7962    -8109    -8201    -8228    -8170    -8054    -7924 
   -7761    -7561    -7377    -7252    -7157    -7042    -6928    -6851 
   -6802    -6760    -6724    -6686    -6635    -6578    -6527    -6474 
   -6420    -6374    -6334    -6293    -6247    -6212    -6207    -6199 
   -6135    -6034    -5930    -5840    -5775    -5755    -5800    -5888 
   -5994    -6124    -6268    -6401    -6531    -6654    -6755    -6840 
   -6909    -6948    -6947    -6913    -6864    -6828    -6815    -6824 
   -6863    -6957    -7106    -7284    -7462    -7619    -7734    -7796 
   -7824    -7859    -7903    -7954    -7998    -7985    -7903    -7789 
   -7662    -7546    -7441    -7295    -7107    -6925    -6751    -6567 
   -6392    -6259    -6174    -6127    -6099    -6056    -5975    -5895 
   -5852    -5838    -5856    -5938    -6103    -6323    -6564    -6815 
   -7080    -7342    -7586    -7792    -7938    -8037    -8110    -8159 
   -8177    -8167    -8171    -8214    -8253    -8252    -8232    -8224 
   -8233    -8243    -8226    -8151    -8002    -7797    -7537    -7203 
   -6824    -6459    -6164    -5938    -5771    -5667    -5629    -5643 
   -5697    -5793    -5918    -6027    -6095    -6143    -6189    -6214 
   -6257    -6365    -6516    -6671    -6836    -7007    -7168    -7321 
   -7466    -7584    -7639    -7647    -7650    -7650    -7619    -7557 
   -7473    -7391    -7319    -7236    -7127    -6983    -6804    -6608 
   -6408    -6199    -6008    -5892    -5836    -5791    -5769    -5821 
   -5954    -6158    -6419    -6708    -6988    -7236    -7434    -7553 
   -7581    -7535    -7435    -7267    -7017    -6704    -6381    -6099 
   -5872    -5698    -5597    -5568    -5551    -5494    -5420    -5363 
   -5301    -5185    -5009    -4797    -4558    -4302    -4068    -3886 
   -3744    -3639    -3597    -3646    -3785    -4002    -4298    -4648 
   -5022    -5417    -5823    -6208    -6551    -6848    -7092    -7292 
   -7477    -7649    -7801    -7940    -8063    -8151    -8195    -8208 
   -8193    -8136    -7997    -7756    -7449    -7109    -6751    -6388 
   -6030    -5698    -5412    -5173    -4992    -4874    -4785    -4726 
   -4727    -4788    -4905    -5082    -5316    -5589    -5872    -6160 
   -6444    -6682    -6847    -6955    -7025    -7065    -7083    -7080 
   -7056    -7014    -6956    -6903    -6871    -6845    -6804    -6759 
   -6718    -6666    -6597    -6515    -6413    -6289    -6169    -6102 
   -6129    -6247    -6443    -6702    -6993    -7288    -7586    -7862 
   -8086    -8252    -8371    -8467    -8564    -8660    -8758    -8863 
   -8958    -9042    -9144    -9255    -9329    -9352    -9335    -9282 
   -9212    -9151    -9104    -9078    -9080    -9100    -9112    -9112 
   -9115    -9117    -9104    -9081    -9058    -9038    -9026    -9015 
   -9003    -9000    -9018    -9069    -9159    -9256    -9321    -9369 
   -9447    -9559    -9676    -9788    -9892    -9973   -10022   -10048 
  -10018    -9891    -9672    -9397    -9093    -8776    -8463    -8167 
   -7890    -7646    -7457    -7345    -7300    -7299    -7327    -7381 
   -7414    -7393    -7340    -7267    -7155    -7025    -6921    -6866 
   -6856    -6881    -6929    -6990    -7047    -7087    -7106    -7103 
   -7083    -7056    -7026    -6990    -6944    -6860    -6721    -6531 
   -6322    -6114    -5907    -5694    -5491    -5325    -5216    -5174 
   -5178    -5194    -5215    -5263    -5350    -5433    -5487    -5516 
   -5525    -5532    -5564    -5625    -5709    -5822    -5962    -6124 
   -6293    -6450    -6594    -6716    -6782    -6785    -6727    -6617 
   -6484    -6351    -6234    -6135    -6062    -6022    -6043    -6133 
   -6258    -6394    -6523    -6628    -6711    -6797    -6895    -7022 
   -7194    -7393    -7585    -7758    -7931    -8139    -8374    -8600 
   -8800    -8968    -9085    -9161    -9202    -9209    -9192    -9147 
   -9071    -8981    -8874    -8756    -8642    -8549    -8487    -8456 
   -8454    -8486    -8533    -8571    -8571    -8538    -8484    -8404 
   -8290    -8125    -7905    -7654    -7415    -7223    -7084    -7020 
   -7080    -7271    -7569    -7973    -8451    -8954    -9440    -9875 
  -10208   -10397   -10454   -10420   -10315   -10150    -9954    -9751 
   -9547    -9343    -9130    -8877    -8594    -8306    -8014    -7682 
   -7284    -6822    -6330    -5848    -5404    -5015    -4688    -4434 
   -4288    -4266    -4345    -4494    -4695    -4951    -5252    -5557 
   -5841    -6115    -6420    -6775    -7171    -7591    -8020    -8447 
   -8847    -9196    -9450    -9580    -9590    -9512    -9385    -9208 
   -8950    -8629    -8279    -7929    -7580    -7236    -6903    -6569 
   -6219    -5867    -5501    -5092    -4615    -4079    -3516    -2932 
   -2335    -1763    -1223     -687     -133      418      923     1344 
    1667     1872     1958     1933     1809     1614     1340      954 
     506       82     -333     -737    -1062    -1308    -1522    -1707 
   -1875    -2045    -2218    -2394    -2587    -2813    -3087    -3406 
   -3747    -4095    -4445    -4788    -5109    -5404    -5672    -5902 
   -6106    -6328    -6569    -6818    -7096    -7402    -7726    -8059 
   -8365    -8630    -8842    -8996    -9115    -9205    -9248    -9246 
   -9205    -9140    -9073    -9007    -8946    -8919    -8950    -9059 
   -9244    -9463    -9699    -9953   -10207   -10438   -10636   -10795 
  -10937   -11064   -11159   -11203   -11188   -11117   -11007   -10875 
  -10714   -10532   -10349   -10170    -9984    -9786    -9585    -9388 
   -9213    -9088    -9018    -8970    -8927    -8901    -8888    -8872 
   -8850    -8830    -8808    -8773    -8725    -8645    -8530    -8398 
   -8257    -8106    -7967    -7859    -7754    -7619    -7450    -7268 
   -7089    -6868    -6531    -6161    -5879    -5652    -5474    -5428 
   -5494    -5621    -5790    -5952    -6079    -6177    -6251    -6295 
   -6296    -6277    -6274    -6297    -6345    -6424    -6519    -6601 
   -6662    -6669    -6582    -6394    -6103    -5724    -5283    -4804 
   -4324    -3905    -3592    -3399    -3327    -3375    -3538    -3816 
   -4174    -4548    -4912    -5265    -5575    -5836    -6077    -6315 
   -6554    -6801    -7079    -7391    -7723    -8073    -8433    -8780 
   -9096    -9369    -9579    -9711    -9764    -9756    -9694    -9574 
   -9402    -9188    -8927    -8606    -8226    -7835    -7493    -7253 
   -7180    -7325    -7699    -8314    -9147   -10114   -11115   -12087 
  -13014   -13898   -14747   -15511   -16032   -16262   -16339   -16294 
  -16035   -15619   -15110   -14470   -13718   -12906   -12043   -11141 
  -10234    -9337    -8461    -7638    -6876    -6172    -5560    -5069 
   -4699    -4448    -4326    -4340    -4459    -4652    -4891    -5158 
   -5460    -5780    -6100    -6434    -6748    -7002    -7207    -7356 
   -7406    -7375    -7288    -7111    -6840    -6512    -6133    -5711 
   -5289    -4907    -4584    -4349    -4236    -4247    -4368    -4579 
   -4841    -5131    -5435    -5697    -5869    -5937    -5913    -5822 
   -5697    -5578    -5509    -5522    -5633    -5850    -6191    -6637 
   -7168    -7773    -8431    -9104    -9774   -10440   -11102   -11750 
  -12380   -12993   -13576   -14119   -14611   -15049   -15421   -15684 
  -15836   -15903   -15866   -15716   -15476   -15186   -14904   -14670 
  -14482   -14346   -14272   -14234   -14222   -14245   -14293   -14361 
  -14451   -14529   -14569   -14563   -14484   -14315   -14079   -13761 
  -13344   -12852   -12320   -11759   -11178   -10590    -9991    -9358 
   -8700    -8021    -7329    -6667    -6043    -5424    -4814    -4237 
   -3688    -3180    -2745    -2377    -2074    -1861    -1740    -1683 
   -1668    -1692    -1768    -1906    -2069    -2209    -2326    -2428 
   -2517    -2621    -2775    -2983    -3269    -3669    -4180    -4761 
   -5371    -5991    -6601    -7171    -7665    -8054    -8333    -8510 
   -8595    -8592    -8502    -8321    -8085    -7840    -7609    -7406 
   -7261    -7192    -7188    -7244    -7362    -7515    -7685    -7873 
   -8064    -8243    -8388    -8490    -8552    -8591    -8631    -8706 
   -8842    -9063    -9364    -9740   -10196   -10712   -11252   -11789 
  -12282   -12683   -12941   -13035   -12997   -12876   -12696   -12491 
  -12286   -12109   -11970   -11871   -11847   -11901   -12019   -12197 
  -12406   -12611   -12799   -12958   -13077   -13170   -13254   -13342 
  -13443   -13552   -13664   -13770   -13872   -13981   -14068   -14098 
  -14053   -13922   -13710   -13436   -13073   -12591   -12008   -11334 
  -10585    -9801    -8992    -8167    -7345    -6509    -5667    -4849 
   -4051    -3284    -2569    -1881    -1225     -618      -72      405 
     796     1067     1190     1154      959      627      210     -212 
    -587     -882    -1086    -1189    -1201    -1171    -1132    -1102 
   -1132    -1262    -1493    -1829    -2259    -2755    -3296    -3859 
   -4390    -4816    -5086    -5193    -5163    -5027    -4820    -4585 
   -4367    -4202    -4112    -4113    -4192    -4327    -4507    -4707 
   -4907    -5082    -5212    -5298    -5371    -5458    -5563    -5701 
   -5895    -6154    -6469    -6814    -7168    -7533    -7917    -8321 
   -8727    -9120    -9486    -9799   -10022   -10141   -10149   -10048 
   -9823    -9475    -9042    -8556    -8023    -7472    -6945    -6473 
   -6088    -5825    -5701    -5745    -5961    -6304    -6728    -7236 
   -7834    -8476    -9128    -9790   -10435   -11017   -11523   -11958 
  -12294   -12505   -12560   -12429   -12137   -11705   -11140   -10451 
   -9676    -8878    -8125    -7468    -6928    -6501    -6177    -5940 
   -5764    -5637    -5570    -5547    -5524    -5474    -5412    -5362 
   -5370    -5471    -5651    -5902    -6257    -6704    -7211    -7758 
   -8324    -8868    -9355    -9780   -10139   -10438   -10689   -10891 
  -11065   -11225   -11334   -11353   -11267   -11072   -10774   -10380 
   -9892    -9325    -8708    -8071    -7446    -6860    -6318    -5826 
   -5410    -5071    -4776    -4511    -4283    -4106    -4001    -3951 
   -3917    -3854    -3726    -3538    -3308    -3051    -2794    -2584 
   -2448    -2394    -2432    -2560    -2763    -3034    -3360    -3705 
   -4032    -4288    -4445    -4494    -4431    -4276    -4051    -3775 
   -3481    -3204    -2967    -2801    -2716    -2691    -2718    -2802 
   -2941    -3115    -3306    -3503    -3707    -3913    -4107    -4278 
   -4419    -4531    -4623    -4714    -4793    -4834    -4812    -4737 
   -4649    -4587    -4575    -4637    -4788    -5005    -5243    -5448 
   -5579    -5621    -5580    -5474    -5320    -5138    -4941    -4774 
   -4689    -4715    -4893    -5242    -5744    -6380    -7074    -7743 
   -8367    -8928    -9420    -9840   -10160   -10361   -10444   -10417 
  -10296   -10115    -9911    -9717    -9556    -9454    -9405    -9374 
   -9343    -9320    -9312    -9320    -9340    -9364    -9383    -9382 
   -9351    -9297    -9228    -9151    -9082    -9038    -9020    -9028 
   -9062    -9107    -9144    -9153    -9100    -8955    -8704    -8345 
   -7896    -7391    -6858    -6331    -5838    -5397    -5023    -4716 
   -4487    -4363    -4349    -4428    -4560    -4703    -4841    -4966 
   -5074    -5185    -5316    -5483    -5744    -6147    -6702    -7403 
   -8225    -9123   -10045   -10949   -11804   -12560   -13178   -13648 
  -13967   -14135   -14177   -14150   -14089   -14007   -13911   -13788 
  -13614   -13370   -13032   -12587   -12031   -11367   -10623    -9850 
   -9067    -8286    -7550    -6880    -6292    -5796    -5395    -5096 
   -4904    -4816    -4822    -4897    -5013    -5140    -5256    -5339 
   -5393    -5436    -5483    -5574    -5751    -6010    -6327    -6687 
   -7052    -7396    -7703    -7940    -8086    -8132    -8039    -7789 
   -7395    -6862    -6212    -5499    -4769    -4052    -3373    -2724 
   -2092    -1478     -873     -276      301      854     1394     1892 
    2295     2565     2678     2629     2428     2110     1725     1306 
     880      477      122     -172     -411     -607     -776     -935 
   -1105    -1301    -1526    -1802    -2151    -2587    -3114    -3699 
   -4287    -4845    -5332    -5725    -6016    -6195    -6254    -6222 
   -6123    -5979    -5834    -5733    -5686    -5715    -5852    -6092 
   -6415    -6779    -7140    -7466    -7717    -7873    -7933    -7911 
   -7823    -7703    -7572    -7453    -7384    -7377    -7423    -7520 
   -7645    -7789    -7985    -8201    -8391    -8538    -8602    -8553 
   -8414    -8186    -7865    -7480    -7055    -6633    -6265    -5945 
   -5688    -5524    -5433    -5389    -5363    -5319    -5248    -5136 
   -4968    -4756    -4518    -4266    -4012    -3767    -3553    -3385 
   -3281    -3258    -3315    -3443    -3624    -3838    -4083    -4336 
   -4558    -4734    -4833    -4842    -4779    -4656    -4496    -4332 
   -4174    -4033    -3924    -3846    -3775    -3700    -3624    -3541 
   -3446    -3355    -3291    -3288    -3391    -3615    -3951    -4399 
   -4935    -5528    -6169    -6840    -7506    -8131    -8702    -9219 
   -9690   -10130   -10562   -10990   -11404   -11801   -12190   -12577 
  -12969   -13346   -13691   -13980   -14179   -14287   -14316   -14281 
  -14214   -14139   -14072   -14023   -13987   -13953   -13909   -13826 
  -13702   -13555   -13393   -13221   -13053   -12872   -12650   -12379 
  -12060   -11699   -11298   -10860   -10393    -9898    -9390    -8885 
   -8384    -7903    -7450    -7005    -6546    -6065    -5552    -5004 
   -4442    -3888    -3342    -2814    -2326    -1911    -1606    -1421 
   -1344    -1368    -1491    -1696    -1972    -2292    -2636    -2992 
   -3348    -3704    -4050    -4374    -4692    -5026    -5382    -5767 
   -6185    -6631    -7087    -7535    -7958    -8324    -8614    -8822 
   -8945    -9000    -9019    -9026    -9031    -9030    -9008    -8970 
   -8937    -8922    -8927    -8943    -8959    -8966    -8959    -8946 
   -8901    -8792    -8615    -8368    -8040    -7646    -7217    -6768 
   -6301    -5814    -5313    -4816    -4375    -4016    -3750    -3607 
   -3585    -3670    -3863    -4120    -4395    -4675    -4946    -5213 
   -5475    -5714    -5930    -6133    -6330    -6548    -6809    -7103 
   -7415    -7727    -8025    -8283    -8487    -8614    -8621    -8487 
   -8236    -7902    -7551    -7241    -6994    -6812    -6662    -6508 
   -6347    -6157    -5919    -5652    -5356    -5027    -4679    -4338 
   -4039    -3780    -3568    -3453    -3470    -3622    -3889    -4240 
   -4630    -5020    -5375    -5678    -5922    -6100    -6207    -6242 
   -6222    -6165    -6079    -5965    -5837    -5692    -5533    -5364 
   -5196    -5043    -4909    -4787    -4666    -4531    -4345    -4086 
   -3753    -3361    -2948    -2567    -2255    -2030    -1918    -1938 
   -2107    -2432    -2905    -3495    -4147    -4797    -5394    -5898 
   -6290    -6579    -6762    -6858    -6914    -6975    -7063    -7211 
   -7434    -7728    -8097    -8532    -9019    -9536   -10033   -10459 
  -10785   -10986   -11072   -11071   -10987   -10832   -10617   -10335 
   -9992    -9606    -9197    -8776    -8356    -7946    -7548    -7157 
   -6744    -6315    -5892    -5503    -5178    -4893    -4622    -4367 
   -4116    -3848    -3570    -3271    -2951    -2639    -2369    -2169 
   -2066    -2073    -2174    -2358    -2617    -2896    -3148    -3357 
   -3518    -3634    -3732    -3844    -4006    -4256    -4638    -5174 
   -5856    -6673    -7589    -8538    -9468   -10343   -11136   -11805 
  -12307   -12647   -12858   -12951   -12950   -12897   -12810   -12702 
  -12591   -12476   -12339   -12160   -11932   -11658   -11337   -10952 
  -10501    -9992    -9444    -8908    -8428    -8043    -7767    -7591 
   -7487    -7438    -7431    -7434    -7430    -7410    -7365    -7304 
   -7240    -7152    -7037    -6917    -6812    -6739    -6706    -6714 
   -6754    -6812    -6875    -6941    -6994    -7005    -6982    -6945 
   -6879    -6775    -6660    -6582    -6578    -6659    -6825    -7069 
   -7369    -7703    -8058    -8428    -8806    -9162    -9482    -9744 
   -9940   -10071   -10141   -10161   -10137   -10072    -9992    -9929 
   -9891    -9864    -9833    -9783    -9684    -9506    -9229    -8843 
   -8370    -7854    -7325    -6795    -6272    -5768    -5313    -4915 
   -4550    -4195    -3847    -3514    -3204    -2945    -2767    -2693 
   -2735    -2903    -3176    -3514    -3893    -4297    -4710    -5121 
   -5503    -5863    -6231    -6632    -7074    -7555    -8067    -8579 
   -9059    -9478    -9822   -10106   -10328   -10474   -10537   -10528 
  -10462   -10358   -10222   -10052    -9845    -9589    -9293    -8985 
   -8672    -8352    -8029    -7697    -7371    -7071    -6806    -6590 
   -6432    -6338    -6312    -6359    -6482    -6686    -6963    -7295 
   -7670    -8064    -8430    -8750    -9004    -9166    -9238    -9242 
   -9185    -9071    -8923    -8769    -8629    -8510    -8430    -8394 
   -8401    -8460    -8538    -8603    -8622    -8561    -8407    -8177 
   -7898    -7591    -7275    -6961    -6655    -6361    -6077    -5815 
   -5583    -5371    -5154    -4907    -4638    -4357    -4054    -3728 
   -3430    -3204    -3059    -3006    -3068    -3215    -3395    -3581 
   -3780    -3983    -4168    -4321    -4452    -4568    -4668    -4761 
   -4884    -5044    -5223    -5402    -5575    -5733    -5879    -6016 
   -6170    -6346    -6527    -6717    -6907    -7087    -7264    -7422 
   -7541    -7616    -7643    -7612    -7533    -7423    -7287    -7119 
   -6939    -6752    -6556    -6355    -6151    -5967    -5837    -5768 
   -5738    -5732    -5733    -5721    -5686    -5637    -5572    -5494 
   -5414    -5331    -5263    -5220    -5185    -5178    -5209    -5247 
   -5297    -5351    -5391    -5422    -5440    -5455    -5486    -5514 
   -5536    -5567    -5623    -5741    -5931    -6174    -6475    -6814 
   -7140    -7425    -7654    -7804    -7908    -7993    -8037    -8024 
   -7947    -7805    -7593    -7311    -6968    -6588    -6197    -5834 
   -5524    -5262    -5035    -4854    -4734    -4679    -4700    -4804 
   -4981    -5219    -5499    -5793    -6073    -6327    -6528    -6663 
   -6720    -6694    -6612    -6512    -6407    -6316    -6261    -6230 
   -6192    -6142    -6088    -6031    -5981    -5950    -5934    -5930 
   -5948    -6002    -6110    -6278    -6521    -6853    -7275    -7755 
   -8255    -8735    -9161    -9514    -9804   -10050   -10270   -10485 
  -10689   -10868   -11003   -11086   -11113   -11083   -11006   -10891 
  -10741   -10567   -10377   -10174    -9967    -9764    -9571    -9386 
   -9217    -9071    -8950    -8865    -8820    -8811    -8826    -8846 
   -8860    -8876    -8889    -8889    -8870    -8816    -8715    -8579 
   -8437    -8305    -8194    -8108    -8050    -8019    -8004    -7996 
   -7990    -7983    -7966    -7933    -7889    -7832    -7776    -7754 
   -7803    -7925    -8091    -8272    -8454    -8619    -8754    -8856 
   -8915    -8931    -8904    -8838    -8735    -8602    -8451    -8301 
   -8143    -7969    -7804    -7669    -7569    -7503    -7480    -7489 
   -7530    -7619    -7773    -7993    -8267    -8565    -8873    -9173 
   -9451    -9724    -9991   -10233   -10438   -10593   -10692   -10740 
  -10744   -10728   -10704   -10677   -10669   -10693   -10736   -10793 
  -10882   -11006   -11152   -11300   -11422   -11500   -11524   -11504 
  -11427   -11307   -11186   -11084   -11001   -10932   -10872   -10816 
  -10771   -10754   -10773   -10824   -10897   -10979   -11056   -11109 
  -11118   -11078   -10983   -10837   -10662   -10471   -10276   -10081 
   -9903    -9757    -9640    -9559    -9528    -9543    -9596    -9687 
   -9801    -9923   -10053   -10195   -10342   -10476   -10575   -10612 
  -10559   -10415   -10192    -9918    -9613    -9283    -8938    -8600 
   -8283    -7998    -7758    -7558    -7392    -7249    -7121    -7006 
   -6897    -6801    -6731    -6682    -6652    -6643    -6650    -6669 
   -6696    -6729    -6777    -6845    -6934    -7014    -7069    -7098 
   -7086    -7033    -6956    -6868    -6777    -6693    -6608    -6515 
   -6413    -6309    -6200    -6088    -5980    -5887    -5827    -5796 
   -5778    -5772    -5779    -5786    -5795    -5813    -5834    -5837 
   -5822    -5813    -5798    -5772    -5756    -5751    -5757    -5798 
   -5869    -5967    -6089    -6230    -6376    -6521    -6663    -6795 
   -6916    -7021    -7113    -7188    -7253    -7314    -7360    -7392 
   -7431    -7484    -7555    -7650    -7763    -7897    -8044    -8187 
   -8302    -8360    -8360    -8309    -8206    -8056    -7877    -7689 
   -7508    -7349    -7218    -7122    -7061    -7032    -7026    -7045 
   -7083    -7150    -7264    -7425    -7611    -7812    -8014    -8201 
   -8363    -8494    -8586    -8638    -8680    -8716    -8738    -8741 
   -8729    -8706    -8684    -8676    -8691    -8733    -8812    -8931 
   -9069    -9205    -9332    -9443    -9525    -9563    -9551    -9475 
   -9339    -9146    -8900    -8610    -8290    -7946    -7592    -7242 
   -6891    -6535    -6180    -5837    -5525    -5247    -5013    -4841 
   -4714    -4606    -4521    -4442    -4355    -4266    -4194    -4153 
   -4144    -4155    -4178    -4220    -4275    -4336    -4406    -4490 
   -4585    -4702    -4833    -4962    -5093    -5223    -5344    -5454 
   -5530    -5564    -5564    -5525    -5443    -5355    -5271    -5196 
   -5144    -5128    -5151    -5219    -5329    -5470    -5625    -5773 
   -5907    -6022    -6126    -6224    -6323    -6432    -6559    -6700 
   -6847    -6995    -7141    -7276    -7391    -7485    -7562    -7619 
   -7657    -7681    -7696    -7701    -7688    -7649    -7573    -7462 
   -7325    -7165    -7013    -6879    -6752    -6643    -6556    -6484 
   -6419    -6353    -6280    -6208    -6130    -6048    -5971    -5890 
   -5806    -5740    -5694    -5665    -5647    -5614    -5574    -5540 
   -5510    -5491    -5497    -5533    -5607    -5711    -5836    -5984 
   -6146    -6307    -6463    -6604    -6725    -6839    -6961    -7096 
   -7233    -7365    -7492    -7622    -7753    -7870    -7963    -8023 
   -8039    -8009    -7942    -7824    -7649    -7430    -7180    -6907 
   -6621    -6326    -6018    -5706    -5405    -5128    -4881    -4675 
   -4523    -4434    -4413    -4453    -4540    -4652    -4765    -4876 
   -4982    -5078    -5177    -5275    -5368    -5460    -5552    -5641 
   -5730    -5834    -5958    -6110    -6300    -6520    -6763    -7025 
   -7295    -7566    -7843    -8114    -8360    -8569    -8725    -8820 
   -8862    -8841    -8757    -8625    -8446    -8241    -8043    -7865 
   -7709    -7593    -7515    -7461    -7415    -7378    -7345    -7302 
   -7238    -7142    -7021    -6868    -6691    -6497    -6282    -6048 
   -5822    -5613    -5406    -5200    -5013    -4847    -4695    -4557 
   -4445    -4359    -4278    -4197    -4125    -4052    -3990    -3971 
   -4009    -4120    -4309    -4550    -4820    -5113    -5400    -5659 
   -5894    -6103    -6285    -6434    -6546    -6625    -6669    -6690 
   -6705    -6704    -6696    -6685    -6659    -6617    -6571    -6531 
   -6486    -6432    -6385    -6345    -6297    -6252    -6203    -6134 
   -6053    -5956    -5850    -5763    -5688    -5620    -5568    -5530 
   -5501    -5474    -5454    -5448    -5454    -5466    -5489    -5532 
   -5579    -5628    -5679    -5732    -5796    -5900    -6046    -6228 
   -6444    -6678    -6924    -7165    -7368    -7519    -7619    -7668 
   -7662    -7607    -7515    -7402    -7272    -7138    -7007    -6880 
   -6771    -6682    -6588    -6481    -6363    -6237    -6112    -5984 
   -5848    -5707    -5562    -5408    -5250    -5084    -4903    -4710 
   -4507    -4306    -4106    -3919    -3755    -3619    -3503    -3407 
   -3333    -3273    -3229    -3203    -3202    -3226    -3279    -3369 
   -3510    -3690    -3909    -4159    -4429    -4706    -4968    -5194 
   -5386    -5537    -5636    -5687    -5710    -5714    -5711    -5730 
   -5786    -5879    -6019    -6204    -6415    -6654    -6917    -7172 
   -7404    -7599    -7728    -7781    -7765    -7684    -7555    -7400 
   -7230    -7065    -6928    -6810    -6710    -6629    -6554    -6454 
   -6323    -6164    -5983    -5796    -5618    -5459    -5341    -5273 
   -5255    -5290    -5375    -5493    -5637    -5796    -5948    -6066 
   -6145    -6197    -6243    -6285    -6335    -6397    -6477    -6571 
   -6681    -6809    -6955    -7119    -7300    -7493    -7689    -7879 
   -8056    -8209    -8318    -8372    -8378    -8345    -8290    -8221 
   -8144    -8073    -8009    -7948    -7898    -7860    -7827    -7792 
   -7746    -7684    -7608    -7531    -7465    -7418    -7410    -7442 
   -7508    -7611    -7735    -7873    -8032    -8208    -8387    -8568 
   -8735    -8874    -8985    -9067    -9134    -9200    -9265    -9339 
   -9429    -9522    -9606    -9672    -9718    -9752    -9771    -9761 
   -9722    -9675    -9622    -9578    -9548    -9535    -9539    -9574 
   -9644    -9738    -9856    -9981   -10095   -10191   -10272   -10334 
  -10368   -10372   -10368   -10374   -10396   -10438   -10504   -10575 
  -10646   -10719   -10782   -10825   -10852   -10874   -10883   -10871 
  -10844   -10800   -10727   -10642   -10547   -10443   -10335   -10238 
  -10145   -10049    -9944    -9826    -9698    -9563    -9428    -9302 
   -9196    -9108    -9047    -9024    -9036    -9067    -9104    -9151 
   -9188    -9200    -9184    -9140    -9077    -9000    -8927    -8873 
   -8835    -8823    -8847    -8889    -8943    -9024    -9113    -9200 
   -9283    -9346    -9374    -9378    -9362    -9324    -9271    -9198 
   -9107    -9020    -8947    -8881    -8816    -8743    -8655    -8567 
   -8473    -8370    -8259    -8141    -8016    -7881    -7742    -7623 
   -7518    -7426    -7361    -7311    -7269    -7248    -7233    -7211 
   -7190    -7167    -7144    -7123    -7118    -7134    -7160    -7194 
   -7226    -7248    -7254    -7248    -7229    -7191    -7125    -7033 
   -6916    -6777    -6632    -6502    -6399    -6326    -6280    -6250 
   -6238    -6239    -6232    -6208    -6168    -6107    -6029    -5944 
   -5864    -5810    -5778    -5760    -5771    -5814    -5877    -5957 
   -6060    -6178    -6304    -6430    -6551    -6673    -6793    -6907 
   -7037    -7194    -7378    -7603    -7857    -8120    -8379    -8623 
   -8838    -9028    -9189    -9312    -9417    -9501    -9558    -9593 
   -9599    -9570    -9522    -9448    -9342    -9213    -9071    -8931 
   -8800    -8681    -8576    -8482    -8398    -8330    -8281    -8248 
   -8226    -8229    -8245    -8257    -8279    -8309    -8336    -8365 
   -8391    -8398    -8385    -8360    -8328    -8291    -8252    -8213 
   -8179    -8154    -8144    -8148    -8166    -8185    -8194    -8181 
   -8131    -8044    -7925    -7778    -7619    -7457    -7295    -7145 
   -7014    -6913    -6848    -6797    -6752    -6709    -6650    -6578 
   -6498    -6405    -6307    -6214    -6129    -6062    -6006    -5950 
   -5914    -5899    -5896    -5907    -5937    -5979    -6025    -6065 
   -6099    -6123    -6147    -6162    -6164    -6169    -6172    -6170 
   -6173    -6173    -6169    -6168    -6146    -6102    -6046    -5984 
   -5914    -5841    -5760    -5672    -5590    -5514    -5456    -5433 
   -5428    -5443    -5485    -5522    -5566    -5621    -5663    -5692 
   -5721    -5734    -5746    -5756    -5764    -5793    -5837    -5886 
   -5940    -6011    -6095    -6184    -6270    -6355    -6430    -6486 
   -6531    -6567    -6592    -6604    -6610    -6608    -6598    -6597 
   -6608    -6621    -6640    -6656    -6669    -6682    -6682    -6671 
   -6662    -6646    -6621    -6604    -6600    -6619    -6656    -6702 
   -6764    -6836    -6913    -6995    -7064    -7110    -7127    -7106 
   -7044    -6945    -6812    -6651    -6473    -6295    -6115    -5945 
   -5788    -5638    -5486    -5337    -5197    -5067    -4955    -4866 
   -4799    -4758    -4752    -4777    -4828    -4897    -4974    -5059 
   -5143    -5211    -5265    -5301    -5313    -5305    -5292    -5273 
   -5250    -5224    -5185    -5136    -5081    -5019    -4947    -4868 
   -4796    -4745    -4702    -4668    -4657    -4657    -4660    -4658 
   -4641    -4606    -4568    -4529    -4496    -4476    -4467    -4469 
   -4480    -4490    -4506    -4526    -4546    -4579    -4638    -4730 
   -4850    -4989    -5144    -5305    -5456    -5594    -5719    -5830 
   -5929    -6027    -6127    -6228    -6338    -6450    -6569    -6694 
   -6826    -6968    -7107    -7246    -7384    -7506    -7612    -7703 
   -7765    -7803    -7817    -7799    -7744    -7652    -7533    -7396 
   -7249    -7096    -6959    -6845    -6755    -6685    -6628    -6583 
   -6551    -6520    -6488    -6459    -6440    -6430    -6434    -6453 
   -6481    -6527    -6600    -6687    -6787    -6898    -7003    -7106 
   -7200    -7273    -7330    -7369    -7385    -7392    -7384    -7357 
   -7326    -7285    -7223    -7157    -7103    -7074    -7067    -7076 
   -7115    -7180    -7246    -7304    -7350    -7375    -7361    -7318 
   -7252    -7160    -7056    -6952    -6843    -6731    -6632    -6543 
   -6451    -6361    -6274    -6185    -6099    -6015    -5942    -5873 
   -5806    -5748    -5694    -5647    -5606    -5572    -5545    -5535 
   -5544    -5570    -5603    -5638    -5680    -5734    -5787    -5838 
   -5890    -5929    -5964    -5996    -6026    -6064    -6104    -6142 
   -6188    -6242    -6297    -6366    -6444    -6524    -6624    -6731 
   -6833    -6940    -7049    -7160    -7275    -7392    -7515    -7650 
   -7788    -7931    -8073    -8198    -8306    -8397    -8453    -8483 
   -8494    -8492    -8480    -8467    -8449    -8418    -8375    -8316 
   -8245    -8174    -8105    -8033    -7960    -7885    -7807    -7726 
   -7649    -7580    -7519    -7477    -7460    -7450    -7453    -7466 
   -7476    -7485    -7482    -7458    -7426    -7395    -7364    -7339 
   -7334    -7342    -7358    -7391    -7441    -7503    -7573    -7650 
   -7736    -7824    -7908    -7994    -8071    -8132    -8182    -8221 
   -8251    -8280    -8307    -8329    -8348    -8361    -8372    -8378 
   -8379    -8374    -8367    -8360    -8356    -8359    -8370    -8388 
   -8418    -8456    -8494    -8526    -8542    -8543    -8529    -8497 
   -8444    -8370    -8278    -8174    -8064    -7952    -7846    -7749 
   -7657    -7581    -7526    -7476    -7431    -7393    -7360    -7327 
   -7299    -7271    -7238    -7210    -7182    -7153    -7126    -7103 
   -7087    -7074    -7063    -7056    -7047    -7040    -7038    -7037 
   -7038    -7048    -7064    -7079    -7094    -7117    -7142    -7163 
   -7183    -7202    -7217    -7230    -7246    -7269    -7304    -7357 
   -7435    -7526    -7616    -7708    -7789    -7851    -7900    -7919 
   -7903    -7878    -7839    -7780    -7712    -7643    -7566    -7489 
   -7419    -7339    -7246    -7155    -7064    -6985    -6921    -6860 
   -6812    -6781    -6760    -6755    -6764    -6779    -6797    -6818 
   -6832    -6840    -6848    -6864    -6890    -6933    -6985    -7056 
   -7148    -7242    -7346    -7452    -7550    -7646    -7730    -7794 
   -7854    -7900    -7925    -7948    -7964    -7969    -7974    -7979 
   -7974    -7967    -7952    -7924    -7879    -7821    -7755    -7682 
   -7611    -7547    -7488    -7443    -7415    -7381    -7342    -7294 
   -7229    -7159    -7087    -7007    -6919    -6825    -6736    -6656 
   -6574    -6494    -6423    -6354    -6285    -6224    -6161    -6095 
   -6042    -6008    -5988    -5989    -6019    -6066    -6122    -6181 
   -6238    -6293    -6347    -6407    -6481    -6564    -6655    -6760 
   -6880    -7007    -7142    -7288    -7435    -7569    -7690    -7808 
   -7916    -8016    -8105    -8182    -8256    -8313    -8356    -8398 
   -8434    -8453    -8461    -8464    -8464    -8464    -8449    -8421 
   -8391    -8341    -8268    -8177    -8068    -7942    -7803    -7661 
   -7519    -7385    -7258    -7145    -7051    -6974    -6922    -6902 
   -6899    -6916    -6957    -6990    -7023    -7079    -7138    -7202 
   -7290    -7395    -7510    -7634    -7755    -7878    -7994    -8083 
   -8160    -8243    -8314    -8374    -8437    -8502    -8567    -8626 
   -8680    -8733    -8785    -8839    -8899    -8955    -9011    -9065 
   -9107    -9135    -9146    -9140    -9124    -9103    -9084    -9073 
   -9065    -9057    -9047    -9030    -8999    -8959    -8924    -8888 
   -8846    -8814    -8796    -8787    -8789    -8799    -8804    -8802 
   -8796    -8769    -8718    -8660    -8590    -8506    -8421    -8336 
   -8241    -8144    -8047    -7942    -7825    -7704    -7580    -7456 
   -7342    -7241    -7138    -7037    -6948    -6855    -6763    -6685 
   -6610    -6540    -6481    -6434    -6394    -6358    -6319    -6272 
   -6212    -6147    -6081    -6015    -5954    -5902    -5864    -5850 
   -5849    -5850    -5860    -5871    -5877    -5888    -5895    -5887 
   -5867    -5838    -5806    -5772    -5734    -5694    -5663    -5640 
   -5623    -5621    -5621    -5610    -5594    -5575    -5555    -5536 
   -5522    -5518    -5521    -5528    -5559    -5618    -5694    -5784 
   -5883    -5983    -6077    -6161    -6230    -6284    -6323    -6356 
   -6388    -6411    -6431    -6462    -6494    -6523    -6559    -6600 
   -6635    -6666    -6696    -6729    -6758    -6781    -6806    -6835 
   -6871    -6910    -6952    -7002    -7048    -7094    -7152    -7217 
   -7294    -7384    -7477    -7568    -7657    -7744    -7823    -7890 
   -7936    -7963    -7969    -7958    -7939    -7913    -7881    -7855 
   -7827    -7789    -7743    -7682    -7604    -7518    -7422    -7306 
   -7180    -7055    -6926    -6801    -6685    -6583    -6497    -6426 
   -6372    -6328    -6289    -6252    -6230    -6222    -6208    -6199 
   -6211    -6235    -6266    -6312    -6376    -6450    -6531    -6620 
   -6702    -6767    -6820    -6851    -6867    -6871    -6855    -6815 
   -6759    -6681    -6582    -6470    -6356    -6242    -6129    -6014 
   -5907    -5811    -5721    -5638    -5575    -5524    -5490    -5472 
   -5459    -5452    -5456    -5460    -5456    -5458    -5460    -5467 
   -5489    -5519    -5556    -5605    -5671    -5755    -5852    -5956 
   -6066    -6170    -6265    -6363    -6460    -6551    -6643    -6725 
   -6790    -6848    -6902    -6936    -6956    -6964    -6952    -6928 
   -6891    -6840    -6777    -6704    -6620    -6536    -6450    -6358 
   -6272    -6204    -6153    -6114    -6088    -6073    -6068    -6065 
   -6068    -6088    -6126    -6177    -6246    -6330    -6417    -6504 
   -6589    -6667    -6737    -6802    -6853    -6898    -6944    -6980 
   -6998    -7003    -7001    -6988    -6963    -6937    -6917    -6893 
   -6874    -6868    -6872    -6889    -6913    -6952    -7009    -7068 
   -7126    -7184    -7230    -7264    -7298    -7326    -7354    -7392 
   -7437    -7485    -7547    -7618    -7697    -7781    -7867    -7951 
   -8037    -8117    -8186    -8245    -8301    -8345    -8379    -8410 
   -8428    -8431    -8421    -8387    -8336    -8264    -8174    -8073 
   -7960    -7843    -7722    -7597    -7479    -7372    -7277    -7187 
   -7103    -7037    -6985    -6934    -6891    -6862    -6837    -6812 
   -6786    -6766    -6762    -6771    -6785    -6810    -6847    -6891 
   -6948    -7010    -7069    -7132    -7198    -7260    -7315    -7365 
   -7404    -7433    -7449    -7446    -7426    -7385    -7331    -7273 
   -7209    -7140    -7079    -7026    -6983    -6944    -6912    -6895 
   -6895    -6893    -6885    -6879    -6872    -6866    -6868    -6868 
   -6864    -6868    -6872    -6875    -6886    -6898    -6902    -6909 
   -6912    -6909    -6907    -6905    -6906    -6919    -6947    -6983 
   -7023    -7074    -7132    -7184    -7230    -7276    -7323    -7366 
   -7410    -7461    -7514    -7576    -7649    -7723    -7796    -7863 
   -7915    -7952    -7978    -7990    -7983    -7963    -7940    -7908 
   -7863    -7827    -7797    -7765    -7736    -7705    -7661    -7603 
   -7530    -7444    -7357    -7272    -7191    -7114    -7055    -7020 
   -6995    -6982    -6984    -7002    -7028    -7059    -7084    -7106 
   -7121    -7125    -7117    -7101    -7076    -7047    -7015    -6990 
   -6975    -6963    -6960    -6961    -6956    -6956    -6955    -6934 
   -6912    -6893    -6864    -6835    -6817    -6801    -6779    -6760 
   -6739    -6709    -6681    -6652    -6623    -6598    -6581    -6571 
   -6571    -6578    -6598    -6631    -6671    -6714    -6766    -6821 
   -6870    -6913    -6956    -6987    -6995    -6994    -6988    -6976 
   -6963    -6948    -6933    -6919    -6906    -6897    -6895    -6897 
   -6902    -6918    -6945    -6978    -7015    -7064    -7126    -7192 
   -7258    -7322    -7380    -7425    -7452    -7468    -7468    -7444 
   -7406    -7350    -7280    -7200    -7118    -7032    -6955    -6881 
   -6810    -6754    -6710    -6669    -6633    -6609    -6588    -6567 
   -6554    -6550    -6548    -6551    -6562    -6577    -6589    -6598 
   -6613    -6628    -6644    -6663    -6685    -6711    -6743    -6772 
   -6813    -6856    -6890    -6929    -6967    -6994    -7023    -7053 
   -7079    -7106    -7138    -7176    -7210    -7241    -7272    -7302 
   -7326    -7337    -7348    -7361    -7372    -7378    -7392    -7406 
   -7416    -7425    -7429    -7420    -7403    -7381    -7346    -7298 
   -7244    -7187    -7132    -7076    -7023    -6975    -6928    -6886 
   -6859    -6836    -6824    -6826    -6822    -6809    -6806    -6798 
   -6772    -6744    -6706    -6646    -6577    -6501    -6417    -6343 
   -6277    -6210    -6153    -6104    -6068    -6050    -6038    -6034 
   -6042    -6053    -6065    -6079    -6087    -6095    -6110    -6137 
   -6174    -6219    -6274    -6346    -6432    -6521    -6610    -6701 
   -6782    -6851    -6914    -6968    -7015    -7060    -7094    -7114 
   -7129    -7137    -7137    -7140    -7150    -7160    -7177    -7203 
   -7236    -7276    -7315    -7360    -7408    -7454    -7495    -7534 
   -7562    -7581    -7603    -7618    -7624    -7632    -7641    -7646 
   -7659    -7676    -7689    -7713    -7740    -7765    -7788    -7805 
   -7821    -7834    -7843    -7854    -7870    -7885    -7896    -7902 
   -7905    -7896    -7874    -7847    -7808    -7754    -7690    -7626 
   -7561    -7493    -7425    -7362    -7312    -7277    -7250    -7230 
   -7225    -7229    -7233    -7241    -7248    -7248    -7244    -7230 
   -7215    -7202    -7190    -7176    -7156    -7122    -7075    -7015 
   -6949    -6881    -6815    -6751    -6693    -6648    -6613    -6583 
   -6566    -6564    -6575    -6592    -6610    -6632    -6656    -6683 
   -6709    -6732    -6754    -6777    -6801    -6821    -6845    -6871 
   -6893    -6910    -6925    -6932    -6926    -6921    -6912    -6891 
   -6871    -6848    -6817    -6791    -6770    -6750    -6733    -6720 
   -6714    -6711    -6705    -6706    -6720    -6741    -6772    -6813 
   -6870    -6944    -7026    -7118    -7222    -7321    -7414    -7504 
   -7588    -7662    -7736    -7807    -7865    -7919    -7963    -7997 
   -8024    -8044    -8055    -8064    -8073    -8078    -8083    -8091 
   -8105    -8125    -8147    -8172    -8201    -8225    -8248    -8271 
   -8289    -8295    -8289    -8275    -8248    -8218    -8190    -8158 
   -8124    -8097    -8063    -8025    -7989    -7947    -7908    -7879 
   -7850    -7824    -7816    -7821    -7827    -7836    -7854    -7873 
   -7888    -7901    -7915    -7920    -7916    -7905    -7893    -7879 
   -7867    -7858    -7851    -7846    -7839    -7832    -7827    -7812 
   -7794    -7780    -7756    -7731    -7711    -7682    -7650    -7619 
   -7585    -7553    -7530    -7508    -7488    -7470    -7461    -7453 
   -7447    -7449    -7444    -7431    -7418    -7389    -7350    -7307 
   -7263    -7215    -7167    -7123    -7084    -7045    -7011    -6987 
   -6963    -6951    -6951    -6957    -6978    -7007    -7045    -7088 
   -7132    -7186    -7245    -7307    -7376    -7449    -7524    -7599 
   -7666    -7726    -7776    -7809    -7831    -7847    -7854    -7855 
   -7860    -7869    -7873    -7874    -7873    -7873    -7874    -7874 
   -7867    -7860    -7854    -7840    -7825    -7804    -7777    -7747 
   -7716    -7685    -7655    -7622    -7581    -7541    -7500    -7456 
   -7408    -7358    -7312    -7267    -7221    -7179    -7141    -7110 
   -7088    -7076    -7069    -7069    -7080    -7101    -7129    -7156 
   -7187    -7225    -7267    -7306    -7340    -7376    -7408    -7438 
   -7468    -7485    -7491    -7488    -7466    -7433    -7392    -7340 
   -7290    -7246    -7198    -7159    -7126    -7094    -7068    -7042 
   -7011    -6987    -6963    -6936    -6918    -6903    -6894    -6893 
   -6886    -6883    -6886    -6885    -6886    -6890    -6893    -6903 
   -6919    -6934    -6956    -6980    -7001    -7025    -7056    -7092 
   -7132    -7168    -7206    -7246    -7276    -7291    -7298    -7295 
   -7287    -7269    -7244    -7221    -7188    -7148    -7107    -7063 
   -7018    -6968    -6909    -6859    -6810    -6755    -6708    -6669 
   -6632    -6602    -6578    -6559    -6550    -6548    -6555    -6567 
   -6585    -6604    -6631    -6662    -6700    -6739    -6779    -6822 
   -6863    -6898    -6933    -6956    -6964    -6961    -6945    -6919 
   -6893    -6862    -6828    -6799    -6775    -6747    -6720    -6697 
   -6673    -6648    -6621    -6586    -6546    -6502    -6455    -6407 
   -6363    -6330    -6311    -6313    -6335    -6367    -6412    -6463 
   -6516    -6567    -6617    -6666    -6713    -6758    -6806    -6853 
   -6903    -6956    -7001    -7038    -7079    -7115    -7144    -7165 
   -7177    -7186    -7186    -7173    -7157    -7144    -7129    -7115 
   -7106    -7089    -7071    -7045    -7013    -6974    -6934    -6895 
   -6856    -6820    -6785    -6758    -6737    -6721    -6711    -6713 
   -6724    -6739    -6756    -6774    -6794    -6815    -6836    -6862 
   -6886    -6907    -6929    -6959    -6993    -7020    -7036    -7045 
   -7051    -7044    -7028    -7003    -6974    -6940    -6906    -6872 
   -6836    -6801    -6767    -6723    -6673    -6621    -6566    -6512 
   -6454    -6392    -6346    -6307    -6273    -6251    -6231    -6207 
   -6188    -6172    -6160    -6154    -6153    -6154    -6153    -6151 
   -6151    -6146    -6127    -6103    -6066    -6022    -5972    -5918 
   -5864    -5815    -5769    -5729    -5691    -5656    -5630    -5611 
   -5599    -5589    -5580    -5578    -5575    -5572    -5570    -5567 
   -5566    -5564    -5560    -5557    -5555    -5552    -5552    -5557 
   -5567    -5576    -5599    -5633    -5665    -5698    -5733    -5771 
   -5814    -5859    -5899    -5945    -5988    -6026    -6070    -6122 
   -6180    -6241    -6304    -6367    -6421    -6467    -6507    -6538 
   -6559    -6575    -6588    -6596    -6598    -6600    -6597    -6585 
   -6563    -6535    -6504    -6474    -6447    -6427    -6413    -6404 
   -6403    -6415    -6438    -6463    -6496    -6529    -6558    -6585 
   -6605    -6627    -6652    -6678    -6710    -6747    -6790    -6843 
   -6898    -6947    -6997    -7042    -7086    -7123    -7152    -7173 
   -7196    -7215    -7238    -7268    -7295    -7322    -7349    -7368 
   -7385    -7402    -7411    -7418    -7415    -7403    -7392    -7376 
   -7352    -7331    -7307    -7276    -7248    -7225    -7202    -7184 
   -7172    -7165    -7163    -7163    -7169    -7183    -7196    -7213 
   -7236    -7264    -7302    -7353    -7411    -7469    -7527    -7586 
   -7645    -7695    -7743    -7784    -7807    -7823    -7831    -7827 
   -7815    -7799    -7786    -7778    -7766    -7753    -7739    -7726 
   -7712    -7696    -7677    -7659    -7649    -7641    -7630    -7619 
   -7614    -7609    -7609    -7603    -7595    -7584    -7570    -7551 
   -7528    -7497    -7464    -7433    -7403    -7376    -7348    -7315 
   -7281    -7245    -7209    -7172    -7132    -7094    -7061    -7029 
   -6995    -6964    -6932    -6901    -6874    -6845    -6818    -6801 
   -6791    -6790    -6795    -6804    -6813    -6826    -6839    -6848 
   -6858    -6867    -6880    -6898    -6919    -6948    -6985    -7032 
   -7088    -7160    -7242    -7326    -7415    -7506    -7596    -7685 
   -7776    -7862    -7942    -8012    -8073    -8137    -8193    -8236 
   -8279    -8324    -8356    -8375    -8388    -8388    -8383    -8372 
   -8355    -8338    -8326    -8313    -8305    -8306    -8310    -8317 
   -8322    -8329    -8337    -8343    -8348    -8352    -8352    -8352 
   -8352    -8348    -8343    -8336    -8321    -8306    -8290    -8266 
   -8239    -8206    -8167    -8124    -8078    -8024    -7978    -7933 
   -7886    -7850    -7819    -7793    -7777    -7761    -7753    -7747 
   -7742    -7731    -7717    -7708    -7704    -7700    -7697    -7703 
   -7711    -7719    -7734    -7746    -7754    -7761    -7761    -7750 
   -7734    -7715    -7689    -7663    -7652    -7646    -7645    -7657 
   -7672    -7695    -7731    -7761    -7789    -7820    -7843    -7860 
   -7879    -7892    -7903    -7913    -7921    -7929    -7928    -7920 
   -7906    -7882    -7850    -7815    -7770    -7713    -7651    -7588 
   -7520    -7456    -7393    -7334    -7288    -7250    -7222    -7209 
   -7206    -7206    -7218    -7234    -7252    -7271    -7284    -7296 
   -7306    -7307    -7306    -7306    -7296    -7290    -7290    -7288 
   -7290    -7299    -7317    -7342    -7368    -7395    -7425    -7453 
   -7476    -7497    -7518    -7537    -7545    -7551    -7550    -7534 
   -7514    -7484    -7442    -7403    -7365    -7325    -7288    -7252 
   -7222    -7198    -7177    -7163    -7157    -7145    -7138    -7136 
   -7129    -7114    -7091    -7068    -7044    -7015    -6982    -6952 
   -6925    -6897    -6876    -6870    -6866    -6866    -6874    -6883 
   -6901    -6917    -6924    -6933    -6949    -6959    -6968    -6987 
   -7010    -7033    -7055    -7075    -7088    -7098    -7109    -7115 
   -7117    -7118    -7114    -7109    -7109    -7106    -7102    -7096 
   -7087    -7079    -7072    -7049    -7020    -6995    -6966    -6932 
   -6907    -6886    -6862    -6835    -6810    -6782    -6744    -6701 
   -6659    -6616    -6567    -6520    -6477    -6435    -6389    -6351 
   -6313    -6276    -6238    -6201    -6166    -6129    -6095    -6064 
   -6033    -6003    -5977    -5957    -5935    -5914    -5902    -5891 
   -5881    -5881    -5884    -5891    -5904    -5918    -5940    -5968 
   -5996    -6030    -6073    -6110    -6145    -6188    -6226    -6259 
   -6304    -6345    -6382    -6427    -6471    -6512    -6555    -6608 
   -6663    -6717    -6777    -6837    -6893    -6947    -6995    -7040 
   -7078    -7107    -7132    -7152    -7164    -7168    -7165    -7153 
   -7138    -7122    -7101    -7074    -7044    -7015    -6985    -6948 
   -6910    -6878    -6840    -6795    -6766    -6737    -6704    -6683 
   -6673    -6659    -6650    -6651    -6651    -6652    -6654    -6652 
   -6651    -6647    -6643    -6642    -6640    -6635    -6632    -6624 
   -6612    -6602    -6589    -6573    -6556    -6535    -6511    -6481 
   -6442    -6400    -6361    -6319    -6278    -6251    -6226    -6197 
   -6178    -6162    -6145    -6131    -6122    -6110    -6107    -6115 
   -6123    -6134    -6153    -6169    -6188    -6218    -6247    -6274 
   -6307    -6335    -6358    -6381    -6403    -6416    -6431    -6447 
   -6458    -6470    -6488    -6502    -6519    -6540    -6563    -6582 
   -6598    -6610    -6620    -6629    -6631    -6628    -6627    -6624 
   -6619    -6613    -6613    -6617    -6623    -6623    -6623    -6619 
   -6609    -6601    -6590    -6579    -6577    -6573    -6567    -6569 
   -6573    -6569    -6575    -6586    -6597    -6608    -6619    -6631 
   -6647    -6667    -6691    -6717    -6750    -6789    -6826    -6866 
   -6906    -6947    -6985    -7028    -7075    -7125    -7175    -7225 
   -7272    -7321    -7369    -7410    -7442    -7468    -7481    -7482 
   -7484    -7480    -7468    -7462    -7462    -7458    -7457    -7456 
   -7452    -7446    -7439    -7434    -7429    -7422    -7418    -7420 
   -7422    -7426    -7439    -7450    -7460    -7472    -7488    -7503 
   -7519    -7537    -7553    -7566    -7580    -7593    -7607    -7628 
   -7652    -7678    -7705    -7739    -7771    -7789    -7815    -7850 
   -7873    -7890    -7913    -7931    -7947    -7958    -7960    -7962 
   -7962    -7954    -7955    -7960    -7958    -7956    -7960    -7963 
   -7969    -7985    -7997    -8007    -8023    -8033    -8035    -8025 
   -8007    -7985    -7955    -7924    -7892    -7857    -7821    -7789 
   -7761    -7739    -7723    -7708    -7695    -7681    -7665    -7643 
   -7619    -7595    -7570    -7546    -7524    -7510    -7503    -7506 
   -7514    -7526    -7545    -7570    -7601    -7632    -7657    -7684 
   -7712    -7736    -7759    -7785    -7809    -7835    -7858    -7877 
   -7897    -7912    -7917    -7927    -7938    -7942    -7942    -7939 
   -7928    -7913    -7894    -7865    -7831    -7797    -7761    -7720 
   -7677    -7636    -7595    -7553    -7510    -7464    -7420    -7383 
   -7356    -7335    -7321    -7314    -7318    -7323    -7331    -7345 
   -7357    -7365    -7378    -7399    -7419    -7442    -7466    -7488 
   -7506    -7519    -7523    -7515    -7501    -7476    -7438    -7393 
   -7349    -7302    -7253    -7200    -7153    -7107    -7063    -7023 
   -6978    -6928    -6881    -6837    -6793    -6755    -6721    -6691 
   -6670    -6650    -6635    -6631    -6632    -6642    -6660    -6685 
   -6711    -6744    -6782    -6813    -6848    -6889    -6924    -6955 
   -6990    -7026    -7055    -7082    -7106    -7125    -7142    -7160 
   -7179    -7192    -7206    -7219    -7227    -7231    -7233    -7227 
   -7217    -7200    -7175    -7140    -7103    -7065    -7023    -6980 
   -6939    -6893    -6847    -6806    -6768    -6731    -6694    -6660 
   -6639    -6631    -6633    -6640    -6656    -6678    -6704    -6731 
   -6755    -6775    -6795    -6814    -6826    -6837    -6847    -6855 
   -6867    -6875    -6879    -6881    -6874    -6858    -6844    -6826 
   -6804    -6782    -6768    -6758    -6750    -6744    -6739    -6744 
   -6758    -6771    -6785    -6799    -6815    -6831    -6840    -6853 
   -6864    -6867    -6874    -6878    -6875    -6872    -6866    -6853 
   -6837    -6815    -6789    -6762    -6736    -6697    -6651    -6612 
   -6561    -6501    -6443    -6381    -6322    -6262    -6203    -6153 
   -6110    -6075    -6044    -6018    -6004    -5998    -5991    -5987 
   -5984    -5983    -5980    -5977    -5983    -5995    -6014    -6042 
   -6077    -6115    -6156    -6191    -6228    -6265    -6300    -6338 
   -6376    -6413    -6454    -6489    -6515    -6547    -6577    -6597 
   -6620    -6640    -6654    -6669    -6683    -6696    -6710    -6725 
   -6731    -6736    -6743    -6739    -6729    -6723    -6709    -6686 
   -6660    -6629    -6593    -6552    -6511    -6469    -6432    -6401 
   -6373    -6354    -6350    -6359    -6382    -6416    -6454    -6497 
   -6544    -6594    -6644    -6693    -6737    -6781    -6820    -6853 
   -6886    -6917    -6944    -6975    -7002    -7022    -7047    -7072 
   -7094    -7121    -7140    -7157    -7179    -7195    -7206    -7219 
   -7227    -7223    -7215    -7206    -7187    -7163    -7138    -7111 
   -7084    -7061    -7037    -7014    -6999    -6982    -6960    -6951 
   -6947    -6945    -6949    -6961    -6978    -6997    -7020    -7042 
   -7060    -7079    -7101    -7118    -7136    -7153    -7167    -7179 
   -7187    -7192    -7198    -7198    -7200    -7210    -7217    -7227 
   -7249    -7273    -7300    -7331    -7365    -7399    -7431    -7462 
   -7495    -7530    -7568    -7601    -7635    -7673    -7717    -7758 
   -7794    -7838    -7877    -7913    -7954    -7989    -8012    -8035 
   -8056    -8063    -8062    -8056    -8044    -8023    -7997    -7964 
   -7925    -7885    -7847    -7815    -7786    -7761    -7742    -7734 
   -7723    -7712    -7705    -7699    -7690    -7689    -7693    -7697 
   -7707    -7722    -7736    -7753    -7770    -7784    -7796    -7805 
   -7805    -7801    -7797    -7786    -7776    -7765    -7750    -7735 
   -7722    -7708    -7692    -7674    -7655    -7632    -7614    -7597 
   -7578    -7560    -7545    -7531    -7524    -7520    -7515    -7518 
   -7526    -7523    -7515    -7514    -7510    -7506    -7499    -7484 
   -7470    -7462    -7447    -7430    -7418    -7410    -7400    -7391 
   -7383    -7383    -7384    -7387    -7395    -7406    -7420    -7441 
   -7456    -7468    -7480    -7488    -7495    -7495    -7489    -7484 
   -7477    -7466    -7452    -7434    -7410    -7381    -7352    -7317 
   -7276    -7240    -7202    -7160    -7125    -7091    -7056    -7032 
   -7017    -7005    -6999    -7003    -7011    -7022    -7033    -7044 
   -7055    -7059    -7060    -7059    -7052    -7045    -7042    -7038 
   -7033    -7034    -7034    -7026    -7021    -7017    -7007    -7002 
   -6999    -6990    -6985    -6990    -6988    -6987    -6995    -7005 
   -7009    -7018    -7029    -7036    -7040    -7042    -7045    -7042 
   -7038    -7036    -7032    -7026    -7022    -7011    -6998    -6987 
   -6970    -6947    -6929    -6914    -6893    -6868    -6847    -6829 
   -6812    -6794    -6779    -6770    -6767    -6775    -6789    -6804 
   -6826    -6855    -6880    -6906    -6941    -6975    -7003    -7037 
   -7072    -7099    -7125    -7150    -7169    -7184    -7196    -7203 
   -7206    -7203    -7202    -7194    -7180    -7171    -7160    -7145 
   -7134    -7126    -7115    -7103    -7091    -7080    -7063    -7044 
   -7026    -7005    -6984    -6964    -6939    -6913    -6891    -6868 
   -6845    -6828    -6810    -6789    -6771    -6758    -6747    -6735 
   -6721    -6708    -6693    -6678    -6659    -6637    -6620    -6602 
   -6590    -6583    -6582    -6586    -6600    -6617    -6637    -6660 
   -6685    -6709    -6731    -6750    -6766    -6781    -6791    -6802 
   -6806    -6808    -6817    -6828    -6836    -6851    -6872    -6893 
   -6916    -6941    -6967    -6993    -7022    -7048    -7069    -7088 
   -7103    -7115    -7127    -7138    -7148    -7156    -7172    -7190 
   -7203    -7223    -7245    -7264    -7280    -7296    -7311    -7323 
   -7335    -7349    -7358    -7372    -7384    -7388    -7392    -7398 
   -7393    -7388    -7384    -7371    -7353    -7334    -7314    -7295 
   -7275    -7250    -7223    -7198    -7168    -7138    -7109    -7074 
   -7042    -7017    -6990    -6967    -6948    -6932    -6919    -6913 
   -6909    -6913    -6922    -6937    -6960    -6985    -7010    -7045 
   -7082    -7111    -7145    -7179    -7215    -7260    -7302    -7345 
   -7396    -7446    -7499    -7553    -7605    -7654    -7700    -7740 
   -7774    -7801    -7824    -7840    -7848    -7850    -7848    -7840 
   -7824    -7809    -7796    -7776    -7754    -7732    -7712    -7692 
   -7668    -7643    -7622    -7600    -7574    -7545    -7515    -7484 
   -7449    -7411    -7375    -7338    -7306    -7276    -7245    -7222 
   -7202    -7175    -7152    -7130    -7105    -7082    -7059    -7033 
   -7010    -6990    -6971    -6955    -6941    -6929    -6922    -6922 
   -6917    -6907    -6901    -6895    -6885    -6875    -6871    -6866 
   -6864    -6870    -6875    -6885    -6899    -6910    -6919    -6928 
   -6926    -6922    -6918    -6909    -6894    -6876    -6853    -6835 
   -6820    -6801    -6782    -6772    -6766    -6756    -6744    -6733 
   -6723    -6708    -6696    -6687    -6685    -6685    -6686    -6693 
   -6705    -6718    -6729    -6741    -6751    -6758    -6763    -6764 
   -6760    -6754    -6747    -6733    -6721    -6717    -6709    -6698 
   -6694    -6690    -6683    -6677    -6664    -6650    -6632    -6605 
   -6574    -6543    -6515    -6488    -6465    -6457    -6450    -6444 
   -6446    -6454    -6460    -6465    -6469    -6474    -6473    -6471 
   -6474    -6475    -6478    -6486    -6494    -6508    -6529    -6548 
   -6562    -6575    -6588    -6593    -6594    -6601    -6605    -6612 
   -6629    -6651    -6677    -6708    -6739    -6777    -6818    -6853 
   -6886    -6917    -6944    -6963    -6980    -6993    -6998    -6999 
   -6998    -6997    -6990    -6980    -6972    -6967    -6960    -6956 
   -6957    -6959    -6967    -6976    -6983    -6999    -7022    -7040 
   -7055    -7074    -7089    -7102    -7117    -7134    -7145    -7150 
   -7160    -7173    -7179    -7180    -7180    -7177    -7173    -7165 
   -7159    -7150    -7145    -7137    -7129    -7125    -7119    -7111 
   -7103    -7094    -7082    -7069    -7056    -7045    -7036    -7028 
   -7026    -7030    -7036    -7045    -7060    -7078    -7101    -7126 
   -7156    -7188    -7215    -7240    -7263    -7283    -7302    -7321 
   -7329    -7335    -7339    -7342    -7342    -7337    -7331    -7319 
   -7302    -7287    -7264    -7236    -7217    -7192    -7168    -7149 
   -7132    -7115    -7102    -7094    -7091    -7094    -7103    -7115 
   -7125    -7132    -7146    -7164    -7172    -7182    -7203    -7223 
   -7236    -7258    -7285    -7311    -7338    -7364    -7385    -7410 
   -7434    -7454    -7473    -7492    -7510    -7524    -7545    -7568 
   -7588    -7612    -7635    -7654    -7673    -7689    -7703    -7712 
   -7711    -7708    -7703    -7689    -7676    -7662    -7643    -7626 
   -7605    -7584    -7569    -7551    -7538    -7533    -7528    -7524 
   -7526    -7528    -7530    -7527    -7522    -7519    -7510    -7503 
   -7493    -7480    -7470    -7458    -7442    -7427    -7416    -7408 
   -7396    -7380    -7369    -7358    -7339    -7323    -7314    -7306 
   -7300    -7300    -7302    -7307    -7312    -7319    -7326    -7329 
   -7330    -7331    -7329    -7321    -7307    -7294    -7279    -7256 
   -7230    -7203    -7180    -7157    -7137    -7118    -7102    -7086 
   -7065    -7044    -7022    -6999    -6972    -6939    -6905    -6871 
   -6835    -6794    -6748    -6706    -6673    -6635    -6598    -6575 
   -6552    -6531    -6520    -6511    -6504    -6507    -6509    -6512 
   -6527    -6543    -6559    -6579    -6600    -6616    -6635    -6655 
   -6670    -6683    -6697    -6714    -6735    -6755    -6771    -6787 
   -6805    -6820    -6828    -6833    -6839    -6839    -6845    -6856 
   -6864    -6870    -6879    -6894    -6909    -6919    -6926    -6926 
   -6924    -6925    -6924    -6912    -6905    -6903    -6899    -6898 
   -6899    -6899    -6901    -6902    -6905    -6907    -6910    -6909 
   -6906    -6902    -6901    -6898    -6889    -6878    -6871    -6862 
   -6848    -6832    -6817    -6805    -6791    -6777    -6763    -6750 
   -6737    -6727    -6714    -6704    -6698    -6697    -6697    -6700 
   -6706    -6720    -6736    -6758    -6782    -6810    -6840    -6867 
   -6893    -6921    -6949    -6976    -6999    -7021    -7047    -7072 
   -7092    -7114    -7136    -7152    -7168    -7184    -7195    -7206 
   -7217    -7227    -7236    -7241    -7246    -7254    -7256    -7256 
   -7252    -7242    -7233    -7222    -7209    -7192    -7177    -7165 
   -7155    -7152    -7155    -7156    -7160    -7173    -7186    -7200 
   -7217    -7231    -7248    -7264    -7277    -7290    -7306    -7317 
   -7323    -7329    -7330    -7329    -7330    -7330    -7330    -7329 
   -7323    -7319    -7315    -7310    -7304    -7299    -7292    -7290 
   -7281    -7273    -7269    -7271    -7273    -7276    -7281    -7292 
   -7302    -7310    -7322    -7331    -7342    -7353    -7364    -7377 
   -7392    -7400    -7406    -7423    -7435    -7441    -7447    -7449 
   -7443    -7439    -7433    -7419    -7406    -7399    -7393    -7391 
   -7389    -7388    -7387    -7383    -7373    -7361    -7349    -7335 
   -7319    -7302    -7285    -7271    -7246    -7219    -7194    -7160 
   -7125    -7089    -7047    -7005    -6970    -6937    -6913    -6897 
   -6883    -6879    -6881    -6885    -6890    -6895    -6903    -6912 
   -6917    -6924    -6936    -6945    -6952    -6964    -6979    -6995 
   -7009    -7020    -7028    -7033    -7042    -7048    -7049    -7051 
   -7053    -7055    -7056    -7061    -7068    -7075    -7082    -7089 
   -7094    -7099    -7107    -7109    -7109    -7109    -7106    -7103 
   -7098    -7086    -7080    -7075    -7065    -7059    -7055    -7045 
   -7040    -7042    -7042    -7037    -7036    -7033    -7025    -7021 
   -7013    -7001    -6990    -6980    -6966    -6952    -6936    -6916 
   -6898    -6881    -6867    -6851    -6835    -6821    -6808    -6794 
   -6785    -6777    -6775    -6777    -6782    -6790    -6802    -6810 
   -6824    -6839    -6851    -6864    -6883    -6906    -6932    -6957 
   -6980    -7007    -7037    -7063    -7087    -7107    -7122    -7134 
   -7140    -7146    -7156    -7159    -7164    -7176    -7177    -7176 
   -7190    -7196    -7202    -7218    -7226    -7236    -7256    -7264 
   -7288    -7317    -7331    -7357    -7383    -7395    -7419    -7443 
   -7458    -7476    -7489    -7497    -7510    -7518    -7523    -7526 
   -7526    -7526    -7524    -7522    -7523    -7519    -7510    -7507 
   -7503    -7492    -7481    -7468    -7450    -7431    -7408    -7384 
   -7354    -7325    -7296    -7267    -7236    -7209    -7182    -7159 
   -7145    -7129    -7117    -7121    -7132    -7140    -7160    -7186 
   -7209    -7238    -7268    -7288    -7314    -7338    -7354    -7366 
   -7375    -7380    -7381    -7377    -7371    -7368    -7358    -7344 
   -7335    -7327    -7312    -7296    -7276    -7252    -7226    -7198 
   -7165    -7136    -7111    -7082    -7056    -7034    -7010    -6990 
   -6975    -6956    -6934    -6914    -6895    -6880    -6863    -6851 
   -6844    -6837    -6837    -6841    -6843    -6845    -6856    -6862 
   -6864    -6871    -6871    -6866    -6868    -6871    -6867    -6864 
   -6858    -6848    -6843    -6840    -6833    -6825    -6815    -6810 
   -6805    -6799    -6794    -6793    -6794    -6798    -6802    -6812 
   -6828    -6841    -6852    -6866    -6885    -6901    -6917    -6937 
   -6959    -6976    -6993    -7007    -7025    -7038    -7048    -7056 
   -7064    -7069    -7072    -7071 
