Origin Time       2016/04/16 01:25:00
Lat.              32.753
Long.             130.762
Depth. (km)       12
Mag.              7.3
Station Code      FKI010
Station Lat.      35.4904
Station Long.     135.5510
Station Height(m) 2
Record Time       2016/04/16 01:27:39
Sampling Freq(Hz) 100Hz
Duration Time(s)  78
Dir.              E-W
Scale Factor      7845(gal)/8223790
Max. Acc. (gal)   1.790
Last Correction   2016/04/16 01:27:40
Memo.             
   -2192    -2182    -2174    -2173    -2174    -2176    -2178    -2185 
   -2192    -2199    -2211    -2230    -2247    -2266    -2289    -2313 
   -2344    -2377    -2403    -2430    -2459    -2481    -2502    -2525 
   -2546    -2565    -2578    -2590    -2598    -2602    -2605    -2605 
   -2605    -2601    -2597    -2594    -2587    -2584    -2582    -2574 
   -2569    -2571    -2571    -2569    -2569    -2569    -2571    -2574 
   -2574    -2571    -2567    -2562    -2554    -2544    -2538    -2528 
   -2516    -2511    -2505    -2493    -2485    -2478    -2469    -2461 
   -2454    -2442    -2435    -2427    -2417    -2411    -2408    -2407 
   -2397    -2388    -2384    -2376    -2362    -2355    -2351    -2343 
   -2338    -2338    -2334    -2327    -2326    -2324    -2322    -2324 
   -2330    -2327    -2326    -2331    -2331    -2331    -2336    -2340 
   -2342    -2344    -2347    -2350    -2354    -2358    -2363    -2373 
   -2385    -2396    -2405    -2419    -2439    -2455    -2473    -2494 
   -2513    -2532    -2554    -2570    -2581    -2597    -2612    -2621 
   -2628    -2636    -2640    -2640    -2643    -2646    -2646    -2647 
   -2648    -2650    -2652    -2652    -2652    -2654    -2654    -2648 
   -2641    -2636    -2632    -2624    -2614    -2605    -2593    -2578 
   -2562    -2546    -2531    -2512    -2494    -2478    -2461    -2444 
   -2428    -2416    -2405    -2393    -2384    -2378    -2369    -2359 
   -2354    -2350    -2349    -2350    -2351    -2351    -2353    -2355 
   -2358    -2359    -2361    -2363    -2365    -2365    -2369    -2376 
   -2377    -2378    -2384    -2386    -2392    -2400    -2408    -2419 
   -2430    -2438    -2446    -2461    -2475    -2486    -2498    -2511 
   -2520    -2528    -2539    -2550    -2556    -2562    -2571    -2581 
   -2584    -2586    -2584    -2581    -2578    -2571    -2559    -2550 
   -2538    -2520    -2505    -2493    -2475    -2461    -2452    -2442 
   -2434    -2428    -2425    -2428    -2435    -2442    -2457    -2469 
   -2481    -2493    -2505    -2516    -2532    -2546    -2550    -2556 
   -2567    -2573    -2574    -2575    -2575    -2571    -2565    -2551 
   -2536    -2527    -2517    -2498    -2486    -2479    -2470    -2461 
   -2454    -2446    -2434    -2423    -2417    -2408    -2397    -2389 
   -2382    -2373    -2367    -2361    -2355    -2355    -2354    -2349 
   -2346    -2350    -2353    -2353    -2359    -2367    -2371    -2378 
   -2388    -2393    -2397    -2401    -2403    -2404    -2408    -2408 
   -2401    -2401    -2403    -2397    -2394    -2397    -2397    -2398 
   -2405    -2415    -2425    -2439    -2455    -2469    -2486    -2512 
   -2533    -2554    -2578    -2602    -2624    -2648    -2669    -2688 
   -2709    -2724    -2731    -2739    -2748    -2752    -2754    -2751 
   -2747    -2743    -2736    -2725    -2716    -2705    -2695    -2682 
   -2664    -2652    -2643    -2627    -2612    -2600    -2582    -2562 
   -2542    -2520    -2497    -2473    -2447    -2412    -2377    -2347 
   -2315    -2278    -2249    -2222    -2192    -2173    -2160    -2142 
   -2130    -2126    -2124    -2121    -2128    -2138    -2149    -2168 
   -2191    -2214    -2241    -2274    -2307    -2340    -2380    -2417 
   -2452    -2492    -2532    -2570    -2604    -2639    -2673    -2701 
   -2729    -2759    -2782    -2806    -2829    -2848    -2868    -2887 
   -2901    -2914    -2929    -2941    -2949    -2955    -2963    -2967 
   -2970    -2970    -2970    -2960    -2947    -2933    -2915    -2893 
   -2870    -2839    -2801    -2766    -2728    -2685    -2643    -2598 
   -2546    -2493    -2442    -2389    -2335    -2286    -2238    -2191 
   -2144    -2098    -2057    -2019    -1987    -1956    -1925    -1906 
   -1895    -1883    -1876    -1880    -1884    -1892    -1911    -1933 
   -1949    -1975    -2012    -2047    -2079    -2120    -2168    -2211 
   -2254    -2308    -2359    -2405    -2461    -2519    -2570    -2623 
   -2674    -2721    -2767    -2809    -2848    -2882    -2911    -2936 
   -2959    -2979    -2990    -2994    -2997    -2991    -2976    -2959 
   -2937    -2911    -2886    -2857    -2825    -2792    -2759    -2725 
   -2690    -2656    -2621    -2586    -2554    -2524    -2493    -2463 
   -2438    -2411    -2378    -2350    -2324    -2300    -2274    -2254 
   -2236    -2220    -2207    -2195    -2184    -2174    -2165    -2157 
   -2150    -2144    -2141    -2134    -2130    -2128    -2130    -2130 
   -2128    -2130    -2138    -2143    -2154    -2168    -2184    -2201 
   -2219    -2242    -2269    -2295    -2322    -2349    -2377    -2408 
   -2436    -2467    -2501    -2533    -2569    -2604    -2632    -2663 
   -2695    -2721    -2744    -2767    -2787    -2805    -2820    -2825 
   -2828    -2828    -2822    -2813    -2801    -2782    -2764    -2740 
   -2717    -2693    -2667    -2641    -2614    -2581    -2548    -2523 
   -2492    -2457    -2427    -2405    -2384    -2362    -2343    -2326 
   -2313    -2307    -2299    -2289    -2286    -2284    -2281    -2285 
   -2286    -2288    -2290    -2293    -2295    -2296    -2299    -2299 
   -2296    -2297    -2299    -2296    -2297    -2301    -2301    -2307 
   -2322    -2332    -2340    -2351    -2363    -2376    -2388    -2400 
   -2412    -2423    -2435    -2442    -2444    -2447    -2452    -2451 
   -2448    -2448    -2447    -2440    -2436    -2434    -2432    -2436 
   -2442    -2447    -2452    -2461    -2474    -2489    -2504    -2521 
   -2538    -2558    -2578    -2600    -2619    -2635    -2648    -2662 
   -2677    -2687    -2693    -2701    -2710    -2710    -2704    -2705 
   -2708    -2698    -2690    -2687    -2677    -2664    -2659    -2650 
   -2639    -2628    -2617    -2606    -2594    -2583    -2575    -2563 
   -2550    -2536    -2523    -2512    -2500    -2485    -2469    -2450 
   -2428    -2413    -2403    -2385    -2363    -2347    -2335    -2319 
   -2308    -2301    -2293    -2284    -2282    -2286    -2289    -2292 
   -2297    -2300    -2307    -2319    -2330    -2342    -2359    -2377 
   -2396    -2421    -2450    -2478    -2505    -2536    -2565    -2594 
   -2623    -2648    -2674    -2698    -2720    -2733    -2743    -2752 
   -2755    -2755    -2754    -2747    -2736    -2724    -2706    -2685 
   -2666    -2647    -2623    -2596    -2570    -2546    -2520    -2490 
   -2466    -2440    -2413    -2393    -2374    -2351    -2332    -2316 
   -2299    -2281    -2266    -2246    -2228    -2215    -2203    -2191 
   -2180    -2172    -2160    -2147    -2138    -2130    -2124    -2121 
   -2121    -2119    -2118    -2120    -2120    -2119    -2124    -2130 
   -2135    -2139    -2146    -2157    -2166    -2176    -2182    -2193 
   -2209    -2215    -2226    -2242    -2254    -2269    -2288    -2301 
   -2315    -2332    -2347    -2362    -2382    -2408    -2430    -2448 
   -2470    -2492    -2511    -2532    -2556    -2577    -2594    -2614 
   -2632    -2646    -2659    -2671    -2681    -2691    -2702    -2710 
   -2716    -2721    -2728    -2731    -2733    -2733    -2727    -2720 
   -2714    -2704    -2694    -2685    -2666    -2641    -2621    -2600 
   -2574    -2548    -2523    -2498    -2475    -2454    -2434    -2413 
   -2397    -2381    -2365    -2350    -2338    -2326    -2319    -2312 
   -2309    -2309    -2307    -2305    -2305    -2305    -2311    -2315 
   -2317    -2327    -2336    -2342    -2353    -2366    -2376    -2385 
   -2398    -2413    -2425    -2442    -2461    -2475    -2493    -2516 
   -2536    -2552    -2574    -2597    -2621    -2646    -2669    -2693 
   -2717    -2745    -2774    -2795    -2817    -2836    -2853    -2871 
   -2889    -2901    -2911    -2917    -2918    -2918    -2920    -2917 
   -2905    -2891    -2876    -2857    -2837    -2816    -2789    -2764 
   -2740    -2713    -2686    -2656    -2620    -2586    -2558    -2523 
   -2485    -2454    -2424    -2393    -2362    -2336    -2309    -2277 
   -2253    -2235    -2212    -2193    -2184    -2174    -2165    -2160 
   -2158    -2157    -2160    -2162    -2161    -2163    -2177    -2192 
   -2205    -2223    -2243    -2265    -2289    -2316    -2343    -2369 
   -2397    -2430    -2461    -2492    -2523    -2551    -2582    -2617 
   -2644    -2668    -2698    -2727    -2748    -2770    -2792    -2810 
   -2826    -2843    -2856    -2867    -2879    -2887    -2894    -2903 
   -2911    -2915    -2917    -2917    -2910    -2898    -2887    -2875 
   -2853    -2825    -2799    -2771    -2737    -2705    -2673    -2635 
   -2598    -2565    -2525    -2488    -2455    -2419    -2380    -2343 
   -2309    -2274    -2239    -2205    -2173    -2142    -2111    -2083 
   -2053    -2030    -2010    -1987    -1966    -1952    -1937    -1922 
   -1910    -1900    -1892    -1890    -1892    -1896    -1902    -1914 
   -1930    -1948    -1971    -1995    -2018    -2047    -2083    -2118 
   -2154    -2195    -2235    -2277    -2326    -2373    -2415    -2461 
   -2505    -2546    -2584    -2624    -2659    -2687    -2718    -2745 
   -2767    -2791    -2813    -2829    -2844    -2862    -2876    -2891 
   -2901    -2907    -2913    -2918    -2920    -2918    -2909    -2896 
   -2880    -2860    -2839    -2814    -2783    -2752    -2720    -2682 
   -2641    -2606    -2570    -2532    -2497    -2463    -2431    -2400 
   -2374    -2351    -2328    -2308    -2288    -2270    -2258    -2249 
   -2239    -2232    -2230    -2227    -2226    -2223    -2220    -2226 
   -2232    -2232    -2234    -2242    -2253    -2262    -2273    -2289 
   -2307    -2323    -2343    -2363    -2384    -2412    -2438    -2455 
   -2477    -2498    -2516    -2533    -2554    -2574    -2589    -2597 
   -2605    -2609    -2612    -2616    -2614    -2608    -2602    -2598 
   -2589    -2582    -2575    -2560    -2540    -2524    -2506    -2484 
   -2463    -2442    -2419    -2396    -2380    -2363    -2344    -2328 
   -2315    -2303    -2293    -2288    -2280    -2272    -2266    -2257 
   -2246    -2241    -2238    -2228    -2219    -2214    -2211    -2208 
   -2207    -2207    -2207    -2208    -2209    -2208    -2212    -2218 
   -2218    -2220    -2230    -2241    -2245    -2246    -2250    -2255 
   -2261    -2273    -2278    -2282    -2297    -2312    -2319    -2331 
   -2343    -2353    -2361    -2371    -2380    -2386    -2394    -2401 
   -2403    -2404    -2404    -2404    -2405    -2407    -2400    -2389 
   -2385    -2392    -2394    -2378    -2376    -2397    -2398    -2384 
   -2394    -2416    -2413    -2404    -2417    -2439    -2442    -2442 
   -2450    -2461    -2479    -2497    -2504    -2508    -2519    -2536 
   -2551    -2548    -2544    -2562    -2581    -2581    -2573    -2574 
   -2579    -2583    -2582    -2573    -2565    -2565    -2556    -2546 
   -2542    -2528    -2516    -2508    -2500    -2486    -2469    -2455 
   -2448    -2436    -2417    -2398    -2382    -2369    -2357    -2336 
   -2316    -2305    -2292    -2272    -2259    -2249    -2226    -2203 
   -2189    -2180    -2168    -2150    -2130    -2120    -2116    -2111 
   -2104    -2098    -2106    -2115    -2126    -2141    -2155    -2170 
   -2196    -2227    -2250    -2276    -2308    -2336    -2361    -2390 
   -2423    -2446    -2469    -2500    -2532    -2560    -2587    -2619 
   -2648    -2679    -2706    -2735    -2766    -2797    -2821    -2844 
   -2872    -2894    -2905    -2917    -2930    -2932    -2928    -2929 
   -2922    -2906    -2893    -2882    -2866    -2849    -2830    -2803 
   -2776    -2749    -2714    -2681    -2651    -2617    -2579    -2551 
   -2524    -2488    -2452    -2430    -2405    -2377    -2353    -2332 
   -2312    -2297    -2282    -2269    -2259    -2253    -2247    -2243 
   -2243    -2245    -2241    -2242    -2250    -2258    -2270    -2288 
   -2307    -2326    -2351    -2377    -2405    -2440    -2475    -2508 
   -2542    -2578    -2617    -2654    -2686    -2720    -2752    -2783 
   -2810    -2832    -2853    -2868    -2874    -2876    -2880    -2878 
   -2868    -2855    -2843    -2829    -2814    -2795    -2774    -2752 
   -2733    -2712    -2693    -2677    -2660    -2641    -2627    -2613 
   -2602    -2592    -2581    -2569    -2556    -2540    -2524    -2508 
   -2490    -2470    -2447    -2427    -2407    -2382    -2358    -2331 
   -2304    -2277    -2249    -2226    -2204    -2178    -2157    -2141 
   -2121    -2104    -2095    -2085    -2076    -2072    -2069    -2064 
   -2064    -2069    -2072    -2070    -2073    -2083    -2087    -2093 
   -2104    -2114    -2123    -2135    -2150    -2166    -2181    -2199 
   -2220    -2243    -2267    -2289    -2312    -2338    -2362    -2386 
   -2411    -2435    -2455    -2475    -2501    -2521    -2538    -2560 
   -2582    -2601    -2625    -2647    -2667    -2690    -2710    -2729 
   -2751    -2770    -2783    -2794    -2805    -2814    -2824    -2830 
   -2833    -2832    -2832    -2836    -2836    -2832    -2829    -2829 
   -2825    -2820    -2814    -2808    -2798    -2787    -2774    -2758 
   -2744    -2729    -2708    -2687    -2674    -2655    -2632    -2609 
   -2583    -2558    -2532    -2506    -2479    -2452    -2424    -2396 
   -2370    -2343    -2315    -2292    -2277    -2263    -2246    -2236 
   -2235    -2231    -2228    -2234    -2238    -2241    -2251    -2261 
   -2269    -2282    -2295    -2303    -2312    -2323    -2330    -2334 
   -2346    -2358    -2359    -2365    -2377    -2382    -2388    -2398 
   -2407    -2412    -2421    -2428    -2435    -2446    -2455    -2459 
   -2469    -2486    -2497    -2504    -2517    -2535    -2546    -2556 
   -2573    -2589    -2598    -2610    -2619    -2623    -2629    -2636 
   -2640    -2639    -2635    -2629    -2623    -2614    -2601    -2584 
   -2570    -2555    -2538    -2519    -2498    -2475    -2454    -2434 
   -2413    -2392    -2378    -2361    -2338    -2317    -2308    -2297 
   -2278    -2267    -2261    -2253    -2249    -2249    -2246    -2249 
   -2257    -2262    -2272    -2288    -2304    -2322    -2344    -2369 
   -2396    -2424    -2454    -2484    -2512    -2542    -2573    -2597 
   -2623    -2652    -2679    -2701    -2724    -2744    -2759    -2778 
   -2797    -2816    -2833    -2851    -2866    -2874    -2880    -2889 
   -2895    -2902    -2906    -2905    -2903    -2906    -2906    -2903 
   -2903    -2902    -2898    -2893    -2884    -2874    -2867    -2859 
   -2840    -2820    -2808    -2787    -2756    -2729    -2708    -2678 
   -2644    -2610    -2573    -2536    -2500    -2463    -2427    -2388 
   -2349    -2315    -2284    -2254    -2224    -2196    -2173    -2151 
   -2128    -2111    -2098    -2081    -2068    -2064    -2060    -2056 
   -2057    -2064    -2076    -2092    -2111    -2130    -2149    -2178 
   -2207    -2234    -2267    -2299    -2326    -2358    -2392    -2424 
   -2451    -2478    -2505    -2529    -2552    -2571    -2587    -2604 
   -2619    -2629    -2641    -2651    -2652    -2647    -2640    -2632 
   -2616    -2592    -2567    -2538    -2498    -2459    -2420    -2373 
   -2319    -2267    -2208    -2146    -2087    -2023    -1958    -1902 
   -1845    -1780    -1718    -1664    -1613    -1559    -1512    -1468 
   -1422    -1383    -1350    -1317    -1287    -1266    -1244    -1228 
   -1223    -1221    -1223    -1232    -1248    -1267    -1291    -1323 
   -1358    -1397    -1441    -1486    -1528    -1579    -1634    -1690 
   -1746    -1811    -1875    -1937    -2006    -2084    -2162    -2241 
   -2319    -2404    -2489    -2577    -2660    -2743    -2828    -2909 
   -2983    -3055    -3122    -3186    -3244    -3294    -3336    -3376 
   -3410    -3435    -3453    -3461    -3466    -3468    -3459    -3445 
   -3422    -3391    -3357    -3321    -3277    -3229    -3180    -3127 
   -3069    -3009    -2949    -2889    -2822    -2752    -2681    -2612 
   -2543    -2471    -2404    -2338    -2270    -2204    -2139    -2076 
   -2016    -1958    -1902    -1852    -1804    -1763    -1729    -1702 
   -1676    -1656    -1645    -1637    -1632    -1634    -1638    -1647 
   -1661    -1686    -1718    -1755    -1794    -1837    -1880    -1930 
   -1989    -2053    -2115    -2178    -2250    -2328    -2408    -2484 
   -2565    -2648    -2731    -2820    -2910    -2998    -3086    -3175 
   -3260    -3346    -3433    -3511    -3586    -3661    -3728    -3788 
   -3847    -3902    -3946    -3982    -4013    -4036    -4059    -4077 
   -4087    -4091    -4091    -4085    -4074    -4058    -4036    -4013 
   -3982    -3948    -3908    -3861    -3813    -3767    -3711    -3649 
   -3592    -3530    -3464    -3402    -3341    -3273    -3211    -3153 
   -3090    -3034    -2986    -2938    -2896    -2862    -2829    -2801 
   -2776    -2756    -2740    -2732    -2724    -2713    -2702    -2697 
   -2694    -2693    -2690    -2685    -2678    -2674    -2668    -2662 
   -2656    -2654    -2648    -2640    -2635    -2632    -2624    -2616 
   -2614    -2613    -2608    -2602    -2601    -2596    -2590    -2586 
   -2584    -2581    -2575    -2571    -2565    -2558    -2554    -2548 
   -2538    -2528    -2517    -2505    -2493    -2475    -2457    -2442 
   -2425    -2400    -2376    -2359    -2336    -2309    -2289    -2267 
   -2238    -2212    -2189    -2161    -2134    -2107    -2079    -2052 
   -2031    -2010    -1982    -1960    -1942    -1926    -1915    -1908 
   -1900    -1900    -1904    -1907    -1918    -1930    -1942    -1962 
   -1980    -1992    -2012    -2034    -2053    -2079    -2106    -2130 
   -2165    -2195    -2223    -2265    -2307    -2338    -2381    -2427 
   -2463    -2505    -2555    -2594    -2627    -2663    -2698    -2725 
   -2745    -2762    -2774    -2781    -2781    -2775    -2764    -2752 
   -2737    -2718    -2698    -2681    -2659    -2636    -2619    -2604 
   -2583    -2567    -2555    -2540    -2525    -2516    -2504    -2490 
   -2477    -2465    -2451    -2438    -2423    -2408    -2394    -2376 
   -2349    -2324    -2301    -2270    -2234    -2199    -2158    -2120 
   -2088    -2049    -2008    -1975    -1941    -1910    -1877    -1845 
   -1818    -1796    -1771    -1749    -1732    -1714    -1702    -1692 
   -1680    -1676    -1679    -1679    -1684    -1698    -1714    -1729 
   -1753    -1781    -1810    -1840    -1872    -1904    -1934    -1968 
   -2001    -2037    -2070    -2100    -2134    -2173    -2207    -2236 
   -2269    -2305    -2338    -2373    -2412    -2452    -2489    -2527 
   -2570    -2610    -2651    -2697    -2739    -2776    -2818    -2862 
   -2894    -2926    -2963    -2995    -3024    -3046    -3064    -3086 
   -3102    -3109    -3122    -3137    -3142    -3141    -3148    -3161 
   -3168    -3169    -3168    -3165    -3165    -3171    -3173    -3168 
   -3161    -3154    -3144    -3129    -3115    -3100    -3078    -3046 
   -3018    -2991    -2961    -2932    -2896    -2853    -2808    -2766 
   -2725    -2685    -2646    -2605    -2565    -2529    -2497    -2461 
   -2425    -2398    -2373    -2349    -2331    -2319    -2308    -2303 
   -2307    -2312    -2323    -2342    -2365    -2389    -2420    -2452 
   -2484    -2519    -2558    -2597    -2636    -2685    -2728    -2768 
   -2820    -2872    -2915    -2964    -3018    -3073    -3133    -3192 
   -3250    -3314    -3377    -3438    -3500    -3565    -3628    -3686 
   -3740    -3797    -3850    -3892    -3929    -3960    -3984    -4005 
   -4017    -4021    -4021    -4010    -3990    -3965    -3939    -3902 
   -3855    -3801    -3747    -3688    -3618    -3541    -3461    -3381 
   -3298    -3207    -3111    -3018    -2926    -2830    -2736    -2641 
   -2546    -2451    -2363    -2281    -2201    -2126    -2057    -1988 
   -1923    -1865    -1809    -1752    -1703    -1656    -1613    -1580 
   -1553    -1525    -1502    -1490    -1486    -1485    -1489    -1499 
   -1512    -1533    -1563    -1593    -1632    -1676    -1725    -1779 
   -1836    -1894    -1952    -2008    -2068    -2124    -2177    -2230 
   -2278    -2319    -2362    -2397    -2425    -2458    -2488    -2506 
   -2520    -2533    -2543    -2543    -2542    -2542    -2538    -2531 
   -2528    -2521    -2513    -2509    -2504    -2492    -2482    -2473 
   -2459    -2446    -2431    -2412    -2389    -2369    -2346    -2317 
   -2292    -2269    -2243    -2219    -2196    -2172    -2147    -2126 
   -2114    -2100    -2092    -2097    -2107    -2116    -2134    -2161 
   -2188    -2215    -2250    -2286    -2324    -2371    -2415    -2455 
   -2501    -2550    -2598    -2648    -2695    -2739    -2787    -2833 
   -2870    -2906    -2949    -2988    -3022    -3057    -3092    -3126 
   -3160    -3194    -3222    -3250    -3283    -3314    -3341    -3369 
   -3397    -3418    -3434    -3453    -3469    -3476    -3476    -3472 
   -3462    -3445    -3418    -3385    -3349    -3308    -3262    -3210 
   -3153    -3095    -3033    -2967    -2898    -2825    -2755    -2688 
   -2624    -2559    -2498    -2440    -2388    -2342    -2303    -2269 
   -2236    -2209    -2192    -2176    -2166    -2165    -2165    -2166 
   -2177    -2193    -2207    -2224    -2249    -2274    -2301    -2332 
   -2363    -2398    -2440    -2479    -2523    -2574    -2623    -2677 
   -2733    -2787    -2844    -2910    -2974    -3036    -3096    -3156 
   -3213    -3264    -3311    -3357    -3399    -3435    -3466    -3488 
   -3503    -3516    -3522    -3516    -3514    -3511    -3496    -3477 
   -3465    -3445    -3416    -3393    -3369    -3336    -3307    -3277 
   -3238    -3202    -3169    -3133    -3092    -3053    -3014    -2975 
   -2940    -2902    -2857    -2817    -2778    -2732    -2685    -2643 
   -2600    -2552    -2505    -2461    -2420    -2374    -2334    -2297 
   -2261    -2224    -2193    -2165    -2137    -2111    -2092    -2073 
   -2062    -2056    -2052    -2053    -2060    -2072    -2091    -2118 
   -2147    -2178    -2219    -2265    -2309    -2358    -2412    -2466 
   -2519    -2569    -2619    -2663    -2705    -2748    -2783    -2813 
   -2844    -2874    -2896    -2921    -2947    -2970    -2998    -3026 
   -3052    -3084    -3119    -3149    -3176    -3204    -3231    -3253 
   -3273    -3294    -3308    -3314    -3312    -3303    -3288    -3273 
   -3252    -3222    -3192    -3161    -3123    -3084    -3046    -3002 
   -2956    -2913    -2868    -2818    -2771    -2725    -2678    -2631 
   -2582    -2538    -2493    -2447    -2408    -2370    -2331    -2299 
   -2266    -2230    -2196    -2170    -2141    -2114    -2089    -2066 
   -2047    -2027    -2003    -1982    -1968    -1952    -1937    -1925 
   -1910    -1898    -1891    -1884    -1877    -1876    -1878    -1884 
   -1891    -1908    -1930    -1956    -1987    -2020    -2058    -2102 
   -2150    -2196    -2245    -2296    -2347    -2397    -2447    -2500 
   -2546    -2587    -2631    -2667    -2700    -2729    -2752    -2767 
   -2779    -2787    -2790    -2789    -2786    -2785    -2778    -2766 
   -2754    -2733    -2705    -2682    -2656    -2623    -2592    -2563 
   -2525    -2489    -2455    -2415    -2370    -2330    -2285    -2242 
   -2200    -2155    -2107    -2066    -2026    -1985    -1946    -1914 
   -1883    -1850    -1823    -1802    -1780    -1761    -1752    -1750 
   -1753    -1761    -1775    -1798    -1830    -1863    -1900    -1945 
   -1989    -2033    -2079    -2126    -2174    -2222    -2267    -2313 
   -2357    -2396    -2436    -2473    -2502    -2531    -2556    -2577 
   -2592    -2605    -2614    -2620    -2625    -2628    -2628    -2628 
   -2628    -2623    -2620    -2619    -2614    -2610    -2610    -2606 
   -2601    -2598    -2597    -2597    -2596    -2596    -2596    -2592 
   -2587    -2584    -2575    -2567    -2563    -2555    -2551    -2554 
   -2551    -2550    -2558    -2565    -2570    -2582    -2597    -2605 
   -2610    -2623    -2633    -2640    -2648    -2656    -2659    -2664 
   -2664    -2656    -2650    -2643    -2628    -2612    -2594    -2570 
   -2546    -2520    -2486    -2448    -2407    -2362    -2312    -2258 
   -2205    -2150    -2089    -2027    -1965    -1906    -1846    -1784 
   -1723    -1671    -1620    -1567    -1520    -1483    -1449    -1412 
   -1386    -1370    -1354    -1344    -1347    -1350    -1356    -1374 
   -1398    -1424    -1456    -1495    -1535    -1583    -1641    -1698 
   -1753    -1819    -1885    -1946    -2012    -2085    -2150    -2211 
   -2274    -2336    -2397    -2455    -2506    -2554    -2601    -2641 
   -2677    -2710    -2736    -2752    -2763    -2768    -2766    -2755 
   -2737    -2716    -2687    -2647    -2600    -2548    -2489    -2420 
   -2349    -2269    -2181    -2088    -1992    -1892    -1792    -1694 
   -1591    -1487    -1393    -1308    -1225    -1150    -1075    -1008 
    -951     -903     -857     -823     -803     -780     -760     -754 
    -756     -753     -764     -785     -801     -826     -864     -897 
    -934     -978    -1024    -1075    -1133    -1190    -1252    -1320 
   -1385    -1452    -1522    -1593    -1664    -1741    -1819    -1894 
   -1964    -2037    -2107    -2172    -2232    -2290    -2342    -2386 
   -2425    -2461    -2489    -2509    -2523    -2531    -2529    -2525 
   -2515    -2496    -2477    -2452    -2421    -2389    -2355    -2322 
   -2286    -2253    -2218    -2182    -2149    -2121    -2095    -2070 
   -2052    -2033    -2014    -2001    -1991    -1987    -1985    -1981 
   -1977    -1981    -1992    -2000    -2007    -2022    -2037    -2050 
   -2068    -2084    -2102    -2126    -2150    -2169    -2192    -2218 
   -2243    -2267    -2295    -2319    -2343    -2371    -2400    -2420 
   -2439    -2458    -2474    -2488    -2494    -2500    -2502    -2497 
   -2496    -2493    -2481    -2470    -2461    -2446    -2430    -2415 
   -2393    -2373    -2355    -2335    -2313    -2295    -2272    -2247 
   -2230    -2218    -2200    -2180    -2162    -2149    -2137    -2123 
   -2110    -2095    -2084    -2074    -2066    -2060    -2053    -2046 
   -2041    -2039    -2042    -2043    -2046    -2053    -2060    -2068 
   -2081    -2097    -2107    -2124    -2147    -2169    -2193    -2222 
   -2247    -2273    -2304    -2338    -2367    -2400    -2438    -2474 
   -2512    -2552    -2592    -2631    -2675    -2713    -2749    -2792 
   -2833    -2867    -2901    -2928    -2955    -2976    -2986    -2991 
   -2991    -2986    -2978    -2957    -2925    -2894    -2856    -2808 
   -2759    -2708    -2644    -2579    -2517    -2448    -2374    -2297 
   -2219    -2141    -2068    -1991    -1908    -1831    -1760    -1684 
   -1614    -1549    -1489    -1433    -1382    -1334    -1293    -1252 
   -1213    -1183    -1162    -1144    -1132    -1127    -1128    -1138 
   -1151    -1173    -1201    -1235    -1273    -1320    -1370    -1421 
   -1478    -1537    -1601    -1664    -1732    -1804    -1880    -1956 
   -2034    -2110    -2184    -2263    -2335    -2398    -2466    -2529 
   -2586    -2644    -2695    -2740    -2779    -2816    -2848    -2876 
   -2899    -2917    -2930    -2940    -2944    -2937    -2928    -2917 
   -2898    -2871    -2843    -2811    -2772    -2732    -2691    -2647 
   -2600    -2550    -2500    -2448    -2400    -2351    -2301    -2255 
   -2215    -2182    -2150    -2119    -2088    -2062    -2042    -2025 
   -2010    -2004    -2006    -2006    -2011    -2025    -2038    -2053 
   -2072    -2097    -2123    -2149    -2181    -2219    -2255    -2296 
   -2338    -2384    -2430    -2474    -2520    -2565    -2609    -2650 
   -2690    -2729    -2766    -2798    -2828    -2852    -2872    -2891 
   -2907    -2915    -2917    -2911    -2895    -2876    -2862    -2844 
   -2818    -2791    -2766    -2732    -2694    -2659    -2616    -2565 
   -2517    -2479    -2442    -2401    -2362    -2319    -2280    -2243 
   -2207    -2174    -2149    -2126    -2106    -2095    -2089    -2089 
   -2092    -2098    -2110    -2126    -2147    -2173    -2196    -2222 
   -2250    -2280    -2308    -2338    -2371    -2400    -2430    -2461 
   -2493    -2524    -2552    -2575    -2598    -2621    -2641    -2662 
   -2683    -2701    -2710    -2720    -2732    -2739    -2743    -2754 
   -2759    -2758    -2759    -2764    -2766    -2764    -2764    -2770 
   -2778    -2787    -2792    -2792    -2798    -2808    -2814    -2824 
   -2840    -2852    -2859    -2874    -2890    -2906    -2922    -2934 
   -2944    -2959    -2978    -2991    -3002    -3018    -3036    -3045 
   -3055    -3067    -3075    -3079    -3084    -3087    -3084    -3080 
   -3075    -3068    -3063    -3055    -3042    -3032    -3024    -3007 
   -2986    -2974    -2960    -2938    -2918    -2905    -2887    -2863 
   -2841    -2822    -2797    -2766    -2733    -2698    -2662    -2623 
   -2579    -2535    -2496    -2455    -2408    -2361    -2316    -2273 
   -2230    -2188    -2144    -2102    -2062    -2026    -1992    -1956 
   -1927    -1904    -1883    -1865    -1850    -1836    -1825    -1818 
   -1817    -1819    -1825    -1831    -1841    -1859    -1881    -1904 
   -1935    -1973    -2014    -2056    -2104    -2157    -2214    -2270 
   -2328    -2389    -2451    -2517    -2584    -2655    -2728    -2797 
   -2863    -2941    -3014    -3083    -3156    -3227    -3294    -3361 
   -3430    -3492    -3553    -3612    -3669    -3724    -3770    -3812 
   -3854    -3892    -3923    -3944    -3959    -3973    -3983    -3983 
   -3971    -3958    -3940    -3912    -3875    -3836    -3794    -3746 
   -3688    -3627    -3563    -3492    -3420    -3350    -3273    -3192 
   -3113    -3037    -2960    -2880    -2808    -2735    -2658    -2589 
   -2527    -2463    -2407    -2359    -2315    -2273    -2239    -2211 
   -2187    -2172    -2165    -2161    -2160    -2168    -2182    -2201 
   -2227    -2258    -2293    -2335    -2389    -2446    -2502    -2573 
   -2650    -2725    -2805    -2893    -2980    -3071    -3169    -3262 
   -3354    -3454    -3551    -3638    -3726    -3812    -3886    -3951 
   -4021    -4081    -4125    -4164    -4197    -4220    -4237    -4248 
   -4245    -4233    -4217    -4190    -4148    -4105    -4059    -3996 
   -3931    -3866    -3790    -3711    -3630    -3542    -3451    -3365 
   -3273    -3176    -3080    -2988    -2895    -2802    -2716    -2635 
   -2554    -2478    -2409    -2343    -2285    -2238    -2189    -2147 
   -2118    -2097    -2079    -2062    -2056    -2058    -2064    -2074 
   -2091    -2110    -2141    -2181    -2219    -2261    -2313    -2367 
   -2420    -2484    -2548    -2604    -2662    -2727    -2785    -2840 
   -2898    -2949    -2997    -3048    -3094    -3134    -3173    -3207 
   -3238    -3265    -3289    -3311    -3334    -3352    -3361    -3365 
   -3365    -3365    -3358    -3346    -3336    -3319    -3289    -3257 
   -3226    -3188    -3145    -3099    -3052    -3002    -2952    -2898 
   -2843    -2790    -2739    -2682    -2628    -2575    -2521    -2470 
   -2424    -2378    -2332    -2289    -2250    -2214    -2187    -2162 
   -2139    -2119    -2106    -2098    -2095    -2095    -2096    -2101 
   -2115    -2130    -2150    -2182    -2218    -2253    -2295    -2343 
   -2392    -2442    -2501    -2565    -2632    -2702    -2775    -2851 
   -2928    -3005    -3080    -3154    -3231    -3306    -3373    -3438 
   -3504    -3563    -3618    -3669    -3716    -3757    -3792    -3817 
   -3840    -3856    -3866    -3866    -3854    -3838    -3817    -3789 
   -3750    -3711    -3667    -3609    -3546    -3483    -3418    -3352 
   -3280    -3204    -3129    -3051    -2964    -2880    -2802    -2720 
   -2636    -2555    -2471    -2382    -2301    -2226    -2149    -2070 
   -1998    -1929    -1858    -1792    -1744    -1699    -1656    -1624 
   -1594    -1568    -1553    -1547    -1548    -1557    -1572    -1593 
   -1618    -1649    -1686    -1728    -1771    -1815    -1867    -1923 
   -1980    -2039    -2100    -2161    -2224    -2292    -2355    -2417 
   -2478    -2540    -2604    -2664    -2720    -2771    -2820    -2866 
   -2907    -2945    -2979    -3011    -3041    -3065    -3084    -3098 
   -3109    -3115    -3118    -3113    -3103    -3094    -3073    -3041 
   -3009    -2974    -2928    -2874    -2821    -2762    -2691    -2620 
   -2544    -2461    -2377    -2290    -2196    -2101    -2006    -1911 
   -1818    -1723    -1632    -1547    -1460    -1377    -1298    -1224 
   -1155    -1093    -1035     -984     -943     -901     -864     -841 
    -822     -803     -796     -796     -800     -815     -837     -861 
    -897     -942     -992    -1050    -1120    -1194    -1275    -1364 
   -1453    -1548    -1648    -1752    -1856    -1960    -2066    -2174 
   -2276    -2373    -2470    -2565    -2652    -2736    -2817    -2887 
   -2952    -3017    -3071    -3117    -3165    -3207    -3238    -3273 
   -3300    -3316    -3336    -3355    -3361    -3358    -3358    -3352 
   -3333    -3311    -3284    -3249    -3211    -3169    -3114    -3053 
   -2994    -2926    -2849    -2770    -2686    -2594    -2498    -2404 
   -2301    -2196    -2100    -1998    -1888    -1786    -1686    -1580 
   -1479    -1383    -1290    -1198    -1115    -1036     -958     -886 
    -828     -773     -724     -684     -649     -625     -614     -607 
    -606     -614     -634     -662     -699     -745     -799     -861 
    -932    -1012    -1098    -1197    -1304    -1414    -1533    -1660 
   -1786    -1918    -2057    -2196    -2338    -2478    -2616    -2748 
   -2879    -3007    -3126    -3241    -3353    -3453    -3542    -3624 
   -3696    -3755    -3802    -3842    -3871    -3888    -3888    -3878 
   -3858    -3827    -3788    -3738    -3676    -3603    -3523    -3435 
   -3339    -3237    -3125    -3005    -2882    -2755    -2623    -2490 
   -2355    -2219    -2087    -1954    -1822    -1696    -1579    -1466 
   -1356    -1255    -1163    -1077     -997     -927     -864     -812 
    -770     -734     -702     -691     -688     -687     -695     -715 
    -743     -776     -822     -877     -936    -1005    -1089    -1175 
   -1270    -1374    -1482    -1593    -1709    -1823    -1939    -2066 
   -2196    -2319    -2446    -2571    -2690    -2805    -2920    -3025 
   -3130    -3234    -3329    -3412    -3489    -3562    -3626    -3677 
   -3719    -3754    -3782    -3805    -3815    -3808    -3796    -3775 
   -3743    -3701    -3655    -3600    -3537    -3469    -3388    -3299 
   -3211    -3114    -3005    -2896    -2787    -2673    -2550    -2428 
   -2307    -2181    -2061    -1948    -1833    -1719    -1611    -1506 
   -1405    -1318    -1235    -1152    -1080    -1019     -967     -924 
    -893     -869     -854     -853     -858     -869     -896     -932 
    -973    -1021    -1078    -1147    -1227    -1310    -1397    -1487 
   -1583    -1686    -1791    -1898    -2007    -2118    -2227    -2335 
   -2442    -2554    -2660    -2764    -2863    -2960    -3052    -3145 
   -3232    -3315    -3395    -3466    -3530    -3591    -3642    -3688 
   -3728    -3761    -3782    -3797    -3807    -3811    -3808    -3797 
   -3778    -3754    -3731    -3700    -3665    -3630    -3591    -3544 
   -3495    -3445    -3391    -3335    -3284    -3231    -3169    -3106 
   -3045    -2980    -2914    -2851    -2781    -2709    -2640    -2567 
   -2490    -2420    -2350    -2276    -2204    -2138    -2069    -1998 
   -1935    -1878    -1823    -1773    -1726    -1683    -1648    -1620 
   -1593    -1572    -1559    -1545    -1532    -1533    -1544    -1551 
   -1566    -1593    -1622    -1649    -1686    -1726    -1768    -1813 
   -1863    -1912    -1964    -2022    -2079    -2138    -2195    -2254 
   -2312    -2371    -2431    -2482    -2532    -2587    -2639    -2685 
   -2732    -2778    -2818    -2859    -2899    -2930    -2963    -2995 
   -3022    -3041    -3060    -3079    -3095    -3109    -3123    -3132 
   -3133    -3140    -3145    -3144    -3142    -3144    -3138    -3129 
   -3123    -3111    -3094    -3080    -3063    -3040    -3018    -2999 
   -2971    -2936    -2906    -2875    -2837    -2802    -2767    -2724 
   -2679    -2639    -2597    -2552    -2506    -2459    -2408    -2354 
   -2307    -2262    -2211    -2157    -2104    -2053    -2006    -1958 
   -1911    -1867    -1826    -1788    -1752    -1722    -1695    -1672 
   -1658    -1649    -1642    -1644    -1652    -1665    -1682    -1709 
   -1742    -1780    -1825    -1877    -1930    -1984    -2045    -2111 
   -2181    -2250    -2323    -2396    -2469    -2542    -2613    -2690 
   -2766    -2836    -2905    -2974    -3036    -3098    -3159    -3217 
   -3271    -3321    -3366    -3407    -3443    -3474    -3501    -3523 
   -3537    -3547    -3558    -3562    -3561    -3553    -3543    -3530 
   -3511    -3488    -3462    -3429    -3393    -3362    -3322    -3276 
   -3232    -3184    -3127    -3073    -3025    -2972    -2914    -2859 
   -2803    -2748    -2695    -2650    -2598    -2548    -2505    -2463 
   -2423    -2389    -2362    -2338    -2315    -2292    -2277    -2269 
   -2266    -2266    -2272    -2278    -2290    -2311    -2334    -2357 
   -2385    -2421    -2461    -2501    -2544    -2586    -2631    -2681 
   -2733    -2783    -2832    -2882    -2937    -2988    -3033    -3082 
   -3133    -3173    -3208    -3248    -3281    -3311    -3339    -3365 
   -3384    -3403    -3419    -3426    -3431    -3435    -3433    -3426 
   -3418    -3407    -3388    -3366    -3352    -3330    -3298    -3267 
   -3235    -3198    -3161    -3123    -3082    -3045    -3007    -2963 
   -2920    -2882    -2841    -2797    -2756    -2718    -2679    -2641 
   -2609    -2577    -2539    -2506    -2479    -2451    -2425    -2405 
   -2385    -2369    -2361    -2355    -2351    -2355    -2365    -2370 
   -2381    -2403    -2423    -2442    -2467    -2497    -2525    -2551 
   -2582    -2613    -2647    -2681    -2710    -2737    -2766    -2790 
   -2811    -2832    -2851    -2866    -2874    -2880    -2886    -2887 
   -2886    -2882    -2879    -2874    -2862    -2847    -2836    -2824 
   -2806    -2782    -2758    -2735    -2712    -2688    -2663    -2635 
   -2608    -2579    -2548    -2517    -2490    -2463    -2434    -2407 
   -2381    -2349    -2322    -2301    -2277    -2250    -2227    -2205 
   -2182    -2165    -2154    -2139    -2124    -2111    -2097    -2092 
   -2088    -2077    -2076    -2077    -2072    -2073    -2081    -2084 
   -2087    -2091    -2095    -2098    -2107    -2120    -2133    -2142 
   -2153    -2170    -2187    -2201    -2220    -2242    -2258    -2274 
   -2295    -2315    -2336    -2359    -2380    -2397    -2419    -2438 
   -2455    -2475    -2497    -2515    -2532    -2546    -2559    -2575 
   -2589    -2604    -2614    -2623    -2633    -2641    -2650    -2656 
   -2656    -2656    -2660    -2654    -2647    -2651    -2648    -2641 
   -2635    -2629    -2624    -2616    -2609    -2605    -2598    -2593 
   -2590    -2586    -2583    -2583    -2581    -2575    -2573    -2570 
   -2565    -2558    -2554    -2546    -2533    -2520    -2505    -2486 
   -2471    -2455    -2434    -2413    -2397    -2373    -2349    -2328 
   -2308    -2289    -2269    -2247    -2226    -2208    -2195    -2180 
   -2163    -2151    -2143    -2138    -2138    -2139    -2141    -2146 
   -2155    -2169    -2185    -2207    -2228    -2251    -2278    -2312 
   -2344    -2376    -2409    -2442    -2474    -2512    -2548    -2581 
   -2616    -2652    -2681    -2712    -2748    -2776    -2803    -2830 
   -2855    -2879    -2902    -2918    -2933    -2947    -2953    -2960 
   -2964    -2964    -2963    -2953    -2940    -2928    -2910    -2887 
   -2859    -2829    -2797    -2763    -2728    -2683    -2635    -2586 
   -2533    -2481    -2432    -2378    -2319    -2263    -2207    -2149 
   -2092    -2038    -1985    -1937    -1891    -1844    -1795    -1752 
   -1713    -1677    -1644    -1617    -1597    -1582    -1570    -1560 
   -1554    -1559    -1567    -1586    -1613    -1642    -1679    -1722 
   -1769    -1819    -1876    -1942    -2014    -2077    -2142    -2219 
   -2297    -2370    -2446    -2525    -2605    -2685    -2759    -2828 
   -2905    -2976    -3033    -3087    -3146    -3199    -3238    -3280 
   -3317    -3338    -3353    -3364    -3364    -3355    -3339    -3310 
   -3267    -3219    -3169    -3106    -3033    -2960    -2884    -2801 
   -2710    -2613    -2511    -2408    -2311    -2215    -2120    -2029 
   -1937    -1842    -1752    -1664    -1574    -1498    -1436    -1368 
   -1302    -1251    -1201    -1154    -1121    -1100    -1081    -1067 
   -1069    -1078    -1092    -1117    -1151    -1190    -1239    -1300 
   -1362    -1431    -1512    -1591    -1674    -1763    -1858    -1952 
   -2046    -2147    -2249    -2346    -2447    -2546    -2636    -2735 
   -2837    -2932    -3025    -3114    -3191    -3268    -3343    -3404 
   -3461    -3518    -3565    -3600    -3630    -3649    -3653    -3653 
   -3657    -3647    -3627    -3604    -3570    -3532    -3489    -3437 
   -3379    -3317    -3252    -3183    -3107    -3029    -2951    -2863 
   -2779    -2702    -2623    -2535    -2452    -2376    -2304    -2242 
   -2178    -2118    -2062    -2006    -1953    -1911    -1875    -1846 
   -1825    -1810    -1806    -1804    -1802    -1809    -1822    -1842 
   -1869    -1907    -1956    -2007    -2057    -2110    -2162    -2222 
   -2286    -2350    -2417    -2486    -2555    -2621    -2682    -2740 
   -2806    -2871    -2934    -2990    -3037    -3083    -3126    -3165 
   -3198    -3223    -3244    -3261    -3276    -3287    -3289    -3283 
   -3269    -3254    -3237    -3213    -3186    -3154    -3119    -3082 
   -3040    -2991    -2943    -2894    -2837    -2779    -2725    -2671 
   -2609    -2544    -2486    -2421    -2349    -2284    -2223    -2163 
   -2104    -2043    -1981    -1926    -1880    -1833    -1781    -1737 
   -1702    -1667    -1640    -1621    -1601    -1580    -1567    -1563 
   -1561    -1566    -1578    -1591    -1601    -1617    -1644    -1672 
   -1699    -1732    -1769    -1813    -1857    -1902    -1949    -2003 
   -2056    -2104    -2157    -2215    -2272    -2322    -2377    -2428 
   -2478    -2536    -2587    -2628    -2673    -2714    -2748    -2781 
   -2808    -2830    -2853    -2871    -2880    -2879    -2875    -2871 
   -2860    -2843    -2824    -2794    -2759    -2727    -2688    -2640 
   -2594    -2550    -2500    -2448    -2396    -2342    -2285    -2231 
   -2178    -2120    -2064    -2012    -1960    -1911    -1868    -1821 
   -1773    -1736    -1701    -1664    -1632    -1602    -1574    -1552 
   -1540    -1532    -1521    -1513    -1513    -1516    -1520    -1533 
   -1553    -1574    -1597    -1625    -1657    -1690    -1728    -1771 
   -1818    -1867    -1914    -1962    -2015    -2069    -2119    -2172 
   -2227    -2278    -2323    -2371    -2421    -2463    -2504    -2544 
   -2581    -2614    -2640    -2662    -2686    -2708    -2721    -2732 
   -2737    -2736    -2732    -2727    -2716    -2697    -2677    -2651 
   -2627    -2597    -2565    -2531    -2492    -2448    -2409    -2366 
   -2319    -2274    -2232    -2185    -2137    -2091    -2047    -2003 
   -1961    -1919    -1878    -1841    -1809    -1776    -1748    -1721 
   -1695    -1675    -1660    -1647    -1636    -1632    -1632    -1637 
   -1647    -1656    -1672    -1692    -1711    -1736    -1767    -1800 
   -1836    -1871    -1908    -1949    -1988    -2031    -2081    -2126 
   -2174    -2223    -2266    -2305    -2349    -2394    -2440    -2485 
   -2523    -2560    -2598    -2635    -2667    -2698    -2728    -2754 
   -2778    -2799    -2814    -2826    -2839    -2851    -2863    -2872 
   -2875    -2875    -2871    -2863    -2862    -2857    -2844    -2829 
   -2813    -2795    -2778    -2755    -2732    -2712    -2685    -2655 
   -2631    -2605    -2575    -2544    -2517    -2492    -2461    -2435 
   -2413    -2388    -2361    -2338    -2316    -2293    -2269    -2249 
   -2230    -2212    -2196    -2182    -2169    -2162    -2158    -2151 
   -2150    -2157    -2160    -2166    -2182    -2196    -2214    -2235 
   -2261    -2284    -2311    -2338    -2365    -2397    -2431    -2461 
   -2493    -2531    -2565    -2594    -2627    -2662    -2693    -2721 
   -2754    -2785    -2813    -2841    -2867    -2889    -2914    -2940 
   -2957    -2975    -2997    -3011    -3018    -3028    -3037    -3040 
   -3042    -3046    -3044    -3038    -3036    -3028    -3015    -3006 
   -2997    -2983    -2972    -2963    -2948    -2933    -2926    -2914 
   -2896    -2887    -2882    -2872    -2860    -2853    -2847    -2837 
   -2829    -2825    -2824    -2821    -2816    -2811    -2808    -2803 
   -2801    -2798    -2795    -2792    -2790    -2789    -2785    -2781 
   -2778    -2779    -2782    -2785    -2789    -2787    -2779    -2781 
   -2789    -2792    -2798    -2809    -2814    -2820    -2832    -2844 
   -2852    -2863    -2878    -2890    -2898    -2910    -2925    -2937 
   -2953    -2967    -2982    -2995    -3011    -3026    -3036    -3048 
   -3061    -3071    -3080    -3094    -3103    -3107    -3109    -3113 
   -3114    -3115    -3115    -3115    -3111    -3105    -3094    -3080 
   -3065    -3052    -3037    -3018    -2998    -2979    -2959    -2932 
   -2902    -2876    -2849    -2822    -2794    -2767    -2736    -2706 
   -2675    -2639    -2605    -2582    -2555    -2523    -2494    -2467 
   -2438    -2409    -2384    -2359    -2334    -2308    -2288    -2272 
   -2254    -2242    -2234    -2224    -2214    -2208    -2209    -2209 
   -2212    -2220    -2228    -2238    -2250    -2265    -2282    -2303 
   -2319    -2342    -2370    -2401    -2430    -2458    -2486    -2512 
   -2542    -2575    -2606    -2631    -2660    -2691    -2718    -2751 
   -2783    -2810    -2837    -2863    -2886    -2905    -2925    -2948 
   -2965    -2975    -2986    -2994    -3002    -3010    -3011    -3011 
   -3011    -3005    -2995    -2986    -2978    -2965    -2948    -2929 
   -2910    -2895    -2876    -2849    -2821    -2801    -2778    -2747 
   -2716    -2688    -2659    -2624    -2592    -2565    -2542    -2513 
   -2486    -2459    -2435    -2417    -2400    -2378    -2363    -2346 
   -2326    -2317    -2317    -2311    -2303    -2304    -2304    -2304 
   -2311    -2323    -2335    -2349    -2362    -2378    -2398    -2419 
   -2438    -2459    -2490    -2523    -2546    -2573    -2608    -2646 
   -2675    -2705    -2736    -2767    -2797    -2829    -2859    -2887 
   -2910    -2924    -2941    -2965    -2978    -2976    -2979    -2982 
   -2984    -2983    -2976    -2964    -2947    -2932    -2915    -2893 
   -2868    -2840    -2810    -2787    -2759    -2720    -2682    -2648 
   -2612    -2573    -2528    -2485    -2450    -2413    -2373    -2334 
   -2296    -2261    -2230    -2196    -2160    -2130    -2100    -2066 
   -2042    -2022    -1995    -1962    -1935    -1919    -1912    -1898 
   -1875    -1863    -1858    -1850    -1848    -1850    -1850    -1849 
   -1852    -1863    -1876    -1891    -1910    -1930    -1954    -1982 
   -2015    -2043    -2076    -2116    -2153    -2189    -2232    -2270 
   -2304    -2344    -2389    -2428    -2467    -2506    -2543    -2573 
   -2598    -2629    -2658    -2678    -2691    -2701    -2714    -2727 
   -2727    -2721    -2720    -2714    -2698    -2682    -2667    -2646 
   -2613    -2583    -2550    -2513    -2477    -2428    -2371    -2322 
   -2270    -2209    -2153    -2093    -2029    -1962    -1896    -1830 
   -1768    -1709    -1651    -1591    -1534    -1478    -1421    -1378 
   -1345    -1310    -1278    -1260    -1239    -1212    -1204    -1206 
   -1205    -1208    -1224    -1239    -1251    -1273    -1306    -1340 
   -1375    -1414    -1455    -1499    -1549    -1599    -1649    -1702 
   -1755    -1806    -1859    -1912    -1961    -2014    -2069    -2123 
   -2168    -2208    -2254    -2299    -2338    -2378    -2413    -2440 
   -2461    -2482    -2501    -2520    -2535    -2539    -2539    -2543 
   -2539    -2520    -2502    -2489    -2470    -2450    -2425    -2393 
   -2361    -2332    -2296    -2257    -2226    -2196    -2162    -2126 
   -2093    -2062    -2037    -2016    -1989    -1960    -1939    -1919 
   -1898    -1884    -1880    -1875    -1869    -1873    -1881    -1884 
   -1890    -1900    -1917    -1938    -1964    -1984    -2006    -2041 
   -2072    -2098    -2134    -2173    -2215    -2255    -2286    -2322 
   -2366    -2413    -2455    -2492    -2531    -2574    -2612    -2651 
   -2694    -2729    -2764    -2803    -2835    -2862    -2894    -2926 
   -2955    -2979    -3001    -3021    -3038    -3056    -3071    -3083 
   -3092    -3099    -3099    -3103    -3109    -3109    -3105    -3102 
   -3090    -3079    -3065    -3052    -3034    -3018    -3001    -2975 
   -2947    -2922    -2894    -2863    -2835    -2806    -2774    -2740 
   -2712    -2685    -2655    -2625    -2596    -2567    -2539    -2513 
   -2488    -2467    -2454    -2436    -2420    -2407    -2398    -2392 
   -2386    -2385    -2386    -2389    -2394    -2400    -2409    -2417 
   -2427    -2446    -2466    -2481    -2496    -2516    -2544    -2569 
   -2584    -2605    -2632    -2656    -2682    -2708    -2729    -2748 
   -2770    -2791    -2813    -2833    -2852    -2867    -2886    -2907 
   -2921    -2930    -2940    -2949    -2957    -2967    -2971    -2971 
   -2978    -2983    -2980    -2979    -2978    -2972    -2967    -2967 
   -2970    -2967    -2960    -2951    -2940    -2930    -2929    -2928 
   -2917    -2902    -2886    -2875    -2871    -2862    -2843    -2826 
   -2814    -2802    -2792    -2779    -2764    -2755    -2749    -2744 
   -2732    -2718    -2714    -2714    -2706    -2695    -2688    -2685 
   -2681    -2677    -2668    -2658    -2652    -2648    -2636    -2625 
   -2616    -2604    -2592    -2584    -2577    -2569    -2563    -2554 
   -2544    -2544    -2544    -2538    -2532    -2531    -2529    -2535 
   -2539    -2542    -2551    -2563    -2571    -2582    -2600    -2619 
   -2635    -2655    -2675    -2698    -2725    -2751    -2774    -2802 
   -2833    -2860    -2884    -2907    -2936    -2967    -2990    -3017 
   -3042    -3061    -3080    -3100    -3118    -3134    -3152    -3165 
   -3175    -3183    -3191    -3194    -3199    -3200    -3194    -3190 
   -3184    -3173    -3160    -3145    -3127    -3107    -3083    -3061 
   -3036    -3002    -2970    -2940    -2903    -2867    -2836    -2805 
   -2767    -2728    -2694    -2662    -2631    -2602    -2573    -2543 
   -2517    -2497    -2477    -2457    -2436    -2419    -2409    -2398 
   -2384    -2378    -2377    -2370    -2370    -2378    -2377    -2374 
   -2382    -2390    -2393    -2403    -2419    -2427    -2428    -2435 
   -2450    -2461    -2477    -2496    -2505    -2515    -2539    -2560 
   -2573    -2596    -2619    -2631    -2647    -2671    -2690    -2706 
   -2728    -2749    -2767    -2779    -2786    -2795    -2810    -2824 
   -2835    -2840    -2839    -2839    -2839    -2843    -2843    -2833 
   -2829    -2828    -2818    -2806    -2797    -2786    -2781    -2772 
   -2754    -2731    -2721    -2717    -2693    -2662    -2647    -2635 
   -2613    -2586    -2560    -2531    -2506    -2488    -2455    -2416 
   -2397    -2380    -2347    -2316    -2288    -2259    -2234    -2209 
   -2189    -2166    -2147    -2133    -2110    -2079    -2066    -2072 
   -2070    -2058    -2034    -2020    -2027    -2045    -2052    -2052 
   -2053    -2060    -2068    -2081    -2093    -2111    -2137    -2151 
   -2163    -2188    -2218    -2234    -2255    -2293    -2326    -2351 
   -2378    -2401    -2427    -2465    -2506    -2542    -2565    -2583 
   -2608    -2636    -2673    -2709    -2725    -2732    -2748    -2762 
   -2779    -2805    -2818    -2811    -2808    -2816    -2825    -2825 
   -2814    -2801    -2797    -2802    -2792    -2770    -2749    -2732 
   -2716    -2708    -2697    -2674    -2644    -2623    -2605    -2586 
   -2569    -2544    -2511    -2479    -2465    -2452    -2425    -2401 
   -2378    -2343    -2317    -2300    -2272    -2250    -2235    -2208 
   -2192    -2187    -2168    -2141    -2121    -2116    -2115    -2106 
   -2102    -2104    -2095    -2088    -2093    -2098    -2104    -2111 
   -2123    -2138    -2149    -2165    -2184    -2192    -2203    -2228 
   -2253    -2277    -2303    -2327    -2355    -2388    -2423    -2458 
   -2486    -2500    -2525    -2573    -2612    -2629    -2651    -2681 
   -2709    -2735    -2755    -2767    -2781    -2798    -2811    -2826 
   -2837    -2843    -2853    -2857    -2848    -2843    -2844    -2839 
   -2821    -2805    -2786    -2772    -2771    -2759    -2728    -2698 
   -2673    -2646    -2617    -2589    -2559    -2529    -2502    -2478 
   -2442    -2404    -2376    -2350    -2313    -2274    -2245    -2222 
   -2203    -2178    -2146    -2123    -2104    -2085    -2076    -2062 
   -2038    -2023    -2027    -2041    -2045    -2029    -2022    -2041 
   -2060    -2068    -2074    -2091    -2120    -2150    -2165    -2178 
   -2212    -2247    -2267    -2295    -2331    -2357    -2382    -2419 
   -2446    -2465    -2496    -2524    -2542    -2569    -2597    -2610 
   -2628    -2652    -2663    -2663    -2671    -2685    -2691    -2690 
   -2682    -2673    -2660    -2644    -2633    -2621    -2598    -2570 
   -2542    -2517    -2498    -2474    -2439    -2404    -2376    -2349 
   -2317    -2286    -2258    -2228    -2205    -2181    -2147    -2114 
   -2093    -2073    -2050    -2030    -2008    -1989    -1977    -1958 
   -1945    -1944    -1935    -1918    -1907    -1907    -1910    -1912 
   -1919    -1927    -1930    -1944    -1958    -1966    -1979    -1999 
   -2016    -2038    -2062    -2083    -2102    -2130    -2157    -2174 
   -2196    -2227    -2250    -2272    -2300    -2326    -2344    -2369 
   -2394    -2403    -2415    -2444    -2461    -2466    -2489    -2502 
   -2494    -2502    -2517    -2519    -2521    -2525    -2523    -2517 
   -2511    -2509    -2506    -2494    -2481    -2470    -2454    -2442 
   -2428    -2397    -2371    -2363    -2355    -2344    -2322    -2278 
   -2250    -2250    -2234    -2201    -2193    -2178    -2137    -2114 
   -2111    -2089    -2073    -2066    -2045    -2020    -2004    -1991 
   -1982    -1975    -1961    -1952    -1949    -1948    -1933    -1914 
   -1911    -1927    -1935    -1935    -1930    -1917    -1915    -1939 
   -1958    -1960    -1969    -1980    -1979    -1993    -2025    -2039 
   -2052    -2085    -2102    -2107    -2135    -2165    -2180    -2211 
   -2251    -2266    -2280    -2308    -2331    -2350    -2386    -2413 
   -2421    -2438    -2461    -2479    -2494    -2512    -2527    -2533 
   -2543    -2548    -2552    -2565    -2573    -2565    -2555    -2556 
   -2552    -2536    -2523    -2506    -2488    -2479    -2466    -2438 
   -2411    -2393    -2367    -2336    -2315    -2292    -2259    -2234 
   -2211    -2178    -2150    -2128    -2095    -2065    -2056    -2043 
   -2014    -1995    -1987    -1969    -1956    -1956    -1954    -1941 
   -1937    -1942    -1945    -1949    -1966    -1980    -1984    -2000 
   -2015    -2019    -2045    -2077    -2087    -2101    -2137    -2161 
   -2182    -2215    -2238    -2258    -2301    -2336    -2353    -2384 
   -2424    -2461    -2496    -2532    -2563    -2587    -2620    -2658 
   -2683    -2708    -2744    -2774    -2797    -2817    -2839    -2857 
   -2872    -2891    -2907    -2914    -2921    -2930    -2929    -2932 
   -2940    -2936    -2924    -2917    -2907    -2895    -2887    -2880 
   -2878    -2871    -2844    -2816    -2803    -2798    -2785    -2767 
   -2747    -2729    -2716    -2704    -2686    -2666    -2654    -2646 
   -2625    -2602    -2590    -2586    -2579    -2565    -2552    -2544 
   -2538    -2531    -2527    -2527    -2532    -2532    -2527    -2528 
   -2538    -2544    -2546    -2551    -2559    -2569    -2579    -2589 
   -2594    -2600    -2612    -2628    -2644    -2662    -2675    -2681 
   -2690    -2708    -2725    -2748    -2767    -2775    -2785    -2803 
   -2818    -2828    -2841    -2857    -2871    -2886    -2895    -2902 
   -2914    -2929    -2938    -2945    -2955    -2960    -2963    -2970 
   -2975    -2976    -2975    -2974    -2967    -2963    -2959    -2951 
   -2938    -2926    -2918    -2910    -2902    -2889    -2872    -2856 
   -2839    -2818    -2798    -2783    -2771    -2749    -2727    -2712 
   -2697    -2675    -2654    -2633    -2616    -2600    -2577    -2556 
   -2544    -2529    -2509    -2494    -2486    -2477    -2459    -2448 
   -2442    -2428    -2416    -2415    -2413    -2407    -2403    -2403 
   -2403    -2405    -2411    -2415    -2424    -2442    -2451    -2455 
   -2466    -2482    -2498    -2519    -2542    -2562    -2574    -2589 
   -2612    -2629    -2647    -2669    -2693    -2714    -2729    -2743 
   -2762    -2786    -2805    -2817    -2839    -2863    -2876    -2884 
   -2898    -2901    -2899    -2914    -2933    -2938    -2932    -2926 
   -2932    -2938    -2936    -2929    -2926    -2921    -2914    -2907 
   -2893    -2876    -2863    -2851    -2844    -2835    -2805    -2778 
   -2762    -2743    -2724    -2710    -2687    -2656    -2635    -2606 
   -2571    -2559    -2542    -2492    -2455    -2451    -2444    -2423 
   -2385    -2347    -2347    -2354    -2327    -2305    -2308    -2289 
   -2267    -2282    -2299    -2292    -2280    -2280    -2289    -2307 
   -2326    -2340    -2355    -2373    -2392    -2419    -2448    -2470 
   -2502    -2544    -2562    -2575    -2628    -2679    -2691    -2701 
   -2745    -2809    -2843    -2840    -2852    -2903    -2948    -2956 
   -2964    -2994    -3013    -3010    -3014    -3029    -3040    -3034 
   -3009    -2986    -2983    -2978    -2947    -2911    -2886    -2856 
   -2817    -2776    -2733    -2687    -2650    -2610    -2562    -2511 
   -2469    -2431    -2393    -2340    -2282    -2238    -2201    -2163 
   -2135    -2110    -2070    -2022    -1995    -1995    -1984    -1954 
   -1930    -1926    -1937    -1945    -1933    -1933    -1958    -1984 
   -2001    -2026    -2052    -2081    -2116    -2153    -2192    -2238 
   -2289    -2335    -2374    -2421    -2475    -2524    -2574    -2635 
   -2688    -2720    -2756    -2821    -2887    -2934    -2979    -3018 
   -3045    -3078    -3123    -3161    -3175    -3177    -3198    -3240 
   -3257    -3229    -3211    -3241    -3250    -3208    -3176    -3173 
   -3157    -3117    -3080    -3056    -3022    -2972    -2917    -2868 
   -2826    -2782    -2720    -2647    -2594    -2554    -2493    -2419 
   -2359    -2307    -2253    -2200    -2143    -2087    -2042    -2006 
   -1960    -1903    -1859    -1830    -1796    -1760    -1734    -1719 
   -1706    -1687    -1669    -1665    -1669    -1668    -1660    -1664 
   -1684    -1709    -1728    -1749    -1773    -1802    -1837    -1873 
   -1907    -1945    -1984    -2019    -2061    -2107    -2149    -2188 
   -2226    -2266    -2305    -2344    -2390    -2431    -2461    -2498 
   -2539    -2573    -2602    -2629    -2659    -2685    -2700    -2714 
   -2736    -2754    -2759    -2763    -2770    -2772    -2767    -2764 
   -2764    -2758    -2740    -2725    -2714    -2704    -2687    -2662 
   -2633    -2612    -2592    -2562    -2529    -2500    -2475    -2450 
   -2415    -2377    -2347    -2317    -2284    -2253    -2226    -2199 
   -2169    -2142    -2120    -2093    -2064    -2047    -2034    -2015 
   -1998    -1987    -1981    -1979    -1973    -1972    -1975    -1981 
   -1989    -2000    -2015    -2030    -2045    -2068    -2092    -2115 
   -2143    -2174    -2204    -2235    -2267    -2301    -2338    -2378 
   -2413    -2448    -2489    -2529    -2565    -2602    -2639    -2674 
   -2712    -2751    -2787    -2821    -2851    -2872    -2898    -2929 
   -2960    -2984    -2999    -3009    -3026    -3042    -3052    -3060 
   -3061    -3057    -3057    -3055    -3044    -3034    -3018    -3001 
   -2986    -2967    -2943    -2917    -2886    -2857    -2829    -2792 
   -2758    -2720    -2681    -2650    -2612    -2567    -2533    -2502 
   -2461    -2421    -2390    -2358    -2322    -2292    -2269    -2241 
   -2209    -2189    -2170    -2150    -2135    -2124    -2116    -2115 
   -2115    -2111    -2115    -2128    -2139    -2150    -2168    -2191 
   -2219    -2249    -2278    -2311    -2347    -2386    -2428    -2470 
   -2512    -2556    -2601    -2646    -2690    -2732    -2779    -2832 
   -2875    -2910    -2952    -2991    -3021    -3057    -3090    -3115 
   -3141    -3165    -3179    -3192    -3207    -3211    -3213    -3218 
   -3213    -3200    -3190    -3176    -3159    -3133    -3106    -3075 
   -3041    -3006    -2967    -2924    -2878    -2835    -2789    -2736 
   -2686    -2636    -2584    -2536    -2489    -2434    -2382    -2338 
   -2295    -2251    -2212    -2169    -2124    -2091    -2061    -2027 
   -1999    -1977    -1954    -1938    -1926    -1914    -1907    -1903 
   -1903    -1908    -1914    -1925    -1941    -1958    -1977    -2000 
   -2027    -2053    -2084    -2115    -2149    -2185    -2220    -2254 
   -2293    -2334    -2366    -2401    -2442    -2474    -2505    -2539 
   -2569    -2597    -2631    -2655    -2669    -2691    -2717    -2731 
   -2740    -2752    -2759    -2764    -2768    -2768    -2762    -2752 
   -2744    -2739    -2728    -2712    -2693    -2671    -2647    -2623 
   -2596    -2570    -2540    -2505    -2471    -2440    -2404    -2363 
   -2328    -2296    -2262    -2224    -2189    -2160    -2124    -2092 
   -2068    -2041    -2010    -1988    -1971    -1956    -1944    -1927 
   -1912    -1906    -1902    -1898    -1900    -1906    -1911    -1919 
   -1933    -1945    -1956    -1973    -1992    -2011    -2031    -2049 
   -2072    -2098    -2123    -2149    -2174    -2199    -2226    -2251 
   -2277    -2307    -2331    -2354    -2377    -2397    -2415    -2434 
   -2455    -2473    -2488    -2498    -2506    -2520    -2535    -2536 
   -2538    -2550    -2555    -2554    -2551    -2551    -2551    -2543 
   -2538    -2538    -2531    -2520    -2512    -2501    -2488    -2478 
   -2463    -2450    -2436    -2417    -2398    -2389    -2376    -2361 
   -2351    -2338    -2327    -2319    -2309    -2297    -2290    -2288 
   -2284    -2281    -2285    -2289    -2285    -2286    -2297    -2301 
   -2307    -2317    -2327    -2336    -2349    -2359    -2367    -2377 
   -2392    -2408    -2417    -2424    -2439    -2455    -2471    -2484 
   -2489    -2501    -2519    -2525    -2532    -2542    -2554    -2567 
   -2574    -2579    -2584    -2587    -2596    -2606    -2606    -2609 
   -2616    -2620    -2620    -2620    -2616    -2616    -2616    -2610 
   -2602    -2597    -2592    -2584    -2581    -2579    -2570    -2556 
   -2550    -2543    -2531    -2524    -2520    -2511    -2502    -2496 
   -2484    -2477    -2474    -2466    -2457    -2451    -2450    -2444 
   -2436    -2436    -2439    -2436    -2436    -2435    -2432    -2434 
   -2435    -2434    -2435    -2442    -2442    -2442    -2447    -2447 
   -2444    -2448    -2455    -2455    -2457    -2461    -2461    -2463 
   -2467    -2471    -2474    -2478    -2482    -2488    -2493    -2501 
   -2504    -2506    -2519    -2529    -2528    -2535    -2544    -2548 
   -2552    -2556    -2559    -2565    -2574    -2578    -2583    -2590 
   -2593    -2592    -2594    -2600    -2600    -2600    -2601    -2600 
   -2598    -2597    -2593    -2586    -2582    -2581    -2578    -2569 
   -2565    -2567    -2558    -2546    -2542    -2533    -2525    -2519 
   -2505    -2492    -2482    -2473    -2461    -2451    -2439    -2425 
   -2411    -2401    -2389    -2376    -2362    -2349    -2332    -2319 
   -2308    -2295    -2282    -2276    -2269    -2255    -2246    -2241 
   -2236    -2231    -2226    -2219    -2218    -2222    -2219    -2212 
   -2211    -2212    -2214    -2218    -2226    -2228    -2231    -2235 
   -2239    -2245    -2251    -2259    -2267    -2273    -2281    -2285 
   -2286    -2292    -2300    -2305    -2316    -2326    -2327    -2334 
   -2342    -2343    -2347    -2354    -2358    -2363    -2366    -2366 
   -2366    -2367    -2369    -2366    -2367    -2371    -2370    -2370 
   -2370    -2365    -2359    -2355    -2350    -2342    -2338    -2336 
   -2332    -2323    -2319    -2317    -2311    -2305    -2303    -2296 
   -2288    -2284    -2276    -2269    -2267    -2261    -2250    -2245 
   -2246    -2242    -2236    -2236    -2238    -2232    -2234    -2235 
   -2232    -2234    -2239    -2239    -2238    -2242    -2251    -2255 
   -2259    -2263    -2269    -2276    -2282    -2286    -2295    -2305 
   -2313    -2322    -2338    -2355    -2365    -2380    -2397    -2411 
   -2423    -2440    -2458    -2473    -2489    -2509    -2528    -2544 
   -2562    -2579    -2592    -2609    -2632    -2651    -2666    -2682 
   -2697    -2712    -2729    -2740    -2745    -2758    -2771    -2776 
   -2782    -2789    -2789    -2790    -2791    -2790    -2789    -2786 
   -2779    -2768    -2759    -2752    -2740    -2727    -2712    -2695 
   -2679    -2668    -2656    -2636    -2619    -2602    -2586    -2570 
   -2556    -2544    -2531    -2517    -2505    -2490    -2481    -2475 
   -2466    -2458    -2459    -2461    -2455    -2457    -2461    -2458 
   -2461    -2470    -2478    -2485    -2497    -2506    -2513    -2529 
   -2546    -2552    -2565    -2586    -2605    -2620    -2641    -2660 
   -2675    -2695    -2716    -2733    -2752    -2771    -2786    -2803 
   -2821    -2839    -2855    -2867    -2880    -2893    -2899    -2909 
   -2917    -2924    -2934    -2941    -2938    -2938    -2943    -2943 
   -2940    -2940    -2936    -2930    -2926    -2918    -2906    -2901 
   -2898    -2882    -2866    -2856    -2844    -2828    -2816    -2802 
   -2783    -2774    -2759    -2737    -2720    -2708    -2691    -2674 
   -2659    -2644    -2627    -2612    -2600    -2587    -2575    -2563 
   -2551    -2539    -2532    -2529    -2524    -2520    -2519    -2519 
   -2520    -2523    -2520    -2520    -2527    -2536    -2546    -2556 
   -2565    -2571    -2582    -2596    -2605    -2621    -2636    -2646 
   -2660    -2681    -2693    -2701    -2716    -2733    -2740    -2749 
   -2764    -2775    -2778    -2787    -2797    -2798    -2802    -2810 
   -2813    -2814    -2820    -2818    -2813    -2814    -2817    -2810 
   -2801    -2798    -2789    -2778    -2776    -2767    -2748    -2739 
   -2733    -2718    -2701    -2685    -2669    -2654    -2636    -2623 
   -2605    -2586    -2569    -2550    -2529    -2516    -2500    -2479 
   -2465    -2447    -2427    -2413    -2405    -2390    -2369    -2350 
   -2340    -2334    -2327    -2319    -2305    -2295    -2288    -2278 
   -2273    -2273    -2267    -2265    -2265    -2262    -2259    -2263 
   -2270    -2277    -2281    -2286    -2296    -2308    -2324    -2340 
   -2349    -2358    -2373    -2386    -2400    -2421    -2442    -2452 
   -2467    -2482    -2496    -2519    -2539    -2546    -2546    -2551 
   -2559    -2574    -2589    -2598    -2597    -2590    -2583    -2579 
   -2584    -2589    -2583    -2573    -2558    -2538    -2524    -2517 
   -2512    -2498    -2469    -2450    -2442    -2423    -2403    -2384 
   -2357    -2334    -2322    -2305    -2278    -2254    -2236    -2220 
   -2204    -2191    -2177    -2161    -2146    -2130    -2116    -2114 
   -2114    -2111    -2115    -2116    -2111    -2114    -2124    -2130 
   -2133    -2141    -2157    -2177    -2196    -2209    -2219    -2231 
   -2250    -2270    -2289    -2312    -2335    -2349    -2357    -2374 
   -2401    -2427    -2447    -2458    -2465    -2482    -2502    -2513 
   -2521    -2539    -2554    -2562    -2569    -2571    -2574    -2581 
   -2583    -2581    -2578    -2574    -2567    -2562    -2551    -2539 
   -2528    -2520    -2511    -2492    -2469    -2450    -2434    -2416 
   -2400    -2380    -2353    -2331    -2312    -2288    -2269    -2255 
   -2236    -2218    -2200    -2180    -2163    -2154    -2149    -2138 
   -2126    -2119    -2115    -2111    -2107    -2110    -2111    -2111 
   -2120    -2126    -2128    -2138    -2150    -2158    -2172    -2192 
   -2208    -2223    -2236    -2251    -2273    -2296    -2315    -2335 
   -2353    -2373    -2394    -2409    -2427    -2447    -2466    -2486 
   -2505    -2520    -2535    -2548    -2559    -2570    -2578    -2584 
   -2597    -2605    -2609    -2612    -2613    -2616    -2617    -2614 
   -2612    -2606    -2602    -2602    -2596    -2589    -2589    -2582 
   -2571    -2565    -2559    -2551    -2546    -2540    -2531    -2523 
   -2515    -2508    -2501    -2493    -2489    -2485    -2478    -2478 
   -2477    -2469    -2463    -2459    -2457    -2459    -2463    -2461 
   -2458    -2461    -2465    -2467    -2471    -2481    -2486    -2493 
   -2504    -2515    -2520    -2528    -2535    -2544    -2558    -2570 
   -2582    -2593    -2602    -2616    -2629    -2639    -2652    -2662 
   -2671    -2683    -2691    -2705    -2720    -2721    -2728    -2740 
   -2745    -2752    -2758    -2762    -2770    -2770    -2768    -2774 
   -2770    -2770    -2771    -2766    -2766    -2763    -2754    -2754 
   -2748    -2739    -2739    -2732    -2720    -2713    -2705    -2695 
   -2685    -2673    -2664    -2652    -2639    -2632    -2619    -2600 
   -2592    -2582    -2569    -2559    -2550    -2539    -2525    -2511 
   -2497    -2485    -2479    -2481    -2467    -2455    -2448    -2432 
   -2423    -2420    -2412    -2403    -2393    -2385    -2376    -2361 
   -2353    -2343    -2328    -2327    -2324    -2308    -2296    -2285 
   -2273    -2266    -2263    -2253    -2238    -2230    -2227    -2226 
   -2224    -2220    -2215    -2209    -2205    -2207    -2218    -2232 
   -2239    -2235    -2231    -2236    -2255    -2277    -2289    -2297 
   -2309    -2324    -2338    -2350    -2362    -2378    -2394    -2413 
   -2435    -2444    -2442    -2459    -2482    -2492    -2511    -2532 
   -2536    -2543    -2559    -2569    -2575    -2592    -2608    -2608 
   -2604    -2612    -2627    -2632    -2632    -2635    -2635    -2635 
   -2643    -2644    -2635    -2632    -2636    -2633    -2628    -2619 
   -2609    -2610    -2613    -2602    -2589    -2583    -2578    -2573 
   -2570    -2565    -2552    -2543    -2539    -2536    -2533    -2533 
   -2527    -2521    -2521    -2520    -2516    -2516    -2519    -2521 
   -2523    -2523    -2525    -2529    -2532    -2535    -2539    -2546 
