Origin Time       2016/04/16 01:25:00
Lat.              32.753
Long.             130.762
Depth. (km)       12
Mag.              7.3
Station Code      FKI003
Station Lat.      36.0444
Station Long.     136.2279
Station Height(m) 9
Record Time       2016/04/16 01:28:10
Sampling Freq(Hz) 100Hz
Duration Time(s)  62
Dir.              E-W
Scale Factor      7845(gal)/8223790
Max. Acc. (gal)   2.386
Last Correction   2016/04/16 01:28:11
Memo.             
      51       51       49       45       43       40       31       27 
      25       20       14       10        5        5        5        4 
       4       10       14       18       27       32       41       56 
      71       81       91      103      117      131      144      156 
     168      183      197      209      220      228      236      246 
     252      256      261      265      270      274      279      286 
     291      294      299      305      310      318      322      325 
     330      334      338      341      340      340      337      332 
     332      325      315      311      301      288      279      271 
     259      245      234      224      211      201      189      178 
     168      160      155      151      144      135      131      129 
     126      124      122      118      114      112      109       99 
      93       85       74       64       52       43       31       16 
       4       -9      -22      -35      -45      -51      -58      -60 
     -62      -64      -56      -52      -51      -41      -36      -35 
     -25      -17      -13       -5        4        5       10       20 
      23       28       35       39       45       54       59       63 
      67       76       82       86       93       99      105      112 
     118      125      131      140      152      166      176      189 
     203      217      229      238      248      256      265      279 
     291      301      313      322      328      333      337      342 
     352      356      363      368      370      370      369      369 
     367      360      356      353      344      333      325      317 
     307      298      288      279      268      255      240      225 
     211      197      182      167      153      140      125      110 
      98       83       70       60       47       32       25       13 
       5       -1      -13      -21      -31      -44      -55      -63 
     -72      -85      -94     -105     -116     -125     -129     -133 
    -140     -144     -148     -149     -148     -144     -140     -137 
    -135     -129     -124     -120     -114     -106      -98      -90 
     -76      -64      -56      -51      -47      -39      -29      -23 
     -16       -5       -1       -2       -1       -2       -4        1 
       8        8        9        8        4        1        0        1 
       1        5       11       14       17       18       18       28 
      37       45       56       65       74       82       90      101 
     110      122      139      152      164      174      184      194 
     199      205      210      214      217      222      225      224 
     218      217      214      216      218      217      217      218 
     218      214      211      216      222      225      230      238 
     240      241      245      249      251      256      259      261 
     263      263      265      263      261      261      259      255 
     251      245      237      233      229      217      210      206 
     197      189      183      175      167      159      149      141 
     129      124      116      108      103       98       94       91 
      89       91       90       87       89       89       90       97 
      99       99      103      112      116      118      122      129 
     136      140      144      144      144      144      144      144 
     144      141      137      135      128      118      109      102 
      91       82       74       65       54       43       31       20 
      16        9        5        4       -1        0        1        1 
       5        9       14       23       32       41       55       65 
      78       93      106      118      129      144      153      163 
     178      191      197      206      212      211      216      218 
     214      207      203      197      187      178      171      162 
     151      140      129      118      108       97       86       78 
      71       67       65       63       60       63       63       64 
      72       83       97      112      126      144      163      182 
     203      221      237      253      271      289      301      313 
     325      326      330      332      329      329      325      318 
     311      302      287      275      268      255      241      233 
     222      206      194      180      168      157      148      140 
     135      126      114      103       93       83       72       60 
      54       47       40       32       28       20       16       14 
      10       10       13       11       14       18       23       32 
      40       51       63       75       91      109      125      141 
     156      171      186      201      211      221      230      238 
     241      245      249      246      245      241      233      229 
     224      214      207      199      189      178      168      159 
     144      133      122      108       95       82       68       59 
      45       32       21       10        4       -5      -14      -22 
     -31      -37      -43      -45      -45      -47      -49      -43 
     -41      -41      -32      -29      -21       -9       -2        5 
      17       22       32       43       47       58       64       72 
      78       81       82       82       83       85       83       82 
      81       74       68       63       59       60       60       56 
      55       59       58       62       68       71       82       94 
      99      109      118      129      148      162      178      197 
     207      220      233      244      259      276      294      306 
     318      336      351      360      370      387      402      411 
     425      438      450      463      475      486      496      506 
     525      537      542      553      562      566      576      583 
     585      587      588      589      587      579      571      561 
     549      535      523      506      487      468      446      425 
     403      376      353      332      307      284      257      230 
     210      190      168      151      135      116      102       89 
      74       60       47       36       28       17        9        1 
      -5       -9      -14      -18      -20      -27      -29      -31 
     -35      -36      -40      -43      -44      -45      -45      -45 
     -44      -43      -43      -40      -35      -28      -20      -14 
     -10       -4        5       14       23       32       44       56 
      68       76       89      103      116      129      143      155 
     172      189      198      209      220      225      232      238 
     240      241      244      243      243      243      237      238 
     236      228      228      228      222      218      209      201 
     195      184      175      168      162      149      139      129 
     117      109      102       87       74       62       45       31 
      13       -5      -22      -40      -59      -79      -99     -118 
    -137     -155     -171     -193     -212     -225     -243     -263 
    -279     -294     -310     -322     -336     -349     -355     -365 
    -378     -383     -392     -400     -402     -409     -411     -411 
    -413     -410     -407     -409     -407     -406     -405     -403 
    -399     -395     -392     -387     -382     -379     -373     -367 
    -357     -346     -337     -328     -317     -309     -298     -283 
    -271     -255     -238     -224     -202     -180     -166     -147 
    -129     -116      -98      -81      -64      -44      -31      -16 
      -1       11       27       43       56       71       85       95 
     108      124      135      147      162      174      187      202 
     211      218      229      241      248      253      259      263 
     272      276      275      278      278      279      279      275 
     274      270      263      261      257      246      241      234 
     225      218      206      198      191      178      168      160 
     144      136      129      117      108      101       89       76 
      64       49       32       20        5      -13      -32      -47 
     -68      -90     -106     -126     -144     -159     -176     -193 
    -209     -225     -236     -244     -255     -263     -266     -268 
    -270     -270     -268     -268     -259     -249     -246     -234 
    -222     -209     -194     -178     -162     -144     -129     -112 
     -97      -78      -56      -37      -17        1       21       44 
      63       83      106      128      152      172      194      221 
     244      271      298      321      352      386      415      449 
     483      518      557      595      633      673      715      761 
     808      857      903      951     1000     1042     1084     1129 
    1173     1213     1251     1286     1321     1351     1371     1393 
    1413     1424     1431     1436     1439     1440     1433     1418 
    1401     1381     1356     1332     1300     1262     1225     1182 
    1131     1078     1026      966      901      834      766      692 
     614      532      450      368      279      190      106       18 
     -72     -159     -241     -326     -410     -491     -572     -648 
    -715     -783     -845     -901     -957    -1004    -1047    -1093 
   -1131    -1163    -1190    -1210    -1227    -1246    -1258    -1263 
   -1273    -1281    -1278    -1275    -1270    -1262    -1251    -1237 
   -1225    -1210    -1189    -1165    -1139    -1109    -1075    -1038 
    -999     -958     -912     -862     -815     -766     -714     -660 
    -603     -546     -493     -436     -379     -326     -268     -209 
    -153      -95      -36       20       76      135      194      251 
     306      363      417      471      526      583      637      688 
     737      783      826      868      905      945      981     1011 
    1039     1067     1092     1111     1125     1138     1146     1147 
    1148     1146     1139     1128     1112     1092     1069     1047 
    1020      989      959      922      881      838      792      746 
     696      641      584      529      471      407      346      287 
     224      162      103       44      -10      -64     -118     -166 
    -209     -256     -298     -336     -369     -399     -425     -448 
    -468     -484     -492     -496     -499     -499     -496     -488 
    -476     -463     -449     -433     -415     -396     -375     -355 
    -338     -317     -295     -278     -256     -232     -209     -189 
    -167     -147     -126     -109      -90      -68      -52      -37 
     -18       -2        8       16       23       31       39       45 
      52       58       60       62       63       62       60       59 
      52       47       45       37       31       29       29       25 
      28       31       31       39       51       62       74       89 
     106      125      147      167      189      217      245      270 
     298      330      359      387      421      451      479      510 
     540      564      592      616      633      653      672      684 
     695      702      706      706      704      693      680      666 
     648      622      596      566      531      496      459      419 
     382      338      294      255      214      171      129       87 
      44        1      -36      -74     -118     -160     -195     -232 
    -271     -303     -336     -373     -402     -427     -456     -480 
    -502     -526     -545     -564     -585     -604     -625     -648 
    -662     -677     -697     -712     -727     -745     -761     -773 
    -785     -801     -810     -812     -822     -826     -822     -824 
    -823     -815     -810     -803     -789     -777     -764     -747 
    -734     -720     -699     -676     -658     -637     -612     -588 
    -568     -545     -522     -503     -481     -460     -441     -418 
    -398     -382     -365     -344     -326     -309     -291     -272 
    -253     -241     -230     -217     -203     -191     -182     -174 
    -164     -156     -156     -153     -149     -151     -153     -155 
    -159     -166     -175     -186     -197     -210     -225     -236 
    -244     -255     -263     -272     -282     -287     -288     -292 
    -295     -292     -289     -286     -276     -266     -257     -246 
    -230     -216     -201     -178     -153     -129     -106      -79 
     -51      -20       14       47       81      116      152      183 
     217      251      282      314      346      376      407      436 
     464      491      517      537      556      575      589      602 
     612      618      621      625      627      625      623      622 
     612      606      600      587      573      562      544      525 
     511      498      479      461      444      429      417      405 
     390      376      364      351      336      321      305      291 
     280      265      246      228      207      184      160      135 
     108       79       52       23       -5      -36      -64      -98 
    -124     -152     -187     -214     -234     -256     -274     -289 
    -306     -319     -328     -333     -338     -342     -338     -333 
    -328     -315     -299     -280     -255     -229     -203     -170 
    -131      -93      -51       -5       37       86      137      187 
     240      292      344      399      453      502      550      600 
     648      689      727      764      796      827      850      868 
     885      897      907      916      920      920      916      913 
     905      896      890      877      861      849      834      812 
     795      780      757      731      711      687      662      638 
     607      577      553      522      487      459      429      392 
     357      322      283      248      214      175      135       98 
      62       23      -13      -51      -91     -131     -170     -206 
    -245     -284     -326     -364     -399     -436     -468     -504 
    -544     -577     -612     -652     -688     -722     -761     -797 
    -831     -866     -899     -928     -962     -990    -1016    -1046 
   -1063    -1081    -1101    -1112    -1117    -1123    -1123    -1117 
   -1109    -1097    -1078    -1057    -1036    -1009     -980     -951 
    -918     -876     -837     -795     -746     -702     -657     -608 
    -562     -517     -464     -411     -361     -314     -266     -216 
    -166     -120      -70      -20       22       64      108      151 
     194      236      276      319      364      398      432      469 
     506      542      579      614      649      689      730      764 
     800      837      876      915      947      980     1015     1043 
    1069     1096     1119     1139     1158     1175     1185     1190 
    1190     1188     1179     1169     1148     1127     1104     1073 
    1035      994      953      907      857      807      754      691 
     627      566      500      434      368      298      228      162 
      86       14      -47     -118     -186     -245     -305     -363 
    -421     -479     -526     -572     -616     -658     -697     -733 
    -762     -785     -805     -824     -838     -850     -854     -858 
    -858     -850     -838     -827     -805     -781     -760     -735 
    -704     -670     -639     -607     -573     -538     -503     -471 
    -437     -405     -373     -342     -315     -294     -270     -248 
    -232     -214     -195     -183     -176     -167     -162     -153 
    -148     -144     -135     -125     -118     -103      -86      -68 
     -47      -22        4       36       75      112      147      191 
     241      289      342      396      446      498      548      599 
     648      691      735      777      818      854      884      908 
     931      950      962      966      969      965      955      943 
     927      907      885      862      837      803      767      731 
     688      646      604      561      515      468      418      363 
     306      249      190      125       63        2      -64     -133 
    -197     -263     -329     -390     -449     -506     -564     -622 
    -673     -718     -757     -795     -832     -866     -895     -919 
    -940     -957     -967     -978     -985     -984     -980     -970 
    -959     -947     -928     -907     -884     -857     -826     -795 
    -757     -715     -675     -633     -585     -533     -484     -437 
    -387     -330     -275     -222     -170     -117      -62      -11 
      32       79      122      162      198      230      259      287 
     310      325      336      351      360      364      368      367 
     368      369      369      369      368      365      361      355 
     353      351      344      342      344      341      338      336 
     330      328      325      314      306      299      291      283 
     275      263      252      244      233      221      214      209 
     201      201      203      206      216      234      255      279 
     311      344      382      432      481      530      589      653 
     715      778      843      907      973     1042     1105     1163 
    1221     1271     1318     1366     1401     1431     1462     1482 
    1497     1505     1505     1499     1493     1483     1464     1441 
    1421     1393     1359     1328     1296     1256     1217     1181 
    1140     1101     1060     1016      974      935      889      849 
     812      767      722      680      642      600      553      515 
     476      433      390      351      309      270      232      195 
     163      131       98       70       47       27        5       -8 
     -16      -22      -25      -21      -14       -8        4       16 
      35       58       78       99      128      153      178      210 
     244      275      302      333      361      390      421      450 
     475      502      525      542      562      584      603      619 
     635      648      660      670      679      689      696      699 
     706      706      706      710      707      704      702      696 
     693      684      677      672      660      652      642      625 
     612      602      585      571      553      538      523      503 
     483      464      442      419      395      375      352      325 
     299      271      236      205      172      139      103       65 
      28      -10      -45      -81     -118     -152     -183     -218 
    -255     -284     -311     -340     -365     -388     -410     -429 
    -441     -453     -464     -469     -468     -464     -459     -450 
    -436     -414     -392     -370     -348     -317     -283     -248 
    -211     -174     -131      -87      -47       -2       47       99 
     156      212      270      328      390      453      514      572 
     634      700      761      818      877      931      984     1038 
    1085     1129     1174     1219     1259     1291     1323     1354 
    1382     1410     1436     1456     1479     1501     1518     1537 
    1549     1560     1572     1580     1591     1599     1605     1605 
    1603     1602     1595     1582     1563     1544     1521     1493 
    1459     1421     1381     1337     1287     1233     1177     1121 
    1063      999      938      876      808      749      691      631 
     575      517      464      414      359      310      265      225 
     191      160      129      103       83       67       51       39 
      29       27       29       31       32       40       52       67 
      85      106      129      153      182      210      237      272 
     303      332      364      395      422      449      475      495 
     514      538      557      568      576      577      571      561 
     544      522      500      471      437      396      349      303 
     255      202      147       87       32      -27      -90     -148 
    -205     -259     -309     -357     -406     -449     -487     -521 
    -552     -577     -599     -612     -618     -619     -616     -607 
    -588     -565     -540     -511     -477     -440     -394     -338 
    -283     -225     -166     -105      -41       22       87      155 
     224      292      360      427      492      553      616      679 
     738      789      841      889      936      980     1019     1055 
    1090     1123     1150     1174     1198     1212     1225     1242 
    1250     1258     1262     1260     1264     1266     1259     1250 
    1242     1228     1213     1198     1181     1156     1133     1109 
    1081     1055     1021      986      954      920      881      843 
     805      770      734      696      658      619      585      553 
     517      481      448      418      392      363      333      309 
     280      251      224      194      163      133      101       65 
      29       -5      -41      -82     -121     -162     -206     -248 
    -286     -328     -367     -403     -441     -476     -513     -548 
    -572     -594     -614     -627     -642     -652     -656     -657 
    -657     -650     -641     -630     -614     -599     -583     -561 
    -538     -511     -483     -456     -427     -396     -367     -338 
    -309     -278     -244     -209     -178     -152     -121      -89 
     -62      -32       -5       22       52       78      102      125 
     148      170      189      206      225      241      255      263 
     276      288      295      302      306      307      306      303 
     301      297      291      282      268      257      246      232 
     220      205      187      172      153      135      120      102 
      79       58       37       17       -5      -28      -49      -74 
    -101     -125     -147     -174     -202     -230     -261     -292 
    -321     -349     -378     -403     -429     -456     -477     -500 
    -523     -545     -562     -579     -591     -602     -614     -622 
    -622     -623     -625     -621     -614     -607     -596     -579 
    -560     -540     -519     -492     -464     -437     -405     -370 
    -342     -309     -274     -241     -205     -171     -141     -112 
     -81      -52      -27       -1       20       39       54       63 
      74       81       83       83       76       70       60       43 
      23        5      -13      -39      -63      -89     -117     -144 
    -176     -205     -233     -265     -297     -325     -355     -379 
    -406     -429     -449     -472     -491     -508     -526     -540 
    -552     -561     -565     -569     -571     -569     -565     -558 
    -546     -538     -532     -518     -502     -490     -472     -450 
    -432     -414     -395     -373     -359     -348     -330     -315 
    -305     -291     -282     -278     -270     -265     -268     -271 
    -275     -282     -289     -301     -315     -330     -344     -365 
    -391     -410     -433     -463     -490     -521     -557     -587 
    -615     -649     -680     -711     -741     -769     -795     -826 
    -854     -874     -896     -920     -938     -957     -974     -986 
   -1000    -1009    -1013    -1021    -1024    -1024    -1028    -1026 
   -1020    -1016    -1012    -1004     -992     -982     -970     -955 
    -942     -924     -905     -889     -872     -849     -823     -799 
    -773     -739     -706     -670     -631     -588     -540     -493 
    -440     -382     -325     -263     -199     -131      -60       11 
      85      159      232      306      383      453      523      596 
     662      724      789      846      897      946      985     1024 
    1060     1086     1109     1131     1146     1155     1158     1155 
    1154     1150     1140     1129     1115     1098     1081     1059 
    1034     1009      985      958      926      896      866      831 
     793      754      708      661      615      562      504      446 
     383      313      241      172       97       14      -68     -152 
    -241     -332     -417     -504     -599     -691     -777     -864 
    -953    -1036    -1116    -1200    -1279    -1356    -1433    -1506 
   -1574    -1640    -1702    -1763    -1821    -1871    -1919    -1968 
   -2010    -2046    -2079    -2110    -2134    -2153    -2170    -2177 
   -2178    -2178    -2172    -2161    -2147    -2126    -2102    -2073 
   -2038    -2004    -1962    -1917    -1868    -1815    -1761    -1702 
   -1641    -1584    -1518    -1448    -1383    -1313    -1240    -1169 
   -1090    -1013     -936     -855     -770     -683     -599     -511 
    -421     -330     -241     -148      -56       36      131      225 
     319      417      513      606      702      796      885      974 
    1063     1148     1230     1312     1387     1459     1528     1591 
    1651     1703     1749     1794     1831     1863     1887     1906 
    1918     1921     1919     1914     1899     1880     1856     1826 
    1791     1746     1699     1648     1593     1533     1464     1391 
    1320     1246     1163     1077      989      899      804      712 
     619      523      430      337      244      149       59      -28 
    -116     -197     -275     -353     -427     -495     -558     -618 
    -675     -726     -770     -812     -851     -884     -911     -936 
    -959     -977     -992    -1000    -1009    -1019    -1019    -1016 
   -1016    -1015    -1013    -1011    -1004     -994     -985     -976 
    -965     -951     -938     -924     -911     -895     -874     -854 
    -835     -815     -793     -769     -743     -715     -687     -658 
    -626     -595     -560     -518     -476     -433     -387     -340 
    -289     -237     -184     -133      -76      -17       43      103 
     167      234      299      361      427      491      553      615 
     676      733      788      841      888      935      976     1007 
    1039     1069     1088     1107     1119     1121     1121     1119 
    1113     1100     1080     1059     1039     1011      981      951 
     916      877      842      804      762      722      681      641 
     599      556      515      471      429      387      342      299 
     257      214      171      131       90       47       11      -22 
     -62     -101     -137     -171     -199     -232     -265     -291 
    -313     -336     -355     -369     -383     -394     -405     -410 
    -413     -419     -419     -415     -414     -411     -402     -392 
    -383     -365     -344     -322     -302     -278     -244     -212 
    -178     -140     -102      -60      -16       29       75      124 
     176      229      280      336      388      440      492      545 
     602      660      714      769      824      877      935      986 
    1039     1098     1152     1206     1260     1308     1362     1412 
    1456     1502     1545     1587     1626     1658     1692     1721 
    1745     1772     1791     1800     1814     1823     1819     1817 
    1814     1804     1792     1772     1745     1722     1692     1658 
    1624     1580     1541     1497     1443     1398     1348     1290 
    1235     1178     1119     1059      992      928      868      804 
     743      675      606      544      476      410      346      283 
     224      162       98       37      -22      -81     -133     -186 
    -240     -289     -337     -383     -427     -469     -508     -548 
    -587     -619     -652     -683     -706     -727     -751     -770 
    -785     -799     -808     -814     -818     -816     -812     -808 
    -797     -781     -765     -747     -724     -696     -666     -637 
    -598     -557     -518     -475     -432     -379     -321     -271 
    -217     -155      -95      -32       29       89      155      224 
     288      355      422      490      558      630      699      767 
     831      893      958     1017     1074     1128     1177     1223 
    1266     1304     1336     1362     1382     1398     1409     1412 
    1412     1409     1393     1375     1359     1328     1290     1256 
    1215     1171     1125     1074     1021      969      911      855 
     799      738      679      622      561      500      440      379 
     322      263      201      144       93       39      -13      -65 
    -117     -163     -203     -240     -278     -314     -344     -372 
    -396     -417     -434     -448     -456     -467     -472     -469 
    -461     -453     -441     -425     -409     -387     -361     -334 
    -303     -268     -233     -191     -144      -98      -47        5 
      60      117      178      244      309      372      442      513 
     579      650      722      792      864      938     1007     1077 
    1148     1216     1282     1348     1409     1470     1528     1580 
    1632     1682     1722     1759     1792     1817     1833     1849 
    1858     1864     1863     1857     1846     1826     1802     1779 
    1745     1706     1669     1626     1576     1526     1471     1413 
    1356     1293     1230     1166     1098     1031      962      890 
     818      746      672      598      526      451      379      313 
     241      171      103       35      -29      -89     -152     -211 
    -268     -321     -373     -425     -471     -515     -560     -599 
    -634     -670     -702     -724     -747     -770     -791     -810 
    -827     -841     -854     -866     -876     -884     -893     -895 
    -897     -901     -900     -896     -895     -892     -889     -885 
    -877     -869     -854     -838     -824     -804     -785     -769 
    -741     -714     -688     -657     -627     -598     -564     -526 
    -496     -468     -433     -398     -364     -326     -288     -256 
    -222     -187     -152     -121      -90      -59      -32       -9 
      13       39       60       78       99      118      135      151 
     163      174      187      198      207      216      222      228 
     232      234      240      240      237      236      234      230 
     228      224      220      218      212      210      209      195 
     187      183      171      162      157      148      139      129 
     124      118      112      102       95       89       78       68 
      63       56       51       44       31       22       18       10 
       1       -5      -10      -17      -21      -28      -36      -43 
     -52      -60      -68      -81      -91      -99     -109     -122 
    -136     -144     -157     -172     -189     -207     -224     -238 
    -257     -276     -297     -319     -341     -363     -386     -411 
    -433     -453     -476     -503     -526     -548     -572     -591 
    -602     -619     -639     -650     -660     -670     -677     -688 
    -693     -693     -693     -689     -687     -683     -670     -660 
    -653     -639     -625     -614     -594     -575     -558     -538 
    -519     -498     -473     -456     -434     -410     -386     -360 
    -334     -310     -287     -259     -233     -210     -184     -160 
    -136     -103      -79      -55      -31      -10       16       44 
      65       91      117      135      155      174      190      206 
     222      236      248      259      271      279      287      292 
     299      305      303      305      305      301      299      303 
     297      289      284      275      263      257      248      233 
     222      211      198      183      171      156      139      117 
      97       76       55       36       17       -5      -27      -41 
     -60      -79      -95     -114     -129     -144     -160     -171 
    -180     -195     -205     -209     -218     -228     -236     -245 
    -253     -259     -270     -280     -287     -297     -309     -324 
    -342     -364     -382     -400     -425     -456     -487     -518 
    -548     -581     -615     -649     -688     -727     -765     -805 
    -841     -876     -916     -953     -989    -1028    -1062    -1096 
   -1129    -1162    -1192    -1219    -1244    -1269    -1291    -1310 
   -1323    -1341    -1356    -1358    -1363    -1368    -1372    -1372 
   -1364    -1351    -1337    -1318    -1297    -1277    -1247    -1217 
   -1185    -1146    -1101    -1058    -1011     -961     -905     -846 
    -785     -720     -653     -585     -514     -440     -367     -291 
    -212     -136      -58       25      106      186      270      349 
     429      513      598      681      761      842      927     1009 
    1090     1171     1252     1329     1404     1483     1564     1637 
    1710     1784     1857     1927     1996     2061     2124     2187 
    2245     2300     2357     2408     2452     2493     2525     2551 
    2579     2600     2609     2614     2614     2608     2593     2570 
    2544     2511     2465     2416     2358     2293     2227     2151 
    2069     1982     1888     1790     1691     1583     1474     1364 
    1247     1125     1007      886      761      637      515      392 
     271      149       28      -87     -201     -311     -418     -523 
    -623     -718     -812     -901     -982    -1062    -1139    -1206 
   -1267    -1324    -1372    -1412    -1447    -1478    -1505    -1525 
   -1537    -1540    -1533    -1524    -1509    -1490    -1459    -1420 
   -1381    -1336    -1282    -1228    -1169    -1105    -1035     -959 
    -885     -804     -720     -639     -553     -464     -376     -288 
    -202     -116      -31       55      140      217      292      370 
     445      513      573      635      697      756      810      861 
     909      954      992     1024     1053     1080     1104     1121 
    1135     1148     1155     1155     1152     1144     1129     1116 
    1100     1075     1047     1016      981      942      895      850 
     807      758      706      652      596      540      479      419 
     363      305      245      183      120       64        8      -55 
    -112     -171     -228     -282     -336     -387     -441     -493 
    -542     -592     -637     -677     -722     -764     -801     -838 
    -872     -901     -929     -954     -977     -999    -1015    -1028 
   -1038    -1044    -1048    -1051    -1050    -1046    -1039    -1030 
   -1019     -999     -977     -957     -931     -900     -866     -832 
    -799     -760     -714     -669     -625     -576     -525     -469 
    -411     -356     -301     -240     -180     -124      -65       -8 
      52      116      174      232      291      346      399      450 
     500      549      598      642      684      723      760      793 
     827      859      888      918      943      965      985     1000 
    1016     1036     1048     1058     1067     1074     1074     1069 
    1063     1058     1050     1039     1026     1009      992      973 
     950      920      892      864      838      808      777      747 
     714      679      646      612      577      548      515      484 
     456      427      400      378      356      334      318      307 
     297      280      272      268      263      263      261      263 
     266      271      278      286      294      301      311      319 
     328      336      342      351      359      365      369      373 
     376      376      378      375      372      369      367      364 
     361      355      344      332      319      305      294      283 
     268      252      238      221      201      182      162      144 
     128      106       86       64       44       23        1      -18 
     -39      -60      -79     -103     -126     -147     -168     -190 
    -207     -224     -237     -255     -274     -288     -303     -315 
    -322     -328     -337     -344     -346     -351     -351     -344 
    -337     -332     -326     -310     -294     -284     -268     -248 
    -232     -209     -184     -167     -143     -116      -89      -58 
     -28       -2       25       55       82      110      140      166 
     187      210      232      253      274      292      307      321 
     333      341      349      356      360      365      369      370 
     370      369      365      357      351      351      346      334 
     324      314      301      288      275      257      246      237 
     221      202      184      167      153      137      121      108 
      93       75       59       47       35       20        5       -8 
     -17      -27      -40      -47      -52      -60      -70      -76 
     -83      -90      -95      -99     -101     -103     -102     -103 
    -108     -105     -101     -101      -99      -98      -93      -86 
     -83      -76      -67      -58      -47      -36      -27      -13 
       0       16       36       54       68       90      112      131 
     153      175      194      217      243      265      283      303 
     322      342      359      373      394      413      425      441 
     451      464      475      481      491      500      506      511 
     514      518      519      517      518      521      517      517 
     519      515      506      498      492      484      475      463 
     453      442      427      415      403      387      372      357 
     341      321      302      283      266      251      229      207 
     193      174      155      135      116       97       79       58 
      37       21        5      -13      -32      -52      -71      -89 
    -106     -126     -144     -162     -180     -199     -216     -233 
    -246     -257     -270     -282     -291     -301     -306     -309 
    -309     -309     -306     -299     -287     -275     -263     -251 
    -229     -205     -182     -155     -128     -103      -72      -40 
      -9       21       58       98      141      176      211      251 
     289      329      364      402      440      476      514      548 
     575      602      634      662      684      706      727      745 
     764      784      799      811      820      826      828      824 
     820      819      816      808      797      785      776      762 
     746      730      715      706      691      680      666      648 
     635      625      608      596      587      577      566      556 
     545      537      526      515      506      495      484      475 
     467      456      444      433      422      410      396      382 
     369      356      341      330      318      305      291      274 
     257      238      218      199      183      168      152      133 
     116       97       74       54       32       14       -4      -23 
     -44      -63      -83     -101     -120     -141     -157     -171 
    -190     -205     -217     -230     -240     -249     -263     -274 
    -283     -288     -292     -297     -295     -294     -291     -283 
    -275     -270     -263     -252     -237     -220     -199     -176 
    -155     -129      -99      -72      -47      -14       18       54 
      93      133      172      211      251      288      329      367 
     406      448      487      525      562      600      634      666 
     700      733      762      792      819      847      876      901 
     927      950      969      992     1013     1030     1047     1065 
    1081     1093     1102     1111     1116     1117     1119     1120 
    1117     1115     1112     1107     1094     1080     1067     1053 
    1034     1011      987      965      938      908      877      845 
     808      774      738      699      654      608      565      521 
     469      419      368      315      259      199      140       82 
      23      -39     -106     -171     -237     -305     -369     -434 
    -500     -564     -626     -693     -758     -819     -881     -938 
    -990    -1043    -1093    -1140    -1189    -1233    -1273    -1310 
   -1345    -1378    -1408    -1431    -1451    -1470    -1485    -1491 
   -1497    -1499    -1495    -1487    -1475    -1462    -1444    -1421 
   -1394    -1363    -1331    -1291    -1250    -1212    -1166    -1112 
   -1059    -1003     -939     -876     -815     -749     -683     -614 
    -542     -472     -403     -330     -256     -182     -112      -41 
      29       97      163      230      294      355      418      477 
     532      585      637      685      728      770      811      846 
     882      915      938      962      984      997     1008     1020 
    1028     1030     1028     1024     1015     1005      992      976 
     955      934      911      882      850      816      781      745 
     708      670      629      587      542      493      448      403 
     355      309      261      212      166      118       72       28 
     -18      -67     -110     -152     -195     -233     -274     -315 
    -349     -383     -418     -448     -481     -510     -530     -553 
    -575     -595     -614     -627     -643     -656     -664     -670 
    -675     -677     -681     -683     -684     -683     -677     -669 
    -666     -662     -652     -645     -638     -627     -615     -604 
    -596     -587     -576     -568     -556     -546     -538     -530 
    -526     -519     -513     -508     -504     -500     -498     -496 
    -498     -496     -496     -496     -493     -498     -500     -499 
    -499     -499     -499     -502     -502     -498     -498     -502 
    -502     -499     -499     -496     -491     -487     -483     -476 
    -468     -461     -456     -445     -434     -425     -414     -399 
    -383     -365     -346     -328     -309     -288     -266     -244 
    -220     -193     -164     -133     -101      -70      -36       -4 
      28       63      101      136      171      211      253      294 
     332      372      415      456      496      537      583      626 
     666      710      751      791      835      874      908      942 
     977     1011     1043     1073     1100     1124     1150     1170 
    1185     1202     1216     1228     1240     1248     1252     1254 
    1254     1251     1243     1232     1220     1205     1185     1169 
    1148     1124     1100     1069     1038     1005      969      929 
     888      846      800      749      702      653      600      549 
     498      445      390      334      282      232      178      122 
      71       18      -32      -82     -133     -182     -225     -268 
    -310     -348     -386     -423     -460     -488     -517     -548 
    -572     -595     -618     -634     -650     -668     -681     -691 
    -696     -699     -702     -702     -700     -693     -684     -676 
    -666     -652     -635     -619     -599     -577     -553     -530 
    -504     -477     -446     -413     -382     -351     -317     -280 
    -243     -206     -170     -129      -93      -58      -20       17 
      55       98      136      170      210      246      280      318 
     356      391      423      453      484      517      546      573 
     599      623      642      662      684      700      715      733 
     746      757      764      770      777      780      781      783 
     781      776      769      761      750      734      720      706 
     681      660      637      608      579      550      518      484 
     448      410      370      330      289      246      201      156 
     112       65       20      -27      -75     -117     -162     -210 
    -253     -295     -340     -382     -423     -467     -504     -537 
    -573     -610     -643     -672     -699     -727     -756     -780 
    -803     -824     -845     -864     -877     -888     -903     -915 
    -920     -926     -934     -935     -934     -932     -931     -924 
    -916     -908     -895     -877     -862     -842     -818     -795 
    -769     -741     -710     -676     -639     -600     -561     -522 
    -480     -436     -391     -344     -298     -251     -202     -148 
     -95      -47        1       55      106      160      216      266 
     321      376      425      473      526      575      621      666 
     710      757      801      838      880      919      951      981 
    1011     1039     1063     1088     1104     1117     1132     1142 
    1147     1154     1154     1152     1148     1144     1139     1128 
    1119     1109     1097     1080     1063     1047     1026     1009 
     994      970      947      928      908      888      869      843 
     819      796      774      753      724      697      677      654 
     630      606      579      549      522      498      468      440 
     414      387      356      325      295      261      229      201 
     168      137      109       79       47       17      -10      -39 
     -70      -94     -118     -140     -160     -183     -197     -210 
    -228     -237     -243     -251     -252     -253     -253     -251 
    -244     -236     -222     -209     -198     -176     -157     -144 
    -126     -106      -87      -64      -43      -21        2       25 
      45       65       90      110      129      147      163      178 
     197      209      222      236      244      252      256      263 
     266      266      266      268      265      259      255      249 
     240      234      225      211      201      190      180      172 
     160      152      144      137      129      126      122      117 
     114      116      112      117      118      118      126      131 
     135      144      151      157      168      176      187      198 
     207      216      221      232      241      251      263      272 
     278      284      291      297      305      310      315      321 
     326      330      333      334      334      336      334      328 
     324      324      319      314      311      306      298      289 
     279      270      263      252      245      237      225      216 
     206      198      190      180      170      163      153      139 
     129      120      108       97       87       76       60       45 
      32       17        4       -8      -27      -44      -58      -74 
     -91     -110     -128     -144     -164     -184     -206     -229 
    -255     -282     -307     -332     -355     -383     -414     -442 
    -472     -503     -532     -568     -602     -633     -669     -702 
    -733     -764     -797     -831     -859     -885     -913     -939 
    -963     -987    -1008    -1028    -1046    -1060    -1075    -1086 
   -1094    -1104    -1107    -1109    -1111    -1112    -1107    -1098 
   -1092    -1085    -1071    -1055    -1038    -1020    -1000     -981 
    -959     -931     -901     -873     -843     -811     -778     -743 
    -704     -668     -630     -589     -553     -513     -467     -423 
    -380     -337     -295     -253     -211     -166     -122      -83 
     -37        5       43       82      120      159      199      237 
     272      305      338      372      402      433      467      493 
     519      545      573      598      616      637      657      675 
     693      711      724      737      745      756      764      767 
     770      772      773      772      769      764      754      743 
     728      718      702      681      660      643      622      594 
     565      537      513      484      453      423      395      363 
     332      305      276      246      221      194      164      139 
     116       91       70       51       31       13        0      -14 
     -25      -32      -37      -44      -47      -44      -41      -36 
     -29      -20       -5        4       14       31       49       67 
      87      110      129      149      174      201      224      245 
     271      292      314      338      361      382      405      425 
     446      468      487      504      521      540      556      568 
     585      603      615      630      639      649      660      668 
     676      683      688      695      697      702      706      706 
     706      706      704      700      697      697      695      689 
     684      677      670      661      653      645      631      618 
     607      595      579      565      550      529      511      495 
     471      449      429      403      379      355      328      299 
     270      238      207      175      144      112       81       49 
      20      -13      -43      -71     -102     -128     -151     -176 
    -202     -225     -246     -261     -278     -292     -306     -315 
    -325     -337     -342     -344     -346     -344     -342     -342 
    -336     -328     -319     -307     -295     -282     -266     -251 
    -230     -210     -190     -168     -143     -114      -90      -62 
     -29       -1       28       64       97      128      163      197 
     230      268      306      338      372      407      442      472 
     500      532      565      589      615      639      662      685 
     704      723      741      756      769      778      785      795 
     799      800      801      804      801      796      789      780 
     765      753      738      720      702      684      662      639 
     616      589      562      535      506      476      445      413 
     383      352      319      289      259      225      195      167 
     137      106       79       55       29        8      -11      -32 
     -54      -70      -83      -97     -109     -117     -125     -131 
    -139     -143     -144     -143     -139     -135     -129     -122 
    -117     -109      -98      -86      -72      -59      -47      -36 
     -23       -5        9       20       35       51       62       75 
      90      101      112      125      139      152      163      174 
     183      193      203      217      225      234      244      256 
     263      272      282      288      295      305      313      321 
     330      338      348      357      364      372      380      390 
     399      405      413      421      429      438      446      451 
     457      464      472      476      483      487      490      493 
     500      503      502      504      508      510      508      510 
     508      510      506      502      499      498      491      487 
     484      479      473      464      456      446      440      436 
     425      414      405      394      386      378      365      359 
     352      344      334      328      321      314      309      302 
     294      288      283      274      270      259      252      251 
     246      243      238      230      225      222      218      218 
     214      211      211      206      203      203      203      205 
     203      202      202      203      202      201      199      199 
     199      201      195      190      187      183      178      174 
     167      162      156      144      135      126      116      108 
      98       82       65       54       40       28       13        0 
     -16      -37      -56      -76      -95     -112     -128     -148 
    -167     -186     -209     -228     -245     -263     -284     -302 
    -321     -341     -360     -379     -394     -410     -429     -446 
    -464     -480     -493     -506     -519     -533     -548     -556 
    -566     -579     -594     -600     -604     -615     -625     -630 
    -634     -639     -643     -648     -650     -653     -653     -654 
    -656     -652     -650     -649     -642     -639     -637     -629 
    -623     -615     -604     -600     -592     -579     -569     -557 
    -546     -533     -521     -504     -491     -479     -463     -445 
    -430     -413     -394     -378     -359     -338     -319     -302 
    -282     -259     -244     -228     -210     -190     -167     -144 
    -126     -105      -85      -63      -43      -23       -5       14 
      35       51       64       82       99      112      124      136 
     149      160      166      170      171      174      180      178 
     175      175      170      166      162      151      144      137 
     124      116      105       85       68       58       41       21 
       4      -14      -36      -60      -85     -106     -128     -153 
    -176     -201     -225     -249     -276     -302     -324     -346 
    -369     -391     -415     -438     -460     -481     -502     -521 
    -540     -557     -573     -589     -602     -614     -627     -639 
    -650     -657     -666     -672     -675     -679     -680     -680 
    -679     -675     -672     -666     -658     -652     -641     -633 
    -622     -610     -599     -584     -565     -550     -537     -518 
    -498     -476     -453     -434     -411     -383     -361     -337 
    -307     -282     -257     -225     -193     -167     -140     -109 
     -82      -52      -22        4       36       68       95      124 
     155      180      205      233      261      283      306      330 
     356      378      396      414      434      450      463      477 
     493      506      515      526      533      540      549      553 
     557      562      565      566      568      564      561      557 
     550      544      537      529      517      506      496      483 
     471      459      446      436      423      409      396      383 
     372      359      348      340      328      318      311      303 
     298      292      286      283      284      283      280      282 
     283      282      287      292      297      305      311      319 
     332      340      346      359      369      380      391      405 
     417      429      444      454      464      479      492      506 
     519      530      544      558      569      583      594      603 
     614      627      637      648      658      669      681      691 
     700      707      718      728      733      737      747      756 
     761      766      772      776      778      780      784      789 
     791      792      793      791      787      787      784      780 
     776      770      764      757      750      743      734      720 
     710      699      684      669      656      643      627      608 
     589      572      552      533      517      498      480      460 
     440      419      399      379      359      338      318      298 
     278      255      237      218      197      178      160      144 
     129      114      101       87       71       62       54       44 
      37       29       23       21       20       20       21       21 
      23       32       37       41       49       62       71       82 
      93      105      121      131      147      163      176      194 
     212      228      246      263      276      294      311      328 
     344      360      379      395      409      421      437      450 
     463      477      490      496      506      517      523      526 
     535      542      544      545      546      544      542      540 
     533      526      522      518      508      496      487      473 
     459      448      434      418      402      383      364      344 
     324      306      287      265      245      224      201      178 
     159      139      116       93       72       52       36       17 
      -5      -25      -44      -62      -76      -93     -108     -122 
    -139     -152     -164     -178     -191     -203     -214     -224 
    -236     -248     -259     -270     -279     -286     -291     -297 
    -302     -309     -313     -315     -319     -326     -329     -329 
    -333     -333     -328     -328     -328     -326     -326     -324 
    -319     -319     -314     -307     -302     -295     -288     -283 
    -272     -263     -259     -249     -240     -230     -218     -206 
    -193     -175     -159     -143     -129     -117      -99      -83 
     -68      -52      -32      -14        4       21       35       51 
      65       83      101      112      129      144      157      171 
     180      190      203      216      225      230      234      243 
     252      257      261      265      270      274      275      276 
     275      274      275      271      265      263      256      249 
