Origin Time       2016/04/16 01:25:00
Lat.              32.753
Long.             130.762
Depth. (km)       12
Mag.              7.3
Station Code      GNM010
Station Lat.      36.2343
Station Long.     139.5331
Station Height(m) 22
Record Time       2016/04/16 01:29:38
Sampling Freq(Hz) 100Hz
Duration Time(s)  60
Dir.              E-W
Scale Factor      7845(gal)/8223790
Max. Acc. (gal)   1.432
Last Correction   2016/04/16 01:29:40
Memo.             
   13431    13421    13421    13394    13360    13369    13400    13400 
   13387    13400    13405    13390    13401    13432    13433    13421 
   13425    13413    13385    13393    13448    13477    13431    13386 
   13408    13458    13474    13463    13464    13475    13470    13460 
   13473    13489    13485    13479    13489    13513    13544    13560 
   13545    13540    13564    13579    13579    13578    13567    13567 
   13590    13628    13651    13651    13653    13657    13649    13637 
   13636    13652    13680    13725    13751    13733    13716    13734 
   13770    13778    13756    13757    13787    13821    13841    13834 
   13814    13815    13833    13848    13855    13853    13839    13832 
   13856    13899    13925    13915    13898    13900    13917    13938 
   13946    13917    13900    13922    13948    13963    13963    13960 
   13953    13950    13967    13983    13973    13954    13964    13977 
   13971    13973    13975    13963    13961    13973    13979    13973 
   13960    13945    13948    13960    13942    13932    13964    13975 
   13948    13942    13936    13909    13905    13914    13905    13902 
   13895    13880    13878    13895    13915    13902    13864    13832 
   13825    13844    13860    13848    13826    13817    13811    13802 
   13802    13803    13787    13761    13743    13733    13726    13724 
   13737    13756    13749    13724    13699    13675    13657    13656 
   13654    13656    13666    13668    13647    13625    13626    13626 
   13613    13593    13578    13587    13594    13576    13545    13531 
   13541    13537    13506    13486    13489    13501    13506    13494 
   13468    13456    13458    13452    13448    13439    13420    13417 
   13423    13410    13393    13404    13402    13356    13327    13340 
   13342    13338    13351    13352    13347    13356    13352    13333 
   13312    13294    13297    13302    13293    13297    13328    13336 
   13304    13297    13320    13314    13284    13277    13290    13294 
   13300    13309    13302    13298    13325    13343    13329    13320 
   13332    13354    13358    13346    13347    13352    13342    13350 
   13373    13382    13387    13393    13392    13392    13401    13410 
   13416    13417    13429    13441    13432    13436    13455    13444 
   13439    13467    13489    13485    13482    13491    13493    13482 
   13481    13500    13513    13504    13510    13532    13528    13528 
   13555    13555    13525    13516    13532    13548    13560    13567 
   13565    13559    13555    13565    13575    13570    13578    13595 
   13594    13593    13608    13606    13587    13593    13621    13635 
   13625    13605    13585    13585    13606    13631    13645    13636 
   13631    13639    13629    13614    13617    13621    13628    13644 
   13663    13651    13630    13643    13662    13659    13657    13652 
   13639    13640    13667    13693    13683    13654    13643    13639 
   13645    13671    13697    13695    13686    13697    13694    13663 
   13643    13653    13691    13729    13729    13690    13666    13676 
   13693    13705    13718    13721    13709    13693    13687    13697 
   13702    13690    13686    13705    13713    13697    13691    13703 
   13702    13695    13699    13693    13660    13643    13662    13686 
   13694    13680    13671    13676    13667    13654    13660    13659 
   13651    13644    13631    13621    13626    13636    13633    13621 
   13616    13595    13571    13576    13594    13598    13581    13560 
   13541    13531    13536    13541    13531    13522    13517    13500 
   13475    13466    13467    13462    13464    13478    13485    13478 
   13446    13404    13378    13366    13359    13382    13432    13441 
   13397    13354    13338    13327    13309    13308    13317    13308 
   13306    13325    13327    13304    13278    13246    13221    13228 
   13255    13286    13302    13274    13225    13204    13204    13212 
   13228    13250    13261    13242    13211    13194    13180    13174 
   13194    13215    13209    13194    13201    13224    13213    13182 
   13176    13185    13192    13208    13228    13221    13205    13209 
   13219    13219    13212    13205    13211    13221    13238    13278 
   13297    13267    13244    13252    13265    13284    13312    13333 
   13340    13325    13297    13288    13314    13358    13396    13423 
   13431    13405    13383    13390    13423    13463    13482    13487 
   13486    13489    13508    13539    13572    13594    13587    13591 
   13616    13618    13612    13635    13676    13705    13697    13695 
   13720    13749    13776    13782    13778    13806    13834    13849 
   13872    13878    13872    13891    13918    13944    13957    13950 
   13954    13990    14006    13991    14000    14033    14040    14052 
   14089    14098    14076    14075    14102    14127    14134    14126 
   14123    14150    14191    14207    14202    14184    14179    14210 
   14233    14212    14199    14208    14216    14237    14268    14270 
   14246    14231    14239    14245    14235    14227    14237    14255 
   14262    14260    14260    14249    14238    14235    14235    14230 
   14231    14250    14264    14241    14196    14172    14181    14191 
   14181    14181    14181    14143    14130    14164    14156    14116 
   14104    14102    14095    14095    14098    14069    14038    14050 
   14073    14060    14018    13977    13969    13986    14002    13984 
   13936    13905    13921    13946    13946    13929    13899    13855 
   13833    13855    13888    13865    13809    13784    13776    13787 
   13824    13829    13810    13786    13760    13751    13745    13726 
   13711    13707    13718    13748    13756    13743    13726    13684 
   13635    13624    13653    13706    13752    13737    13675    13628 
   13626    13644    13649    13652    13659    13674    13683    13671 
   13662    13653    13621    13613    13645    13683    13686    13652 
   13639    13654    13666    13671    13682    13693    13689    13689 
   13703    13686    13643    13628    13660    13705    13730    13730 
   13716    13710    13711    13701    13699    13716    13716    13720 
   13757    13773    13733    13716    13732    13740    13763    13784 
   13776    13765    13770    13775    13779    13790    13782    13752 
   13759    13809    13838    13829    13819    13806    13791    13784 
   13784    13794    13817    13838    13849    13838    13811    13798 
   13815    13829    13815    13815    13822    13806    13810    13839 
   13826    13772    13757    13786    13801    13806    13796    13763 
   13756    13786    13788    13768    13763    13744    13713    13713 
   13725    13730    13740    13732    13689    13664    13695    13714 
   13693    13674    13652    13636    13660    13683    13659    13628 
   13618    13613    13620    13633    13621    13601    13590    13585 
   13572    13548    13533    13540    13547    13539    13533    13536 
   13520    13494    13486    13468    13452    13485    13520    13504 
   13462    13432    13413    13404    13437    13475    13451    13406 
   13394    13380    13350    13344    13362    13380    13393    13385 
   13380    13392    13360    13312    13314    13344    13347    13342 
   13365    13373    13340    13333    13342    13317    13294    13281 
   13296    13350    13362    13309    13285    13284    13271    13296 
   13350    13356    13323    13309    13296    13278    13301    13323 
   13323    13335    13336    13301    13286    13300    13277    13254 
   13292    13308    13296    13300    13279    13248    13269    13313 
   13300    13257    13255    13269    13273    13278    13266    13259 
   13265    13255    13244    13236    13227    13230    13224    13217 
   13236    13231    13185    13174    13208    13223    13217    13221 
   13204    13166    13163    13181    13178    13184    13207    13207 
   13171    13134    13128    13139    13157    13178    13184    13159 
   13129    13123    13139    13149    13142    13134    13139    13165 
   13172    13162    13151    13143    13147    13149    13146    13157 
   13162    13158    13166    13178    13177    13166    13161    13167 
   13185    13198    13197    13197    13204    13198    13189    13211 
   13247    13258    13255    13258    13244    13228    13247    13286 
   13294    13289    13308    13320    13323    13342    13351    13336 
   13325    13350    13393    13406    13394    13400    13409    13398 
   13385    13402    13444    13446    13419    13429    13482    13500 
   13470    13459    13467    13456    13479    13551    13568    13520 
   13493    13525    13571    13579    13564    13558    13552    13531 
   13541    13616    13652    13609    13585    13595    13588    13601 
   13653    13674    13654    13651    13648    13654    13699    13726 
   13721    13729    13732    13705    13716    13780    13801    13779 
   13790    13809    13796    13796    13824    13839    13844    13859 
   13884    13888    13865    13871    13918    13960    13984    13995 
   13975    13940    13936    13973    14021    14047    14058    14079 
   14089    14062    14029    14040    14080    14141    14212    14200 
   14118    14089    14112    14141    14199    14253    14237    14204 
   14208    14211    14208    14233    14260    14254    14239    14235 
   14250    14288    14303    14270    14258    14281    14269    14247 
   14283    14311    14277    14247    14261    14284    14300    14316 
   14298    14238    14206    14222    14265    14304    14280    14220 
   14208    14219    14234    14268    14257    14189    14161    14177 
   14184    14185    14188    14165    14133    14146    14195    14179 
   14111    14076    14062    14062    14100    14129    14112    14096 
   14088    14035    13980    13992    14018    14011    14017    14037 
   14014    13973    13952    13929    13905    13922    13959    13971 
   13952    13913    13865    13839    13857    13878    13879    13884 
   13884    13853    13825    13829    13824    13795    13782    13790 
   13806    13821    13819    13805    13772    13740    13748    13782 
   13786    13771    13773    13773    13763    13744    13730    13740 
   13748    13747    13752    13763    13759    13740    13737    13743 
   13740    13755    13768    13752    13749    13767    13757    13740 
   13747    13748    13744    13753    13776    13815    13810    13755 
   13737    13763    13780    13788    13791    13782    13773    13787 
   13806    13799    13794    13795    13775    13759    13790    13845 
   13837    13786    13765    13771    13763    13763    13788    13803 
   13773    13751    13765    13759    13721    13724    13767    13773 
   13752    13744    13725    13676    13649    13694    13743    13724 
   13676    13651    13639    13644    13660    13656    13620    13581 
   13582    13605    13597    13565    13552    13535    13500    13498 
   13533    13517    13440    13404    13432    13450    13437    13409 
   13351    13289    13292    13340    13358    13308    13228    13176 
   13165    13190    13224    13205    13120    13051    13049    13068 
   13068    13054    13007    12938    12908    12927    12937    12901 
   12838    12784    12772    12788    12798    12762    12684    12626 
   12619    12625    12626    12623    12583    12522    12501    12502 
   12471    12426    12401    12387    12378    12370    12363    12355 
   12324    12275    12248    12254    12262    12240    12228    12245 
   12231    12190    12164    12150    12145    12155    12179    12210 
   12191    12129    12101    12125    12147    12139    12151    12182 
   12174    12162    12188    12193    12151    12148    12201    12228 
   12236    12270    12289    12272    12268    12291    12330    12356 
   12345    12349    12393    12415    12415    12452    12513    12526 
   12515    12553    12603    12614    12631    12680    12703    12675 
   12668    12713    12776    12847    12919    12935    12879    12839 
   12880    12946    13018    13089    13109    13086    13066    13088 
   13161    13223    13240    13234    13230    13252    13292    13355 
   13428    13431    13374    13380    13460    13516    13529    13540 
   13525    13495    13539    13640    13697    13689    13678    13691 
   13713    13747    13760    13743    13760    13802    13815    13838 
   13894    13896    13838    13845    13917    13941    13926    13948 
   13991    13995    13992    14029    14065    14061    14049    14057 
   14072    14067    14057    14098    14168    14187    14162    14149 
   14153    14161    14181    14219    14249    14239    14207    14193 
   14222    14272    14293    14281    14293    14330    14314    14257 
   14258    14319    14354    14366    14384    14378    14339    14315 
   14337    14373    14384    14384    14399    14423    14412    14369 
   14374    14412    14419    14413    14422    14430    14412    14392 
   14400    14409    14416    14426    14416    14420    14461    14470 
   14399    14364    14423    14443    14411    14447    14496    14442 
   14374    14392    14439    14459    14449    14420    14415    14455 
   14451    14422    14469    14465    14368    14370    14477    14519 
   14470    14438    14436    14412    14413    14465    14508    14508 
   14472    14453    14478    14499    14482    14472    14496    14500 
   14467    14461    14490    14503    14490    14504    14521    14499 
   14477    14472    14455    14467    14508    14500    14446    14436 
   14461    14465    14466    14461    14423    14384    14392    14407 
   14407    14419    14423    14380    14330    14314    14304    14311 
   14331    14311    14261    14250    14235    14208    14214    14215 
   14173    14143    14130    14080    14044    14052    14041    14006 
   13977    13940    13900    13900    13917    13891    13825    13773 
   13761    13740    13707    13706    13693    13631    13583    13563 
   13539    13491    13462    13473    13454    13404    13373    13333 
   13279    13258    13243    13205    13170    13153    13138    13113 
   13076    13015    12949    12939    12978    12993    12951    12872 
   12806    12787    12789    12788    12781    12760    12727    12700 
   12672    12641    12613    12603    12614    12638    12637    12591 
   12553    12530    12495    12501    12544    12544    12514    12499 
   12505    12523    12521    12490    12486    12505    12510    12519 
   12525    12525    12517    12505    12526    12545    12536    12552 
   12587    12596    12604    12625    12623    12611    12611    12625 
   12656    12694    12713    12707    12692    12702    12735    12781 
   12815    12814    12793    12815    12879    12901    12879    12877 
   12900    12918    12924    12939    12969    13008    13042    13045 
   13049    13059    13038    13059    13136    13176    13162    13146 
   13154    13163    13178    13219    13238    13231    13230    13238 
   13281    13325    13313    13284    13281    13306    13343    13358 
   13351    13355    13373    13360    13333    13367    13441    13440 
   13373    13362    13423    13446    13405    13378    13400    13417 
   13416    13436    13450    13408    13371    13408    13450    13428 
   13397    13405    13406    13382    13377    13408    13423    13380 
   13313    13286    13336    13412    13425    13370    13288    13221 
   13220    13289    13363    13354    13257    13171    13171    13209 
   13250    13298    13275    13153    13072    13131    13221    13211 
   13147    13112    13099    13096    13096    13089    13086    13068 
   13023    13015    13051    13058    13043    13030    12995    12960 
   12962    12989    13003    12969    12928    12938    12964    12973 
   12949    12908    12927    12946    12907    12930    12993    12972 
   12920    12923    12964    12991    12957    12914    12930    12961 
   12964    12982    13011    13012    13000    13004    13036    13058 
   13046    13036    13045    13069    13096    13109    13122    13139 
   13182    13216    13203    13196    13220    13227    13243    13297 
   13344    13359    13354    13375    13408    13387    13398    13502 
   13570    13555    13555    13594    13605    13602    13657    13711 
   13672    13645    13740    13838    13841    13826    13822    13822 
   13855    13930    14000    13999    13960    13960    13976    14019 
   14131    14218    14164    14052    14044    14116    14166    14214 
   14265    14265    14242    14238    14268    14311    14327    14300 
   14231    14202    14274    14370    14416    14388    14341    14350 
   14354    14349    14359    14364    14378    14382    14353    14342 
   14364    14376    14349    14342    14376    14384    14354    14337 
   14324    14316    14335    14354    14341    14318    14287    14268 
   14272    14231    14214    14274    14274    14212    14212    14247 
   14239    14204    14170    14156    14152    14149    14142    14112 
   14096    14125    14123    14058    14017    14030    14026    14000 
   14007    14027    14026    13991    13944    13914    13910    13938 
   13959    13929    13891    13871    13845    13814    13829    13894 
   13911    13859    13802    13763    13749    13752    13767    13795 
   13805    13780    13751    13732    13714    13711    13728    13728 
   13721    13722    13713    13701    13690    13689    13711    13724 
   13705    13680    13676    13690    13713    13743    13737    13709 
   13717    13718    13707    13729    13751    13744    13730    13743 
   13760    13763    13782    13806    13817    13818    13796    13801 
   13838    13851    13833    13836    13876    13884    13861    13911 
   13957    13926    13888    13888    13946    13996    13992    13998 
   14004    14006    14013    14021    14047    14060    14052    14076 
   14107    14106    14087    14112    14164    14164    14169    14193 
   14173    14156    14165    14168    14196    14247    14261    14242 
   14242    14241    14227    14242    14288    14310    14276    14265 
   14301    14293    14260    14281    14326    14328    14300    14283 
   14272    14262    14276    14308    14328    14319    14311    14308 
   14278    14258    14273    14274    14261    14270    14280    14246 
   14226    14269    14278    14230    14214    14212    14177    14168 
   14203    14207    14177    14183    14189    14156    14150    14169 
   14133    14088    14096    14106    14095    14102    14122    14102 
   14047    14031    14062    14068    14035    14023    14033    14029 
   14030    14044    14018    13973    13957    13954    13961    13994 
   14010    13959    13898    13900    13927    13936    13948    13950 
   13896    13846    13880    13929    13915    13892    13887    13861 
   13826    13832    13859    13855    13833    13818    13822    13856 
   13872    13837    13775    13743    13755    13788    13811    13806 
   13783    13759    13740    13730    13736    13740    13740    13744 
   13744    13730    13726    13738    13725    13690    13684    13710 
   13729    13722    13705    13693    13679    13672    13689    13713 
   13721    13697    13664    13656    13660    13678    13711    13702 
   13659    13647    13664    13686    13710    13717    13694    13662 
   13652    13683    13716    13705    13678    13657    13651    13672 
   13705    13714    13686    13645    13635    13660    13697    13713 
   13694    13660    13641    13648    13663    13664    13651    13630 
   13624    13643    13654    13628    13595    13597    13609    13601 
   13582    13572    13562    13543    13545    13560    13551    13525 
   13502    13478    13460    13464    13470    13446    13412    13385 
   13380    13389    13382    13358    13331    13296    13262    13265 
   13285    13270    13230    13198    13180    13161    13139    13126 
   13115    13084    13047    13042    13041    13009    12974    12946 
   12930    12935    12927    12898    12870    12842    12822    12819 
   12826    12822    12789    12748    12725    12707    12695    12706 
   12699    12663    12653    12665    12649    12622    12621    12618 
   12598    12584    12571    12573    12588    12587    12579    12579 
   12569    12548    12548    12571    12573    12548    12556    12581 
   12569    12565    12596    12600    12576    12586    12623    12634 
   12629    12633    12633    12644    12680    12698    12684    12694 
   12712    12704    12722    12791    12837    12822    12799    12798 
   12808    12850    12916    12951    12933    12919    12950    12981 
   13000    13046    13100    13119    13106    13100    13124    13161 
   13201    13240    13255    13261    13289    13339    13380    13401 
   13412    13432    13446    13458    13502    13555    13579    13593 
   13618    13649    13668    13694    13748    13788    13787    13787 
   13825    13886    13921    13918    13933    13980    14010    14021 
   14050    14083    14104    14113    14115    14160    14241    14278 
   14255    14226    14241    14296    14358    14389    14378    14364 
   14374    14392    14428    14488    14512    14482    14457    14477 
   14526    14562    14575    14589    14578    14550    14555    14582 
   14601    14604    14605    14623    14631    14628    14629    14627 
   14624    14632    14628    14615    14623    14624    14604    14593 
   14608    14607    14577    14580    14600    14592    14585    14584 
   14563    14548    14547    14550    14544    14519    14494    14492 
   14496    14505    14503    14455    14419    14446    14463    14426 
   14393    14385    14368    14350    14354    14354    14347    14331 
   14288    14255    14288    14296    14238    14212    14222    14210 
   14192    14183    14184    14169    14119    14111    14154    14148 
   14096    14087    14087    14047    14017    14010    13988    13979 
   13992    13990    13975    13960    13926    13891    13890    13888 
   13875    13879    13863    13811    13806    13846    13853    13813 
   13763    13724    13710    13726    13729    13701    13676    13674 
   13678    13678    13664    13630    13608    13606    13605    13583 
   13559    13555    13552    13533    13502    13485    13489    13479 
   13446    13428    13428    13423    13413    13398    13385    13380 
   13352    13298    13266    13267    13281    13292    13286    13267 
   13246    13227    13198    13163    13155    13166    13151    13122 
   13117    13123    13099    13057    13038    13036    13024    13008 
   12991    12968    12960    12950    12934    12924    12916    12901 
   12884    12884    12881    12857    12833    12830    12830    12827 
   12825    12818    12808    12788    12754    12737    12737    12723 
   12717    12741    12756    12731    12704    12702    12703    12695 
   12672    12664    12685    12696    12684    12665    12663    12665 
   12657    12649    12649    12657    12667    12663    12644    12638 
   12645    12634    12629    12652    12658    12638    12626    12645 
   12679    12676    12641    12633    12657    12676    12673    12671 
   12676    12673    12661    12660    12680    12704    12707    12708 
   12719    12722    12718    12719    12718    12718    12722    12725 
   12729    12766    12811    12796    12765    12764    12779    12799 
   12796    12791    12820    12843    12837    12825    12827    12842 
   12853    12854    12862    12885    12904    12915    12921    12924 
   12927    12935    12941    12938    12946    12966    12987    13007 
   13011    13012    13027    13032    13049    13077    13059    13041 
   13080    13112    13111    13126    13150    13153    13158    13178 
   13188    13184    13203    13238    13263    13254    13238    13251 
   13254    13252    13289    13327    13350    13379    13379    13354 
   13365    13398    13408    13406    13429    13454    13460    13458 
   13455    13470    13498    13528    13535    13518    13520    13541 
   13565    13585    13582    13567    13571    13582    13586    13621 
   13648    13635    13636    13649    13640    13631    13651    13670 
   13676    13705    13720    13682    13656    13682    13705    13716 
   13745    13745    13724    13729    13740    13743    13755    13778 
   13783    13768    13776    13801    13805    13803    13817    13810 
   13802    13825    13853    13861    13853    13859    13876    13868 
   13868    13882    13891    13911    13927    13917    13922    13956 
   13968    13971    13988    13988    13988    14003    14010    14013 
   14033    14054    14049    14046    14058    14064    14080    14113 
   14125    14110    14110    14133    14148    14161    14173    14165 
   14156    14165    14183    14193    14196    14208    14222    14231 
   14230    14231    14251    14255    14238    14237    14260    14268 
   14262    14277    14273    14246    14262    14287    14281    14276 
   14283    14285    14291    14300    14283    14246    14241    14262 
   14276    14272    14261    14250    14253    14268    14261    14230 
   14216    14220    14218    14212    14208    14196    14185    14179 
   14170    14161    14150    14127    14111    14121    14111    14076 
   14061    14065    14058    14029    14002    13996    13977    13959 
   13946    13919    13888    13868    13863    13863    13834    13795 
   13768    13755    13744    13710    13679    13670    13640    13610 
   13593    13567    13544    13517    13489    13463    13443    13435 
   13398    13351    13338    13325    13298    13274    13242    13207 
   13184    13177    13163    13132    13109    13092    13069    13046 
   13014    12989    12984    12976    12957    12930    12904    12891 
   12877    12861    12857    12842    12816    12799    12779    12773 
   12779    12783    12764    12735    12722    12725    12729    12727 
   12723    12715    12704    12699    12690    12680    12691    12691 
   12676    12673    12695    12712    12698    12677    12684    12698 
   12706    12717    12719    12713    12715    12721    12734    12744 
   12742    12750    12754    12754    12771    12781    12795    12814 
   12819    12825    12829    12838    12860    12862    12862    12884 
   12900    12906    12919    12926    12935    12953    12960    12968 
   12993    13012    13011    13012    13036    13068    13078    13082 
   13099    13115    13132    13150    13161    13180    13201    13213 
   13230    13246    13255    13269    13286    13301    13311    13328 
   13351    13371    13398    13419    13431    13444    13463    13489 
   13506    13522    13552    13564    13568    13595    13620    13626 
   13644    13667    13690    13721    13744    13751    13760    13772 
   13788    13811    13839    13865    13882    13887    13895    13918 
   13938    13957    13988    14011    14022    14030    14035    14053 
   14079    14098    14119    14137    14141    14153    14179    14197 
   14212    14226    14234    14247    14269    14283    14296    14312 
   14324    14342    14351    14345    14362    14385    14382    14395 
   14420    14430    14427    14428    14430    14442    14459    14470 
   14477    14488    14489    14488    14496    14501    14512    14527 
   14527    14528    14532    14528    14535    14548    14547    14548 
   14557    14555    14542    14532    14538    14554    14558    14546 
   14538    14531    14528    14538    14539    14532    14527    14521 
   14508    14500    14501    14506    14509    14503    14485    14478 
   14476    14467    14466    14463    14447    14436    14430    14419 
   14405    14397    14392    14378    14362    14364    14364    14341 
   14324    14326    14315    14301    14296    14285    14268    14253 
   14231    14222    14227    14220    14206    14187    14162    14148 
   14143    14138    14131    14119    14100    14080    14071    14071 
   14064    14054    14050    14034    14013    14003    13995    13984 
   13979    13969    13961    13952    13937    13925    13907    13894 
   13890    13887    13886    13888    13876    13860    13859    13845 
   13819    13824    13826    13811    13809    13803    13787    13775 
   13778    13779    13765    13757    13760    13756    13744    13730 
   13724    13721    13714    13706    13702    13695    13690    13689 
   13686    13674    13656    13649    13649    13639    13620    13621 
   13628    13613    13601    13598    13591    13576    13559    13547 
   13549    13554    13548    13524    13500    13494    13493    13487 
   13477    13462    13443    13427    13421    13412    13396    13386 
   13375    13358    13340    13332    13331    13316    13288    13275 
   13279    13271    13250    13236    13223    13208    13203    13196 
   13188    13177    13158    13136    13122    13113    13109    13106 
   13089    13066    13051    13046    13049    13047    13038    13030 
   13024    13018    13011    12999    12992    13003    13007    12993 
   12984    12988    12987    12977    12973    12972    12966    12972 
   12989    12999    12992    12977    12977    12989    12999    13003 
   13005    13009    13016    13022    13030    13050    13068    13078 
   13082    13085    13095    13106    13117    13135    13149    13153 
   13161    13186    13217    13236    13240    13234    13252    13286 
   13302    13321    13343    13350    13366    13386    13400    13413 
   13440    13463    13481    13500    13520    13535    13552    13578 
   13598    13621    13643    13654    13672    13697    13710    13729 
   13763    13787    13798    13813    13834    13851    13869    13896 
   13917    13930    13944    13959    13976    13998    14014    14033 
   14046    14060    14084    14106    14118    14139    14156    14160 
   14160    14172    14187    14199    14215    14229    14243    14262 
   14270    14270    14285    14304    14307    14315    14331    14331 
   14331    14347    14354    14350    14358    14372    14373    14366 
   14362    14364    14366    14359    14357    14366    14370    14362 
   14354    14354    14354    14353    14357    14354    14334    14318 
   14319    14320    14318    14314    14288    14270    14277    14273 
   14255    14245    14235    14219    14211    14210    14197    14183 
   14173    14156    14143    14129    14110    14094    14080    14071 
   14061    14042    14014    13996    13990    13977    13967    13953 
   13930    13913    13907    13888    13860    13839    13822    13819 
   13815    13786    13749    13726    13705    13687    13682    13672 
   13645    13617    13586    13563    13555    13544    13525    13509 
   13489    13456    13425    13410    13396    13383    13363    13339 
   13319    13290    13265    13244    13221    13208    13200    13181 
   13146    13111    13090    13070    13050    13046    13043    13008 
   12968    12964    12951    12907    12881    12885    12874    12845 
   12827    12815    12793    12772    12758    12746    12726    12704 
   12691    12685    12671    12650    12634    12622    12609    12600 
   12604    12594    12569    12559    12552    12548    12550    12533 
   12513    12511    12519    12528    12528    12521    12513    12509 
   12509    12513    12517    12502    12499    12517    12519    12530 
   12545    12532    12523    12536    12548    12563    12579    12581 
   12580    12602    12623    12625    12630    12652    12676    12684 
   12695    12721    12738    12739    12749    12777    12799    12814 
   12843    12870    12880    12892    12915    12941    12964    12984 
   13007    13030    13053    13084    13111    13120    13136    13161 
   13186    13215    13247    13278    13277    13281    13327    13358 
   13367    13390    13429    13455    13462    13479    13508    13528 
   13555    13591    13616    13621    13631    13663    13694    13711 
   13732    13749    13763    13787    13803    13815    13846    13871 
   13883    13907    13925    13926    13932    13954    13983    14002 
   14011    14022    14035    14050    14065    14075    14084    14099 
   14119    14138    14142    14145    14156    14164    14170    14177 
   14189    14200    14203    14202    14206    14216    14222    14224 
   14227    14231    14242    14245    14231    14233    14247    14255 
   14253    14250    14255    14251    14247    14250    14247    14241 
   14243    14249    14245    14230    14219    14222    14224    14219 
   14212    14204    14203    14203    14193    14189    14188    14181 
   14172    14166    14164    14160    14148    14134    14134    14141 
   14133    14119    14118    14116    14100    14084    14077    14079 
   14079    14065    14047    14044    14042    14035    14026    14014 
   14008    14006    14002    13991    13981    13971    13963    13960 
   13957    13956    13948    13936    13926    13913    13899    13895 
   13896    13888    13872    13867    13860    13842    13836    13833 
   13815    13806    13810    13795    13780    13772    13765    13757 
   13740    13725    13717    13706    13701    13699    13690    13674 
   13656    13641    13639    13637    13621    13608    13606    13595 
   13571    13558    13554    13547    13539    13531    13517    13508 
   13501    13486    13474    13474    13475    13460    13444    13439 
   13433    13428    13420    13410    13406    13401    13386    13378 
   13378    13366    13352    13351    13347    13338    13324    13312 
   13304    13309    13313    13304    13297    13296    13292    13286 
   13281    13290    13293    13271    13262    13269    13267    13259 
   13250    13251    13258    13262    13255    13243    13238    13248 
   13259    13258    13246    13238    13244    13251    13255    13255 
   13248    13240    13246    13262    13273    13265    13255    13262 
   13273    13281    13288    13290    13296    13288    13285    13306 
   13319    13309    13304    13317    13338    13347    13340    13338 
   13351    13365    13374    13373    13371    13383    13398    13404 
   13402    13409    13421    13425    13432    13439    13436    13446 
   13464    13467    13466    13464    13467    13486    13500    13494 
   13487    13493    13508    13516    13513    13512    13512    13516 
   13524    13520    13522    13536    13537    13532    13532    13533 
   13532    13541    13554    13551    13541    13541    13544    13548 
   13555    13548    13544    13555    13564    13563    13555    13545 
   13558    13579    13586    13575    13568    13575    13575    13578 
   13593    13601    13593    13583    13590    13602    13606    13614 
   13620    13620    13621    13625    13621    13618    13628    13639 
   13648    13654    13651    13645    13644    13644    13656    13666 
   13664    13671    13672    13668    13674    13680    13682    13690 
   13691    13686    13691    13705    13711    13710    13706    13707 
   13714    13722    13728    13725    13728    13736    13729    13729 
   13740    13737    13736    13745    13751    13761    13767    13757 
   13740    13743    13763    13778    13779    13767    13760    13770 
   13775    13779    13782    13779    13784    13788    13784    13784 
   13779    13772    13783    13795    13794    13784    13778    13771 
   13768    13780    13791    13788    13780    13773    13768    13767 
   13770    13778    13776    13763    13755    13760    13760    13755 
   13749    13747    13743    13737    13740    13740    13725    13716 
   13716    13716    13713    13710    13709    13703    13701    13701 
   13686    13671    13674    13675    13670    13668    13675    13675 
   13659    13639    13626    13625    13640    13652    13644    13621 
   13602    13595    13609    13625    13629    13617    13601    13602 
   13610    13613    13610    13606    13608    13610    13613    13612 
   13609    13616    13621    13620    13626    13635    13629    13624 
   13630    13644    13659    13659    13651    13648    13653    13664 
   13676    13689    13691    13687    13699    13718    13725    13729 
   13729    13729    13745    13763    13768    13763    13763    13771 
   13782    13798    13806    13806    13810    13814    13819    13829 
   13829    13828    13838    13846    13842    13845    13855    13860 
   13864    13865    13867    13869    13867    13868    13876    13882 
   13884    13887    13886    13883    13883    13887    13888    13888 
   13888    13884    13882    13879    13871    13868    13872    13871 
   13868    13867    13861    13861    13872    13875    13864    13856 
   13851    13846    13845    13846    13849    13849    13839    13837 
   13838    13837    13834    13829    13825    13824    13824    13818 
   13806    13802    13806    13809    13809    13803    13790    13783 
   13783    13783    13776    13776    13786    13784    13782    13784 
   13773    13763    13765    13768    13765    13761    13765    13772 
   13771    13767    13770    13770    13768    13767    13760    13765 
   13778    13773    13763    13763    13778    13780    13772    13780 
   13787    13778    13778    13790    13798    13792    13791    13802 
   13814    13822    13825    13825    13826    13825    13828    13829 
   13829    13837    13845    13855    13863    13871    13869    13861 
   13865    13879    13884    13883    13892    13899    13903    13914 
   13913    13905    13909    13918    13922    13922    13923    13923 
   13922    13923    13932    13938    13940    13944    13950    13948 
   13942    13940    13940    13952    13963    13950    13940    13948 
   13959    13948    13933    13934    13942    13938    13934    13934 
   13932    13930    13927    13925    13922    13909    13895    13900 
   13907    13896    13872    13857    13855    13857    13855    13838 
   13821    13817    13809    13795    13791    13783    13767    13751 
   13740    13736    13726    13710    13694    13682    13671    13666 
   13662    13635    13608    13601    13593    13583    13579    13567 
   13545    13528    13518    13512    13502    13493    13486    13478 
   13460    13441    13433    13427    13413    13409    13406    13397 
   13389    13377    13359    13350    13356    13354    13340    13336 
   13338    13328    13324    13324    13317    13304    13301    13301 
   13297    13300    13304    13298    13281    13274    13275    13273 
   13277    13281    13274    13267    13262    13262    13266    13261 
   13257    13261    13263    13263    13261    13258    13251    13243 
   13238    13244    13254    13254    13243    13232    13227    13227 
   13227    13232    13244    13236    13211    13204    13217    13219 
   13209    13204    13203    13197    13188    13184    13182    13188 
   13197    13189    13172    13170    13169    13158    13154    13163 
   13157    13144    13151    13149    13132    13122    13122    13129 
   13131    13124    13115    13111    13116    13116    13105    13093 
   13096    13104    13103    13104    13100    13088    13078    13080 
   13081    13078    13081    13081    13077    13081    13076    13065 
   13058    13057    13058    13066    13077    13077    13076    13072 
   13057    13053    13062    13062    13068    13086    13085    13065 
   13065    13073    13066    13070    13092    13085    13072    13089 
   13099    13080    13081    13103    13109    13104    13112    13124 
   13127    13120    13116    13128    13138    13138    13149    13154 
   13153    13162    13170    13166    13162    13172    13188    13193 
   13197    13204    13208    13212    13217    13221    13230    13242 
   13250    13250    13254    13265    13274    13281    13285    13289 
   13297    13304    13301    13306    13323    13339    13350    13342 
   13339    13358    13369    13365    13373    13398    13409    13404 
   13410    13425    13431    13435    13450    13464    13474    13486 
   13497    13505    13510    13517    13532    13551    13563    13568 
   13579    13594    13601    13609    13628    13645    13654    13663 
   13672    13686    13702    13713    13716    13728    13749    13763 
   13768    13772    13783    13802    13813    13815    13829    13845 
   13855    13857    13861    13872    13888    13898    13899    13898 
   13907    13929    13946    13945    13937    13941    13944    13948 
   13960    13968    13961    13956    13967    13977    13976    13967 
   13968    13971    13963    13960    13959    13957    13965    13968 
   13960    13948    13942    13938    13933    13934    13942    13937 
   13922    13915    13903    13888    13884    13878    13871    13869 
   13852    13836    13833    13826    13813    13801    13790    13779 
   13768    13753    13734    13724    13720    13706    13683    13668 
   13660    13648    13629    13613    13598    13579    13555    13541 
   13525    13506    13495    13481    13456    13429    13412    13400 
   13383    13365    13344    13325    13311    13290    13270    13250 
   13232    13220    13204    13182    13162    13146    13131    13111 
   13093    13085    13065    13038    13022    13014    13009    12997 
   12970    12958    12958    12943    12924    12914    12910    12908 
   12907    12895    12877    12870    12866    12854    12857    12870 
   12869    12854    12849    12850    12850    12853    12861    12879 
   12884    12869    12872    12891    12895    12897    12914    12928 
   12933    12938    12951    12966    12972    12982    13000    13012 
   13026    13042    13057    13069    13088    13112    13127    13139 
   13157    13170    13189    13205    13219    13243    13265    13278 
   13289    13306    13324    13339    13359    13380    13400    13419 
   13432    13450    13467    13479    13493    13508    13525    13547 
   13563    13572    13583    13602    13618    13624    13631    13649 
   13657    13662    13684    13701    13699    13699    13718    13736 
   13732    13733    13747    13745    13747    13760    13767    13768 
   13775    13782    13778    13767    13773    13795    13790    13768 
   13784    13802    13763    13751    13791    13782    13745    13767 
   13776    13743    13737    13759    13753    13725    13726    13752 
   13730    13691    13705    13724    13697    13680    13702    13690 
   13648    13651    13678    13664    13641    13648    13644    13621 
   13621    13620    13603    13601    13610    13595    13582    13588 
   13582    13562    13564    13578    13572    13565    13563    13551 
   13545    13555    13555    13548    13559    13558    13532    13527 
   13541    13548    13552    13560    13555    13541    13543    13555 
   13551    13547    13568    13585    13578    13564    13575    13579 
   13568    13586    13608    13598    13595    13605    13608    13609 
   13613    13621    13644    13654    13649    13651    13662    13670 
   13676    13687    13694    13697    13697    13703    13709    13724 
   13736    13733    13737    13744    13744    13756    13770    13775 
   13786    13790    13787    13792    13795    13796    13806    13814 
   13818    13824    13829    13829    13821    13818    13832    13836 
   13832    13837    13838    13829    13828    13833    13841    13837 
   13826    13829    13825    13806    13810    13826    13819    13799 
   13795    13792    13782    13776    13773    13768    13763    13752 
   13734    13722    13717    13711    13699    13687    13679    13671 
   13662    13644    13625    13610    13606    13594    13576    13565 
   13549    13529    13521    13512    13494    13485    13475    13458 
   13432    13410    13401    13390    13375    13360    13347    13340 
   13325    13304    13293    13286    13270    13250    13238    13231 
   13216    13197    13185    13180    13172    13166    13151    13135 
   13131    13126    13116    13108    13100    13093    13088    13077 
   13068    13068    13070    13068    13059    13051    13053    13057 
   13055    13051    13047    13059    13073    13063    13055    13068 
   13073    13069    13076    13086    13090    13103    13116    13117 
   13123    13139    13153    13157    13165    13178    13189    13207 
   13224    13236    13250    13267    13286    13298    13311    13332 
   13352    13377    13397    13401    13413    13437    13458    13478 
   13506    13532    13549    13564    13579    13597    13616    13647 
   13679    13702    13721    13738    13748    13763    13794    13826 
   13845    13860    13882    13903    13921    13936    13956    13983 
   14007    14022    14030    14049    14071    14089    14113    14127 
   14135    14158    14175    14179    14195    14218    14229    14239 
   14262    14270    14268    14283    14308    14318    14330    14349 
   14353    14346    14351    14373    14391    14393    14397    14405 
   14405    14407    14416    14424    14432    14445    14449    14442 
   14435    14439    14447    14451    14453    14453    14455    14459 
   14450    14439    14446    14453    14454    14453    14447    14440 
   14436    14434    14435    14438    14436    14430    14412    14395 
   14393    14397    14400    14396    14382    14374    14368    14351 
   14346    14349    14349    14345    14334    14318    14298    14292 
   14300    14295    14287    14283    14265    14250    14249    14241 
   14235    14243    14234    14208    14200    14197    14188    14183 
   14185    14187    14173    14158    14158    14156    14156    14153 
   14146    14143    14141    14126    14122    14127    14127    14121 
   14115    14116    14111    14099    14090    14088    14087    14092 
   14096    14085    14077    14077    14071    14073    14085    14077 
   14064    14062    14060    14054    14056    14057    14053    14047 
   14040    14031    14030    14029    14026    14027    14022    14008 
   13996    13992    13986    13977    13983    13983    13965    13948 
   13942    13936    13934    13933    13927    13915    13902    13891 
   13882    13867    13857    13857    13855    13839    13825    13813 
   13798    13788    13786    13779    13763    13747    13738    13724 
   13705    13699    13697    13689    13678    13659    13643    13630 
   13617    13616    13614    13597    13575    13559    13548    13536 
   13525    13522    13512    13491    13475    13462    13451    13444 
   13428    13409    13402    13390    13367    13356    13347    13329 
   13320    13311    13293    13277    13270    13259    13243    13232 
   13220    13197    13180    13170    13162    13157    13151    13134 
   13113    13103    13088    13076    13073    13066    13053    13045 
   13030    13008    12999    12996    12981    12977    12981    12966 
   12953    12942    12923    12920    12926    12914    12907    12908 
   12897    12885    12887    12892    12888    12881    12876    12883 
   12883    12873    12881    12888    12881    12881    12888    12887 
   12885    12897    12912    12916    12918    12926    12931    12937 
   12945    12958    12969    12978    12992    12996    12993    13007 
   13030    13047    13062    13082    13092    13096    13113    13134 
   13149    13169    13189    13207    13224    13236    13255    13285 
   13313    13332    13344    13363    13393    13413    13432    13466 
   13502    13520    13524    13541    13568    13591    13626    13659 
   13672    13695    13717    13729    13755    13790    13821    13845 
   13867    13892    13911    13932    13961    13988    14013    14035 
   14056    14080    14099    14110    14134    14168    14191    14206 
   14222    14241    14255    14270    14295    14316    14330    14347 
   14359    14369    14389    14409    14427    14446    14457    14461 
   14466    14478    14494    14505    14516    14527    14531    14531 
   14539    14550    14557    14566    14571    14569    14569    14572 
   14577    14578    14580    14580    14578    14578    14580    14571 
   14563    14570    14577    14572    14566    14558    14551    14544 
   14539    14544    14546    14538    14532    14523    14504    14494 
   14494    14496    14490    14473    14466    14457    14443    14440 
   14438    14427    14419    14412    14399    14380    14368    14364 
   14359    14350    14342    14331    14319    14301    14293    14292 
   14281    14268    14258    14239    14227    14220    14204    14196 
   14197    14183    14165    14152    14133    14116    14110    14103 
   14096    14080    14057    14041    14035    14025    14007    13991 
   13976    13953    13936    13932    13919    13899    13891    13879 
   13852    13829    13806    13782    13768    13761    13749    13722 
   13699    13690    13668    13641    13629    13610    13590    13578 
   13548    13520    13509    13489    13463    13446    13428    13401 
   13374    13363    13347    13327    13312    13293    13265    13238 
   13208    13184    13177    13169    13149    13131    13113    13089 
   13062    13046    13038    13018    12997    12985    12962    12945 
   12935    12918    12904    12897    12885    12869    12850    12837 
   12825    12811    12804    12792    12776    12772    12761    12741 
   12734    12727    12711    12704    12703    12695    12690    12683 
   12676    12676    12676    12668    12654    12645    12637    12630 
   12634    12641    12645    12649    12638    12619    12621    12621 
   12613    12627    12646    12647    12640    12626    12623    12638 
   12649    12649    12660    12667    12653    12644    12657    12672 
   12676    12679    12687    12696    12700    12695    12699    12718 
   12733    12739    12742    12746    12754    12758    12764    12781 
   12804    12812    12810    12811    12820    12833    12842    12855 
   12872    12880    12888    12895    12908    12933    12946    12950 
   12954    12969    12978    12976    12984    13005    13022    13036 
   13042    13039    13051    13069    13073    13081    13099    13103 
   13109    13124    13134    13142    13150    13150    13159    13178 
   13190    13194    13198    13201    13216    13228    13224    13227 
   13238    13235    13235    13252    13266    13270    13279    13281 
   13281    13286    13296    13306    13311    13319    13325    13325 
   13328    13332    13335    13346    13359    13362    13367    13377 
   13377    13385    13400    13393    13392    13409    13423    13423 
   13425    13437    13443    13446    13454    13460    13473    13483 
   13483    13487    13495    13500    13512    13527    13533    13539 
   13547    13555    13565    13568    13576    13594    13609    13621 
   13629    13639    13637    13635    13648    13666    13682    13693 
   13695    13702    13709    13721    13734    13740    13743    13751 
   13768    13776    13775    13788    13805    13811    13818    13817 
   13819    13841    13853    13855    13875    13891    13884    13879 
   13892    13909    13913    13918    13927    13927    13936    13948 
   13956    13965    13977    13976    13973    13984    13994    13998 
   13996    13996    14008    14019    14030    14045    14044    14033 
   14034    14046    14061    14064    14054    14052    14065    14079 
   14071    14069    14084    14080    14069    14075    14087    14090 
   14089    14088    14095    14089    14075    14077    14090    14092 
   14083    14085    14087    14071    14065    14072    14080    14079 
   14068    14065    14054    14038    14035    14034    14026    14018 
   14014    14002    13987    13988    13988    13968    13957    13953 
   13933    13921    13919    13914    13905    13894    13872    13859 
   13851    13833    13815    13805    13792    13778    13770    13755 
   13734    13713    13693    13680    13668    13653    13641    13621 
   13598    13579    13560    13549    13541    13527    13501    13479 
   13462    13441    13428    13421    13406    13393    13375    13342 
   13312    13300    13290    13281    13269    13244    13219    13203 
   13189    13178    13170    13154    13135    13122    13106    13089 
   13073    13058    13039    13027    13026    13014    12991    12980 
   12968    12954    12941    12928    12921    12915    12907    12900 
   12896    12891    12874    12857    12846    12837    12830    12827 
   12830    12829    12812    12798    12798    12787    12768    12775 
   12785    12775    12764    12764    12762    12756    12750    12752 
   12752    12745    12744    12737    12730    12739    12754    12746 
   12727    12722    12734    12748    12748    12745    12753    12753 
   12745    12746    12749    12748    12756    12765    12765    12768 
   12777    12788    12792    12799    12811    12814    12811    12825 
   12839    12837    12834    12853    12870    12869    12876    12898 
   12916    12919    12934    12950    12953    12966    12992    13000 
   13000    13022    13054    13061    13065    13090    13109    13116 
   13134    13161    13181    13186    13200    13236    13261    13265 
   13290    13323    13333    13347    13375    13396    13419    13446 
   13468    13491    13509    13521    13549    13582    13608    13630 
   13653    13684    13709    13713    13736    13776    13801    13817 
   13848    13876    13894    13914    13942    13969    13994    14023 
   14047    14054    14065    14099    14133    14146    14162    14195 
   14218    14227    14237    14261    14287    14312    14339    14349 
   14346    14368    14395    14407    14427    14450    14465    14469 
   14473    14486    14500    14515    14535    14550    14558    14559 
   14561    14572    14588    14594    14593    14594    14598    14602 
   14605    14612    14625    14629    14624    14624    14623    14615 
   14608    14617    14627    14615    14609    14621    14620    14605 
   14602    14601    14588    14590    14592    14577    14567    14567 
   14563    14551    14539    14536    14529    14509    14499    14504 
   14490    14470    14470    14462    14446    14436    14434    14438 
   14435    14416    14392    14378    14372    14354    14341    14335 
   14330    14321    14312    14296    14278    14269    14258    14251 
