Origin Time       2016/04/16 01:25:00
Lat.              32.753
Long.             130.762
Depth. (km)       12
Mag.              7.3
Station Code      HRS006
Station Lat.      34.6659
Station Long.     132.4077
Station Height(m) 371
Record Time       2016/04/16 01:25:53
Sampling Freq(Hz) 100Hz
Duration Time(s)  98
Dir.              E-W
Scale Factor      7845(gal)/8223790
Max. Acc. (gal)   3.809
Last Correction   2016/04/16 01:25:54
Memo.             
    2219     2222     2222     2222     2222     2219     2219     2222 
    2219     2219     2220     2219     2219     2222     2220     2219 
    2219     2220     2223     2224     2223     2220     2219     2219 
    2220     2222     2220     2219     2219     2219     2220     2222 
    2218     2218     2223     2223     2222     2219     2218     2220 
    2223     2226     2223     2218     2220     2223     2218     2219 
    2223     2219     2220     2224     2220     2219     2223     2223 
    2223     2223     2222     2220     2219     2220     2224     2224 
    2222     2222     2222     2220     2222     2220     2218     2220 
    2222     2219     2219     2222     2222     2220     2220     2220 
    2222     2222     2220     2222     2222     2220     2222     2223 
    2220     2219     2220     2219     2219     2223     2223     2220 
    2218     2219     2223     2222     2218     2220     2222     2219 
    2220     2222     2218     2219     2223     2223     2218     2215 
    2223     2226     2220     2215     2218     2219     2224     2223 
    2219     2222     2220     2218     2220     2223     2222     2220 
    2220     2222     2222     2220     2220     2223     2224     2223 
    2222     2219     2223     2226     2220     2219     2223     2222 
    2219     2222     2220     2219     2220     2222     2222     2222 
    2219     2222     2224     2223     2223     2224     2223     2220 
    2219     2222     2222     2219     2222     2223     2219     2218 
    2219     2219     2222     2224     2220     2215     2219     2220 
    2219     2218     2219     2220     2220     2220     2222     2223 
    2220     2215     2219     2222     2223     2222     2215     2218 
    2224     2224     2220     2222     2222     2218     2220     2223 
    2223     2220     2222     2222     2219     2219     2220     2220 
    2223     2224     2222     2219     2219     2220     2222     2219 
    2218     2222     2223     2220     2219     2220     2222     2219 
    2220     2223     2222     2218     2218     2222     2223     2220 
    2222     2223     2218     2218     2222     2223     2220     2219 
    2218     2219     2222     2222     2219     2220     2222     2219 
    2220     2223     2222     2218     2219     2222     2222     2219 
    2219     2219     2219     2222     2222     2220     2222     2224 
    2220     2218     2222     2223     2220     2220     2223     2223 
    2222     2222     2220     2219     2223     2224     2222     2220 
    2219     2219     2224     2223     2218     2218     2224     2226 
    2222     2219     2222     2219     2218     2222     2222     2219 
    2220     2224     2223     2218     2218     2220     2222     2223 
    2222     2219     2219     2223     2224     2219     2215     2220 
    2223     2220     2219     2220     2223     2220     2219     2220 
    2222     2222     2222     2220     2219     2220     2223     2223 
    2220     2220     2219     2222     2226     2223     2218     2218 
    2222     2223     2222     2222     2220     2220     2222     2219 
    2215     2218     2218     2219     2222     2222     2220     2220 
    2219     2219     2220     2220     2220     2219     2220     2222 
    2223     2222     2219     2219     2222     2220     2219     2222 
    2220     2220     2223     2224     2219     2219     2222     2220 
    2219     2220     2220     2220     2222     2220     2220     2219 
    2219     2222     2222     2222     2222     2223     2223     2222 
    2220     2220     2220     2223     2223     2222     2219     2222 
    2223     2218     2215     2223     2223     2219     2220     2223 
    2223     2219     2219     2222     2222     2219     2220     2224 
    2223     2219     2219     2220     2219     2220     2224     2222 
    2220     2223     2220     2219     2220     2222     2220     2219 
    2222     2222     2220     2223     2222     2218     2218     2220 
    2222     2222     2220     2220     2220     2220     2222     2223 
    2219     2218     2219     2220     2222     2223     2220     2218 
    2222     2224     2223     2218     2215     2220     2222     2220 
    2222     2222     2222     2222     2222     2222     2219     2219 
    2222     2222     2220     2220     2219     2220     2220     2219 
    2218     2220     2223     2220     2220     2222     2223     2222 
    2222     2220     2220     2220     2223     2223     2220     2220 
    2224     2220     2215     2219     2220     2219     2222     2222 
    2219     2220     2222     2220     2219     2220     2220     2218 
    2218     2220     2218     2218     2222     2222     2222     2222 
    2219     2219     2223     2222     2219     2219     2219     2219 
    2219     2218     2219     2219     2219     2220     2219     2218 
    2219     2222     2219     2219     2222     2220     2215     2219 
    2223     2219     2218     2220     2219     2218     2220     2222 
    2220     2220     2220     2220     2220     2219     2220     2219 
    2218     2220     2223     2222     2219     2219     2222     2219 
    2219     2222     2220     2218     2220     2220     2219     2220 
    2219     2218     2222     2223     2220     2222     2223     2220 
    2219     2222     2222     2219     2219     2223     2223     2220 
    2219     2220     2223     2220     2219     2222     2222     2219 
    2219     2222     2220     2219     2220     2222     2220     2222 
    2220     2218     2219     2220     2220     2220     2219     2219 
    2220     2222     2220     2219     2220     2220     2219     2219 
    2220     2222     2220     2215     2218     2220     2218     2215 
    2218     2220     2222     2218     2214     2218     2219     2220 
    2219     2218     2219     2222     2220     2219     2220     2222 
    2220     2218     2222     2224     2222     2218     2218     2220 
    2222     2222     2219     2219     2219     2219     2218     2215 
    2218     2215     2215     2219     2219     2215     2215     2218 
    2219     2218     2214     2214     2215     2215     2214     2211 
    2209     2212     2212     2212     2211     2209     2214     2215 
    2211     2211     2214     2215     2215     2215     2218     2220 
    2220     2222     2223     2223     2224     2228     2228     2228 
    2231     2231     2231     2232     2231     2227     2230     2232 
    2231     2227     2228     2230     2228     2227     2228     2224 
    2220     2223     2224     2222     2220     2220     2222     2223 
    2223     2222     2222     2223     2224     2224     2223     2224 
    2231     2234     2234     2239     2239     2239     2245     2249 
    2246     2242     2239     2232     2224     2218     2209     2199 
    2196     2200     2201     2204     2207     2207     2214     2215 
    2211     2212     2218     2215     2215     2219     2218     2214 
    2208     2201     2196     2192     2193     2201     2215     2227 
    2235     2247     2259     2258     2250     2247     2247     2242 
    2239     2236     2235     2228     2211     2196     2187     2176 
    2173     2185     2203     2220     2238     2247     2243     2236 
    2224     2205     2193     2192     2201     2215     2227     2232 
    2234     2227     2218     2215     2227     2247     2269     2278 
    2272     2250     2220     2189     2169     2168     2185     2214 
    2246     2269     2269     2250     2218     2180     2154     2154 
    2169     2185     2207     2231     2247     2254     2246     2223 
    2196     2166     2139     2130     2143     2180     2219     2245 
    2267     2289     2289     2269     2247     2232     2223     2214 
    2207     2205     2207     2208     2212     2222     2230     2234 
    2239     2238     2223     2203     2185     2162     2137     2121 
    2126     2149     2180     2222     2259     2270     2253     2214 
    2165     2130     2124     2151     2207     2265     2303     2311 
    2289     2241     2185     2149     2143     2166     2218     2278 
    2323     2336     2315     2273     2230     2192     2158     2126 
    2111     2116     2135     2153     2163     2169     2177     2191 
    2212     2235     2253     2257     2236     2196     2162     2143 
    2130     2126     2149     2195     2243     2278     2303     2311 
    2290     2251     2204     2165     2142     2135     2150     2187 
    2230     2263     2286     2288     2253     2203     2163     2155 
    2176     2207     2238     2262     2274     2269     2243     2205 
    2173     2155     2149     2165     2204     2236     2243     2231 
    2212     2204     2214     2236     2269     2309     2338     2338 
    2313     2267     2215     2169     2138     2128     2144     2174 
    2205     2232     2242     2235     2222     2208     2196     2201 
    2215     2215     2196     2173     2166     2185     2211     2218 
    2218     2231     2255     2262     2241     2203     2161     2130 
    2138     2178     2236     2290     2315     2295     2239     2166 
    2101     2069     2079     2123     2203     2307     2390     2417 
    2390     2338     2286     2234     2176     2121     2088     2073 
    2068     2079     2120     2189     2265     2323     2351     2350 
    2330     2289     2231     2176     2151     2184     2257     2323 
    2351     2353     2336     2313     2288     2247     2193     2151 
    2126     2115     2115     2141     2196     2262     2319     2363 
    2396     2403     2357     2265     2172     2101     2052     2042 
    2091     2181     2277     2334     2336     2304     2250     2184 
    2124     2083     2064     2079     2143     2251     2355     2411 
    2416     2381     2307     2196     2092     2057     2101     2177 
    2235     2269     2281     2267     2223     2160     2104     2091 
    2124     2196     2293     2370     2390     2358     2300     2246 
    2199     2161     2151     2182     2241     2296     2317     2295 
    2249     2196     2154     2133     2128     2144     2185     2224 
    2234     2222     2196     2173     2161     2138     2100     2083 
    2102     2151     2218     2277     2307     2308     2274     2214 
    2144     2072     2008     1980     1999     2060     2160     2266 
    2331     2316     2242     2166     2150     2188     2224     2242 
    2267     2305     2319     2289     2242     2215     2235     2312 
    2424     2511     2523     2461     2344     2173     1973     1826 
    1819     1954     2162     2355     2471     2471     2351     2174 
    2046     2046     2146     2262     2381     2500     2554     2496 
    2338     2146     2018     1984     1987     1981     1975     1989 
    2043     2161     2350     2571     2728     2733     2583     2342 
    2091     1891     1772     1757     1844     1980     2139     2332 
    2540     2701     2751     2691     2562     2386     2199     2045 
    1918     1800     1732     1777     1933     2121     2289     2450 
    2578     2586     2461     2303     2184     2107     2083     2134 
    2238     2323     2358     2374     2392     2381     2319     2222 
    2143     2157     2284     2473     2632     2704     2693     2608 
    2411     2119     1844     1715     1773     1956     2178     2386 
    2533     2565     2498     2420     2350     2234     2069     1938 
    1917     1999     2115     2219     2335     2442     2457     2369 
    2285     2228     2135     2014     1969     2060     2224     2343 
    2376     2361     2335     2303     2242     2168     2146     2196 
    2250     2238     2178     2163     2270     2463     2627     2674 
    2601     2448     2242     2023     1869     1830     1922     2097 
    2250     2332     2371     2332     2178     2007     1930     1958 
    2062     2207     2349     2465     2505     2413     2249     2124 
    2092     2160     2319     2504     2612     2556     2346     2087 
    1892     1814     1844     1962     2149     2388     2632     2754 
    2612     2247     1922     1892     2150     2466     2681     2805 
    2844     2771     2612     2435     2245     2014     1810     1750 
    1825     1927     2000     2056     2110     2138     2130     2150 
    2204     2205     2149     2111     2128     2182     2223     2192 
    2097     2000     1949     1946     1956     1998     2115     2284 
    2393     2365     2236     2096     1991     1941     1998     2192 
    2455     2664     2743     2671     2505     2324     2143     1960 
    1822     1790     1878     2047     2201     2285     2338     2401 
    2444     2425     2350     2295     2338     2454     2555     2593 
    2555     2459     2357     2305     2311     2330     2322     2299 
    2277     2224     2114     2019     2053     2203     2336     2386 
    2413     2478     2533     2529     2490     2488     2546     2617 
    2654     2654     2586     2382     2092     1878     1825     1890 
    2012     2189     2432     2655     2721     2605     2397     2193 
    2052     2004     2060     2199     2377     2512     2528     2425 
    2282     2191     2191     2250     2295     2319     2405     2554 
    2613     2475     2223     2007     1902     1914     2042     2303 
    2652     2932     2994     2836     2546     2208     1902     1729 
    1738     1852     2003     2242     2577     2844     2903     2818 
    2720     2609     2421     2163     1952     1892     1954     2045 
    2144     2238     2281     2261     2215     2196     2238     2292 
    2305     2313     2346     2362     2330     2303     2347     2409 
    2405     2403     2493     2613     2659     2621     2565     2533 
    2509     2501     2575     2759     2976     3106     3078     2913 
    2678     2447     2272     2177     2160     2214     2312     2394 
    2417     2401     2382     2343     2276     2215     2185     2205 
    2280     2366     2444     2531     2608     2609     2512     2394 
    2353     2377     2459     2658     2974     3312     3538     3505 
    3187     2694     2178     1783     1638     1790     2157     2581 
    2903     3025     2940     2712     2405     2073     1811     1736 
    1873     2098     2261     2326     2350     2328     2230     2107 
    2019     1918     1777     1672     1669     1736     1781     1776 
    1788     1908     2096     2257     2367     2459     2552     2629 
    2652     2600     2488     2340     2149     1900     1676     1591 
    1625     1665     1703     1807     1965     2111     2196     2226 
    2266     2335     2362     2328     2258     2161     2106     2169 
    2330     2523     2683     2739     2655     2459     2222     2038 
    1979     2031     2143     2282     2403     2439     2359     2187 
    1993     1868     1881     2043     2261     2405     2396     2232 
    1953     1583     1190      922      934     1304     1952     2685 
    3280     3557     3427     2967     2377     1881     1636     1653 
    1833     2076     2316     2481     2527     2478     2378     2255 
    2130     2020     1949     1918     1859     1713     1517     1391 
    1417     1603     1915     2288     2608     2756     2673     2377 
    1971     1595     1339     1209     1221     1381     1602     1819 
    2015     2150     2200     2226     2323     2542     2818     3046 
    3186     3230     3141     2899     2551     2192     1964     1960 
    2146     2408     2631     2743     2716     2542     2270     2016 
    1861     1822     1872     1973     2142     2390     2640     2743 
    2617     2336     2001     1660     1351     1142     1085     1179 
    1389     1661     1930     2118     2158     2056     1921     1845 
    1819     1846     1945     2060     2143     2255     2471     2759 
    3005     3111     3049     2844     2527     2130     1796     1675 
    1794     2081     2442     2764     2929     2868     2606     2227 
    1821     1468     1247     1224     1440     1833     2243     2485 
    2459     2242     1991     1795     1652     1574     1609     1773 
    2011     2208     2247     2102     1858     1632     1520     1552 
    1701     1892     2076     2249     2413     2546     2608     2587 
    2490     2308     2069     1868     1787     1803     1844     1903 
    2003     2096     2130     2085     1922     1661     1425     1321 
    1429     1783     2253     2639     2837     2826     2621     2276 
    1863     1486     1294     1399     1781     2267     2664     2880 
    2876     2656     2299     1956     1760     1723     1757     1781 
    1807     1887     2016     2111     2091     1984     1877     1781 
    1634     1401     1144      989     1030     1264     1611     1992 
    2354     2652     2847     2910     2835     2671     2492     2359 
    2313     2359     2457     2548     2592     2567     2465     2274 
    2050     1915     1964     2161     2389     2525     2494     2335 
    2149     2004     1965     2050     2209     2401     2600     2748 
    2794     2740     2623     2493     2403     2347     2251     2081 
    1892     1732     1626     1626     1792     2139     2575     2924 
    3044     2903     2573     2192     1917     1823     1906     2139 
    2447     2677     2736     2612     2316     1952     1679     1575 
    1621     1806     2104     2434     2708     2882     2953     2930 
    2814     2625     2435     2323     2286     2269     2263     2293 
    2330     2315     2253     2191     2139     2107     2124     2165 
    2163     2114     2034     1969     1973     2052     2187     2326 
    2390     2369     2319     2296     2301     2299     2251     2188 
    2150     2142     2123     2070     2034     2079     2211     2425 
    2693     2930     3084     3149     3064     2759     2316     1902 
    1622     1524     1611     1841     2107     2269     2219     2026 
    1825     1660     1535     1516     1628     1802     1949     2033 
    2052     2029     2008     2012     2042     2072     2052     1979 
    1908     1854     1792     1738     1737     1811     1948     2097 
    2212     2239     2169     2076     2049     2116     2242     2388 
    2560     2733     2835     2849     2821     2774     2697     2589 
    2467     2346     2226     2121     2074     2111     2226     2384 
    2525     2560     2442     2247     2126     2133     2192     2241 
    2299     2354     2319     2144     1842     1502     1278     1286 
    1485     1757     2012     2172     2226     2249     2258     2214 
    2158     2222     2466     2806     3069     3154     3092     2933 
    2660     2305     2027     1934     1953     1964     1960     2006 
    2056     1999     1854     1729     1676     1709     1795     1854 
    1811     1668     1490     1379     1440     1707     2130     2565 
    2808     2728     2381     1910     1424     1053      965     1167 
    1509     1864     2170     2361     2377     2239     2053     1907 
    1818     1771     1737     1676     1563     1440     1405     1506 
    1714     1977     2238     2450     2570     2554     2371     2042 
    1652     1332     1223     1375     1688     1992     2162     2147 
    1993     1803     1637     1545     1599     1784     1975     2087 
    2118     2107     2073     1985     1878     1848     1911     2008 
    2074     2022     1790     1439     1089      834      745      838 
    1100     1506     1968     2343     2525     2475     2228     1873 
    1541     1367     1405     1618     1949     2312     2592     2705 
    2640     2442     2172     1872     1595     1431     1447     1595 
    1800     2053     2327     2523     2589     2560     2494     2435 
    2396     2355     2305     2235     2151     2104     2106     2092 
    2060     2079     2196     2380     2575     2752     2887     2925 
    2792     2508     2187     1938     1818     1829     1960     2204 
    2528     2844     3018     2930     2606     2208     1902     1761 
    1794     1949     2135     2304     2465     2609     2693     2659 
    2539     2471     2529     2644     2706     2693     2647     2578 
    2431     2199     1975     1869     1922     2101     2335     2565 
    2749     2837     2794     2624     2396     2227     2195     2278 
    2415     2558     2669     2708     2600     2331     2031     1869 
    1885     2010     2182     2371     2551     2697     2794     2829 
    2798     2729     2655     2582     2508     2428     2377     2409 
    2519     2624     2656     2612     2523     2411     2295     2187 
    2102     2088     2187     2388     2636     2896     3136     3306 
    3329     3142     2792     2428     2165     2023     1998     2076 
    2201     2297     2295     2176     1972     1719     1464     1298 
    1301     1476     1760     2061     2304     2431     2408     2234 
    1927     1570     1313     1271     1448     1773     2144     2448 
    2614     2656     2628     2562     2473     2413     2428     2513 
    2619     2706     2743     2695     2594     2497     2438     2442 
    2498     2505     2421     2313     2228     2180     2205     2315 
    2450     2550     2601     2605     2548     2432     2280     2077 
    1822     1598     1532     1677     1972     2259     2403     2401 
    2351     2307     2288     2317     2374     2427     2478     2540 
    2605     2664     2700     2674     2548     2346     2138     1981 
    1892     1876     1956     2165     2431     2602     2592     2425 
    2189     1995     1930     1993     2157     2404     2652     2770 
    2714     2558     2390     2243     2119     2034     1989     1989 
    2039     2138     2267     2373     2363     2201     1930     1642 
    1437     1395     1544     1823     2123     2351     2477     2489 
    2389     2223     2043     1859     1703     1641     1702     1859 
    2068     2276     2461     2614     2728     2785     2740     2586 
    2386     2223     2143     2176     2309     2481     2623     2698 
    2700     2620     2467     2296     2163     2100     2107     2135 
    2134     2098     2060     2072     2169     2308     2415     2442 
    2385     2261     2104     1975     1942     2034     2243     2505 
    2725     2820     2779     2646     2465     2265     2126     2147 
    2308     2500     2623     2633     2542     2411     2295     2227 
    2222     2297     2454     2639     2764     2768     2675     2555 
    2439     2335     2285     2335     2465     2584     2616     2539 
    2386     2205     2047     1965     2010     2200     2474     2705 
    2785     2705     2578     2527     2587     2709     2824     2909 
    2957     2953     2874     2743     2616     2519     2440     2385 
    2382     2425     2459     2451     2427     2444     2532     2668 
    2795     2868     2891     2884     2841     2728     2556     2394 
    2270     2151     2045     2010     2069     2162     2212     2220 
    2232     2254     2278     2347     2467     2583     2664     2704 
    2677     2573     2430     2316     2281     2332     2466     2681 
    2909     3018     2924     2663     2353     2123     2058     2150 
    2332     2558     2782     2924     2918     2791     2624     2482 
    2396     2362     2359     2373     2385     2366     2316     2259 
    2209     2170     2141     2116     2121     2180     2269     2338 
    2344     2292     2258     2296     2362     2393     2412     2461 
    2516     2520     2467     2415     2407     2446     2513     2574 
    2558     2420     2191     1952     1794     1773     1904     2160 
    2474     2740     2857     2778     2548     2267     2025     1876 
    1850     1937     2100     2301     2477     2529     2417     2205 
    2015     1929     1958     2102     2330     2546     2658     2643 
    2520     2313     2079     1881     1757     1713     1738     1809 
    1896     1971     1998     1945     1806     1644     1567     1621 
    1771     1941     2092     2232     2351     2393     2316     2146 
    1966     1840     1802     1850     1925     1956     1938     1911 
    1922     1962     2018     2087     2143     2168     2169     2157 
    2126     2084     2052     2045     2046     2041     2045     2089 
    2174     2251     2259     2168     1998     1817     1719     1775 
    1964     2196     2385     2473     2434     2277     2061     1872 
    1779     1790     1881     2022     2172     2258     2220     2081 
    1915     1800     1807     1961     2196     2394     2473     2439 
    2332     2185     2042     1944     1850     1726     1606     1563 
    1632     1802     2023     2224     2342     2334     2204     2023 
    1883     1817     1821     1912     2089     2289     2427     2439 
    2328     2162     2019     1956     1984     2061     2128     2160 
    2149     2076     1948     1825     1771     1769     1784     1830 
    1926     2023     2076     2073     2025     1960     1910     1873 
    1844     1833     1867     1922     1968     2001     2003     1933 
    1786     1591     1431     1425     1618     1946     2301     2608 
    2792     2799     2639     2396     2187     2065     2018     2026 
    2084     2174     2270     2335     2361     2376     2392     2403 
    2393     2389     2435     2521     2579     2571     2520     2450 
    2355     2211     2033     1903     1885     1945     2015     2070 
    2107     2133     2147     2144     2139     2161     2223     2308 
    2381     2407     2365     2270     2158     2058     1993     1965 
    1968     1980     1993     2025     2062     2061     2007     1930 
    1884     1907     1985     2074     2160     2249     2335     2416 
    2479     2482     2400     2269     2150     2110     2176     2309 
    2442     2532     2560     2536     2501     2494     2524     2574 
    2621     2652     2656     2628     2562     2482     2415     2407 
    2485     2610     2713     2755     2737     2673     2574     2442 
    2267     2047     1817     1637     1548     1571     1688     1840 
    1992     2120     2178     2158     2104     2037     1946     1849 
    1799     1852     2020     2227     2384     2452     2454     2392 
    2250     2049     1865     1767     1784     1912     2098     2284 
    2435     2523     2516     2424     2299     2176     2057     1952 
    1887     1911     2053     2274     2490     2646     2712     2695 
    2640     2574     2486     2362     2226     2106     1999     1885 
    1772     1709     1729     1819     1942     2076     2181     2223 
    2209     2173     2124     2053     1972     1919     1935     2016 
    2135     2235     2235     2111     1927     1781     1755     1840 
    1946     2019     2047     2018     1945     1872     1833     1852 
    1965     2142     2304     2421     2520     2621     2708     2744 
    2725     2641     2478     2257     2056     1964     2026     2199 
    2398     2569     2669     2685     2621     2524     2438     2389 
    2386     2407     2403     2343     2226     2074     1938     1858 
    1841     1887     2003     2162     2323     2427     2436     2355 
    2236     2144     2110     2116     2133     2134     2100     2041 
    1979     1945     1966     2062     2226     2413     2538     2535 
    2408     2199     1987     1856     1857     2010     2285     2569 
    2729     2733     2658     2563     2442     2303     2200     2200 
    2285     2396     2513     2610     2643     2596     2496     2408 
    2380     2407     2470     2546     2581     2540     2435     2296 
    2153     2070     2110     2253     2419     2551     2633     2662 
    2593     2397     2126     1841     1586     1435     1445     1613 
    1888     2185     2407     2477     2377     2169     1954     1814 
    1811     1982     2266     2505     2587     2506     2349     2192 
    2052     1960     1964     2034     2111     2178     2231     2270 
    2297     2311     2324     2355     2388     2389     2371     2358 
    2354     2350     2319     2249     2161     2095     2060     2047 
    2057     2088     2124     2146     2137     2123     2166     2267 
    2349     2331     2211     2066     1991     2027     2138     2266 
    2398     2544     2679     2764     2787     2748     2647     2527 
    2457     2474     2581     2728     2863     2975     3034     2994 
    2851     2624     2349     2087     1903     1829     1887     2081 
    2346     2581     2705     2683     2579     2497     2475     2498 
    2554     2643     2762     2844     2810     2675     2489     2297 
    2144     2064     2064     2121     2170     2157     2085     2010 
    1975     1973     1980     1982     1965     1934     1941     2015 
    2126     2226     2270     2249     2191     2138     2120     2146 
    2207     2286     2357     2407     2435     2432     2404     2377 
    2362     2359     2380     2434     2505     2582     2671     2771 
    2847     2849     2776     2674     2579     2489     2409     2388 
    2455     2565     2646     2659     2613     2531     2432     2338 
    2300     2342     2446     2565     2633     2617     2536     2428 
    2309     2193     2118     2111     2173     2274     2376     2417 
    2354     2199     2025     1904     1880     1952     2069     2188 
    2301     2416     2501     2505     2407     2231     2046     1933 
    1948     2098     2324     2501     2523     2400     2242     2126 
    2053     2010     2042     2165     2309     2390     2393     2354 
    2292     2201     2110     2074     2095     2120     2124     2124 
    2161     2239     2286     2215     2037     1852     1738     1707 
    1748     1856     2004     2149     2220     2168     2001     1807 
    1672     1658     1818     2130     2502     2820     3015     3079 
    3037     2907     2728     2563     2461     2427     2424     2407 
    2355     2243     2073     1907     1779     1682     1629     1677 
    1836     1998     2061     2050     2011     1917     1760     1636 
    1656     1809     1992     2130     2174     2111     1966     1764 
    1557     1426     1418     1521     1706     1935     2102     2126 
    2015     1807     1584     1474     1584     1898     2272     2559 
    2708     2695     2506     2191     1902     1784     1861     2052 
    2280     2516     2700     2714     2504     2161     1863     1698 
    1652     1744     2001     2334     2544     2504     2285     2060 
    1876     1688     1530     1479     1534     1660     1819     1954 
    2012     1980     1894     1815     1779     1767     1775     1850 
    1995     2130     2223     2317     2432     2525     2567     2548 
    2432     2182     1887     1715     1729     1833     1908     1926 
    1895     1786     1568     1329     1228     1332     1594     1935 
    2274     2523     2635     2620     2513     2385     2322     2373 
    2511     2617     2610     2542     2471     2374     2227     2100 
    2079     2163     2273     2338     2376     2404     2408     2380 
    2309     2184     2057     2001     2026     2085     2115     2097 
    2084     2107     2107     2034     1933     1878     1888     1946 
    2053     2204     2373     2508     2596     2694     2821     2899 
    2871     2754     2593     2466     2409     2371     2311     2278 
    2330     2436     2520     2535     2467     2311     2107     1952 
    1904     1954     2037     2081     2091     2138     2224     2272 
    2227     2137     2073     2058     2073     2081     2072     2070 
    2101     2160     2218     2226     2147     2000     1876     1849 
    1948     2178     2496     2771     2860     2717     2417     2076 
    1755     1498     1390     1497     1771     2076     2324     2517 
    2643     2601     2363     2077     1896     1841     1864     1946 
    2093     2284     2444     2505     2477     2419     2370     2361 
    2377     2388     2363     2246     2038     1852     1764     1776 
    1899     2097     2270     2349     2362     2394     2455     2481 
    2427     2346     2316     2322     2299     2239     2177     2158 
    2238     2416     2620     2731     2669     2489     2312     2219 
    2212     2254     2297     2343     2393     2384     2288     2154 
    2030     1923     1849     1844     1953     2143     2267     2241 
    2151     2130     2176     2180     2104     2053     2120     2250 
    2335     2338     2278     2166     2047     1968     1908     1829 
    1729     1638     1595     1644     1775     1921     2027     2115 
    2199     2235     2196     2137     2110     2114     2115     2093 
    2058     2053     2107     2220     2365     2509     2632     2673 
    2590     2440     2303     2205     2146     2098     2062     2065 
    2104     2130     2111     2091     2128     2214     2276     2247 
    2123     1980     1907     1937     2025     2089     2039     1844 
    1576     1358     1297     1448     1752     2046     2222     2273 
    2238     2155     2056     1964     1918     1954     2079     2254 
    2363     2331     2199     2031     1871     1763     1744     1804 
    1890     1960     2042     2166     2309     2446     2558     2621 
    2614     2516     2324     2115     1992     2020     2161     2304 
    2377     2397     2376     2301     2193     2092     2060     2142 
    2316     2498     2613     2619     2517     2373     2251     2177 
    2161     2214     2328     2455     2524     2484     2324     2097 
    1878     1729     1694     1769     1900     2030     2130     2199 
    2286     2409     2508     2560     2579     2560     2494     2367 
    2189     2034     1968     2008     2143     2312     2425     2423 
    2303     2111     1903     1710     1578     1549     1624     1750 
    1864     1934     1968     1981     2026     2157     2351     2519 
    2605     2604     2536     2440     2331     2200     2066     1969 
    1926     1949     2033     2138     2224     2236     2137     1956 
    1755     1575     1466     1462     1559     1734     1948     2130 
    2235     2266     2232     2134     1979     1784     1582     1421 
    1332     1328     1414     1559     1703     1821     1894     1926 
    1925     1898     1881     1925     2010     2074     2098     2093 
    2087     2102     2126     2137     2111     2038     1937     1898 
    1954     2014     1998     1949     1927     1908     1867     1803 
    1737     1694     1687     1717     1795     1921     2031     2077 
    2087     2102     2116     2098     2045     1980     1938     1939 
    1977     2033     2081     2114     2150     2223     2342     2490 
    2660     2849     3010     3082     3082     3057     3033     3003 
    2947     2880     2856     2870     2863     2824     2772     2708 
    2639     2598     2592     2623     2713     2821     2853     2792 
    2702     2613     2513     2385     2228     2061     1923     1852 
    1837     1813     1773     1737     1703     1698     1763     1873 
    1962     1981     1941     1918     1945     1982     2026     2104 
    2182     2178     2069     1908     1779     1744     1817     1949 
    2092     2231     2366     2466     2516     2516     2450     2338 
    2211     2061     1911     1818     1815     1892     1987     2039 
    2030     1980     1919     1868     1861     1915     2015     2137 
    2241     2296     2284     2187     2006     1795     1637     1579 
    1595     1675     1859     2161     2497     2744     2832     2794 
    2698     2614     2587     2619     2697     2830     2986     3102 
    3126     3033     2828     2555     2284     2076     1949     1890 
    1887     1949     2043     2111     2081     1939     1757     1618 
    1551     1563     1645     1776     1918     1999     1975     1865 
    1723     1610     1566     1583     1667     1807     1942     2004 
    2020     2062     2149     2263     2403     2578     2774     2921 
    2936     2820     2629     2384     2091     1806     1614     1557 
    1602     1715     1892     2104     2303     2425     2427     2334 
    2247     2300     2520     2808     3041     3160     3138     2997 
    2783     2531     2292     2143     2115     2177     2284     2382 
    2446     2457     2403     2285     2096     1852     1637     1512 
    1489     1576     1773     2043     2312     2481     2508     2430 
    2301     2195     2185     2253     2304     2282     2184     2019 
    1826     1687     1682     1844     2120     2409     2639     2767 
    2772     2636     2359     2018     1780     1759     1917     2134 
    2300     2388     2463     2559     2664     2785     2924     3068 
    3222     3375     3454     3400     3223     2980     2740     2554 
    2446     2424     2461     2485     2417     2253     2092     2037 
    2077     2149     2231     2342     2478     2610     2681     2633 
    2463     2208     1930     1706     1601     1651     1825     2011 
    2097     2070     1977     1840     1665     1513     1471     1590 
    1826     2098     2334     2471     2474     2380     2241     2097 
    1991     1923     1888     1903     1962     2023     2031     1965 
    1878     1865     1953     2130     2377     2651     2884     2986 
    2905     2691     2438     2200     2023     1948     1961     2022 
    2069     2057     1993     1926     1896     1915     1971     2045 
    2130     2214     2253     2242     2222     2246     2357     2546 
    2737     2855     2874     2772     2583     2415     2354     2378 
    2411     2435     2440     2374     2223     2058     1939     1841 
    1728     1624     1574     1587     1645     1711     1753     1771 
    1773     1777     1772     1737     1723     1800     1923     2019 
    2085     2120     2107     2049     1956     1829     1703     1636 
    1642     1702     1786     1815     1734     1566     1381     1224 
    1081      919      739      592      504      471      464      438 
     361      263      224      280      383      440      429      413 
     410      407      436      510      598      680      765      882 
    1047     1189     1220     1150     1058     1005     1017     1120 
    1308     1549     1794     1987     2084     2056     1895     1683 
    1552     1574     1745     2030     2361     2687     2970     3133 
    3149     3100     3099     3191     3360     3563     3765     3935 
    4040     4066     4045     4005     3956     3951     4043     4218 
    4409     4546     4591     4567     4540     4560     4672     4897 
    5171     5414     5605     5737     5776     5717     5598     5481 
    5420     5436     5460     5390     5169     4835     4476     4159 
    3951     3925     4099     4396     4700     4909     4976     4885 
    4635     4278     3928     3697     3626     3705     3908     4158 
    4356     4403     4232     3844     3322     2779     2312     1996 
    1868     1869     1902     1906     1840     1669     1421     1155 
     909      724      648      675      753      827      870      885 
     862      799      737      731      765      784      778      778 
     815      884      945      972      946      843      666      464 
     274       74     -148     -382     -596     -766     -869     -918 
    -936     -908     -830     -772     -801     -920    -1071    -1206 
   -1275    -1233    -1051     -765     -467     -256     -171     -156 
    -109       44      317      653      961     1183     1340     1485 
    1630     1794     2011     2290     2623     2988     3329     3595 
    3759     3804     3769     3738     3719     3634     3451     3248 
    3102     3042     3052     3106     3188     3242     3221     3150 
    3100     3075     3036     2992     2980     3011     3098     3232 
    3369     3459     3483     3416     3275     3121     3022     3022 
    3113     3231     3294     3265     3148     2937     2650     2343 
    2076     1869     1717     1602     1501     1389     1291     1267 
    1345     1505     1669     1732     1632     1383     1050      710 
     434      256      174      155      137       71      -44     -175 
    -259     -295     -363     -532     -780    -1053    -1314    -1541 
   -1701    -1773    -1744    -1615    -1439    -1281    -1173    -1129 
   -1152    -1202    -1208    -1144    -1026     -861     -661     -448 
    -225       20      279      538      788     1030     1264     1474 
    1652     1858     2169     2592     3069     3546     4002     4395 
    4660     4753     4698     4572     4452     4384     4414     4560 
    4788     5042     5262     5390     5373     5196     4918     4644 
    4442     4345     4360     4438     4475     4380     4158     3890 
    3657     3480     3385     3397     3466     3484     3392     3194 
    2937     2682     2448     2232     2072     2022     2089     2263 
    2511     2763     2976     3149     3276     3343     3368     3375 
    3364     3330     3303     3315     3355     3395     3420     3456 
    3539     3650     3724     3716     3599     3365     3082     2844 
    2698     2619     2577     2570     2627     2762     2961     3192 
    3412     3603     3793     4009     4228     4440     4641     4822 
    4982     5117     5213     5297     5389     5432     5364     5212 
    5069     4996     4994     5044     5105     5107     4997     4792 
    4534     4279     4099     4043     4102     4225     4330     4338 
    4260     4156     4088     4101     4178     4288     4393     4445 
    4411     4295     4104     3877     3647     3416     3199     3034 
    2918     2811     2714     2698     2822     3042     3252     3373 
    3365     3180     2803     2295     1792     1433     1287     1404 
    1796     2338     2813     3099     3192     3145     3007     2836 
    2702     2662     2724     2889     3118     3338     3465     3427 
    3222     2930     2600     2215     1788     1372     1051      877 
     849      945     1111     1237     1255     1175     1034      858 
     672      522      472      546      715      932     1154     1343 
    1490     1615     1745     1878     1954     1890     1656     1312 
     963      711      612      665      827     1071     1362     1609 
    1691     1524     1146      688      234     -171     -444     -526 
    -473     -344     -153       49      182      224      234      266 
     325      405      515      670      846      992     1070     1115 
    1154     1183     1236     1347     1493     1622     1688     1656 
    1517     1274      951      623      403      359      473      689 
     928     1107     1167     1086      861      560      307      198 
     265      487      808     1173     1520     1772     1887     1912 
    1962     2134     2432     2775     3068     3252     3308     3248 
    3140     3103     3241     3538     3848     4021     4002     3800 
    3450     3049     2736     2605     2647     2766     2868     2898 
    2814     2602     2336     2166     2184     2378     2691     3042 
    3348     3561     3653     3651     3647     3699     3784     3834 
    3770     3591     3368     3171     3030     2903     2713     2494 
    2380     2434     2584     2695     2695     2619     2513     2405 
    2293     2195     2137     2096     2012     1890     1798     1806 
    1952     2236     2616     3009     3336     3563     3699     3781 
    3850     3956     4162     4504     4950     5375     5659     5745 
    5632     5328     4893     4460     4136     3917     3751     3613 
    3543     3574     3634     3624     3541     3470     3503     3659 
    3852     3959     3871     3569     3168     2857     2775     2918 
    3191     3508     3839     4163     4423     4558     4563     4491 
    4436     4490     4683     5005     5422     5825     6060     6026 
    5705     5169     4563     4033     3701     3607     3689     3804 
    3802     3624     3307     2932     2594     2384     2382     2647 
    3156     3782     4371     4816     5054     5053     4843     4504 
    4151     3909     3842     3943     4116     4240     4248     4159 
    4027     3908     3854     3890     3994     4129     4274     4391 
    4428     4321     4068     3761     3500     3306     3161     3064 
    3036     3071     3118     3145     3177     3252     3355     3459 
    3565     3658     3680     3599     3440     3261     3064     2839 
    2590     2316     2011     1703     1448     1275     1165     1069 
     958      864      842      911     1077     1364     1709     1939 
    1956     1804     1583     1350     1127      928      784      739 
     819      992     1197     1397     1548     1620     1624     1610 
    1628     1732     1933     2166     2384     2590     2756     2818 
    2764     2656     2575     2556     2586     2677     2863     3142 
    3443     3669     3775     3796     3790     3804     3838     3877 
    3924     4013     4176     4395     4595     4684     4606     4356 
    3969     3523     3123     2866     2814     2976     3296     3728 
    4205     4596     4785     4733     4473     4120     3793     3561 
    3438     3415     3465     3546     3620     3650     3586     3392 
    3073     2725     2475     2382     2438     2619     2886     3175 
    3407     3530     3555     3532     3505     3461     3366     3223 
    3068     2955     2901     2879     2868     2876     2901     2913 
    2895     2879     2936     3113     3368     3622     3848     4039 
    4144     4110     3969     3807     3682     3600     3547     3501 
    3427     3314     3152     2926     2647     2343     2053     1850 
    1792     1871     2038     2242     2436     2567     2570     2436 
    2245     2085     2012     2037     2150     2308     2417     2421 
    2311     2079     1741     1362     1039      838      728      666 
     668      778      984     1201     1379     1521     1648     1753 
    1795     1750     1653     1580     1591     1699     1878     2085 
    2253     2334     2331     2276     2188     2092     2027     2020 
    2102     2309     2581     2770     2764     2582     2340     2150 
    2042     2022     2098     2241     2342     2285     2030     1657 
    1298     1053      954      980     1074     1177     1250     1308 
    1386     1509     1701     1926     2077     2062     1887     1652 
    1452     1296     1150     1034      999     1016      984      819 
     540      255       64       22      149      418      743      999 
    1088     1003      796      526      287      178      236      442 
     746     1053     1264     1333     1256     1069      826      610 
     496      521      681      926     1185     1425     1622     1717 
    1663     1485     1244     1019      866      797      803      854 
     896      924     1015     1210     1467     1684     1777     1733 
    1611     1482     1360     1250     1179     1169     1221     1352 
    1544     1729     1829     1798     1656     1433     1159      877 
     649      560      664      918     1230     1505     1649     1642 
    1501     1229      900      652      568      656      888     1210 
    1552     1831     1965     1929     1776     1603     1494     1495 
    1615     1823     2027     2130     2115     2004     1776     1410 
     951      510      228      191      400      796     1264     1671 
    1925     1960     1734     1316      903      711      886     1428 
    2170     2875     3308     3307     2882     2226     1588     1147 
     989     1142     1552     2061     2457     2589     2442     2101 
    1676     1281     1039     1031     1247     1610     1981     2211 
    2188     1890     1412      912      540      406      549      918 
    1389     1811     2053     2056     1841     1483     1057      648 
     325      102      -18      -32       51      194      334      405 
     383      310      256      289      448      681      868      926 
     850      658      386      128      -16       -5      108      236 
     337      454      626      814      954     1017     1023     1028 
    1081     1185     1324     1447     1526     1576     1618     1613 
    1478     1175      747      275     -120     -299     -205       75 
     387      604      629      360     -194     -874    -1437    -1667 
   -1498    -1039     -496      -81       62      -94     -463     -870 
   -1150    -1204    -1000     -562        4      545      918     1077 
    1073      967      810      656      553      513      514      571 
     689      864     1088     1318     1471     1462     1290     1069 
     884      715      556      430      344      309      344      413 
     438      383      280      171       72       22       56      174 
     378      661      981     1258     1439     1516     1476     1279 
     927      519      216      110      153      225      259      288 
     363      471      579      683      764      819      877      992 
    1192     1441     1698     1956     2207     2404     2465     2319 
    1960     1485     1081      876      857      943     1084     1287 
    1526     1674     1626     1405     1120      911      911     1201 
    1765     2477     3138     3534     3511     3071     2377     1660 
    1124      888      967     1278     1677     1999     2133     2083 
    1900     1632     1323     1031      864      908     1112     1343 
    1483     1526     1567     1648     1707     1696     1632     1586 
    1644     1842     2137     2403     2505     2404     2185     1980 
    1852     1786     1772     1876     2104     2313     2346     2176 
    1857     1418      884      378       97      148      469      911 
    1318     1559     1568     1366      989      548      217      144 
     383      834     1252     1426     1332     1073      776      577 
     546      656      890     1255     1692     2089     2392     2592 
    2644     2512     2257     1996     1825     1780     1850     2011 
    2227     2419     2492     2408     2189     1910     1684     1617 
    1741     1982     2201     2295     2232     2039     1792     1593 
    1525     1625     1846     2060     2130     2001     1728     1457 
    1317     1358     1605     2034     2525     2910     3067     2960 
    2652     2274     1961     1794     1795     1948     2201     2446 
    2542     2405     2056     1583     1129      808      689      824 
    1201     1710     2222     2609     2792     2776     2605     2380 
    2203     2096     2077     2169     2315     2407     2385     2262 
    2096     1933     1780     1649     1574     1571     1632     1748 
    1872     1935     1902     1777     1571     1318     1062      837 
     734      881     1285     1792     2243     2539     2650     2647 
    2641     2633     2570     2450     2311     2162     2015     1929 
    1969     2130     2338     2482     2493     2377     2137     1833 
    1609     1548     1587     1665     1791     1956     2097     2107 
    1930     1641     1405     1333     1452     1755     2203     2674 
    3032     3230     3237     3006     2577     2083     1665     1460 
    1528     1806     2193     2597     2905     3051     3042     2899 
    2650     2363     2128     2012     2007     1993     1875     1688 
    1535     1487     1561     1738     1966     2163     2250     2199 
    2052     1878     1769     1814     2031     2332     2578     2666 
    2590     2401     2166     1958     1840     1864     2037     2319 
    2671     3046     3375     3605     3693     3628     3510     3442 
    3404     3333     3221     3100     2986     2867     2735     2625 
    2578     2605     2683     2787     2932     3126     3330     3485 
    3600     3707     3788     3836     3893     3967     4014     3987 
    3865     3699     3574     3546     3630     3788     3925     3947 
    3828     3597     3299     3002     2813     2820     2997     3210 
    3336     3360     3334     3261     3092     2806     2448     2116 
    1900     1865     2000     2215     2444     2685     2937     3169 
    3311     3312     3226     3175     3222     3336     3511     3723 
    3889     3919     3770     3449     3056     2759     2669     2797 
    3099     3488     3838     4039     4048     3923     3766     3658 
    3661     3793     4008     4220     4369     4437     4423     4360 
    4293     4236     4159     4027     3867     3747     3719     3819 
    4029     4279     4514     4693     4745     4591     4241     3820 
    3478     3319     3397     3682     4009     4200     4203     4033 
    3724     3348     3001     2775     2745     2917     3208     3500 
    3673     3661     3491     3261     3056     2941     2982     3186 
    3480     3762     3931     3898     3676     3369     3075     2880 
    2870     3057     3391     3765     4036     4122     4027     3790 
    3495     3213     2951     2706     2521     2442     2478     2613 
    2811     3028     3218     3353     3422     3430     3407     3379 
    3348     3343     3381     3426     3456     3511     3620     3742 
    3812     3805     3759     3734     3734     3728     3721     3740 
    3780     3792     3736     3613     3457     3308     3196     3142 
    3161     3240     3348     3464     3566     3619     3578     3451 
    3302     3150     2984     2829     2763     2866     3173     3605 
    4001     4236     4252     4051     3726     3407     3190     3121 
    3223     3437     3634     3712     3638     3474     3329     3234 
    3172     3117     3051     2974     2905     2857     2840     2835 
    2813     2755     2675     2606     2560     2527     2492     2438 
    2340     2181     1980     1776     1625     1578     1649     1811 
    2029     2253     2407     2439     2370     2262     2147     2004 
    1846     1767     1852     2102     2457     2843     3177     3396 
    3464     3355     3111     2847     2674     2620     2648     2706 
    2744     2727     2628     2446     2218     1999     1878     1938 
    2170     2498     2868     3213     3422     3400     3150     2770 
    2371     2068     1929     1948     2064     2207     2326     2396 
    2394     2293     2095     1844     1611     1457     1405     1457 
    1606     1813     1981     2030     1945     1771     1564     1375 
    1246     1189     1189     1237     1362     1554     1745     1833 
    1767     1574     1333     1127     1026     1105     1387     1800 
    2200     2454     2501     2381     2170     1945     1779     1737 
    1841     2069     2338     2536     2567     2404     2124     1877 
    1765     1795     1917     2074     2219     2322     2370     2350 
    2215     1968     1703     1564     1622     1858     2214     2587 
    2862     2964     2882     2678     2446     2274     2207     2230 
    2277     2303     2308     2286     2207     2084     1964     1869 
    1800     1763     1775     1830     1865     1829     1755     1701 
    1707     1779     1899     2049     2212     2366     2496     2578 
    2582     2536     2508     2544     2636     2743     2802     2751 
    2582     2365     2170     2053     2056     2158     2307     2461 
    2552     2501     2299     2026     1804     1736     1838     2060 
    2326     2597     2841     2992     3014     2937     2826     2747 
    2740     2811     2938     3087     3202     3218     3106     2889 
    2619     2363     2193     2142     2172     2214     2231     2215 
    2157     2060     1930     1810     1775     1856     2034     2267 
    2517     2725     2818     2779     2693     2617     2540     2461 
    2405     2371     2331     2270     2205     2166     2170     2219 
    2305     2420     2548     2652     2704     2700     2654     2587 
    2532     2511     2519     2559     2612     2617     2535     2380 
    2201     2065     2026     2092     2215     2335     2403     2365 
    2193     1933     1698     1587     1626     1767     1912     1977 
    1937     1803     1590     1354     1177     1097     1109     1171 
    1223     1215     1128      981      816      699      683      745 
     858     1000     1123     1208     1258     1252     1182     1094 
    1039     1035     1081     1177     1297     1410     1483     1489 
    1455     1424     1413     1401     1378     1378     1443     1554 
    1647     1677     1668     1645     1606     1559     1552     1617 
    1726     1799     1760     1632     1509     1468     1528     1652 
    1775     1865     1898     1830     1671     1457     1233     1073 
    1046     1135     1254     1316     1286     1185     1060      940 
     864      881     1011     1220     1418     1520     1509     1437 
    1317     1155      982      862      862     1004     1236     1455 
    1566     1532     1379     1170     1013      993     1109     1293 
    1455     1545     1575     1579     1593     1638     1723     1811 
    1899     2037     2226     2409     2528     2558     2506     2398 
    2263     2139     2062     2049     2091     2162     2250     2369 
    2508     2617     2655     2613     2516     2430     2431     2519 
    2627     2713     2785     2840     2862     2852     2840     2870 
    2965     3084     3184     3269     3354     3427     3450     3388 
    3260     3126     3063     3086     3144     3180     3196     3221 
    3257     3268     3222     3122     2990     2837     2700     2601 
    2554     2584     2704     2874     3086     3336     3563     3684 
    3657     3508     3294     3061     2874     2791     2825     2944 
    3118     3323     3505     3627     3693     3719     3709     3680 
    3653     3649     3674     3707     3716     3700     3677     3651 
    3622     3595     3554     3473     3365     3272     3223     3204 
    3190     3198     3242     3272     3248     3171     3055     2921 
    2799     2702     2633     2620     2685     2799     2911     2988 
    3017     2992     2926     2816     2663     2521     2454     2492 
    2610     2756     2884     2957     2951     2872     2772     2702 
    2697     2775     2924     3073     3167     3200     3184     3129 
    3055     2984     2949     2976     3051     3123     3154     3126 
    3030     2893     2764     2667     2586     2497     2413     2378 
    2407     2471     2540     2593     2625     2651     2678     2674 
    2613     2527     2454     2421     2440     2471     2482     2484 
    2479     2482     2504     2548     2593     2583     2500     2384 
    2289     2257     2274     2300     2316     2300     2228     2107 
    1989     1934     1945     1998     2070     2130     2144     2084 
    1949     1779     1618     1502     1478     1580     1768     1956 
    2081     2120     2074     1984     1907     1868     1861     1875 
    1898     1926     1964     1989     1982     1960     1934     1911 
    1890     1865     1842     1838     1864     1902     1945     2000 
    2066     2128     2165     2173     2160     2130     2085     2029 
    1979     1949     1939     1942     1956     1996     2061     2106 
    2076     1981     1869     1749     1622     1514     1480     1557 
    1696     1809     1856     1864     1858     1856     1863     1880 
    1907     1915     1878     1798     1695     1595     1513     1474 
    1487     1516     1517     1495     1474     1463     1462     1467 
    1479     1521     1606     1709     1767     1761     1707     1622 
    1507     1374     1250     1167     1136     1140     1144     1120 
    1071     1035     1031     1034     1026     1031     1085     1197 
    1348     1494     1601     1644     1618     1568     1545     1571 
    1640     1749     1903     2085     2241     2323     2335     2300 
    2231     2157     2128     2187     2323     2469     2559     2565 
    2505     2408     2281     2130     1984     1857     1742     1634 
    1543     1474     1431     1421     1441     1478     1516     1517 
    1451     1316     1147      989      897      911     1030     1223 
    1447     1641     1752     1769     1706     1574     1408     1281 
    1255     1350     1530     1722     1861     1915     1864     1722 
    1541     1389     1308     1317     1409     1543     1649     1690 
    1675     1621     1526     1418     1339     1320     1374     1493 
    1638     1759     1818     1798     1699     1556     1401     1260 
    1162     1136     1190     1310     1482     1668     1809     1867 
    1836     1737     1603     1463     1363     1336     1372     1457 
    1580     1703     1781     1800     1759     1663     1532     1385 
    1240     1140     1124     1188     1277     1347     1379     1387 
    1397     1404     1391     1366     1344     1345     1366     1379 
    1385     1401     1433     1464     1464     1418     1354     1304 
    1286     1300     1355     1443     1512     1528     1509     1474 
    1440     1433     1468     1528     1567     1545     1483     1428 
    1437     1526     1664     1809     1938     2033     2062     2029 
    1968     1923     1908     1923     1962     2000     2020     2038 
    2081     2153     2242     2312     2322     2277     2212     2134 
    2043     1956     1907     1917     1949     1956     1942     1926 
    1923     1929     1929     1937     1972     2010     2043     2101 
    2191     2292     2382     2461     2519     2544     2532     2490 
    2461     2479     2523     2556     2582     2606     2617     2601 
    2556     2489     2425     2403     2442     2527     2610     2654 
    2633     2550     2425     2280     2151     2083     2083     2149 
    2263     2377     2461     2505     2475     2373     2254     2173 
    2147     2169     2227     2315     2421     2519     2569     2540 
    2465     2415     2419     2447     2463     2467     2471     2474 
    2444     2363     2246     2143     2092     2107     2193     2335 
    2504     2669     2795     2844     2813     2747     2694     2691 
    2744     2817     2878     2917     2933     2941     2959     2978 
    2983     2971     2941     2903     2876     2870     2874     2894 
    2951     3036     3109     3142     3136     3095     3040     2995 
    2975     2980     3017     3079     3142     3188     3210     3208 
    3186     3145     3092     3028     2957     2905     2878     2870 
    2868     2870     2867     2837     2762     2662     2569     2524 
    2551     2632     2727     2805     2841     2826     2775     2708 
    2627     2538     2458     2409     2416     2477     2544     2563 
    2509     2388     2243     2134     2095     2147     2280     2454 
    2624     2758     2821     2790     2679     2528     2396     2346 
    2420     2601     2820     3010     3122     3127     3061     2986 
    2941     2922     2914     2907     2894     2863     2817     2767 
    2710     2629     2523     2408     2326     2312     2367     2451 
    2515     2535     2511     2451     2389     2365     2377     2396 
    2411     2438     2489     2556     2625     2677     2688     2648 
    2581     2527     2531     2594     2690     2786     2868     2956 
    3069     3188     3262     3264     3192     3073     2949     2857 
    2806     2787     2786     2795     2821     2871     2922     2944 
    2924     2859     2754     2650     2579     2550     2565     2619 
    2695     2790     2884     2948     2970     2957     2914     2837 
    2739     2639     2543     2461     2388     2311     2250     2235 
    2278     2353     2404     2382     2293     2193     2143     2155 
    2204     2267     2335     2378     2374     2330     2269     2214 
    2188     2220     2312     2420     2501     2532     2497     2407 
    2295     2184     2085     2006     1948     1915     1898     1896 
    1914     1945     1984     2018     2025     1998     1944     1876 
    1831     1845     1914     2008     2087     2137     2160     2166 
    2168     2163     2146     2123     2093     2060     2046     2076 
    2139     2205     2249     2274     2297     2312     2296     2255 
    2211     2173     2146     2130     2118     2101     2085     2065 
    2034     2004     1984     1949     1883     1790     1705     1660 
    1663     1677     1672     1647     1617     1590     1570     1571 
    1610     1690     1788     1885     1979     2065     2111     2114 
    2083     2034     1993     1972     1969     1988     2018     2057 
    2107     2165     2195     2173     2114     2062     2049     2091 
    2178     2282     2374     2436     2451     2407     2301     2150 
    1982     1840     1746     1688     1652     1636     1640     1653 
    1660     1629     1560     1482     1410     1354     1323     1316 
    1329     1362     1404     1436     1455     1449     1413     1364 
    1332     1328     1354     1399     1445     1467     1464     1451 
    1437     1425     1416     1410     1418     1451     1497     1540 
    1575     1602     1622     1632     1644     1656     1665     1683 
    1715     1750     1767     1759     1738     1719     1690     1663 
    1671     1723     1802     1892     1981     2053     2088     2079 
    2043     2010     1995     2003     2034     2088     2150     2215 
    2280     2340     2396     2440     2470     2492     2506     2498 
    2469     2451     2470     2512     2556     2586     2587     2558 
    2502     2438     2381     2338     2286     2218     2146     2083 
    2052     2085     2191     2354     2540     2690     2771     2792 
    2771     2716     2651     2621     2647     2700     2740     2764 
    2791     2809     2799     2778     2767     2778     2810     2825 
    2808     2787     2771     2747     2710     2660     2596     2532 
    2502     2513     2539     2556     2560     2555     2548     2531 
    2500     2466     2430     2390     2347     2313     2315     2357 
    2424     2502     2567     2597     2594     2577     2554     2527 
    2504     2506     2550     2629     2733     2832     2889     2889 
    2832     2721     2592     2466     2350     2259     2214     2214 
    2245     2296     2351     2386     2378     2336     2278     2224 
    2192     2188     2220     2296     2396     2482     2528     2525 
    2488     2442     2416     2407     2413     2434     2457     2459 
    2434     2393     2354     2330     2323     2324     2322     2316 
    2296     2242     2173     2133     2151     2230     2338     2439 
    2516     2554     2546     2488     2392     2299     2249     2257 
    2303     2338     2319     2251     2157     2046     1921     1800 
    1713     1672     1683     1732     1799     1873     1948     2003 
    2011     1948     1826     1698     1597     1537     1518     1543 
    1617     1726     1826     1873     1840     1740     1618     1518 
    1466     1478     1560     1690     1837     1977     2079     2115 
    2092     2030     1953     1880     1829     1821     1868     1964 
    2064     2119     2116     2077     2030     1993     1977     1987 
    2014     2062     2135     2220     2297     2331     2293     2196 
    2087     1988     1926     1926     1995     2111     2243     2353 
    2403     2386     2323     2235     2151     2111     2118     2157 
    2223     2300     2346     2342     2303     2263     2253     2288 
    2359     2442     2515     2554     2540     2486     2412     2323 
    2238     2165     2119     2120     2161     2223     2282     2305 
    2274     2209     2144     2115     2128     2162     2182     2180 
    2160     2130     2093     2066     2053     2039     2022     2011 
    2007     2006     2007     1995     1958     1898     1842     1829 
    1868     1929     1972     1987     1975     1952     1944     1972 
    2034     2107     2172     2205     2219     2219     2211     2207 
    2226     2265     2299     2311     2288     2238     2181     2137 
    2118     2128     2160     2203     2235     2238     2214     2170 
    2137     2135     2162     2219     2278     2317     2351     2394 
    2463     2558     2650     2732     2810     2857     2859     2814 
    2735     2655     2604     2584     2579     2593     2639     2702 
    2743     2739     2694     2636     2610     2632     2681     2733 
    2792     2848     2884     2893     2872     2833     2778     2712 
    2647     2612     2616     2647     2691     2747     2783     2759 
    2666     2527     2389     2276     2195     2155     2178     2241 
    2284     2266     2188     2069     1938     1823     1746     1719 
    1749     1813     1868     1900     1918     1927     1927     1922 
    1919     1929     1946     1975     2027     2087     2144     2201 
    2243     2262     2254     2209     2137     2057     2000     1980 
    1991     2030     2087     2141     2178     2180     2150     2110 
    2061     2003     1933     1854     1798     1784     1818     1867 
    1896     1907     1919     1961     2037     2119     2187     2234 
    2250     2223     2172     2121     2089     2083     2097     2120 
    2146     2163     2151     2097     2018     1945     1912     1926 
    1980     2066     2166     2253     2309     2335     2336     2334 
    2327     2309     2293     2289     2293     2301     2317     2349 
    2385     2398     2371     2323     2274     2224     2166     2114 
    2079     2062     2057     2060     2061     2052     2042     2045 
    2043     2019     1980     1942     1922     1930     1971     2042 
    2123     2182     2200     2162     2079     1987     1917     1888 
    1895     1915     1941     1960     1949     1906     1826     1734 
    1658     1620     1620     1649     1706     1776     1844     1896 
    1930     1956     1979     1999     2012     2011     2001     2008 
    2034     2061     2089     2121     2142     2149     2151     2135 
    2096     2060     2050     2061     2072     2073     2064     2050 
    2046     2046     2037     2034     2052     2085     2130     2180 
    2228     2274     2309     2331     2351     2378     2423     2467 
    2492     2492     2467     2423     2376     2354     2359     2385 
    2430     2489     2546     2594     2644     2701     2763     2817 
    2855     2875     2876     2847     2805     2779     2779     2806 
    2855     2898     2910     2890     2844     2787     2740     2697 
    2636     2567     2528     2535     2575     2624     2669     2704 
    2713     2691     2641     2577     2519     2488     2494     2531 
    2570     2596     2606     2612     2609     2586     2551     2531 
    2538     2550     2556     2559     2554     2536     2508     2469 
    2423     2378     2344     2327     2338     2382     2442     2496 
    2531     2532     2517     2508     2506     2520     2554     2587 
    2612     2628     2625     2597     2555     2515     2486     2486 
    2523     2581     2621     2625     2589     2521     2444     2374 
    2331     2330     2362     2407     2425     2385     2297     2195 
    2097     2025     1998     2033     2126     2262     2389     2458 
    2459     2404     2322     2253     2222     2232     2280     2357 
    2444     2512     2531     2490     2404     2311     2239     2214 
    2238     2295     2373     2452     2505     2523     2506     2466 
    2409     2344     2284     2245     2247     2290     2343     2386 
    2416     2424     2411     2377     2331     2274     2222     2192 
    2195     2223     2272     2330     2382     2400     2370     2308 
    2234     2166     2130     2133     2166     2220     2281     2344 
    2413     2475     2513     2515     2479     2420     2349     2281 
    2226     2193     2196     2235     2293     2359     2416     2446 
    2440     2400     2340     2284     2251     2249     2273     2316 
    2374     2421     2442     2446     2430     2385     2313     2228 
    2157     2120     2121     2155     2215     2296     2371     2423 
    2430     2385     2309     2236     2187     2163     2163     2182 
    2222     2269     2297     2296     2274     2243     2201     2151 
    2101     2066     2061     2079     2119     2177     2234     2262 
    2255     2220     2160     2095     2053     2046     2061     2083 
    2079     2041     1989     1938     1895     1877     1891     1917 
    1944     1973     1995     1996     1979     1942     1896     1857 
    1829     1800     1767     1744     1738     1750     1771     1784 
    1809     1852     1890     1895     1868     1821     1771     1738 
    1742     1783     1854     1941     2023     2081     2110     2110 
    2089     2062     2037     2027     2046     2097     2162     2212 
    2238     2246     2242     2234     2223     2204     2184     2158 
    2118     2074     2039     2006     1975     1949     1926     1910 
    1910     1914     1915     1919     1925     1921     1915     1921 
    1937     1945     1934     1914     1900     1895     1887     1876 
    1871     1867     1859     1856     1846     1819     1791     1776 
    1777     1807     1871     1946     2008     2042     2046     2020 
    1982     1944     1917     1906     1900     1902     1917     1930 
    1934     1933     1934     1933     1927     1927     1941     1965 
    1987     2011     2052     2111     2169     2201     2215     2222 
    2218     2208     2203     2207     2212     2215     2207     2177 
    2137     2091     2039     2007     2015     2057     2107     2143 
    2153     2133     2085     2033     1989     1973     2007     2077 
    2151     2214     2246     2236     2193     2142     2091     2045 
    2012     2006     2034     2088     2137     2165     2165     2139 
    2107     2089     2083     2079     2068     2053     2046     2046 
    2038     2015     1993     1981     1981     2003     2042     2076 
    2093     2101     2102     2095     2085     2079     2087     2115 
    2149     2169     2181     2189     2187     2180     2173     2166 
    2161     2158     2162     2185     2223     2265     2309     2359 
    2408     2442     2454     2442     2417     2400     2397     2409 
    2430     2442     2439     2405     2346     2273     2204     2165 
    2162     2184     2224     2276     2326     2367     2392     2409 
    2432     2458     2469     2463     2446     2416     2389     2381 
    2397     2436     2486     2527     2546     2543     2525     2506 
    2501     2516     2551     2593     2633     2667     2686     2686 
    2675     2663     2655     2639     2616     2593     2563     2528 
    2496     2470     2452     2436     2416     2397     2381     2369 
    2361     2347     2316     2282     2250     2215     2195     2189 
    2187     2177     2163     2155     2160     2170     2182     2188 
    2180     2176     2187     2218     2262     2308     2349     2371 
    2382     2393     2397     2394     2382     2361     2342     2319 
    2273     2212     2147     2077     2019     1988     1981     1988 
    1995     1991     1973     1945     1912     1887     1883     1892 
    1908     1929     1949     1977     2007     2034     2058     2070 
    2066     2053     2041     2026     2008     1993     1988     1993 
    2016     2041     2056     2065     2069     2062     2046     2026 
    2003     1981     1960     1937     1914     1898     1890     1903 
    1939     1993     2065     2143     2215     2276     2319     2338 
    2338     2335     2342     2351     2369     2388     2389     2374 
    2358     2343     2324     2304     2285     2270     2259     2255 
    2253     2242     2224     2204     2182     2160     2126     2084 
    2046     2033     2045     2074     2102     2116     2115     2102 
    2077     2037     1980     1933     1919     1937     1979     2029 
    2072     2098     2111     2106     2084     2061     2053     2068 
    2096     2123     2141     2143     2128     2101     2074     2042 
    2006     1971     1949     1954     1979     2015     2037     2023 
    1992     1962     1934     1921     1935     1982     2053     2121 
    2162     2165     2134     2085     2034     2001     2000     2020 
    2052     2089     2135     2178     2219     2251     2267     2274 
    2276     2265     2246     2222     2193     2168     2155     2158 
    2160     2139     2107     2085     2076     2084     2102     2116 
    2126     2133     2126     2102     2072     2052     2046     2046 
    2056     2073     2091     2101     2106     2104     2096     2089 
    2087     2091     2100     2111     2124     2141     2150     2143 
    2121     2102     2088     2062     2031     2011     2001     1995 
    1996     2010     2034     2062     2084     2096     2107     2114 
    2106     2084     2060     2047     2064     2101     2146     2188 
    2212     2211     2188     2161     2141     2133     2138     2158 
    2182     2204     2211     2205     2188     2150     2106     2081 
    2083     2107     2154     2196     2220     2226     2214     2187 
    2169     2178     2214     2266     2324     2366     2385     2377 
    2350     2309     2267     2238     2227     2239     2282     2351 
    2432     2502     2536     2529     2501     2473     2447     2428 
    2427     2450     2492     2540     2575     2592     2593     2579 
    2559     2552     2565     2597     2636     2671     2698     2710 
    2708     2705     2710     2720     2735     2754     2772     2791 
    2806     2809     2798     2783     2762     2740     2732     2727 
    2720     2702     2669     2624     2570     2525     2501     2488 
    2475     2469     2481     2505     2524     2538     2536     2515 
    2493     2484     2486     2498     2512     2527     2543     2550 
    2539     2520     2497     2477     2470     2484     2509     2542 
    2571     2587     2582     2560     2538     2520     2509     2500 
    2484     2471     2479     2492     2489     2477     2459     2439 
    2420     2398     2381     2376     2381     2389     2397     2412 
    2421     2416     2397     2369     2330     2297     2290     2301 
    2323     2347     2359     2359     2351     2335     2316     2301 
    2301     2317     2338     2357     2359     2346     2322     2295 
    2262     2224     2181     2141     2121     2118     2110     2096 
    2085     2089     2107     2128     2143     2162     2195     2231 
    2259     2270     2269     2261     2247     2235     2227     2222 
    2215     2208     2196     2180     2166     2165     2173     2184 
    2192     2201     2209     2212     2207     2199     2195     2191 
    2184     2189     2209     2223     2218     2195     2155     2111 
    2085     2087     2107     2137     2180     2219     2230     2211 
    2180     2146     2119     2116     2135     2160     2189     2224 
    2243     2239     2215     2174     2121     2076     2052     2042 
    2042     2057     2079     2106     2143     2188     2222     2243 
    2258     2262     2254     2241     2235     2243     2265     2293 
    2319     2344     2370     2388     2393     2384     2366     2350 
    2358     2396     2446     2488     2520     2544     2546     2529 
    2504     2473     2451     2447     2452     2471     2505     2546 
    2579     2593     2587     2562     2515     2465     2428     2408 
    2401     2404     2407     2405     2397     2386     2378     2371 
    2361     2350     2335     2313     2289     2265     2241     2223 
    2223     2243     2273     2301     2319     2317     2299     2273 
    2253     2236     2222     2218     2228     2245     2262     2281 
    2285     2273     2257     2231     2201     2178     2165     2163 
    2174     2185     2195     2209     2228     2250     2269     2274 
    2263     2242     2219     2212     2224     2254     2296     2343 
    2376     2384     2377     2359     2336     2309     2277     2254 
    2251     2258     2263     2266     2267     2266     2259     2243 
    2222     2201     2187     2181     2187     2199     2201     2182 
    2147     2106     2076     2070     2088     2121     2163     2196 
    2205     2195     2163     2111     2042     1972     1923     1904 
    1911     1938     1971     1991     1993     1982     1949     1898 
    1856     1838     1849     1878     1918     1946     1956     1948 
    1933     1917     1907     1911     1925     1925     1907     1885 
    1861     1837     1819     1810     1803     1802     1803     1804 
    1806     1810     1818     1830     1846     1868     1890     1906 
    1915     1925     1927     1926     1933     1948     1956     1954 
    1949     1952     1961     1982     2006     2019     2029     2039 
    2047     2052     2058     2069     2077     2093     2123     2149 
    2166     2178     2176     2154     2123     2092     2069     2052 
    2045     2053     2066     2087     2111     2130     2142     2143 
    2134     2120     2106     2100     2115     2144     2177     2204 
    2228     2253     2270     2277     2273     2273     2284     2300 
    2326     2347     2350     2334     2303     2269     2241     2220 
    2224     2251     2290     2334     2367     2388     2393     2385 
    2371     2355     2336     2327     2334     2351     2362     2365 
    2361     2344     2311     2267     2223     2178     2141     2118 
    2104     2100     2098     2087     2066     2034     1992     1954 
    1938     1939     1949     1954     1944     1918     1890     1864 
    1848     1840     1833     1836     1849     1873     1895     1903 
    1899     1890     1876     1875     1887     1904     1921     1938 
    1952     1961     1971     1966     1941     1907     1878     1864 
    1867     1894     1937     1979     2016     2047     2069     2084 
    2098     2111     2120     2126     2139     2160     2187     2215 
    2242     2259     2269     2274     2270     2262     2261     2261 
    2254     2250     2258     2276     2303     2335     2358     2370 
    2367     2349     2322     2295     2272     2254     2239     2226 
    2215     2205     2193     2173     2150     2128     2107     2097 
    2097     2102     2107     2106     2106     2115     2121     2124 
    2124     2123     2120     2120     2124     2130     2139     2146 
    2150     2162     2189     2212     2212     2200     2187     2176 
    2178     2193     2223     2261     2304     2342     2359     2358 
    2347     2334     2322     2319     2327     2331     2330     2322 
    2300     2273     2253     2245     2245     2241     2224     2205 
    2188     2173     2163     2166     2173     2188     2205     2212 
    2204     2187     2169     2162     2163     2168     2185     2215 
    2242     2258     2267     2269     2262     2259     2267     2286 
    2317     2347     2362     2363     2358     2359     2370     2393 
    2416     2428     2430     2421     2394     2358     2334     2330 
    2350     2392     2448     2498     2529     2543     2543     2533 
    2509     2486     2475     2482     2512     2556     2597     2623 
    2635     2636     2617     2583     2555     2540     2539     2551 
    2565     2570     2563     2559     2562     2558     2542     2528 
    2519     2508     2501     2502     2508     2516     2527     2532 
    2531     2533     2538     2535     2529     2523     2509     2490 
    2474     2458     2450     2447     2442     2434     2424     2417 
    2419     2419     2415     2409     2398     2384     2367     2343 
    2316     2297     2292     2292     2290     2288     2278     2258 
    2239     2224     2212     2203     2199     2195     2181     2161 
    2143     2126     2115     2107     2102     2095     2085     2076 
    2066     2056     2050     2052     2052     2043     2030     2012 
    1996     1987     1988     2007     2033     2050     2053     2045 
    2020     1987     1956     1942     1941     1944     1948     1952 
    1956     1953     1948     1949     1964     1987     2007     2019 
    2031     2046     2058     2074     2100     2123     2147     2176 
    2200     2215     2222     2223     2228     2241     2253     2258 
    2257     2251     2249     2249     2239     2220     2200     2192 
    2196     2209     2232     2262     2285     2304     2316     2322 
    2322     2323     2323     2322     2319     2319     2316     2309 
    2280     2238     2199     2165     2134     2110     2087     2066 
    2050     2034     2016     2010     2016     2027     2039     2053 
    2065     2074     2085     2093     2095     2100     2110     2118 
    2124     2139     2157     2177     2196     2209     2211     2200 
    2182     2165     2154     2151     2157     2170     2189     2204 
    2207     2201     2192     2181     2168     2157     2157     2161 
    2161     2158     2153     2147     2144     2144     2151     2160 
    2161     2151     2141     2130     2124     2118     2107     2095 
    2088     2088     2087     2092     2101     2110     2114     2107 
    2091     2064     2042     2038     2045     2053     2062     2062 
    2052     2041     2042     2039     2027     2018     2011     2001 
    1993     1985     1977     1969     1964     1965     1971     1977 
    1984     1982     1981     1984     1988     1996     2011     2029 
    2046     2069     2093     2106     2110     2115     2121     2137 
    2163     2195     2230     2269     2300     2323     2336     2342 
    2346     2357     2377     2397     2409     2415     2417     2417 
    2416     2413     2413     2420     2428     2436     2444     2451 
    2454     2457     2458     2461     2477     2504     2529     2551 
    2569     2573     2562     2554     2552     2556     2575     2602 
    2624     2639     2647     2651     2654     2656     2659     2650 
    2640     2632     2619     2601     2583     2567     2551     2538 
    2527     2512     2489     2471     2459     2450     2444     2444 
    2442     2436     2435     2439     2450     2473     2498     2517 
    2523     2520     2509     2498     2493     2498     2516     2540 
    2563     2575     2575     2562     2539     2517     2504     2506 
    2524     2558     2592     2616     2627     2620     2602     2584 
    2573     2560     2554     2563     2578     2583     2584     2582 
    2563     2535     2505     2477     2459     2447     2438     2431 
    2431     2438     2448     2465     2486     2509     2535     2554 
    2555     2551     2546     2540     2532     2528     2515     2486 
    2457     2430     2398     2365     2336     2313     2299     2293 
    2285     2273     2259     2250     2243     2235     2231     2238 
    2246     2254     2267     2278     2281     2278     2267     2258 
    2262     2277     2303     2336     2367     2390     2409     2421 
    2419     2411     2400     2386     2380     2382     2389     2401 
    2407     2397     2384     2367     2350     2344     2355     2370 
    2384     2389     2390     2388     2377     2365     2358     2359 
    2373     2390     2394     2388     2380     2373     2362     2344 
    2322     2305     2301     2296     2292     2290     2284     2274 
    2265     2243     2211     2178     2141     2101     2077     2064 
    2058     2072     2097     2116     2130     2128     2114     2100 
    2089     2079     2074     2079     2083     2079     2079     2084 
    2083     2072     2056     2042     2030     2014     1999     1995 
    1995     2000     2015     2026     2025     2026     2027     2031 
    2041     2050     2057     2058     2050     2039     2020     1996 
    1977     1964     1952     1944     1948     1956     1962     1961 
    1956     1952     1945     1938     1934     1929     1923     1926 
    1934     1944     1952     1953     1948     1938     1926     1921 
    1912     1902     1904     1923     1949     1973     1987     1989 
    1987     1987     1989     1998     2014     2030     2039     2039 
    2031     2020     2008     1996     1995     1996     1999     2006 
    2015     2027     2045     2058     2056     2045     2034     2027 
    2020     2022     2031     2038     2053     2073     2084     2085 
    2079     2066     2062     2072     2095     2126     2165     2200 
    2226     2234     2230     2215     2195     2174     2163     2157 
    2153     2151     2147     2126     2091     2053     2023     2003 
    1993     1988     1987     1988     1989     1995     2001     2001 
