Origin Time       2016/04/16 01:25:00
Lat.              32.753
Long.             130.762
Depth. (km)       12
Mag.              7.3
Station Code      HRS010
Station Lat.      34.5868
Station Long.     133.0488
Station Height(m) 338
Record Time       2016/04/16 01:26:01
Sampling Freq(Hz) 100Hz
Duration Time(s)  99
Dir.              E-W
Scale Factor      7845(gal)/8223790
Max. Acc. (gal)   3.911
Last Correction   2016/04/16 01:26:01
Memo.             
   -1887    -1885    -1888    -1887    -1888    -1894    -1894    -1888 
   -1887    -1887    -1888    -1890    -1890    -1885    -1884    -1884 
   -1888    -1892    -1891    -1888    -1891    -1892    -1890    -1887 
   -1885    -1884    -1885    -1888    -1891    -1887    -1883    -1884 
   -1887    -1887    -1890    -1895    -1894    -1891    -1888    -1885 
   -1887    -1888    -1891    -1892    -1888    -1885    -1885    -1885 
   -1885    -1890    -1892    -1892    -1894    -1890    -1884    -1885 
   -1887    -1888    -1892    -1892    -1885    -1885    -1887    -1883 
   -1883    -1887    -1890    -1892    -1895    -1894    -1890    -1887 
   -1884    -1884    -1887    -1887    -1890    -1888    -1884    -1887 
   -1890    -1894    -1895    -1892    -1888    -1885    -1884    -1885 
   -1890    -1894    -1891    -1885    -1885    -1885    -1884    -1885 
   -1885    -1887    -1890    -1891    -1890    -1890    -1890    -1890 
   -1890    -1890    -1887    -1885    -1885    -1887    -1888    -1888 
   -1890    -1890    -1887    -1887    -1888    -1891    -1894    -1892 
   -1891    -1891    -1890    -1885    -1881    -1881    -1883    -1888 
   -1894    -1894    -1891    -1887    -1884    -1885    -1885    -1888 
   -1892    -1892    -1890    -1887    -1883    -1881    -1887    -1892 
   -1894    -1891    -1887    -1883    -1881    -1883    -1888    -1892 
   -1894    -1894    -1891    -1887    -1887    -1888    -1888    -1888 
   -1888    -1885    -1885    -1887    -1885    -1887    -1894    -1894 
   -1890    -1887    -1888    -1891    -1891    -1887    -1885    -1890 
   -1891    -1890    -1888    -1885    -1883    -1884    -1887    -1887 
   -1885    -1887    -1888    -1890    -1891    -1888    -1885    -1885 
   -1885    -1887    -1887    -1888    -1887    -1887    -1888    -1888 
   -1888    -1890    -1890    -1887    -1884    -1888    -1892    -1888 
   -1887    -1890    -1887    -1883    -1887    -1888    -1884    -1885 
   -1888    -1887    -1888    -1888    -1888    -1891    -1891    -1887 
   -1890    -1890    -1887    -1890    -1888    -1883    -1884    -1890 
   -1891    -1888    -1885    -1887    -1890    -1892    -1892    -1888 
   -1883    -1883    -1890    -1892    -1890    -1890    -1888    -1885 
   -1884    -1885    -1887    -1887    -1885    -1890    -1895    -1895 
   -1894    -1892    -1888    -1884    -1883    -1884    -1887    -1887 
   -1891    -1894    -1891    -1887    -1881    -1887    -1900    -1902 
   -1898    -1894    -1887    -1881    -1881    -1888    -1892    -1891 
   -1890    -1887    -1888    -1892    -1890    -1888    -1891    -1888 
   -1887    -1891    -1894    -1895    -1899    -1894    -1878    -1872 
   -1877    -1884    -1888    -1892    -1894    -1891    -1890    -1887 
   -1888    -1895    -1903    -1904    -1896    -1885    -1877    -1880 
   -1894    -1903    -1902    -1896    -1895    -1898    -1902    -1904 
   -1903    -1903    -1907    -1906    -1900    -1902    -1903    -1902 
   -1900    -1895    -1888    -1885    -1888    -1887    -1885    -1883 
   -1878    -1876    -1876    -1875    -1875    -1875    -1873    -1872 
   -1871    -1865    -1858    -1858    -1861    -1863    -1865    -1869 
   -1871    -1869    -1867    -1859    -1856    -1857    -1867    -1881 
   -1895    -1910    -1917    -1912    -1907    -1899    -1895    -1898 
   -1900    -1902    -1906    -1898    -1881    -1867    -1857    -1852 
   -1858    -1867    -1871    -1873    -1877    -1880    -1878    -1887 
   -1899    -1908    -1914    -1908    -1894    -1873    -1849    -1833 
   -1833    -1844    -1863    -1883    -1899    -1910    -1914    -1918 
   -1926    -1934    -1945    -1956    -1965    -1966    -1949    -1919 
   -1883    -1848    -1826    -1826    -1831    -1837    -1848    -1856 
   -1863    -1877    -1896    -1917    -1935    -1945    -1949    -1948 
   -1930    -1911    -1891    -1865    -1845    -1836    -1830    -1833 
   -1842    -1844    -1848    -1858    -1871    -1885    -1904    -1917 
   -1923    -1930    -1933    -1926    -1914    -1903    -1898    -1891 
   -1880    -1868    -1858    -1854    -1859    -1871    -1881    -1891 
   -1898    -1900    -1906    -1914    -1921    -1923    -1926    -1927 
   -1925    -1919    -1912    -1908    -1903    -1894    -1880    -1872 
   -1873    -1891    -1917    -1937    -1946    -1939    -1923    -1912 
   -1910    -1915    -1917    -1911    -1904    -1903    -1900    -1896 
   -1892    -1888    -1887    -1888    -1887    -1883    -1873    -1865 
   -1871    -1888    -1903    -1908    -1911    -1915    -1922    -1935 
   -1952    -1960    -1956    -1944    -1923    -1906    -1895    -1890 
   -1891    -1899    -1908    -1911    -1906    -1899    -1891    -1888 
   -1895    -1899    -1895    -1888    -1877    -1869    -1869    -1869 
   -1861    -1858    -1863    -1869    -1881    -1900    -1921    -1939 
   -1956    -1965    -1964    -1952    -1930    -1911    -1894    -1877 
   -1865    -1850    -1833    -1826    -1841    -1873    -1914    -1954 
   -1985    -2008    -2022    -2022    -2011    -1995    -1968    -1937 
   -1911    -1885    -1865    -1852    -1846    -1845    -1848    -1852 
   -1856    -1863    -1877    -1899    -1915    -1925    -1933    -1939 
   -1942    -1944    -1944    -1941    -1941    -1942    -1946    -1948 
   -1939    -1921    -1899    -1872    -1831    -1784    -1738    -1703 
   -1690    -1703    -1745    -1804    -1857    -1887    -1898    -1892 
   -1887    -1895    -1918    -1949    -1977    -1996    -2003    -2007 
   -2007    -2007    -2007    -1998    -1971    -1927    -1884    -1861 
   -1865    -1887    -1915    -1941    -1962    -1972    -1961    -1939 
   -1923    -1906    -1881    -1849    -1819    -1804    -1804    -1818 
   -1844    -1865    -1887    -1907    -1926    -1956    -1992    -2018 
   -2030    -2038    -2053    -2058    -2037    -1995    -1939    -1873 
   -1815    -1780    -1760    -1749    -1746    -1753    -1761    -1771 
   -1798    -1845    -1894    -1938    -1960    -1949    -1926    -1906 
   -1895    -1914    -1960    -2018    -2072    -2092    -2070    -2030 
   -1979    -1917    -1869    -1833    -1800    -1798    -1822    -1852 
   -1890    -1914    -1917    -1917    -1906    -1887    -1883    -1888 
   -1891    -1907    -1922    -1921    -1917    -1910    -1888    -1858 
   -1809    -1733    -1653    -1582    -1525    -1506    -1528    -1584 
   -1660    -1729    -1775    -1791    -1791    -1791    -1810    -1859 
   -1944    -2053    -2168    -2269    -2347    -2385    -2376    -2331 
   -2251    -2142    -2022    -1914    -1845    -1825    -1844    -1884 
   -1922    -1930    -1911    -1873    -1826    -1781    -1750    -1745 
   -1772    -1826    -1896    -1953    -1985    -1987    -1960    -1906 
   -1823    -1717    -1614    -1537    -1497    -1505    -1567    -1664 
   -1772    -1892    -2023    -2130    -2181    -2177    -2137    -2079 
   -2004    -1925    -1865    -1837    -1830    -1844    -1872    -1902 
   -1925    -1938    -1952    -1980    -2019    -2057    -2102    -2165 
   -2231    -2285    -2316    -2317    -2289    -2247    -2205    -2163 
   -2119    -2057    -1953    -1813    -1675    -1567    -1493    -1447 
   -1426    -1437    -1491    -1605    -1769    -1944    -2070    -2104 
   -2031    -1898    -1765    -1657    -1575    -1535    -1545    -1579 
   -1637    -1748    -1896    -2034    -2118    -2121    -2065    -1989 
   -1921    -1883    -1898    -1945    -2003    -2076    -2162    -2251 
   -2319    -2312    -2196    -2022    -1846    -1725    -1679    -1687 
   -1719    -1765    -1817    -1878    -1956    -2034    -2081    -2066 
   -1969    -1830    -1713    -1637    -1584    -1566    -1603    -1661 
   -1683    -1668    -1641    -1597    -1528    -1439    -1347    -1282 
   -1273    -1324    -1421    -1533    -1668    -1852    -2060    -2245 
   -2380    -2447    -2444    -2388    -2278    -2114    -1925    -1760 
   -1641    -1579    -1574    -1603    -1645    -1705    -1788    -1894 
   -2026    -2180    -2319    -2420    -2478    -2493    -2450    -2330 
   -2144    -1927    -1706    -1537    -1459    -1463    -1540    -1641 
   -1701    -1707    -1671    -1606    -1582    -1630    -1733    -1863 
   -1973    -2019    -2022    -2012    -1991    -1966    -1922    -1813 
   -1653    -1528    -1501    -1580    -1750    -1944    -2097    -2192 
   -2219    -2180    -2135    -2144    -2184    -2193    -2155    -2095 
   -2053    -2056    -2049    -1981    -1858    -1696    -1522    -1390 
   -1336    -1350    -1412    -1549    -1771    -2027    -2269    -2466 
   -2573    -2555    -2408    -2182    -1982    -1854    -1755    -1663 
   -1605    -1606    -1657    -1741    -1825    -1880    -1888    -1836 
   -1723    -1593    -1502    -1472    -1478    -1514    -1587    -1682 
   -1775    -1857    -1915    -1915    -1826    -1686    -1594    -1620 
   -1737    -1869    -1965    -2031    -2097    -2162    -2214    -2255 
   -2278    -2273    -2245    -2214    -2204    -2231    -2273    -2274 
   -2193    -2039    -1861    -1703    -1568    -1460    -1422    -1462 
   -1540    -1630    -1733    -1830    -1884    -1850    -1702    -1471 
   -1289    -1281    -1435    -1647    -1829    -1934    -1972    -1975 
   -1953    -1917    -1918    -1961    -1975    -1898    -1741    -1602 
   -1564    -1661    -1864    -2066    -2173    -2185    -2144    -2084 
   -2058    -2115    -2224    -2315    -2335    -2253    -2074    -1871 
   -1725    -1664    -1657    -1655    -1615    -1506    -1332    -1196 
   -1194    -1329    -1545    -1768    -1938    -2053    -2126    -2144 
   -2120    -2068    -1960    -1799    -1606    -1401    -1254    -1254 
   -1395    -1586    -1736    -1814    -1826    -1807    -1772    -1741 
   -1734    -1741    -1736    -1728    -1744    -1800    -1887    -1982 
   -2053    -2072    -2061    -2042    -2010    -1977    -1958    -1949 
   -1946    -1934    -1890    -1848    -1875    -1961    -2053    -2121 
   -2151    -2169    -2215    -2261    -2228    -2110    -1944    -1760 
   -1563    -1377    -1244    -1175    -1144    -1150    -1201    -1274 
   -1355    -1459    -1572    -1680    -1776    -1848    -1900    -1919 
   -1878    -1800    -1721    -1652    -1638    -1733    -1891    -2020 
   -2095    -2118    -2087    -2042    -2020    -1995    -1929    -1850 
   -1809    -1811    -1846    -1884    -1894    -1884    -1890    -1921 
   -1956    -1971    -1962    -1961    -1969    -1956    -1899    -1800 
   -1668    -1513    -1344    -1189    -1105    -1124    -1232    -1405 
   -1636    -1878    -2076    -2212    -2280    -2272    -2220    -2169 
   -2114    -2016    -1861    -1701    -1590    -1518    -1497    -1584 
   -1779    -2003    -2189    -2297    -2312    -2272    -2201    -2079 
   -1891    -1674    -1498    -1409    -1378    -1360    -1378    -1464 
   -1591    -1749    -1944    -2104    -2158    -2110    -2001    -1890 
   -1804    -1744    -1703    -1690    -1717    -1784    -1883    -1995 
   -2087    -2069    -1877    -1605    -1428    -1410    -1494    -1599 
   -1679    -1741    -1818    -1896    -1969    -2093    -2284    -2425 
   -2404    -2238    -2023    -1833    -1711    -1664    -1649    -1599 
   -1512    -1435    -1399    -1405    -1468    -1622    -1841    -2034 
   -2134    -2116    -2016    -1922    -1881    -1878    -1881    -1875 
   -1850    -1781    -1657    -1545    -1521    -1580    -1668    -1748 
   -1809    -1852    -1877    -1898    -1929    -1961    -1956    -1877 
   -1738    -1606    -1524    -1516    -1602    -1740    -1836    -1858 
   -1825    -1755    -1696    -1719    -1844    -2022    -2174    -2242 
   -2220    -2134    -2016    -1900    -1791    -1688    -1614    -1597 
   -1632    -1691    -1777    -1900    -2027    -2101    -2121    -2118 
   -2095    -2029    -1945    -1911    -1944    -2015    -2102    -2196 
   -2292    -2378    -2416    -2362    -2215    -2039    -1918    -1903 
   -2008    -2208    -2432    -2562    -2535    -2397    -2236    -2110 
   -2037    -1985    -1878    -1707    -1549    -1490    -1576    -1787 
   -2034    -2224    -2281    -2207    -2096    -2026    -2004    -2022 
   -2043    -2033    -1998    -1979    -2022    -2143    -2277    -2316 
   -2226    -2049    -1837    -1655    -1583    -1618    -1675    -1695 
   -1682    -1669    -1713    -1846    -2011    -2115    -2138    -2111 
   -2065    -2033    -2030    -2058    -2098    -2084    -1956    -1742 
   -1540    -1425    -1429    -1524    -1647    -1760    -1877    -2030 
   -2235    -2474    -2678    -2758    -2648    -2374    -2041    -1776 
   -1645    -1622    -1628    -1605    -1561    -1549    -1618    -1783 
   -1987    -2133    -2187    -2199    -2218    -2262    -2323    -2371 
   -2389    -2380    -2365    -2392    -2471    -2533    -2512    -2397 
   -2215    -2011    -1817    -1657    -1582    -1606    -1713    -1877 
   -2037    -2104    -2104    -2128    -2212    -2334    -2442    -2490 
   -2442    -2296    -2096    -1919    -1815    -1788    -1792    -1728 
   -1541    -1316    -1178    -1190    -1350    -1615    -1907    -2133 
   -2235    -2234    -2204    -2196    -2188    -2120    -1964    -1729 
   -1495    -1395    -1505    -1760    -1996    -2083    -2014    -1899 
   -1858    -1939    -2098    -2247    -2322    -2305    -2231    -2177 
   -2199    -2282    -2362    -2371    -2290    -2187    -2142    -2161 
   -2211    -2262    -2285    -2293    -2327    -2411    -2529    -2605 
   -2562    -2393    -2141    -1881    -1733    -1767    -1925    -2077 
   -2107    -1991    -1810    -1674    -1656    -1741    -1826    -1836 
   -1802    -1803    -1885    -2053    -2284    -2500    -2609    -2562 
   -2382    -2128    -1872    -1676    -1543    -1436    -1344    -1270 
   -1227    -1236    -1294    -1360    -1399    -1422    -1460    -1539 
   -1655    -1763    -1823    -1844    -1837    -1819    -1799    -1738 
   -1613    -1471    -1359    -1286    -1263    -1291    -1354    -1464 
   -1617    -1763    -1895    -2045    -2223    -2421    -2590    -2679 
   -2695    -2678    -2646    -2601    -2527    -2405    -2246    -2088 
   -1958    -1850    -1768    -1741    -1794    -1937    -2168    -2459 
   -2756    -2984    -3065    -2982    -2775    -2498    -2195    -1891 
   -1598    -1318    -1073     -886     -770     -715     -715     -777 
    -889    -1005    -1065    -1065    -1058    -1119    -1297    -1588 
   -1929    -2215    -2398    -2486    -2505    -2451    -2315    -2097 
   -1821    -1521    -1248    -1070    -1026    -1081    -1181    -1269 
   -1321    -1362    -1426    -1535    -1684    -1829    -1902    -1865 
   -1740    -1590    -1480    -1435    -1440    -1470    -1462    -1383 
   -1294    -1271    -1337    -1480    -1683    -1902    -2058    -2092 
   -2030    -1979    -2012    -2130    -2293    -2415    -2423    -2307 
   -2091    -1826    -1597    -1435    -1324    -1260    -1259    -1316 
   -1418    -1545    -1660    -1734    -1761    -1753    -1740    -1748 
   -1773    -1809    -1854    -1921    -2010    -2100    -2176    -2238 
   -2282    -2323    -2371    -2408    -2386    -2276    -2088    -1876 
   -1709    -1644    -1690    -1790    -1880    -1933    -1933    -1904 
   -1906    -1921    -1875    -1745    -1553    -1318    -1092     -929 
    -864     -915    -1075    -1327    -1658    -2018    -2316    -2492 
   -2505    -2358    -2107    -1822    -1576    -1440    -1395    -1359 
   -1316    -1327    -1440    -1640    -1875    -2093    -2247    -2300 
   -2290    -2273    -2261    -2274    -2307    -2289    -2181    -2050 
   -1977    -1965    -1964    -1934    -1850    -1725    -1628    -1637 
   -1746    -1910    -2083    -2204    -2227    -2192    -2173    -2223 
   -2343    -2465    -2506    -2461    -2389    -2342    -2343    -2405 
   -2498    -2562    -2543    -2425    -2236    -2034    -1890    -1858 
   -1968    -2188    -2419    -2558    -2565    -2442    -2257    -2123 
   -2089    -2107    -2085    -1964    -1791    -1645    -1578    -1626 
   -1784    -1962    -2079    -2130    -2146    -2180    -2288    -2455 
   -2604    -2652    -2565    -2382    -2185    -2049    -2004    -2023 
   -2031    -1975    -1876    -1791    -1749    -1719    -1658    -1576 
   -1509    -1497    -1591    -1814    -2126    -2428    -2625    -2701 
   -2687    -2613    -2509    -2403    -2296    -2182    -2089    -2064 
   -2104    -2149    -2146    -2092    -2006    -1923    -1869    -1849 
   -1861    -1906    -1982    -2133    -2382    -2674    -2907    -3013 
   -2960    -2774    -2525    -2299    -2139    -2047    -1999    -1975 
   -1966    -1979    -2014    -2061    -2118    -2177    -2215    -2239 
   -2293    -2416    -2590    -2758    -2832    -2737    -2486    -2144 
   -1776    -1431    -1135     -870     -660     -587     -707    -1003 
   -1409    -1842    -2209    -2454    -2577    -2597    -2529    -2403 
   -2245    -2061    -1895    -1818    -1845    -1946    -2098    -2255 
   -2334    -2300    -2208    -2116    -2034    -1982    -1981    -1993 
   -1972    -1921    -1883    -1891    -1922    -1925    -1872    -1740 
   -1520    -1271    -1085    -1016    -1071    -1216    -1391    -1549 
   -1694    -1854    -2052    -2280    -2486    -2594    -2543    -2323 
   -1985    -1621    -1325    -1169    -1169    -1293    -1467    -1595 
   -1624    -1591    -1593    -1692    -1865    -2011    -2038    -1906 
   -1637    -1341    -1159    -1161    -1298    -1467    -1566    -1545 
   -1426    -1266    -1128    -1067    -1107    -1219    -1355    -1487 
   -1601    -1698    -1806    -1954    -2137    -2316    -2455    -2501 
   -2409    -2185    -1895    -1630    -1460    -1395    -1405    -1452 
   -1502    -1526    -1525    -1522    -1554    -1634    -1729    -1794 
   -1822    -1831    -1871    -2000    -2224    -2475    -2679    -2763 
   -2682    -2482    -2238    -1972    -1711    -1503    -1343    -1217 
   -1150    -1166    -1273    -1451    -1651    -1809    -1890    -1891 
   -1831    -1748    -1668    -1593    -1491    -1332    -1123     -934 
    -876    -1003    -1278    -1606    -1883    -2049    -2126    -2193 
   -2277    -2344    -2361    -2273    -2056    -1773    -1539    -1420 
   -1449    -1611    -1818    -1998    -2158    -2327    -2515    -2724 
   -2928    -3068    -3106    -3019    -2813    -2536    -2282    -2104 
   -1984    -1890    -1799    -1721    -1703    -1788    -1972    -2222 
   -2501    -2759    -2952    -3017    -2905    -2619    -2231    -1836 
   -1520    -1331    -1260    -1270    -1310    -1381    -1513    -1717 
   -1968    -2243    -2496    -2658    -2702    -2643    -2511    -2347 
   -2196    -2097    -2079    -2126    -2200    -2288    -2417    -2579 
   -2731    -2844    -2915    -2951    -2941    -2882    -2774    -2627 
   -2465    -2327    -2243    -2215    -2247    -2326    -2407    -2444 
   -2430    -2353    -2196    -1980    -1750    -1559    -1431    -1350 
   -1269    -1181    -1143    -1215    -1401    -1657    -1919    -2134 
   -2267    -2309    -2285    -2228    -2158    -2087    -2019    -1938 
   -1817    -1630    -1408    -1213    -1081    -1007     -981    -1020 
   -1128    -1282    -1443    -1593    -1732    -1864    -2007    -2158 
   -2246    -2203    -2046    -1844    -1661    -1543    -1507    -1528 
   -1557    -1570    -1593    -1656    -1749    -1848    -1915    -1906 
   -1822    -1741    -1728    -1796    -1944    -2151    -2377    -2546 
   -2601    -2523    -2350    -2151    -1984    -1869    -1786    -1679 
   -1506    -1278    -1062     -951     -985    -1117    -1275    -1413 
   -1509    -1570    -1599    -1594    -1564    -1541    -1516    -1455 
   -1336    -1169     -992     -866     -845     -958    -1189    -1468 
   -1723    -1914    -2033    -2114    -2189    -2254    -2269    -2196 
   -2034    -1810    -1556    -1310    -1105     -984     -976    -1073 
   -1243    -1413    -1524    -1563    -1539    -1467    -1387    -1336 
   -1321    -1317    -1297    -1289    -1345    -1486    -1701    -1952 
   -2161    -2278    -2296    -2205    -2025    -1821    -1648    -1513 
   -1418    -1363    -1354    -1402    -1509    -1665    -1858    -2057 
   -2226    -2328    -2346    -2288    -2147    -1926    -1667    -1404 
   -1147     -963     -916    -1008    -1190    -1402    -1603    -1776 
   -1925    -2052    -2120    -2111    -2038    -1923    -1790    -1667 
   -1566    -1498    -1466    -1448    -1405    -1327    -1250    -1236 
   -1312    -1459    -1663    -1890    -2069    -2165    -2178    -2139 
   -2121    -2173    -2261    -2324    -2313    -2236    -2143    -2073 
   -2011    -1930    -1826    -1725    -1652    -1626    -1667    -1752 
   -1831    -1867    -1841    -1753    -1626    -1497    -1405    -1381 
   -1420    -1498    -1587    -1672    -1761    -1849    -1903    -1896 
   -1826    -1692    -1524    -1382    -1312    -1301    -1313    -1321 
   -1332    -1393    -1532    -1728    -1946    -2157    -2322    -2419 
   -2450    -2421    -2340    -2232    -2158    -2169    -2251    -2369 
   -2486    -2569    -2573    -2488    -2331    -2130    -1917    -1721 
   -1580    -1528    -1580    -1726    -1941    -2169    -2336    -2392 
   -2328    -2182    -2016    -1873    -1779    -1755    -1804    -1918 
   -2060    -2180    -2247    -2247    -2188    -2088    -1972    -1861 
   -1767    -1682    -1584    -1483    -1402    -1355    -1358    -1420 
   -1517    -1632    -1752    -1858    -1979    -2141    -2326    -2485 
   -2577    -2582    -2521    -2428    -2327    -2243    -2193    -2166 
   -2153    -2147    -2141    -2143    -2162    -2181    -2189    -2172 
   -2111    -2019    -1934    -1875    -1852    -1871    -1910    -1941 
   -1934    -1869    -1759    -1637    -1524    -1409    -1312    -1286 
   -1370    -1547    -1772    -1977    -2128    -2226    -2273    -2278 
   -2249    -2187    -2098    -1999    -1921    -1884    -1880    -1914 
   -1995    -2096    -2178    -2230    -2262    -2293    -2338    -2401 
   -2461    -2513    -2543    -2544    -2529    -2505    -2475    -2432 
   -2334    -2153    -1934    -1755    -1667    -1663    -1707    -1767 
   -1823    -1881    -1956    -2052    -2151    -2214    -2191    -2079 
   -1937    -1836    -1819    -1867    -1903    -1863    -1740    -1594 
   -1518    -1554    -1668    -1794    -1878    -1919    -1954    -2018 
   -2118    -2227    -2295    -2280    -2189    -2047    -1902    -1806 
   -1788    -1846    -1946    -2056    -2160    -2245    -2311    -2353 
   -2362    -2347    -2311    -2241    -2146    -2068    -2037    -2034 
   -2022    -1981    -1934    -1904    -1894    -1887    -1873    -1854 
   -1830    -1800    -1768    -1757    -1786    -1838    -1899    -1956 
   -1975    -1930    -1849    -1728    -1559    -1377    -1225    -1111 
   -1035    -1012    -1035    -1093    -1178    -1282    -1418    -1584 
   -1749    -1881    -1949    -1941    -1887    -1826    -1783    -1759 
   -1729    -1692    -1699    -1790    -1960    -2178    -2371    -2466 
   -2451    -2346    -2182    -2010    -1852    -1718    -1622    -1560 
   -1534    -1564    -1656    -1780    -1898    -1968    -1964    -1877 
   -1728    -1556    -1413    -1323    -1291    -1314    -1383    -1491 
   -1640    -1841    -2089    -2323    -2459    -2461    -2344    -2160 
   -1961    -1806    -1714    -1668    -1637    -1601    -1580    -1625 
   -1749    -1923    -2111    -2295    -2450    -2579    -2702    -2822 
   -2918    -2951    -2867    -2636    -2278    -1869    -1483    -1162 
    -936     -834     -882    -1086    -1402    -1772    -2130    -2408 
   -2570    -2617    -2563    -2438    -2265    -2072    -1896    -1764 
   -1691    -1691    -1765    -1877    -1977    -2006    -1933    -1777 
   -1587    -1447    -1431    -1539    -1728    -1926    -2077    -2181 
   -2257    -2316    -2363    -2365    -2293    -2170    -2037    -1934 
   -1900    -1946    -2038    -2142    -2239    -2312    -2338    -2323 
   -2292    -2259    -2234    -2215    -2201    -2196    -2199    -2224 
   -2282    -2353    -2396    -2398    -2378    -2354    -2327    -2296 
   -2266    -2247    -2224    -2174    -2066    -1894    -1687    -1495 
   -1358    -1294    -1282    -1282    -1285    -1310    -1398    -1564 
   -1779    -2000    -2193    -2319    -2349    -2280    -2130    -1939 
   -1753    -1605    -1509    -1471    -1479    -1533    -1644    -1811 
   -2029    -2253    -2425    -2511    -2508    -2450    -2384    -2347 
   -2346    -2346    -2312    -2222    -2070    -1883    -1694    -1553 
   -1497    -1517    -1599    -1729    -1883    -2020    -2126    -2211 
   -2285    -2342    -2369    -2359    -2282    -2106    -1854    -1605 
   -1418    -1308    -1258    -1233    -1185    -1101    -1013     -973 
   -1011    -1131    -1308    -1490    -1620    -1672    -1653    -1598 
   -1544    -1498    -1437    -1354    -1264    -1223    -1279    -1422 
   -1609    -1809    -1987    -2120    -2215    -2277    -2296    -2263 
   -2150    -1964    -1761    -1598    -1532    -1597    -1761    -1968 
   -2157    -2274    -2335    -2397    -2474    -2546    -2589    -2569 
   -2498    -2428    -2378    -2357    -2361    -2358    -2317    -2220 
   -2073    -1918    -1792    -1707    -1684    -1728    -1796    -1852 
   -1891    -1929    -1972    -2029    -2098    -2143    -2121    -2019 
   -1852    -1672    -1533    -1455    -1414    -1385    -1354    -1318 
   -1285    -1266    -1298    -1431    -1658    -1896    -2047    -2069 
   -2006    -1935    -1895    -1888    -1888    -1854    -1764    -1649 
   -1574    -1575    -1648    -1767    -1887    -1973    -2003    -1964 
   -1883    -1811    -1788    -1815    -1856    -1850    -1761    -1598 
   -1405    -1220    -1077     -993     -967     -993    -1073    -1208 
   -1386    -1594    -1810    -1999    -2137    -2193    -2149    -2010 
   -1792    -1540    -1306    -1111     -939     -800     -697     -627 
    -588     -612     -743     -997    -1343    -1722    -2072    -2338 
   -2500    -2562    -2536    -2438    -2270    -2034    -1741    -1428 
   -1138     -901     -754     -722     -803     -992    -1260    -1557 
   -1821    -2015    -2139    -2199    -2185    -2102    -2007    -1956 
   -1956    -1987    -1993    -1930    -1818    -1714    -1644    -1611 
   -1601    -1570    -1516    -1475    -1470    -1514    -1606    -1710 
   -1794    -1850    -1863    -1822    -1745    -1656    -1587    -1559 
   -1580    -1657    -1775    -1895    -1993    -2058    -2065    -2001 
   -1902    -1825    -1788    -1783    -1794    -1806    -1823    -1881 
   -2014    -2220    -2432    -2551    -2527    -2374    -2154    -1941 
   -1795    -1723    -1710    -1745    -1823    -1927    -2061    -2218 
   -2354    -2413    -2385    -2303    -2204    -2115    -2062    -2042 
   -2018    -1973    -1926    -1885    -1865    -1873    -1902    -1949 
   -2014    -2070    -2100    -2097    -2069    -2026    -1979    -1941 
   -1926    -1935    -1944    -1935    -1915    -1878    -1833    -1809 
   -1817    -1841    -1865    -1887    -1914    -1942    -1968    -1991 
   -2010    -2034    -2072    -2107    -2146    -2201    -2288    -2398 
   -2497    -2550    -2531    -2442    -2323    -2203    -2107    -2057 
   -2045    -2049    -2060    -2085    -2138    -2218    -2290    -2297 
   -2200    -2022    -1836    -1718    -1684    -1694    -1709    -1714 
   -1725    -1768    -1849    -1942    -2003    -1995    -1912    -1803 
   -1737    -1757    -1846    -1929    -1930    -1856    -1765    -1726 
   -1746    -1803    -1871    -1922    -1961    -1999    -2031    -2052 
   -2073    -2111    -2177    -2253    -2300    -2288    -2227    -2143 
   -2062    -2033    -2073    -2154    -2241    -2309    -2349    -2351 
   -2319    -2261    -2203    -2161    -2126    -2089    -2060    -2022 
   -1962    -1890    -1823    -1779    -1760    -1746    -1718    -1664 
   -1574    -1452    -1320    -1210    -1146    -1124    -1148    -1221 
   -1320    -1424    -1551    -1734    -1969    -2236    -2516    -2729 
   -2785    -2667    -2419    -2100    -1771    -1482    -1264    -1131 
   -1063    -1043    -1074    -1175    -1351    -1556    -1736    -1872 
   -1952    -1953    -1885    -1790    -1696    -1625    -1579    -1563 
   -1571    -1584    -1591    -1597    -1606    -1626    -1676    -1765 
   -1878    -1985    -2064    -2107    -2141    -2204    -2296    -2394 
   -2497    -2579    -2604    -2570    -2479    -2349    -2214    -2107 
   -2020    -1949    -1910    -1925    -1995    -2089    -2160    -2155 
   -2050    -1878    -1726    -1651    -1665    -1773    -1977    -2259 
   -2563    -2821    -2998    -3057    -2956    -2704    -2367    -2007 
   -1657    -1340    -1084     -927     -899    -1004    -1213    -1467 
   -1715    -1949    -2137    -2243    -2280    -2269    -2226    -2172 
   -2095    -1965    -1787    -1605    -1476    -1452    -1539    -1683 
   -1815    -1887    -1896    -1892    -1934    -2029    -2126    -2161 
   -2084    -1899    -1680    -1516    -1449    -1478    -1554    -1628 
   -1663    -1679    -1734    -1850    -2001    -2153    -2282    -2393 
   -2508    -2651    -2799    -2887    -2856    -2694    -2442    -2162 
   -1919    -1771    -1717    -1709    -1721    -1746    -1787    -1868 
   -2019    -2231    -2442    -2587    -2654    -2681    -2697    -2717 
   -2749    -2763    -2691    -2485    -2158    -1791    -1478    -1282 
   -1216    -1247    -1320    -1387    -1436    -1486    -1548    -1609 
   -1674    -1749    -1815    -1858    -1891    -1923    -1948    -1944 
   -1890    -1784    -1664    -1570    -1505    -1444    -1393    -1390 
   -1466    -1622    -1838    -2073    -2284    -2431    -2512    -2571 
   -2636    -2693    -2712    -2659    -2519    -2330    -2138    -1953 
   -1764    -1570    -1390    -1259    -1175    -1132    -1151    -1264 
   -1487    -1794    -2115    -2380    -2539    -2567    -2498    -2397 
   -2286    -2170    -2069    -1977    -1871    -1750    -1632    -1526 
   -1464    -1502    -1651    -1852    -2034    -2153    -2188    -2170 
   -2149    -2142    -2130    -2076    -1942    -1725    -1468    -1237 
   -1104    -1096    -1175    -1306    -1467    -1632    -1761    -1849 
   -1919    -2000    -2093    -2188    -2266    -2307    -2295    -2228 
   -2134    -2037    -1956    -1891    -1845    -1821    -1794    -1715 
   -1587    -1490    -1505    -1640    -1840    -2041    -2193    -2266 
   -2301    -2334    -2366    -2416    -2490    -2535    -2504    -2409 
   -2273    -2100    -1926    -1790    -1680    -1597    -1563    -1574 
   -1611    -1674    -1733    -1771    -1815    -1881    -1954    -2029 
   -2085    -2083    -2008    -1888    -1745    -1576    -1386    -1206 
   -1067     -982     -955     -990    -1081    -1220    -1374    -1514 
   -1653    -1807    -1969    -2128    -2270    -2363    -2403    -2393 
   -2338    -2255    -2158    -2034    -1880    -1726    -1625    -1614 
   -1694    -1842    -2025    -2199    -2347    -2488    -2621    -2701 
   -2667    -2512    -2281    -2014    -1763    -1594    -1516    -1476 
   -1452    -1444    -1440    -1421    -1399    -1410    -1476    -1590 
   -1726    -1872    -1999    -2088    -2165    -2250    -2319    -2361 
   -2386    -2398    -2370    -2286    -2162    -2034    -1923    -1829 
   -1741    -1671    -1644    -1680    -1769    -1872    -1949    -1969 
   -1933    -1869    -1826    -1833    -1911    -2034    -2126    -2098 
   -1954    -1777    -1625    -1521    -1491    -1514    -1539    -1571 
   -1671    -1854    -2079    -2305    -2501    -2623    -2632    -2555 
   -2442    -2319    -2208    -2114    -2020    -1925    -1846    -1788 
   -1741    -1738    -1799    -1877    -1934    -1975    -2008    -2034 
   -2065    -2089    -2072    -1972    -1779    -1530    -1300    -1155 
   -1120    -1170    -1247    -1300    -1325    -1378    -1494    -1661 
   -1850    -2018    -2115    -2118    -2014    -1821    -1606    -1449 
   -1379    -1364    -1344    -1296    -1243    -1217    -1242    -1304 
   -1378    -1470    -1614    -1811    -2034    -2250    -2417    -2501 
   -2494    -2401    -2239    -2029    -1807    -1610    -1459    -1383 
   -1416    -1557    -1764    -1989    -2188    -2319    -2367    -2359 
   -2313    -2220    -2079    -1933    -1840    -1814    -1858    -1945 
   -2006    -1998    -1923    -1802    -1672    -1579    -1521    -1485 
   -1475    -1501    -1564    -1665    -1781    -1891    -1989    -2057 
   -2096    -2121    -2119    -2081    -2034    -2000    -1979    -1973 
   -1977    -1975    -1982    -2015    -2043    -2042    -2027    -2033 
   -2087    -2169    -2230    -2259    -2257    -2209    -2123    -2004 
   -1850    -1675    -1490    -1314    -1179    -1119    -1144    -1251 
   -1391    -1512    -1591    -1634    -1647    -1641    -1620    -1595 
   -1611    -1707    -1859    -2004    -2076    -2045    -1935    -1790 
   -1634    -1491    -1397    -1366    -1377    -1408    -1468    -1567 
   -1702    -1875    -2065    -2218    -2288    -2262    -2135    -1939 
   -1748    -1617    -1547    -1528    -1553    -1595    -1634    -1663 
   -1695    -1749    -1809    -1867    -1972    -2141    -2328    -2482 
   -2546    -2502    -2380    -2215    -2019    -1802    -1584    -1397 
   -1277    -1246    -1308    -1452    -1663    -1895    -2100    -2258 
   -2355    -2393    -2384    -2308    -2147    -1954    -1815    -1772 
   -1821    -1921    -2006    -2038    -2016    -1958    -1891    -1846 
   -1863    -1938    -2049    -2182    -2334    -2479    -2581    -2632 
   -2648    -2636    -2577    -2442    -2253    -2077    -1969    -1945 
   -1998    -2085    -2150    -2169    -2151    -2114    -2076    -2047 
   -2008    -1968    -1953    -1992    -2111    -2289    -2446    -2520 
   -2485    -2377    -2281    -2253    -2274    -2286    -2242    -2135 
   -1993    -1871    -1813    -1825    -1898    -2016    -2138    -2196 
   -2169    -2072    -1960    -1903    -1926    -1988    -2056    -2128 
   -2192    -2231    -2280    -2381    -2528    -2687    -2817    -2859 
   -2768    -2551    -2257    -1939    -1647    -1425    -1310    -1300 
   -1377    -1525    -1729    -1975    -2253    -2560    -2878    -3159 
   -3357    -3443    -3403    -3272    -3118    -2986    -2871    -2770 
   -2682    -2589    -2473    -2351    -2223    -2081    -1964    -1922 
   -1958    -2041    -2144    -2266    -2400    -2538    -2674    -2797 
   -2878    -2868    -2733    -2492    -2203    -1938    -1755    -1674 
   -1668    -1714    -1825    -2011    -2242    -2458    -2601    -2654 
   -2636    -2570    -2484    -2411    -2354    -2286    -2182    -2039 
   -1890    -1775    -1695    -1640    -1606    -1598    -1634    -1718 
   -1842    -2003    -2189    -2358    -2461    -2461    -2381    -2289 
   -2228    -2196    -2168    -2133    -2081    -2008    -1926    -1846 
   -1753    -1636    -1491    -1327    -1173    -1094    -1173    -1431 
   -1791    -2151    -2424    -2569    -2606    -2575    -2506    -2411 
   -2285    -2146    -2015    -1899    -1825    -1814    -1852    -1914 
   -1965    -1991    -1999    -2006    -2020    -2064    -2126    -2188 
   -2242    -2286    -2338    -2401    -2457    -2481    -2461    -2409 
   -2359    -2335    -2330    -2326    -2296    -2211    -2076    -1918 
   -1755    -1615    -1513    -1467    -1495    -1586    -1679    -1707 
   -1645    -1521    -1394    -1336    -1370    -1444    -1486    -1457 
   -1356    -1224    -1133    -1140    -1217    -1300    -1366    -1420 
   -1455    -1472    -1501    -1557    -1622    -1640    -1578    -1447 
   -1304    -1192    -1120    -1111    -1185    -1318    -1470    -1628 
   -1780    -1912    -2012    -2042    -1992    -1883    -1710    -1501 
   -1316    -1197    -1132    -1063     -932     -762     -629     -599 
    -696     -899    -1165    -1451    -1717    -1930    -2077    -2158 
   -2188    -2172    -2096    -1937    -1688    -1399    -1159    -1032 
   -1019    -1086    -1188    -1274    -1337    -1412    -1514    -1636 
   -1750    -1826    -1833    -1771    -1674    -1583    -1535    -1530 
   -1543    -1568    -1618    -1701    -1833    -2018    -2214    -2385 
   -2519    -2581    -2539    -2421    -2292    -2195    -2158    -2191 
   -2269    -2365    -2452    -2528    -2594    -2631    -2608    -2515 
   -2370    -2214    -2073    -1969    -1914    -1926    -2012    -2149 
   -2301    -2452    -2597    -2710    -2764    -2755    -2714    -2662 
   -2579    -2459    -2335    -2243    -2185    -2141    -2069    -1939 
   -1775    -1613    -1479    -1394    -1344    -1298    -1252    -1228 
   -1224    -1228    -1230    -1232    -1230    -1225    -1228    -1264 
   -1370    -1557    -1804    -2066    -2313    -2527    -2677    -2743 
   -2720    -2601    -2400    -2158    -1921    -1722    -1580    -1501 
   -1482    -1502    -1520    -1528    -1544    -1568    -1602    -1648 
   -1706    -1771    -1833    -1867    -1854    -1798    -1718    -1625 
   -1505    -1340    -1150     -978     -870     -849     -908    -1019 
   -1144    -1248    -1316    -1334    -1304    -1236    -1170    -1143 
   -1170    -1230    -1306    -1412    -1549    -1699    -1836    -1942 
   -2007    -2022    -1985    -1915    -1844    -1788    -1745    -1702 
   -1661    -1634    -1651    -1737    -1883    -2031    -2121    -2134 
   -2088    -2015    -1933    -1867    -1822    -1783    -1745    -1718 
   -1690    -1647    -1575    -1474    -1358    -1244    -1142    -1093 
   -1116    -1178    -1247    -1294    -1312    -1324    -1345    -1367 
   -1378    -1382    -1408    -1490    -1620    -1788    -1982    -2187 
   -2376    -2519    -2581    -2529    -2363    -2126    -1888    -1705 
   -1628    -1651    -1710    -1748    -1746    -1718    -1684    -1657 
   -1647    -1676    -1740    -1806    -1857    -1902    -1945    -2004 
   -2095    -2211    -2323    -2405    -2454    -2484    -2521    -2589 
   -2700    -2843    -2976    -3052    -3041    -2972    -2899    -2828 
   -2740    -2635    -2516    -2438    -2428    -2446    -2452    -2446 
   -2401    -2312    -2201    -2088    -2001    -1949    -1906    -1852 
   -1779    -1692    -1614    -1560    -1539    -1563    -1615    -1663 
   -1687    -1684    -1665    -1653    -1667    -1714    -1792    -1902 
   -2052    -2242    -2427    -2567    -2643    -2632    -2546    -2431 
   -2323    -2266    -2261    -2262    -2241    -2191    -2135    -2110 
   -2133    -2204    -2284    -2332    -2346    -2355    -2378    -2413 
   -2439    -2432    -2397    -2317    -2178    -2003    -1826    -1687 
   -1613    -1599    -1615    -1647    -1687    -1746    -1852    -2003 
   -2150    -2253    -2282    -2235    -2147    -2060    -1987    -1914 
   -1798    -1606    -1367    -1131     -945     -858     -903    -1067 
   -1296    -1525    -1707    -1826    -1903    -1972    -2031    -2053 
   -2012    -1899    -1732    -1554    -1391    -1271    -1227    -1260 
   -1368    -1553    -1804    -2093    -2378    -2620    -2794    -2896 
   -2936    -2932    -2899    -2841    -2776    -2733    -2713    -2713 
   -2743    -2810    -2887    -2932    -2925    -2889    -2859    -2862 
   -2884    -2891    -2849    -2740    -2570    -2358    -2135    -1949 
   -1819    -1726    -1665    -1641    -1649    -1683    -1718    -1729 
   -1734    -1755    -1803    -1890    -2018    -2180    -2365    -2542 
   -2666    -2708    -2668    -2558    -2398    -2220    -2057    -1925 
   -1833    -1796    -1809    -1861    -1948    -2072    -2239    -2450 
   -2705    -2986    -3260    -3472    -3588    -3601    -3516    -3339 
   -3086    -2759    -2376    -1965    -1572    -1235    -1000     -903 
    -936    -1048    -1148    -1159    -1075     -954     -849     -791 
    -787     -830     -907     -999    -1094    -1206    -1347    -1502 
   -1653    -1765    -1817    -1823    -1821    -1831    -1887    -1992 
   -2111    -2204    -2239    -2207    -2107    -1956    -1803    -1688 
   -1620    -1588    -1591    -1622    -1671    -1707    -1709    -1672 
   -1606    -1503    -1360    -1185    -1000     -831     -715     -681 
    -710     -773     -845     -885     -880     -828     -734     -634 
    -569     -553     -584     -656     -741     -838     -963    -1116 
   -1291    -1475    -1624    -1684    -1641    -1543    -1464    -1451 
   -1483    -1503    -1471    -1410    -1356    -1327    -1345    -1417 
   -1497    -1540    -1526    -1468    -1404    -1359    -1339    -1344 
   -1363    -1370    -1364    -1359    -1354    -1343    -1308    -1239 
   -1151    -1086    -1059    -1084    -1181    -1348    -1559    -1781 
   -1995    -2168    -2282    -2328    -2299    -2193    -2033    -1856 
   -1715    -1642    -1644    -1717    -1838    -1961    -2039    -2065 
   -2070    -2077    -2047    -1938    -1755    -1543    -1348    -1206 
   -1124    -1090    -1077    -1055    -1016     -977     -974    -1038 
   -1169    -1347    -1544    -1722    -1833    -1857    -1811    -1740 
   -1680    -1655    -1663    -1674    -1675    -1677    -1705    -1780 
   -1908    -2062    -2215    -2335    -2407    -2451    -2511    -2601 
   -2708    -2801    -2868    -2910    -2933    -2930    -2868    -2710 
   -2444    -2107    -1781    -1533    -1405    -1408    -1498    -1636 
   -1794    -1949    -2097    -2241    -2362    -2477    -2581    -2643 
   -2660    -2656    -2646    -2656    -2702    -2766    -2811    -2810 
   -2758    -2666    -2550    -2427    -2303    -2195    -2141    -2172 
   -2288    -2470    -2697    -2943    -3184    -3403    -3591    -3735 
   -3811    -3807    -3740    -3649    -3576    -3551    -3566    -3576 
   -3526    -3387    -3167    -2905    -2639    -2396    -2196    -2049 
   -1942    -1858    -1795    -1779    -1829    -1933    -2068    -2200 
   -2299    -2371    -2439    -2504    -2548    -2536    -2442    -2293 
   -2130    -2014    -2001    -2110    -2300    -2531    -2763    -2967 
   -3123    -3213    -3229    -3168    -3051    -2914    -2791    -2687 
   -2601    -2527    -2465    -2436    -2442    -2457    -2439    -2374 
   -2274    -2181    -2126    -2107    -2104    -2104    -2087    -2029 
   -1938    -1852    -1804    -1809    -1849    -1900    -1941    -1953 
   -1929    -1864    -1759    -1632    -1522    -1439    -1374    -1308 
   -1224    -1121    -1039    -1020    -1074    -1185    -1304    -1375 
   -1386    -1358    -1329    -1339    -1393    -1444    -1431    -1333 
   -1196    -1062     -957     -889     -855     -832     -781     -687 
    -581     -526     -579     -751     -999    -1267    -1503    -1658 
   -1741    -1798    -1850    -1892    -1871    -1707    -1387     -978 
    -594     -352     -301     -405     -579     -747     -864     -954 
   -1057    -1188    -1325    -1440    -1520    -1583    -1653    -1729 
   -1784    -1768    -1640    -1393    -1057     -706     -418     -240 
    -186     -249     -414     -675    -1005    -1364    -1705    -1975 
   -2143    -2196    -2158    -2074    -1999    -1971    -1988    -2034 
   -2077    -2092    -2070    -2020    -1960    -1895    -1818    -1729 
   -1660    -1622    -1613    -1638    -1709    -1811    -1918    -2001 
   -2033    -1999    -1900    -1737    -1522    -1282    -1053     -859 
    -727     -658     -634     -635     -653     -715     -862    -1075 
   -1300    -1475    -1560    -1540    -1420    -1202     -909     -579 
    -261       16      244      421      530      548      454      268 
      49     -122     -207     -203     -128      -21       70      118 
     124      117      124      151      189      237      287      329 
     364      398      423      436      436      410      317       99 
    -272     -773    -1313    -1796    -2153    -2363    -2455    -2478 
   -2469    -2455    -2435    -2376    -2265    -2118    -1971    -1869 
   -1857    -1927    -2001    -1991    -1849    -1575    -1205     -805 
    -460     -246     -191     -263     -406     -550     -660     -737 
    -795     -831     -831     -784     -675     -500     -286      -97 
     -11      -86     -334     -720    -1151    -1530    -1791    -1902 
   -1880    -1780    -1669    -1609    -1632    -1740    -1918    -2160 
   -2450    -2767    -3094    -3418    -3719    -3977    -4155    -4223 
   -4163    -3967    -3639    -3200    -2682    -2107    -1491     -862 
    -256      270      646      818      730      359     -237     -945 
   -1657    -2317    -2882    -3315    -3580    -3650    -3541    -3298 
   -2965    -2586    -2181    -1742    -1270     -783     -317       49 
     241      229       45     -214     -456     -643     -789     -924 
   -1059    -1178    -1258    -1287    -1279    -1271    -1308    -1420 
   -1591    -1755    -1845    -1837    -1744    -1594    -1429    -1278 
   -1150    -1058    -1015    -1012    -1051    -1142    -1285    -1455 
   -1613    -1717    -1749    -1717    -1644    -1560    -1489    -1431 
   -1348    -1174     -869     -471      -60      278      491      576 
     560      473      334      137     -144     -521     -962    -1398 
   -1741    -1933    -1962    -1869    -1717    -1576    -1502    -1509 
   -1578    -1701    -1876    -2095    -2354    -2647    -2941    -3213 
   -3459    -3670    -3852    -4003    -4110    -4153    -4105    -3948 
   -3690    -3355    -2998    -2682    -2446    -2300    -2258    -2331 
   -2494    -2718    -2957    -3149    -3269    -3345    -3407    -3485 
   -3596    -3728    -3888    -4104    -4382    -4692    -4974    -5144 
   -5117    -4847    -4336    -3630    -2828    -2034    -1313     -715 
    -291      -93     -137     -378     -753    -1215    -1706    -2149 
   -2473    -2651    -2694    -2631    -2492    -2292    -2045    -1767 
   -1479    -1192     -931     -728     -589     -504     -471     -504 
    -621     -818    -1069    -1350    -1640    -1903    -2098    -2193 
   -2155    -1973    -1645    -1190     -670     -178      217      502 
     697      816      831      695      379      -93     -631    -1127 
   -1476    -1634    -1618    -1472    -1244     -973     -689     -421 
    -193      -10      141      275      382      442      423      309 
     112     -135     -398     -649     -900    -1196    -1571    -2010 
   -2448    -2805    -3003    -3011    -2852    -2584    -2259    -1902 
   -1537    -1204     -934     -761     -706     -750     -864    -1036 
   -1255    -1502    -1757    -1995    -2201    -2350    -2381    -2253 
   -1968    -1560    -1069     -540      -36      395      746      993 
    1100     1053      869      572      201     -195     -598    -1005 
   -1416    -1804    -2137    -2377    -2505    -2511    -2384    -2130 
   -1776    -1354     -907     -495     -159       94      265      353 
     367      311      180      -32     -326     -665     -997    -1278 
   -1497    -1653    -1740    -1744    -1667    -1509    -1278     -986 
    -677     -390     -143       58      214      329      391      365 
     198     -143     -631    -1159    -1629    -1982    -2209    -2327 
   -2369    -2347    -2247    -2057    -1795    -1498    -1198     -918 
    -657     -399     -143       94      268      322      229        9 
    -288     -612     -926    -1201    -1428    -1611    -1737    -1794 
   -1773    -1652    -1444    -1221    -1060    -1000    -1060    -1251 
   -1548    -1929    -2361    -2802    -3229    -3642    -4047    -4444 
   -4824    -5158    -5424    -5618    -5749    -5815    -5821    -5771 
   -5675    -5533    -5354    -5157    -4969    -4816    -4712    -4657 
   -4638    -4637    -4638    -4642    -4637    -4604    -4518    -4341 
   -4055    -3690    -3284    -2882    -2517    -2200    -1929    -1690 
   -1460    -1235    -1030     -882     -818     -808     -816     -815 
    -793     -795     -873    -1043    -1302    -1625    -1971    -2308 
   -2633    -2956    -3269    -3549    -3757    -3863    -3892    -3904 
   -3916    -3919    -3888    -3805    -3682    -3563    -3500    -3518 
   -3619    -3793    -4017    -4255    -4471    -4644    -4752    -4793 
   -4776    -4699    -4596    -4513    -4463    -4456    -4476    -4473 
   -4431    -4374    -4309    -4230    -4120    -3942    -3680    -3368 
   -3075    -2882    -2853    -2999    -3283    -3623    -3912    -4090 
   -4156    -4133    -4054    -3948    -3816    -3634    -3403    -3123 
   -2822    -2551    -2380    -2331    -2377    -2461    -2532    -2586 
   -2633    -2685    -2749    -2843    -2983    -3160    -3315    -3372 
   -3284    -3063    -2766    -2482    -2272    -2141    -2052    -1945 
   -1772    -1528    -1262    -1046     -912     -835     -774     -696 
    -602     -531     -538     -654     -873    -1132    -1327    -1358 
   -1185     -858     -495     -211      -76     -108     -280     -553 
    -890    -1239    -1552    -1811    -2033    -2215    -2347    -2411 
   -2409    -2366    -2327    -2358    -2517    -2824    -3235    -3681 
   -4086    -4407    -4648    -4849    -5046    -5259    -5493    -5726 
   -5910    -5988    -5935    -5741    -5417    -4993    -4511    -4017 
   -3553    -3154    -2836    -2604    -2470    -2436    -2500    -2669 
   -2930    -3227    -3499    -3692    -3770    -3746    -3649    -3503 
   -3342    -3192    -3044    -2863    -2646    -2424    -2286    -2309 
   -2520    -2886    -3323    -3715    -3958    -4001    -3828    -3445 
   -2886    -2226    -1544     -918     -429     -160     -144     -360 
    -761    -1250    -1702    -2047    -2273    -2405    -2494    -2565 
   -2621    -2658    -2667    -2650    -2641    -2682    -2768    -2882 
   -2999    -3092    -3152    -3200    -3271    -3393    -3574    -3801 
   -4045    -4283    -4484    -4621    -4687    -4687    -4612    -4445 
   -4171    -3813    -3416    -3015    -2624    -2250    -1899    -1572 
   -1277    -1026     -841     -739     -753     -901    -1181    -1566 
   -2014    -2481    -2932    -3311    -3569    -3678    -3620    -3388 
   -2994    -2447    -1798    -1139     -564     -144       86      131 
      31     -182     -506     -950    -1497    -2111    -2728    -3237 
   -3547    -3600    -3388    -2972    -2461    -1961    -1545    -1233 
   -1023     -913     -929    -1107    -1451    -1908    -2358    -2644 
   -2686    -2516    -2250    -2030    -1944    -2003    -2161    -2366 
   -2601    -2905    -3326    -3835    -4321    -4660    -4761    -4599 
   -4225    -3734    -3213    -2747    -2404    -2228    -2241    -2419 
   -2697    -3011    -3331    -3653    -3990    -4332    -4654    -4930 
   -5105    -5139    -5024    -4801    -4529    -4248    -3969    -3682 
   -3380    -3063    -2762    -2523    -2390    -2394    -2532    -2779 
   -3076    -3361    -3600    -3769    -3844    -3844    -3807    -3770 
   -3759    -3763    -3738    -3636    -3434    -3153    -2836    -2525 
   -2267    -2064    -1867    -1634    -1383    -1171    -1060    -1101 
   -1287    -1537    -1729    -1795    -1732    -1595    -1463    -1383 
   -1350    -1324    -1286    -1260    -1293    -1414    -1626    -1880 
   -2087    -2155    -2053    -1795    -1452    -1120     -890     -791 
    -791     -845     -916     -989    -1063    -1151    -1275    -1447 
   -1632    -1813    -1984    -2165    -2390    -2702    -3115    -3597 
   -4079    -4482    -4756    -4878    -4851    -4712    -4510    -4289 
   -4078    -3877    -3682    -3495    -3346    -3284    -3354    -3565 
   -3880    -4233    -4549    -4779    -4914    -4973    -4980    -4956 
   -4907    -4812    -4660    -4448    -4190    -3917    -3680    -3520 
   -3430    -3346    -3217    -3034    -2860    -2783    -2880    -3167 
   -3565    -3965    -4294    -4496    -4554    -4506    -4399    -4252 
   -4063    -3823    -3516    -3141    -2717    -2263    -1822    -1453 
   -1201    -1093    -1147    -1348    -1651    -1998    -2327    -2577 
   -2708    -2714    -2612    -2407    -2102    -1718    -1308     -967 
    -785     -796     -969    -1232    -1521    -1836    -2185    -2548 
   -2878    -3127    -3253    -3230    -3069    -2803    -2454    -2034 
   -1568    -1096     -658     -301      -64        8      -76     -263 
    -479     -670     -814     -905     -957     -980     -972     -929 
    -858     -764     -646     -513     -380     -284     -263     -340 
    -514     -745     -957    -1084    -1115    -1093    -1074    -1097 
   -1162    -1247    -1350    -1485    -1668    -1904    -2160    -2370 
   -2470    -2404    -2150    -1745    -1250     -746     -309       13 
     191      220      117      -65     -288     -506     -696     -846 
    -969    -1086    -1217    -1362    -1494    -1603    -1683    -1749 
   -1809    -1826    -1741    -1522    -1202     -858     -579     -402 
    -332     -359     -463     -621     -846    -1155    -1528    -1925 
   -2290    -2582    -2775    -2844    -2779    -2601    -2332    -1992 
   -1606    -1232     -928     -761     -750     -868    -1035    -1171 
   -1216    -1139     -955     -714     -491     -349     -324     -425 
    -635     -924    -1259    -1605    -1923    -2168    -2312    -2350 
   -2276    -2097    -1858    -1606    -1398    -1290    -1305    -1397 
   -1474    -1452    -1310    -1086     -849     -664     -565     -530 
    -499     -429     -337     -270     -244     -266     -336     -433 
    -548     -685     -846    -1021    -1198    -1351    -1437    -1435 
   -1348    -1209    -1059     -931     -838     -787     -756     -738 
    -745     -793     -874     -972    -1074    -1175    -1266    -1318 
   -1314    -1263    -1181    -1086    -1000     -939     -903     -876 
    -835     -785     -747     -739     -760     -810     -873     -915 
    -909     -854     -788     -769     -838    -1000    -1219    -1422 
   -1553    -1602    -1588    -1548    -1489    -1378    -1188     -923 
    -625     -368     -228     -234     -380     -621     -911    -1227 
   -1548    -1841    -2060    -2166    -2150    -2038    -1880    -1723 
   -1622    -1594    -1601    -1588    -1513    -1371    -1188     -982 
    -761     -533     -309      -98       65      155      164      110 
      14      -94     -180     -225     -237     -229     -206     -175 
    -129      -45       67      178      274      344      390      432 
     499      594      685      735      715      629      514      414 
     330      225       63     -159     -409     -604     -672     -592 
    -414     -206      -14      143      259      322      321      249 
     117      -58     -238     -390     -484     -504     -463     -402 
    -344     -299     -261     -225     -193     -153     -126     -139 
    -197     -288     -369     -395     -370     -338     -329     -344 
    -368     -382     -382     -383     -418     -506     -627     -726 
    -774     -801     -858     -981    -1147    -1271    -1277    -1139 
    -899     -642     -454     -355     -336     -386     -490     -637 
    -822    -1028    -1224    -1393    -1518    -1575    -1557    -1482 
   -1345    -1143     -903     -666     -496     -446     -523     -696 
    -899    -1063    -1179    -1293    -1460    -1706    -1982    -2192 
   -2266    -2196    -2025    -1836    -1694    -1605    -1525    -1416 
   -1279    -1138     -999     -869     -793     -823     -976    -1225 
   -1518    -1783    -1965    -2061    -2097    -2106    -2088    -2010 
   -1825    -1521    -1127     -696     -310      -51       32      -44 
    -222     -427     -614     -757     -857     -929     -982    -1017 
   -1044    -1077    -1112    -1117    -1077     -997     -885     -747 
    -600     -453     -307     -167      -41       49       55      -89 
    -396     -827    -1310    -1777    -2161    -2425    -2569    -2608 
   -2569    -2485    -2389    -2280    -2146    -2000    -1859    -1742 
   -1669    -1647    -1661    -1705    -1760    -1819    -1900    -2010 
   -2149    -2309    -2459    -2563    -2601    -2554    -2417    -2193 
   -1896    -1586    -1336    -1185    -1152    -1232    -1372    -1516 
   -1630    -1690    -1686    -1621    -1502    -1370    -1259    -1181 
   -1152    -1188    -1291    -1457    -1664    -1865    -2026    -2118 
   -2118    -2034    -1902    -1741    -1566    -1374    -1167     -943 
    -723     -532     -398     -329     -319     -353     -430     -546 
    -702     -918    -1190    -1499    -1826    -2143    -2386    -2515 
   -2528    -2436    -2263    -2045    -1831    -1671    -1574    -1505 
   -1426    -1345    -1310    -1402    -1667    -2079    -2540    -2903 
   -3069    -3032    -2843    -2579    -2301    -2026    -1760    -1509 
   -1287    -1143    -1131    -1248    -1448    -1680    -1899    -2056 
   -2133    -2153    -2153    -2173    -2243    -2363    -2523    -2705 
   -2872    -2986    -3018    -2967    -2866    -2749    -2658    -2633 
   -2690    -2818    -3003    -3217    -3416    -3566    -3653    -3680 
   -3643    -3530    -3335    -3083    -2817    -2567    -2353    -2189 
   -2076    -1981    -1894    -1836    -1823    -1826    -1819    -1792 
   -1741    -1668    -1588    -1524    -1497    -1497    -1497    -1476 
   -1452    -1443    -1456    -1490    -1535    -1598    -1694    -1842 
   -2041    -2262    -2474    -2648    -2766    -2829    -2866    -2887 
   -2891    -2870    -2811    -2729    -2646    -2569    -2489    -2404 
   -2317    -2227    -2138    -2062    -2026    -2038    -2093    -2185 
   -2297    -2400    -2477    -2527    -2525    -2455    -2328    -2195 
   -2119    -2144    -2282    -2492    -2695    -2841    -2909    -2893 
   -2810    -2688    -2546    -2385    -2232    -2126    -2074    -2076 
   -2133    -2226    -2328    -2407    -2419    -2344    -2220    -2104 
   -2043    -2053    -2115    -2188    -2218    -2173    -2064    -1933 
   -1830    -1779    -1749    -1713    -1658    -1580    -1513    -1514 
   -1611    -1790    -2006    -2208    -2358    -2469    -2586    -2747 
   -2949    -3157    -3327    -3431    -3459    -3434    -3392    -3349 
   -3303    -3253    -3217    -3198    -3184    -3184    -3203    -3230 
   -3257    -3292    -3345    -3423    -3515    -3588    -3604    -3539 
   -3393    -3202    -3015    -2879    -2802    -2764    -2735    -2694 
   -2635    -2565    -2497    -2427    -2355    -2277    -2209    -2185 
   -2230    -2346    -2501    -2636    -2714    -2740    -2740    -2739 
   -2740    -2727    -2664    -2552    -2415    -2276    -2163    -2107 
   -2107    -2141    -2196    -2273    -2389    -2584    -2868    -3198 
   -3520    -3769    -3878    -3828    -3657    -3433    -3226    -3086 
   -3029    -3030    -3049    -3052    -3045    -3052    -3079    -3106 
   -3088    -2998    -2833    -2621    -2416    -2273    -2230    -2288 
   -2411    -2546    -2647    -2669    -2609    -2493    -2358    -2230 
   -2120    -2019    -1922    -1841    -1792    -1798    -1884    -2030 
   -2173    -2258    -2273    -2247    -2222    -2241    -2336    -2504 
   -2712    -2909    -3044    -3082    -3015    -2862    -2654    -2432 
   -2231    -2076    -1977    -1930    -1925    -1962    -2064    -2243 
   -2482    -2731    -2937    -3051    -3049    -2961    -2833    -2697 
   -2554    -2384    -2188    -2014    -1922    -1948    -2069    -2224 
   -2357    -2431    -2436    -2412    -2404    -2424    -2458    -2478 
   -2455    -2388    -2285    -2174    -2077    -1984    -1868    -1715 
   -1528    -1343    -1224    -1208    -1300    -1482    -1722    -1960 
   -2144    -2259    -2319    -2346    -2355    -2349    -2328    -2311 
   -2296    -2280    -2278    -2311    -2376    -2461    -2536    -2579 
   -2577    -2535    -2492    -2479    -2500    -2552    -2635    -2737 
   -2839    -2925    -2986    -3014    -2990    -2917    -2799    -2646 
   -2469    -2286    -2126    -2000    -1912    -1869    -1861    -1868 
   -1891    -1934    -1996    -2070    -2141    -2191    -2224    -2246 
   -2242    -2201    -2116    -1975    -1803    -1625    -1472    -1383 
   -1390    -1487    -1651    -1845    -2034    -2204    -2355    -2485 
   -2587    -2660    -2698    -2705    -2686    -2647    -2604    -2558 
   -2504    -2427    -2309    -2149    -1961    -1776    -1630    -1559 
   -1566    -1632    -1737    -1841    -1912    -1949    -1960    -1939 
   -1880    -1775    -1634    -1498    -1402    -1377    -1435    -1534 
   -1614    -1618    -1534    -1398    -1243    -1094    -1000     -976 
    -994    -1038    -1109    -1206    -1331    -1468    -1576    -1622 
   -1597    -1499    -1367    -1258    -1189    -1143    -1094    -1031 
    -965     -923     -922     -959    -1023    -1071    -1077    -1059 
   -1077    -1159    -1278    -1375    -1393    -1305    -1124     -892 
    -660     -483     -379     -333     -334     -387     -502     -704 
    -990    -1301    -1560    -1706    -1705    -1574    -1378    -1190 
   -1055     -990     -986    -1004    -1021    -1050    -1081    -1113 
   -1140    -1146    -1127    -1112    -1128    -1198    -1334    -1524 
   -1733    -1930    -2079    -2158    -2168    -2130    -2079    -2034 
   -1987    -1926    -1876    -1852    -1863    -1903    -1966    -2049 
   -2149    -2249    -2309    -2313    -2280    -2249    -2251    -2292 
   -2331    -2313    -2215    -2049    -1865    -1718    -1621    -1563 
   -1541    -1551    -1578    -1618    -1667    -1702    -1714    -1709 
   -1676    -1614    -1544    -1482    -1437    -1425    -1443    -1475 
   -1509    -1540    -1560    -1572    -1584    -1609    -1647    -1701 
   -1765    -1840    -1914    -1981    -2038    -2085    -2110    -2110 
   -2100    -2083    -2060    -2046    -2052    -2074    -2107    -2128 
   -2128    -2121    -2118    -2130    -2182    -2263    -2338    -2382 
   -2371    -2316    -2249    -2193    -2137    -2062    -1958    -1817 
   -1644    -1466    -1308    -1196    -1150    -1173    -1260    -1410 
   -1598    -1779    -1922    -2011    -2043    -2019    -1945    -1833 
   -1684    -1506    -1320    -1142     -996     -912     -909     -987 
   -1129    -1308    -1476    -1613    -1713    -1769    -1767    -1694 
   -1554    -1368    -1185    -1055    -1000     -997    -1009    -1007 
    -990    -1000    -1081    -1242    -1452    -1660    -1813    -1894 
   -1923    -1925    -1921    -1930    -1954    -1975    -1973    -1949 
   -1917    -1903    -1942    -2037    -2162    -2296    -2393    -2424 
   -2398    -2343    -2277    -2215    -2176    -2173    -2192    -2227 
   -2263    -2281    -2295    -2324    -2361    -2397    -2424    -2425 
   -2394    -2342    -2281    -2215    -2134    -2020    -1884    -1753 
   -1642    -1566    -1524    -1485    -1431    -1370    -1308    -1274 
   -1282    -1324    -1366    -1389    -1383    -1350    -1318    -1316 
   -1345    -1405    -1471    -1509    -1509    -1476    -1440    -1425 
   -1431    -1444    -1445    -1431    -1405    -1381    -1364    -1363 
   -1386    -1428    -1491    -1595    -1733    -1881    -2026    -2154 
   -2258    -2353    -2446    -2525    -2575    -2582    -2559    -2546 
   -2570    -2625    -2695    -2748    -2771    -2770    -2767    -2779 
   -2799    -2824    -2835    -2806    -2729    -2621    -2521    -2467 
   -2461    -2484    -2515    -2524    -2504    -2465    -2432    -2432 
   -2482    -2578    -2695    -2797    -2833    -2778    -2654    -2497 
   -2354    -2263    -2223    -2214    -2215    -2212    -2211    -2231 
   -2289    -2380    -2481    -2560    -2579    -2519    -2385    -2208 
   -2031    -1890    -1788    -1710    -1637    -1578    -1552    -1578 
   -1664    -1800    -1952    -2079    -2158    -2200    -2218    -2222 
   -2215    -2193    -2139    -2043    -1907    -1757    -1630    -1557 
   -1534    -1535    -1543    -1541    -1537    -1563    -1638    -1748 
   -1852    -1908    -1892    -1837    -1795    -1802    -1863    -1966 
   -2084    -2176    -2238    -2277    -2300    -2312    -2315    -2296 
   -2251    -2191    -2138    -2115    -2137    -2203    -2301    -2420 
   -2543    -2646    -2694    -2662    -2551    -2388    -2204    -2038 
   -1910    -1821    -1755    -1705    -1671    -1657    -1679    -1734 
   -1806    -1875    -1918    -1926    -1915    -1917    -1953    -2027 
   -2111    -2168    -2165    -2101    -1996    -1898    -1850    -1867 
   -1937    -2027    -2098    -2135    -2144    -2142    -2139    -2141 
   -2144    -2137    -2102    -2045    -1975    -1915    -1888    -1914 
   -1971    -2016    -2012    -1949    -1845    -1738    -1676    -1688 
   -1765    -1873    -1981    -2061    -2106    -2137    -2168    -2191 
   -2184    -2128    -2011    -1844    -1658    -1502    -1401    -1367 
   -1399    -1468    -1540    -1613    -1687    -1752    -1806    -1838 
   -1852    -1852    -1833    -1788    -1736    -1680    -1629    -1575 
   -1495    -1374    -1224    -1085    -1004     -999    -1050    -1135 
   -1220    -1290    -1359    -1436    -1516    -1588    -1629    -1621 
   -1574    -1518    -1497    -1540    -1642    -1759    -1841    -1857 
   -1809    -1728    -1642    -1580    -1549    -1528    -1503    -1474 
   -1460    -1499    -1599    -1714    -1783    -1777    -1707    -1610 
   -1521    -1456    -1404    -1359    -1321    -1289    -1281    -1314 
   -1381    -1462    -1528    -1568    -1586    -1601    -1638    -1711 
   -1813    -1921    -2011    -2076    -2119    -2153    -2180    -2189 
   -2170    -2120    -2049    -1973    -1912    -1884    -1895    -1944 
   -2018    -2096    -2157    -2193    -2214    -2222    -2230    -2234 
   -2215    -2166    -2107    -2060    -2038    -2038    -2050    -2064 
   -2064    -2056    -2061    -2095    -2143    -2189    -2208    -2182 
   -2126    -2065    -2026    -2020    -2043    -2084    -2111    -2114 
   -2110    -2119    -2149    -2193    -2222    -2218    -2184    -2134 
   -2091    -2073    -2074    -2072    -2039    -1971    -1878    -1786 
   -1706    -1653    -1632    -1640    -1660    -1688    -1728    -1764 
   -1779    -1768    -1736    -1684    -1610    -1513    -1404    -1306 
   -1251    -1242    -1275    -1343    -1426    -1509    -1599    -1698 
   -1799    -1888    -1961    -2020    -2072    -2119    -2155    -2161 
   -2124    -2056    -1991    -1949    -1922    -1890    -1841    -1791 
   -1767    -1786    -1850    -1939    -2016    -2049    -2027    -1981 
   -1945    -1933    -1949    -1973    -1977    -1956    -1921    -1891 
   -1894    -1925    -1956    -1962    -1929    -1859    -1775    -1701 
   -1667    -1684    -1728    -1768    -1796    -1825    -1865    -1925 
   -1992    -2061    -2116    -2130    -2092    -2020    -1941    -1873 
   -1826    -1796    -1777    -1768    -1761    -1763    -1775    -1795 
   -1811    -1815    -1815    -1809    -1783    -1740    -1691    -1652 
   -1624    -1602    -1583    -1566    -1543    -1513    -1475    -1429 
   -1375    -1321    -1285    -1277    -1298    -1339    -1385    -1429 
   -1472    -1513    -1566    -1634    -1711    -1792    -1867    -1922 
   -1949    -1956    -1944    -1918    -1877    -1821    -1769    -1738 
   -1733    -1755    -1788    -1815    -1826    -1807    -1763    -1713 
   -1675    -1652    -1638    -1622    -1601    -1584    -1576    -1580 
   -1595    -1610    -1621    -1634    -1658    -1705    -1768    -1845 
   -1925    -1996    -2052    -2085    -2088    -2060    -2007    -1933 
   -1856    -1791    -1744    -1717    -1707    -1709    -1733    -1786 
   -1859    -1952    -2057    -2170    -2273    -2344    -2367    -2335 
   -2255    -2141    -2018    -1903    -1802    -1723    -1676    -1657 
   -1668    -1706    -1763    -1831    -1903    -1968    -2007    -2016 
   -2004    -1975    -1937    -1899    -1875    -1861    -1859    -1873 
   -1892    -1906    -1917    -1929    -1945    -1966    -1995    -2022 
   -2041    -2056    -2069    -2079    -2077    -2062    -2041    -2019 
   -2011    -2025    -2062    -2110    -2151    -2176    -2193    -2212 
   -2239    -2265    -2277    -2270    -2238    -2189    -2134    -2081 
   -2034    -1982    -1938    -1911    -1906    -1929    -1965    -2010 
   -2070    -2134    -2193    -2250    -2290    -2308    -2305    -2273 
   -2218    -2161    -2119    -2097    -2093    -2096    -2087    -2064 
   -2029    -1992    -1979    -1996    -2031    -2069    -2106    -2134 
   -2146    -2157    -2168    -2178    -2196    -2222    -2246    -2269 
   -2288    -2295    -2285    -2267    -2257    -2261    -2282    -2308 
   -2322    -2317    -2305    -2289    -2270    -2253    -2243    -2236 
   -2228    -2224    -2235    -2255    -2274    -2284    -2281    -2265 
   -2234    -2199    -2161    -2128    -2104    -2079    -2057    -2047 
   -2047    -2043    -2027    -1999    -1956    -1902    -1845    -1795 
   -1759    -1738    -1723    -1709    -1696    -1679    -1653    -1641 
   -1647    -1660    -1692    -1738    -1784    -1840    -1910    -1985 
   -2066    -2141    -2187    -2203    -2203    -2187    -2162    -2142 
   -2115    -2074    -2029    -1979    -1926    -1895    -1902    -1949 
   -2029    -2116    -2192    -2249    -2281    -2276    -2238    -2185 
   -2119    -2046    -1987    -1945    -1922    -1929    -1965    -2004 
   -2033    -2049    -2039    -2000    -1945    -1884    -1823    -1783 
   -1761    -1749    -1748    -1750    -1745    -1729    -1711    -1683 
   -1658    -1647    -1651    -1674    -1713    -1760    -1806    -1845 
   -1864    -1848    -1809    -1759    -1705    -1653    -1611    -1586 
   -1575    -1574    -1576    -1570    -1540    -1490    -1436    -1393 
   -1366    -1352    -1345    -1340    -1331    -1321    -1317    -1321 
   -1341    -1375    -1420    -1480    -1548    -1609    -1658    -1699 
   -1725    -1726    -1709    -1669    -1611    -1547    -1493    -1468 
   -1474    -1505    -1556    -1620    -1682    -1742    -1804    -1865 
   -1915    -1945    -1938    -1888    -1803    -1687    -1560    -1455 
   -1383    -1337    -1314    -1306    -1302    -1301    -1305    -1310 
   -1306    -1290    -1269    -1246    -1213    -1174    -1148    -1142 
   -1151    -1188    -1246    -1308    -1366    -1408    -1426    -1426 
   -1422    -1429    -1445    -1466    -1475    -1464    -1444    -1440 
   -1462    -1503    -1556    -1601    -1620    -1603    -1567    -1528 
   -1505    -1507    -1526    -1539    -1534    -1518    -1494    -1474 
   -1463    -1470    -1501    -1551    -1598    -1630    -1638    -1617 
   -1575    -1520    -1460    -1405    -1368    -1350    -1356    -1385 
   -1429    -1490    -1568    -1656    -1737    -1795    -1818    -1817 
   -1798    -1768    -1732    -1694    -1660    -1640    -1626    -1615 
   -1614    -1622    -1642    -1668    -1688    -1703    -1706    -1695 
   -1687    -1695    -1713    -1741    -1780    -1821    -1852    -1869 
   -1864    -1833    -1787    -1732    -1688    -1671    -1669    -1679 
   -1707    -1755    -1821    -1903    -1982    -2034    -2056    -2052 
   -2026    -1992    -1965    -1949    -1953    -1979    -2023    -2069 
   -2110    -2142    -2157    -2160    -2153    -2133    -2096    -2043 
   -1975    -1904    -1846    -1813    -1806    -1829    -1872    -1911 
   -1923    -1896    -1826    -1742    -1665    -1610    -1579    -1568 
   -1564    -1572    -1601    -1648    -1713    -1783    -1842    -1877 
   -1888    -1883    -1871    -1867    -1878    -1904    -1935    -1962 
   -1975    -1962    -1935    -1904    -1883    -1867    -1848    -1826 
   -1810    -1809    -1826    -1859    -1900    -1927    -1930    -1917 
   -1899    -1885    -1873    -1858    -1846    -1840    -1833    -1822 
   -1803    -1775    -1744    -1719    -1696    -1669    -1640    -1610 
   -1587    -1587    -1613    -1658    -1728    -1806    -1880    -1944 
   -1989    -2018    -2031    -2027    -2012    -2000    -1999    -2001 
   -2006    -2012    -2023    -2037    -2046    -2047    -2046    -2046 
   -2053    -2077    -2116    -2173    -2241    -2289    -2308    -2308 
   -2293    -2265    -2236    -2215    -2196    -2184    -2184    -2207 
   -2251    -2311    -2370    -2405    -2407    -2384    -2346    -2297 
   -2250    -2208    -2160    -2111    -2083    -2077    -2089    -2111 
   -2137    -2160    -2193    -2243    -2312    -2386    -2450    -2489 
   -2497    -2494    -2490    -2478    -2461    -2428    -2367    -2289 
   -2208    -2133    -2085    -2079    -2088    -2096    -2095    -2084 
   -2070    -2066    -2079    -2104    -2128    -2143    -2143    -2133 
   -2111    -2081    -2045    -2000    -1948    -1887    -1819    -1744 
   -1664    -1593    -1549    -1544    -1580    -1655    -1748    -1830 
   -1890    -1921    -1930    -1930    -1925    -1914    -1896    -1867 
   -1826    -1780    -1741    -1718    -1701    -1675    -1632    -1583 
   -1535    -1505    -1505    -1537    -1586    -1638    -1676    -1683 
   -1667    -1640    -1613    -1594    -1582    -1571    -1561    -1556 
   -1561    -1580    -1610    -1642    -1668    -1672    -1655    -1629 
   -1610    -1611    -1632    -1665    -1706    -1750    -1798    -1849 
   -1896    -1934    -1958    -1964    -1952    -1930    -1912    -1899 
   -1898    -1907    -1925    -1952    -1989    -2041    -2110    -2176 
   -2224    -2249    -2255    -2262    -2277    -2296    -2313    -2326 
   -2331    -2338    -2351    -2365    -2382    -2392    -2393    -2386 
   -2374    -2366    -2371    -2389    -2416    -2447    -2475    -2504 
   -2523    -2521    -2504    -2478    -2451    -2417    -2385    -2355 
   -2334    -2330    -2351    -2389    -2435    -2474    -2489    -2475 
   -2438    -2384    -2338    -2315    -2311    -2322    -2338    -2354 
   -2376    -2407    -2438    -2451    -2438    -2394    -2319    -2235 
   -2157    -2093    -2053    -2041    -2046    -2066    -2101    -2143 
   -2181    -2207    -2222    -2227    -2226    -2211    -2187    -2158 
   -2133    -2104    -2081    -2068    -2062    -2064    -2079    -2111 
   -2161    -2228    -2316    -2407    -2490    -2560    -2610    -2639 
   -2646    -2620    -2555    -2459    -2342    -2215    -2092    -1981 
   -1891    -1823    -1781    -1755    -1740    -1740    -1748    -1752 
   -1749    -1748    -1744    -1737    -1737    -1755    -1794    -1846 
   -1900    -1938    -1954    -1958    -1956    -1945    -1925    -1891 
   -1846    -1796    -1757    -1744    -1759    -1798    -1846    -1890 
   -1922    -1949    -1980    -2008    -2030    -2042    -2037    -2007 
   -1965    -1937    -1933    -1958    -2006    -2052    -2081    -2095 
   -2107    -2133    -2176    -2222    -2253    -2261    -2245    -2222 
   -2203    -2185    -2172    -2153    -2126    -2102    -2088    -2076 
   -2072    -2066    -2049    -2018    -1972    -1907    -1838    -1781 
   -1744    -1718    -1696    -1667    -1620    -1567    -1522    -1491 
   -1474    -1459    -1436    -1402    -1362    -1328    -1305    -1296 
   -1301    -1310    -1314    -1304    -1281    -1256    -1235    -1217 
   -1205    -1198    -1185    -1167    -1162    -1181    -1220    -1274 
   -1344    -1428    -1518    -1605    -1676    -1719    -1728    -1710 
   -1683    -1657    -1637    -1620    -1605    -1586    -1553    -1509 
   -1472    -1451    -1437    -1428    -1405    -1367    -1327    -1289 
   -1263    -1263    -1282    -1304    -1317    -1321    -1327    -1340 
   -1364    -1391    -1414    -1433    -1441    -1437    -1422    -1398 
   -1375    -1355    -1341    -1333    -1329    -1333    -1348    -1375 
   -1420    -1485    -1557    -1636    -1718    -1795    -1859    -1912 
   -1949    -1971    -1982    -1987    -1975    -1953    -1925    -1898 
   -1885    -1894    -1917    -1949    -1985    -2015    -2042    -2073 
   -2115    -2169    -2215    -2245    -2259    -2267    -2270    -2277 
   -2292    -2300    -2292    -2273    -2247    -2214    -2185    -2174 
   -2177    -2195    -2228    -2270    -2311    -2349    -2384    -2416 
   -2457    -2500    -2533    -2546    -2533    -2502    -2451    -2385 
   -2319    -2251    -2187    -2133    -2095    -2079    -2089    -2121 
   -2173    -2234    -2289    -2326    -2338    -2328    -2301    -2266 
   -2227    -2199    -2178    -2154    -2121    -2091    -2064    -2045 
   -2046    -2074    -2130    -2192    -2246    -2295    -2338    -2378 
   -2416    -2447    -2465    -2454    -2412    -2351    -2278    -2200 
   -2139    -2107    -2089    -2074    -2053    -2019    -1979    -1956 
   -1958    -1981    -2020    -2060    -2076    -2069    -2042    -2015 
   -1999    -1996    -1999    -1996    -1982    -1971    -1979    -2020 
   -2088    -2163    -2238    -2293    -2316    -2319    -2317    -2323 
   -2335    -2350    -2355    -2344    -2312    -2270    -2232    -2196 
   -2158    -2111    -2053    -2003    -1973    -1958    -1961    -1979 
   -1998    -2007    -2010    -2011    -2018    -2026    -2030    -2026 
   -2014    -1996    -1975    -1956    -1941    -1926    -1917    -1917 
   -1915    -1918    -1935    -1961    -1993    -2027    -2052    -2066 
   -2068    -2056    -2034    -2003    -1953    -1891    -1836    -1790 
   -1755    -1736    -1722    -1705    -1690    -1680    -1676    -1684 
   -1703    -1721    -1738    -1760    -1780    -1800    -1822    -1833 
   -1826    -1807    -1777    -1732    -1676    -1613    -1547    -1490 
   -1449    -1428    -1425    -1431    -1447    -1475    -1518    -1572 
   -1638    -1707    -1764    -1799    -1811    -1806    -1799    -1790 
   -1779    -1768    -1750    -1722    -1698    -1687    -1692    -1715 
   -1748    -1779    -1806    -1829    -1846    -1859    -1864    -1846 
   -1810    -1763    -1703    -1638    -1587    -1552    -1535    -1539 
   -1549    -1557    -1554    -1545    -1548    -1571    -1615    -1672 
   -1729    -1772    -1804    -1826    -1833    -1833    -1817    -1787 
   -1755    -1719    -1698    -1695    -1707    -1734    -1764    -1780 
   -1779    -1760    -1728    -1695    -1671    -1653    -1642    -1632 
   -1620    -1601    -1580    -1561    -1543    -1525    -1509    -1494 
   -1485    -1485    -1489    -1498    -1521    -1556    -1597    -1640 
   -1679    -1702    -1709    -1703    -1690    -1683    -1690    -1710 
   -1737    -1765    -1786    -1794    -1798    -1802    -1804    -1807 
   -1814    -1819    -1821    -1822    -1826    -1849    -1878    -1904 
   -1923    -1927    -1911    -1883    -1848    -1817    -1788    -1767 
   -1760    -1765    -1776    -1790    -1804    -1815    -1830    -1845 
   -1865    -1891    -1918    -1945    -1969    -1985    -1993    -1996 
   -1995    -1988    -1975    -1949    -1912    -1871    -1833    -1809 
   -1800    -1815    -1844    -1873    -1898    -1915    -1923    -1925 
   -1917    -1900    -1876    -1841    -1807    -1790    -1790    -1798 
   -1800    -1784    -1746    -1694    -1636    -1591    -1568    -1571 
   -1603    -1647    -1686    -1714    -1726    -1725    -1721    -1710 
   -1696    -1679    -1655    -1629    -1618    -1632    -1665    -1717 
   -1771    -1815    -1845    -1858    -1858    -1852    -1850    -1852 
   -1861    -1877    -1884    -1878    -1863    -1840    -1823    -1826 
   -1849    -1873    -1892    -1896    -1887    -1877    -1881    -1899 
   -1929    -1958    -1981    -1998    -2012    -2034    -2064    -2098 
   -2126    -2135    -2133    -2115    -2083    -2045    -2011    -1979 
   -1946    -1918    -1888    -1858    -1826    -1794    -1771    -1761 
   -1765    -1776    -1788    -1806    -1826    -1844    -1857    -1863 
   -1859    -1859    -1859    -1859    -1865    -1875    -1883    -1898 
   -1926    -1962    -2000    -2030    -2046    -2043    -2022    -1989 
   -1958    -1923    -1884    -1846    -1809    -1767    -1729    -1709 
   -1707    -1722    -1746    -1771    -1786    -1788    -1792    -1809 
   -1833    -1854    -1864    -1854    -1826    -1791    -1755    -1725 
   -1706    -1692    -1674    -1656    -1642    -1637    -1653    -1694 
   -1741    -1788    -1829    -1854    -1871    -1877    -1871    -1854 
   -1831    -1800    -1768    -1744    -1725    -1710    -1698    -1679 
   -1661    -1651    -1644    -1642    -1647    -1655    -1667    -1682 
   -1686    -1680    -1675    -1672    -1671    -1669    -1671    -1677 
   -1684    -1687    -1694    -1706    -1715    -1722    -1718    -1691 
   -1645    -1591    -1543    -1509    -1497    -1498    -1507    -1517 
   -1528    -1535    -1535    -1539    -1548    -1559    -1572    -1587 
   -1606    -1632    -1663    -1699    -1740    -1779    -1809    -1825 
   -1826    -1813    -1783    -1741    -1694    -1651    -1613    -1586 
   -1575    -1583    -1605    -1637    -1679    -1721    -1755    -1788 
   -1814    -1830    -1841    -1840    -1826    -1814    -1811    -1822 
   -1846    -1887    -1935    -1981    -2026    -2073    -2118    -2157 
   -2191    -2215    -2228    -2234    -2236    -2247    -2265    -2284 
   -2301    -2308    -2303    -2288    -2269    -2251    -2236    -2230 
   -2224    -2215    -2203    -2185    -2169    -2163    -2158    -2146 
   -2135    -2126    -2111    -2102    -2107    -2124    -2160    -2195 
   -2215    -2219    -2199    -2157    -2110    -2073    -2060    -2073 
   -2100    -2128    -2161    -2192    -2215    -2239    -2257    -2261 
   -2254    -2235    -2212    -2196    -2188    -2191    -2211    -2238 
   -2269    -2304    -2331    -2357    -2384    -2412    -2432    -2439 
   -2432    -2416    -2392    -2361    -2323    -2288    -2263    -2247 
   -2238    -2231    -2222    -2209    -2201    -2193    -2181    -2168 
   -2153    -2137    -2116    -2098    -2079    -2056    -2039    -2030 
   -2022    -2020    -2023    -2026    -2039    -2073    -2118    -2170 
   -2231    -2286    -2331    -2359    -2373    -2370    -2351    -2324 
   -2295    -2259    -2230    -2212    -2208    -2220    -2242    -2262 
   -2276    -2278    -2272    -2255    -2238    -2231    -2232    -2234 
   -2232    -2228    -2220    -2212    -2212    -2218    -2215    -2196 
   -2161    -2114    -2068    -2029    -2006    -1995    -1988    -1980 
   -1968    -1956    -1949    -1945    -1942    -1942    -1946    -1946 
   -1937    -1922    -1904    -1891    -1885    -1885    -1894    -1908 
   -1914    -1910    -1899    -1885    -1878    -1887    -1908    -1930 
   -1954    -1972    -1975    -1972    -1971    -1966    -1954    -1939 
   -1925    -1910    -1899    -1900    -1915    -1942    -1972    -1985 
   -1987    -1980    -1965    -1952    -1949    -1958    -1966    -1964 
   -1956    -1945    -1929    -1923    -1927    -1923    -1914    -1900 
   -1884    -1869    -1871    -1883    -1900    -1915    -1925    -1926 
   -1921    -1921    -1929    -1942    -1956    -1972    -1988    -2011 
   -2042    -2070    -2092    -2100    -2088    -2060    -2023    -1981 
   -1939    -1903    -1872    -1842    -1811    -1767    -1717    -1671 
   -1640    -1622    -1614    -1605    -1590    -1572    -1563    -1571 
   -1590    -1603    -1605    -1595    -1574    -1541    -1509    -1482 
   -1462    -1452    -1452    -1456    -1460    -1463    -1467    -1482 
   -1507    -1537    -1570    -1602    -1628    -1641    -1640    -1629 
   -1617    -1602    -1580    -1557    -1532    -1498    -1467    -1449 
   -1441    -1451    -1479    -1516    -1554    -1595    -1628    -1645 
   -1652    -1641    -1614    -1580    -1539    -1495    -1459    -1431 
   -1413    -1408    -1409    -1412    -1422    -1435    -1440    -1444 
   -1453    -1467    -1482    -1497    -1509    -1514    -1513    -1509 
   -1503    -1491    -1471    -1437    -1394    -1355    -1320    -1294 
   -1286    -1289    -1298    -1308    -1323    -1343    -1371    -1405 
   -1441    -1471    -1490    -1498    -1502    -1507    -1517    -1530 
   -1537    -1532    -1517    -1495    -1474    -1457    -1447    -1445 
   -1462    -1487    -1518    -1553    -1588    -1620    -1655    -1692 
   -1722    -1740    -1746    -1745    -1728    -1705    -1687    -1674 
   -1661    -1648    -1642    -1647    -1656    -1669    -1695    -1725 
   -1755    -1787    -1813    -1830    -1846    -1865    -1890    -1918 
   -1948    -1975    -1996    -2019    -2046    -2069    -2084    -2095 
   -2095    -2087    -2079    -2066    -2053    -2046    -2034    -2019 
   -2010    -2014    -2027    -2049    -2069    -2089    -2104    -2115 
   -2126    -2128    -2119    -2102    -2084    -2061    -2041    -2031 
   -2029    -2030    -2034    -2038    -2042    -2056    -2073    -2091 
   -2107    -2119    -2126    -2130    -2139    -2141    -2144    -2151 
   -2151    -2149    -2151    -2158    -2165    -2170    -2174    -2176 
   -2173    -2169    -2163    -2153    -2135    -2114    -2093    -2073 
   -2050    -2022    -1989    -1956    -1917    -1875    -1842    -1810 
   -1780    -1760    -1744    -1734    -1737    -1741    -1746    -1752 
   -1749    -1740    -1728    -1713    -1698    -1688    -1679    -1668 
   -1652    -1632    -1622    -1613    -1605    -1599    -1588    -1568 
   -1553    -1548    -1551    -1564    -1582    -1599    -1613    -1620 
   -1628    -1641    -1664    -1690    -1714    -1733    -1742    -1740 
   -1726    -1714    -1705    -1695    -1690    -1687    -1683    -1680 
   -1679    -1680    -1687    -1701    -1705    -1692    -1672    -1652 
   -1640    -1638    -1645    -1652    -1661    -1674    -1682    -1684 
   -1680    -1665    -1645    -1629    -1617    -1614    -1625    -1645 
   -1668    -1696    -1729    -1761    -1786    -1804    -1810    -1804 
   -1792    -1783    -1775    -1765    -1757    -1753    -1755    -1767 
   -1784    -1800    -1806    -1806    -1809    -1818    -1829    -1842 
   -1858    -1871    -1877    -1880    -1881    -1887    -1895    -1904 
   -1907    -1903    -1896    -1887    -1880    -1881    -1887    -1888 
   -1885    -1877    -1865    -1852    -1838    -1818    -1798    -1776 
   -1752    -1725    -1710    -1702    -1695    -1690    -1684    -1679 
   -1671    -1663    -1657    -1647    -1629    -1610    -1594    -1583 
   -1579    -1580    -1583    -1579    -1576    -1580    -1594    -1613 
   -1641    -1676    -1707    -1726    -1734    -1732    -1718    -1696 
   -1668    -1638    -1605    -1570    -1543    -1530    -1539    -1564 
   -1597    -1629    -1657    -1674    -1683    -1696    -1718    -1744 
   -1765    -1783    -1796    -1804    -1813    -1826    -1846    -1867 
   -1881    -1890    -1899    -1912    -1935    -1971    -2007    -2037 
   -2053    -2053    -2047    -2045    -2041    -2038    -2037    -2031 
   -2022    -2006    -1989    -1982    -1984    -1991    -1996    -1991 
   -1980    -1971    -1958    -1954    -1960    -1975    -2001    -2030 
   -2057    -2083    -2107    -2121    -2133    -2142    -2153    -2165 
   -2176    -2187    -2204    -2228    -2255    -2290    -2322    -2342 
   -2358    -2370    -2381    -2390    -2400    -2405    -2401    -2396 
   -2392    -2389    -2389    -2390    -2385    -2371    -2354    -2335 
   -2317    -2303    -2292    -2284    -2274    -2259    -2243    -2228 
   -2220    -2223    -2232    -2247    -2263    -2281    -2296    -2313 
   -2336    -2358    -2382    -2411    -2440    -2463    -2482    -2496 
   -2506    -2521    -2540    -2560    -2582    -2604    -2617    -2627 
   -2635    -2640    -2648    -2663    -2678    -2691    -2709    -2725 
   -2731    -2725    -2713    -2694    -2664    -2625    -2582    -2538 
   -2493    -2459    -2440    -2431    -2430    -2432    -2444    -2461 
   -2469    -2466    -2451    -2428    -2397    -2367    -2344    -2323 
   -2304    -2289    -2281    -2276    -2270    -2262    -2253    -2249 
   -2247    -2249    -2255    -2265    -2272    -2274    -2272    -2267 
   -2262    -2253    -2247    -2245    -2236    -2228    -2226    -2227 
   -2230    -2238    -2253    -2263    -2272    -2277    -2276    -2272 
   -2262    -2247    -2241    -2239    -2239    -2234    -2224    -2205 
   -2178    -2149    -2123    -2107    -2091    -2066    -2041    -2011 
   -1981    -1965    -1961    -1965    -1975    -1975    -1971    -1965 
   -1956    -1949    -1956    -1968    -1984    -2007    -2022    -2029 
   -2033    -2031    -2025    -2019    -2011    -2000    -1988    -1968 
   -1941    -1923    -1915    -1912    -1915    -1919    -1919    -1914 
   -1902    -1885    -1868    -1848    -1825    -1795    -1752    -1705 
   -1656    -1618    -1599    -1597    -1601    -1617    -1638    -1655 
   -1664    -1676    -1687    -1698    -1706    -1715    -1721    -1719 
   -1717    -1719    -1729    -1748    -1767    -1784    -1799    -1811 
   -1819    -1825    -1830    -1838    -1844    -1842    -1840    -1829 
   -1810    -1794    -1777    -1759    -1742    -1726    -1707    -1690 
   -1675    -1663    -1652    -1642    -1634    -1632    -1637    -1642 
   -1651    -1664    -1686    -1715    -1750    -1786    -1811    -1823 
   -1821    -1803    -1781    -1763    -1755    -1760    -1768    -1776 
   -1780    -1777    -1776    -1777    -1780    -1781    -1786    -1783 
   -1775    -1772    -1775    -1784    -1796    -1807    -1810    -1806 
   -1798    -1784    -1771    -1757    -1741    -1729    -1722    -1718 
   -1715    -1717    -1715    -1709    -1701    -1690    -1676    -1658 
   -1648    -1644    -1645    -1651    -1660    -1671    -1684    -1703 
   -1725    -1740    -1749    -1752    -1746    -1738    -1734    -1725 
   -1711    -1702    -1695    -1691    -1694    -1701    -1710    -1725 
   -1738    -1750    -1760    -1764    -1767    -1772    -1780    -1794 
   -1810    -1830    -1852    -1873    -1895    -1912    -1918    -1915 
   -1910    -1904    -1899    -1895    -1895    -1902    -1908    -1923 
   -1942    -1956    -1972    -1991    -2001    -2011    -2016    -2012 
   -2006    -2000    -1998    -1996    -1998    -1999    -2003    -2008 
   -2014    -2016    -2014    -2001    -1982    -1958    -1933    -1914 
   -1898    -1883    -1875    -1868    -1857    -1849    -1844    -1840 
   -1833    -1821    -1800    -1776    -1749    -1723    -1696    -1669 
   -1648    -1621    -1586    -1549    -1514    -1479    -1453    -1441 
   -1436    -1431    -1426    -1421    -1421    -1422    -1426    -1433 
   -1441    -1452    -1457    -1459    -1462    -1468    -1478    -1487 
   -1491    -1490    -1482    -1466 
