Origin Time       2016/04/16 01:25:00
Lat.              32.753
Long.             130.762
Depth. (km)       12
Mag.              7.3
Station Code      HRS019
Station Lat.      34.2530
Station Long.     132.5617
Station Height(m) 4
Record Time       2016/04/16 01:25:53
Sampling Freq(Hz) 100Hz
Duration Time(s)  92
Dir.              E-W
Scale Factor      7845(gal)/8223790
Max. Acc. (gal)   11.485
Last Correction   2016/04/16 01:25:54
Memo.             
   -3125    -3127    -3129    -3126    -3126    -3127    -3123    -3122 
   -3122    -3123    -3123    -3122    -3126    -3122    -3113    -3114 
   -3122    -3125    -3126    -3126    -3121    -3122    -3127    -3126 
   -3123    -3119    -3119    -3122    -3122    -3122    -3125    -3127 
   -3126    -3125    -3123    -3123    -3126    -3126    -3123    -3123 
   -3126    -3127    -3122    -3121    -3125    -3126    -3125    -3125 
   -3125    -3123    -3117    -3117    -3126    -3133    -3129    -3122 
   -3119    -3118    -3118    -3119    -3118    -3118    -3119    -3122 
   -3130    -3133    -3129    -3129    -3130    -3130    -3125    -3122 
   -3119    -3118    -3119    -3123    -3126    -3123    -3123    -3126 
   -3129    -3127    -3123    -3118    -3118    -3122    -3119    -3114 
   -3119    -3125    -3125    -3123    -3122    -3121    -3122    -3122 
   -3122    -3123    -3129    -3130    -3127    -3123    -3119    -3119 
   -3119    -3121    -3126    -3126    -3122    -3126    -3130    -3130 
   -3127    -3122    -3121    -3119    -3119    -3122    -3125    -3125 
   -3121    -3117    -3119    -3125    -3126    -3123    -3126    -3130 
   -3126    -3118    -3118    -3125    -3125    -3125    -3126    -3123 
   -3125    -3129    -3126    -3127    -3132    -3127    -3127    -3125 
   -3115    -3113    -3115    -3118    -3118    -3121    -3126    -3130 
   -3129    -3127    -3130    -3130    -3129    -3127    -3127    -3121 
   -3118    -3122    -3122    -3119    -3123    -3126    -3125    -3123 
   -3119    -3117    -3122    -3126    -3122    -3121    -3126    -3129 
   -3127    -3129    -3126    -3123    -3122    -3121    -3122    -3125 
   -3125    -3126    -3129    -3129    -3125    -3119    -3119    -3119 
   -3122    -3122    -3118    -3118    -3122    -3121    -3121    -3122 
   -3123    -3130    -3133    -3130    -3127    -3123    -3121    -3121 
   -3119    -3119    -3122    -3126    -3127    -3129    -3129    -3126 
   -3126    -3126    -3123    -3121    -3115    -3113    -3115    -3117 
   -3118    -3125    -3130    -3130    -3129    -3132    -3130    -3125 
   -3122    -3119    -3118    -3118    -3121    -3123    -3129    -3136 
   -3138    -3132    -3121    -3115    -3119    -3122    -3119    -3117 
   -3123    -3130    -3132    -3126    -3118    -3115    -3118    -3121 
   -3121    -3122    -3123    -3125    -3132    -3133    -3125    -3122 
   -3126    -3127    -3123    -3119    -3122    -3127    -3126    -3121 
   -3119    -3121    -3122    -3122    -3122    -3121    -3123    -3127 
   -3126    -3125    -3123    -3118    -3119    -3123    -3122    -3126 
   -3132    -3130    -3130    -3130    -3126    -3123    -3123    -3125 
   -3126    -3127    -3127    -3127    -3126    -3126    -3127    -3129 
   -3129    -3125    -3126    -3129    -3129    -3133    -3134    -3130 
   -3132    -3132    -3134    -3136    -3136    -3138    -3140    -3134 
   -3130    -3130    -3130    -3130    -3133    -3129    -3125    -3126 
   -3125    -3121    -3121    -3121    -3117    -3111    -3114    -3114 
   -3106    -3100    -3103    -3103    -3096    -3092    -3094    -3095 
   -3099    -3102    -3107    -3113    -3114    -3114    -3119    -3121 
   -3122    -3126    -3130    -3132    -3136    -3141    -3145    -3150 
   -3149    -3144    -3145    -3148    -3148    -3146    -3145    -3141 
   -3137    -3132    -3126    -3123    -3125    -3122    -3119    -3115 
   -3111    -3109    -3107    -3105    -3100    -3098    -3096    -3094 
   -3095    -3096    -3092    -3098    -3109    -3121    -3126    -3132 
   -3138    -3138    -3134    -3132    -3130    -3132    -3137    -3140 
   -3140    -3142    -3146    -3146    -3141    -3141    -3144    -3138 
   -3130    -3126    -3121    -3121    -3118    -3113    -3109    -3102 
   -3098    -3106    -3113    -3117    -3122    -3119    -3111    -3096 
   -3084    -3086    -3095    -3095    -3096    -3103    -3107    -3109 
   -3099    -3087    -3086    -3090    -3099    -3107    -3117    -3130 
   -3138    -3142    -3146    -3146    -3149    -3157    -3167    -3177 
   -3184    -3180    -3175    -3173    -3168    -3167    -3173    -3172 
   -3164    -3159    -3163    -3169    -3164    -3144    -3123    -3111 
   -3102    -3096    -3102    -3102    -3087    -3078    -3075    -3076 
   -3082    -3087    -3094    -3099    -3107    -3114    -3119    -3132 
   -3142    -3138    -3123    -3102    -3090    -3096    -3107    -3121 
   -3144    -3165    -3177    -3179    -3177    -3180    -3179    -3173 
   -3173    -3171    -3169    -3176    -3179    -3176    -3171    -3160 
   -3144    -3130    -3121    -3109    -3090    -3060    -3024    -2992 
   -2982    -2986    -2998    -3007    -3021    -3042    -3065    -3090 
   -3118    -3141    -3156    -3171    -3191    -3213    -3227    -3235 
   -3246    -3260    -3258    -3246    -3235    -3230    -3229    -3231 
   -3235    -3231    -3213    -3191    -3164    -3140    -3133    -3123 
   -3095    -3061    -3044    -3040    -3040    -3051    -3064    -3076 
   -3095    -3117    -3134    -3142    -3144    -3136    -3129    -3134 
   -3144    -3150    -3163    -3186    -3207    -3215    -3213    -3213 
   -3217    -3217    -3208    -3200    -3203    -3208    -3199    -3183 
   -3186    -3204    -3211    -3196    -3167    -3130    -3094    -3067 
   -3037    -2999    -2970    -2960    -2967    -2982    -3003    -3025 
   -3041    -3045    -3040    -3036    -3046    -3076    -3122    -3171 
   -3194    -3194    -3202    -3234    -3284    -3338    -3366    -3366 
   -3354    -3346    -3345    -3331    -3302    -3269    -3241    -3208 
   -3167    -3122    -3092    -3087    -3090    -3079    -3041    -3002 
   -2990    -3013    -3056    -3094    -3106    -3092    -3079    -3088 
   -3122    -3160    -3184    -3188    -3169    -3137    -3118    -3122 
   -3121    -3105    -3094    -3105    -3123    -3126    -3115    -3103 
   -3090    -3079    -3079    -3107    -3152    -3188    -3211    -3226 
   -3230    -3223    -3206    -3180    -3164    -3171    -3196    -3232 
   -3258    -3250    -3222    -3196    -3173    -3144    -3109    -3079 
   -3069    -3078    -3087    -3094    -3109    -3144    -3180    -3191 
   -3183    -3179    -3177    -3169    -3149    -3127    -3105    -3069 
   -3032    -3007    -3001    -3024    -3057    -3057    -3006    -2925 
   -2857    -2822    -2811    -2820    -2866    -2955    -3071    -3194 
   -3296    -3369    -3430    -3488    -3537    -3561    -3551    -3526 
   -3501    -3483    -3474    -3464    -3422    -3326    -3184    -3030 
   -2901    -2832    -2841    -2911    -2992    -3037    -3029    -2967 
   -2895    -2844    -2813    -2816    -2860    -2915    -2949    -2959 
   -2970    -3019    -3119    -3227    -3289    -3292    -3253    -3203 
   -3156    -3126    -3121    -3113    -3076    -3018    -2961    -2940 
   -2964    -3007    -3032    -3038    -3060    -3092    -3119    -3161 
   -3230    -3306    -3380    -3446    -3495    -3528    -3561    -3601 
   -3638    -3626    -3537    -3426    -3365    -3372    -3393    -3358 
   -3249    -3136    -3086    -3065    -3019    -2960    -2910    -2863 
   -2811    -2721    -2621    -2586    -2631    -2688    -2705    -2704 
   -2736    -2809    -2879    -2924    -2965    -3002    -3005    -2990 
   -3002    -3068    -3171    -3284    -3422    -3578    -3719    -3838 
   -3955    -4036    -4039    -3997    -3955    -3925    -3913    -3890 
   -3808    -3657    -3485    -3352    -3281    -3227    -3094    -2856 
   -2587    -2362    -2224    -2170    -2169    -2201    -2242    -2261 
   -2257    -2259    -2286    -2353    -2485    -2666    -2832    -2951 
   -3028    -3088    -3146    -3210    -3298    -3416    -3530    -3631 
   -3742    -3842    -3889    -3844    -3674    -3406    -3146    -2983 
   -2910    -2867    -2830    -2808    -2779    -2708    -2597    -2501 
   -2459    -2505    -2669    -2925    -3199    -3450    -3667    -3828 
   -3874    -3757    -3537    -3364    -3375    -3543    -3721    -3798 
   -3763    -3623    -3385    -3113    -2907    -2863    -2963    -3114 
   -3252    -3345    -3355    -3283    -3167    -3052    -2982    -2990 
   -3060    -3132    -3159    -3127    -3045    -2922    -2759    -2573 
   -2405    -2313    -2307    -2327    -2311    -2238    -2137    -2065 
   -2053    -2091    -2207    -2442    -2776    -3150    -3496    -3748 
   -3886    -3969    -4078    -4230    -4306    -4182    -3861    -3458 
   -3118    -2913    -2811    -2770    -2752    -2767    -2844    -2984 
   -3146    -3265    -3248    -3069    -2787    -2489    -2289    -2301 
   -2519    -2847    -3237    -3623    -3885    -3965    -3946    -3981 
   -4135    -4287    -4289    -4143    -3927    -3663    -3358    -3053 
   -2774    -2532    -2369    -2311    -2307    -2274    -2212    -2170 
   -2196    -2303    -2467    -2678    -2920    -3140    -3289    -3391 
   -3485    -3570    -3628    -3649    -3653    -3701    -3790    -3846 
   -3811    -3645    -3326    -2914    -2520    -2235    -2098    -2079 
   -2100    -2133    -2196    -2330    -2481    -2577    -2627    -2636 
   -2546    -2394    -2344    -2485    -2713    -2889    -3010    -3127 
   -3218    -3226    -3194    -3218    -3304    -3387    -3434    -3470 
   -3530    -3638    -3735    -3731    -3634    -3515    -3379    -3208 
   -3044    -2936    -2910    -2986    -3171    -3422    -3715    -4036 
   -4322    -4531    -4693    -4784    -4750    -4621    -4472    -4317 
   -4072    -3613    -2922    -2185    -1625    -1294    -1121    -1058 
   -1107    -1285    -1588    -1981    -2358    -2608    -2739    -2896 
   -3190    -3557    -3805    -3809    -3642    -3443    -3213    -2894 
   -2540    -2324    -2373    -2632    -2918    -3083    -3138    -3183 
   -3241    -3225    -3087    -2944    -2940    -3125    -3489    -3893 
   -4068    -3919    -3603    -3302    -3082    -2963    -2986    -3187 
   -3530    -3882    -4082    -4067    -3906    -3662    -3354    -3061 
   -2843    -2625    -2357    -2147    -2118    -2235    -2380    -2475 
   -2524    -2571    -2654    -2743    -2847    -3078    -3449    -3788 
   -3955    -3898    -3586    -3088    -2558    -2150    -1989    -2097 
   -2347    -2608    -2794    -2781    -2511    -2107    -1763    -1571 
   -1522    -1575    -1749    -2123    -2697    -3349    -3915    -4280 
   -4433    -4413    -4274    -4101    -3991    -3991    -4060    -4120 
   -4054    -3762    -3304    -2868    -2600    -2508    -2450    -2254 
   -1948    -1745    -1718    -1692    -1535    -1362    -1341    -1528 
   -1873    -2277    -2631    -2909    -3109    -3188    -3198    -3329 
   -3651    -4009    -4240    -4305    -4245    -4099    -3877    -3576 
   -3211    -2820    -2420    -1979    -1532    -1273    -1336    -1647 
   -2030    -2359    -2590    -2758    -2901    -3025    -3146    -3284 
   -3407    -3442    -3310    -3014    -2748    -2756    -3059    -3446 
   -3742    -3871    -3769    -3435    -3001    -2584    -2247    -2107 
   -2317    -2820    -3314    -3558    -3613    -3692    -3871    -4048 
   -4114    -4067    -3977    -3916    -3906    -3920    -3931    -3931 
   -3897    -3807    -3672    -3515    -3311    -2976    -2471    -1844 
   -1215     -765     -573     -529     -538     -635     -869    -1169 
   -1409    -1528    -1549    -1547    -1620    -1849    -2227    -2688 
   -3187    -3703    -4222    -4712    -5148    -5530    -5796    -5869 
   -5779    -5622    -5429    -5155    -4761    -4240    -3623    -2984 
   -2394    -1841    -1314     -931     -861    -1136    -1632    -2149 
   -2447    -2424    -2215    -2029    -1939    -1888    -1833    -1802 
   -1877    -2134    -2519    -2889    -3159    -3402    -3740    -4180 
   -4615    -4943    -5148    -5252    -5296    -5337    -5362    -5256 
   -4992    -4683    -4442    -4276    -4131    -3910    -3526    -3018 
   -2581    -2366    -2326    -2323    -2297    -2257    -2207    -2139 
   -2030    -1898    -1884    -2077    -2378    -2644    -2767    -2695 
   -2492    -2195    -1737    -1140     -577     -229     -170     -319 
    -526     -769    -1193    -1850    -2654    -3511    -4357    -5104 
   -5641    -5902    -5914    -5793    -5702    -5776    -6010    -6280 
   -6507    -6698    -6814    -6759    -6524    -6141    -5578    -4843 
   -4055    -3391    -2951    -2729    -2739    -2918    -3014    -2764 
   -2146    -1379     -715     -246       23      128      101     -101 
    -542    -1170    -1857    -2442    -2762    -2783    -2655    -2609 
   -2786    -3138    -3544    -3971    -4459    -4941    -5213    -5205 
   -5080    -5032    -5070    -4993    -4652    -4149    -3723    -3518 
   -3544    -3732    -4001    -4311    -4577    -4638    -4452    -4167 
   -3924    -3734    -3501    -3138    -2667    -2220    -1930    -1796 
   -1698    -1541    -1331    -1085     -861     -822    -1094    -1603 
   -2160    -2560    -2656    -2497    -2319    -2355    -2708    -3308 
   -3977    -4502    -4734    -4679    -4514    -4459    -4595    -4839 
   -5043    -5112    -5058    -5043    -5258    -5661    -6016    -6183 
   -6203    -6129    -5965    -5763    -5601    -5514    -5452    -5248 
   -4747    -3940    -2951    -1969    -1143     -522     -110       71 
      81       54       27     -153     -608    -1223    -1769    -2199 
   -2666    -3296    -3981    -4459    -4614    -4538    -4352    -4120 
   -3923    -3867    -3991    -4260    -4619    -5001    -5305    -5424 
   -5287    -4946    -4573    -4336    -4215    -4043    -3719    -3335 
   -3025    -2822    -2654    -2444    -2166    -1852    -1570    -1362 
   -1232    -1197    -1345    -1759    -2362    -2938    -3319    -3462 
   -3423    -3338    -3357    -3541    -3819    -4041    -4097    -4003 
   -3825    -3581    -3265    -2953    -2814    -3002    -3562    -4382 
   -5186    -5653    -5590    -5054    -4321    -3689    -3267    -2961 
   -2624    -2187    -1759    -1518    -1517    -1651    -1737    -1628 
   -1281     -712      -89      253      139     -251     -629     -850 
    -896     -866     -946    -1286    -1926    -2764    -3608    -4307 
   -4827    -5221    -5580    -5952    -6316    -6586    -6615    -6290 
   -5684    -5003    -4406    -3950    -3582    -3217    -2839    -2521 
   -2327    -2178    -1952    -1648    -1381    -1247    -1260    -1351 
   -1498    -1814    -2373    -3075    -3761    -4347    -4852    -5346 
   -5842    -6262    -6480    -6409    -6058    -5524    -4973    -4521 
   -4124    -3688    -3213    -2791    -2560    -2604    -2822    -2951 
   -2768    -2300    -1726    -1162     -673     -392     -396     -599 
    -877    -1150    -1385    -1591    -1713    -1630    -1362    -1136 
   -1189    -1548    -2077    -2654    -3223    -3723    -4074    -4263 
   -4327    -4326    -4334    -4380    -4426    -4405    -4336    -4376 
   -4665    -5158    -5676    -6021    -6103    -5998    -5829    -5599 
   -5244    -4758    -4220    -3753    -3412    -3183    -3032    -2906 
   -2756    -2575    -2349    -2022    -1571    -1060     -619     -325 
    -194     -230     -382     -464     -319       -2      284      368 
     157     -334    -1005    -1703    -2354    -2988    -3646    -4289 
   -4803    -5001    -4781    -4311    -3924    -3781    -3798    -3805 
   -3693    -3505    -3400    -3465    -3669    -3963    -4330    -4722 
   -5004    -5023    -4765    -4369    -3990    -3735    -3653    -3673 
   -3674    -3673    -3788    -4028    -4324    -4614    -4791    -4726 
   -4380    -3789    -3038    -2304    -1811    -1706    -1953    -2336 
   -2628    -2755    -2712    -2438    -1972    -1485    -1135    -1093 
   -1560    -2583    -3919    -5135    -5822    -5852    -5474    -5024 
   -4657    -4379    -4189    -4101    -4095    -4140    -4255    -4393 
   -4415    -4266    -4041    -3773    -3388    -2872    -2312    -1884 
   -1780    -2098    -2721    -3346    -3757    -4028    -4392    -4943 
   -5516    -5838    -5732    -5219    -4502    -3824    -3321    -3014 
   -2863    -2762    -2538    -2158    -1784    -1580    -1593    -1757 
   -1960    -2104    -2187    -2297    -2517    -2856    -3246    -3595 
   -3855    -4031    -4145    -4248    -4421    -4673    -4888    -4942 
   -4810    -4538    -4199    -3920    -3819    -3859    -3867    -3676 
   -3221    -2613    -2045    -1632    -1402    -1325    -1371    -1490 
   -1615    -1752    -1941    -2207    -2575    -3094    -3751    -4428 
   -5009    -5590    -6372    -7317    -8097    -8440    -8349    -7931 
   -7233    -6355    -5494    -4745    -4062    -3368    -2621    -1888 
   -1296     -893     -569     -156      378      893     1237     1359 
    1271      976      519       23     -376     -625     -804    -1081 
   -1595    -2361    -3291    -4276    -5224    -6025    -6550    -6771 
   -6797    -6723    -6544    -6174    -5521    -4662    -3883    -3358 
   -2974    -2492    -1804    -1021     -286      375      919     1251 
    1362     1314     1142      808      225     -665    -1786    -2976 
   -4079    -4984    -5599    -5883    -5895    -5814    -5823    -5915 
   -5965    -5908    -5760    -5566    -5271    -4770    -4101    -3447 
   -2937    -2511    -2039    -1532    -1171    -1173    -1533    -1956 
   -2146    -2007    -1615    -1089     -511       25      391      464 
     218     -302    -1035    -1869    -2625    -3146    -3410    -3527 
   -3642    -3800    -3942    -4031    -4152    -4401    -4726    -4923 
   -4797    -4336    -3697    -3067    -2552    -2238    -2166    -2214 
   -2160    -1911    -1512    -1023     -461       76      344      176 
    -318     -909    -1418    -1767    -1975    -2115    -2255    -2536 
   -3099    -3916    -4806    -5675    -6525    -7264    -7734    -7857 
   -7701    -7481    -7353    -7261    -7087    -6812    -6469    -6033 
   -5405    -4554    -3550    -2515    -1541     -665       90      737 
    1355     1993     2617     3126     3418     3427     3152     2609 
    1811      767     -500    -1935    -3330    -4388    -4988    -5277 
   -5526    -5989    -6732    -7599    -8345    -8787    -8877    -8652 
   -8129    -7373    -6525    -5732    -5050    -4449    -3915    -3473 
   -3086    -2668    -2205    -1698    -1078     -324      425      958 
    1131      909      349     -402    -1115    -1601    -1904    -2219 
   -2643    -3122    -3520    -3724    -3730    -3662    -3694    -3944 
   -4372    -4808    -5089    -5188    -5189    -5175    -5162    -5092 
   -4872    -4464    -3908    -3267    -2635    -2097    -1686    -1347 
   -1065     -919     -913     -935     -864     -697     -598     -730 
   -1128    -1718    -2382    -3007    -3511    -3836    -3969    -3942 
   -3820    -3638    -3407    -3190    -3094    -3183    -3399    -3634 
   -3827    -3984    -4137    -4197    -4039    -3672    -3232    -2844 
   -2554    -2328    -2139    -2027    -2034    -2155    -2400    -2778 
   -3256    -3770    -4241    -4550    -4604    -4476    -4345    -4274 
   -4171    -3982    -3808    -3751    -3751    -3663    -3407    -3010 
   -2581    -2214    -1852    -1404     -926     -540     -299     -194 
    -178     -225     -318     -376     -395     -461     -662    -1086 
   -1779    -2660    -3605    -4526    -5300    -5796    -6070    -6343 
   -6760    -7249    -7616    -7734    -7565    -7071    -6197    -5040 
   -3824    -2652    -1498     -446      284      583      552      356 
      68     -225     -421     -545     -746    -1128    -1696    -2386 
   -3083    -3661    -4078    -4387    -4646    -4835    -4858    -4658 
   -4299    -3905    -3554    -3292    -3145    -3044    -2859    -2535 
   -2155    -1878    -1742    -1701    -1786    -2014    -2274    -2469 
   -2586    -2632    -2652    -2763    -2986    -3187    -3242    -3180 
   -3138    -3213    -3395    -3631    -3909    -4203    -4433    -4554 
   -4631    -4727    -4826    -4855    -4766    -4600    -4452    -4320 
   -4117    -3866    -3682    -3591    -3500    -3304    -2936    -2454 
   -2034    -1759    -1533    -1267     -951     -631     -383     -299 
    -472     -938    -1587    -2242    -2828    -3350    -3767    -4048 
   -4228    -4353    -4472    -4652    -4878    -5058    -5150    -5189 
   -5155    -4972    -4604    -4097    -3551    -3076    -2764    -2729 
   -3011    -3476    -3902    -4125    -4088    -3878    -3646    -3450 
   -3245    -2979    -2667    -2376    -2191    -2115    -2015    -1779 
   -1467    -1212    -1111    -1196    -1422    -1642    -1717    -1656 
   -1571    -1553    -1629    -1759    -1885    -1985    -2130    -2407 
   -2816    -3321    -3908    -4546    -5173    -5688    -5971    -5902 
   -5535    -5044    -4519    -3955    -3430    -3056    -2907    -2992 
   -3207    -3369    -3376    -3250    -3103    -3051    -3152    -3388 
   -3665    -3827    -3769    -3518    -3190    -2907    -2759    -2817 
   -3080    -3439    -3704    -3708    -3410    -2880    -2212    -1494 
    -842     -400     -322     -670    -1333    -2069    -2668    -3099 
   -3501    -4048    -4738    -5408    -5933    -6290    -6474    -6440 
   -6160    -5671    -5086    -4541    -4098    -3738    -3423    -3142 
   -2905    -2664    -2355    -2012    -1742    -1594    -1547    -1591 
   -1745    -2030    -2412    -2797    -3115    -3364    -3562    -3755 
   -3973    -4183    -4337    -4419    -4468    -4517    -4573    -4600 
   -4550    -4383    -4066    -3662    -3346    -3261    -3397    -3623 
   -3827    -3971    -4035    -3993    -3889    -3828    -3870    -3965 
   -4074    -4202    -4325    -4382    -4315    -4094    -3708    -3194 
   -2616    -2018    -1467    -1044     -808     -801    -1035    -1453 
   -1938    -2351    -2602    -2725    -2855    -3107    -3522    -4040 
   -4550    -4970    -5244    -5320    -5154    -4810    -4446    -4190 
   -4035    -3913    -3786    -3693    -3694    -3831    -4088    -4378 
   -4540    -4473    -4236    -3946    -3599    -3127    -2562    -2011 
   -1552    -1175     -816     -464     -228     -249     -553    -1042 
   -1595    -2102    -2459    -2675    -2875    -3127    -3419    -3680 
   -3821    -3828    -3800    -3878    -4131    -4473    -4770    -4969 
   -5093    -5100    -4889    -4499    -4066    -3674    -3325    -3007 
   -2792    -2770    -2934    -3160    -3284    -3261    -3192    -3188 
   -3275    -3406    -3496    -3511    -3526    -3578    -3607    -3538 
   -3404    -3307    -3257    -3137    -2867    -2500    -2130    -1807 
   -1497    -1104     -608     -178       -1      -85     -388     -890 
   -1534    -2258    -3003    -3677    -4220    -4662    -5038    -5339 
   -5548    -5625    -5555    -5402    -5238    -5080    -4955    -4897 
   -4874    -4824    -4735    -4650    -4615    -4617    -4619    -4615 
   -4608    -4608    -4530    -4205    -3601    -2907    -2398    -2130 
   -1927    -1658    -1345    -1053     -807     -545     -214      131 
     383      479      430      288       93     -168     -552    -1125 
   -1937    -2937    -3935    -4743    -5298    -5603    -5644    -5412 
   -5030    -4710    -4584    -4623    -4675    -4645    -4580    -4526 
   -4413    -4147    -3744    -3325    -2983    -2718    -2461    -2114 
   -1637    -1113     -673     -409     -346     -432     -589     -793 
   -1053    -1401    -1872    -2427    -2995    -3574    -4190    -4781 
   -5278    -5689    -6061    -6367    -6482    -6343    -6104    -5918 
   -5741    -5552    -5474    -5519    -5508    -5231    -4575    -3609 
   -2583    -1710    -1031     -506     -147       -9      -74     -210 
    -325     -475     -724    -1013    -1262    -1462    -1656    -1884 
   -2181    -2533    -2875    -3133    -3268    -3300    -3271    -3241 
   -3265    -3327    -3430    -3642    -3981    -4345    -4619    -4743 
   -4714    -4554    -4279    -3852    -3283    -2666    -2088    -1556 
   -1080     -762     -714     -911    -1212    -1509    -1779    -2008 
   -2163    -2234    -2297    -2455    -2682    -2867    -2984    -3168 
   -3534    -4047    -4541    -4858    -4961    -4911    -4785    -4591 
   -4233    -3686    -3090    -2602    -2317    -2305    -2577    -3028 
   -3466    -3677    -3543    -3137    -2633    -2157    -1759    -1494 
   -1422    -1541    -1765    -1972    -2093    -2192    -2388    -2664 
   -2898    -3026    -3067    -3017    -2857    -2623    -2416    -2289 
   -2205    -2119    -1958    -1691    -1386    -1102     -890     -801 
    -838     -974    -1170    -1404    -1699    -2083    -2559    -3142 
   -3828    -4535    -5171    -5651    -5906    -5933    -5803    -5656 
   -5621    -5730    -5914    -6077    -6100    -5863    -5332    -4606 
   -3838    -3175    -2675    -2258    -1880    -1606    -1479    -1491 
   -1594    -1707    -1783    -1794    -1709    -1543    -1341    -1166 
   -1043     -926     -803     -685     -596     -634     -909    -1464 
   -2289    -3241    -4047    -4531    -4764    -4946    -5204    -5470 
   -5655    -5759    -5759    -5582    -5161    -4527    -3859    -3334 
   -3013    -2821    -2565    -2123    -1570    -1107     -926    -1071 
   -1451    -1926    -2413    -2903    -3375    -3719    -3828    -3680 
   -3368    -3051    -2843    -2763    -2772    -2876    -3090    -3299 
   -3281    -2871    -2126    -1344     -823     -669     -826    -1185 
   -1637    -2057    -2305    -2370    -2394    -2474    -2636    -2922 
   -3358    -3943    -4604    -5189    -5537    -5606    -5494    -5294 
   -5022    -4725    -4513    -4461    -4494    -4401    -4094    -3669 
   -3188    -2652    -2119    -1637    -1266    -1065     -985     -957 
   -1030    -1192    -1302    -1293    -1305    -1551    -2101    -2840 
   -3638    -4468    -5233    -5746    -5898    -5733    -5448    -5258 
   -5246    -5335    -5339    -5175    -4935    -4704    -4460    -4124 
   -3704    -3280    -2860    -2434    -2022    -1658    -1397    -1287 
   -1310    -1352    -1308    -1205    -1159    -1204    -1244    -1224 
   -1151    -1105    -1290    -1888    -2803    -3785    -4665    -5379 
   -5890    -6219    -6465    -6747    -7086    -7340    -7377    -7169 
   -6762    -6210    -5545    -4824    -4148    -3592    -3145    -2728 
   -2300    -1941    -1691    -1483    -1281    -1128    -1057    -1107 
   -1354    -1826    -2442    -2982    -3250    -3288    -3213    -3075 
   -2956    -2925    -2979    -3078    -3188    -3292    -3342    -3260 
   -2980    -2571    -2191    -1946    -1877    -1992    -2259    -2602 
   -2965    -3358    -3808    -4287    -4757    -5233    -5694    -6016 
   -6124    -5981    -5487    -4635    -3622    -2786    -2340    -2165 
   -2091    -2120    -2241    -2332    -2327    -2208    -1981    -1706 
   -1451    -1282    -1287    -1495    -1861    -2284    -2641    -2943 
   -3336    -3929    -4634    -5211    -5486    -5455    -5246    -5023 
   -4787    -4357    -3723    -3127    -2749    -2583    -2583    -2652 
   -2720    -2895    -3254    -3604    -3751    -3724    -3657    -3634 
   -3630    -3555    -3348    -2959    -2461    -2079    -2020    -2353 
   -2925    -3381    -3487    -3300    -2999    -2727    -2574    -2559 
   -2616    -2688    -2792    -2926    -3021    -3046    -3086    -3202 
   -3350    -3491    -3582    -3542    -3341    -3041    -2735    -2478 
   -2250    -2014    -1856    -1942    -2346    -2953    -3478    -3717 
   -3798    -3935    -4151    -4453    -4850    -5209    -5424    -5563 
   -5715    -5902    -6053    -6003    -5694    -5169    -4421    -3454 
   -2374    -1399     -751     -506     -537     -626     -673     -772 
   -1009    -1308    -1526    -1625    -1657    -1683    -1792    -2081 
   -2531    -2980    -3241    -3221    -2960    -2610    -2322    -2185 
   -2265    -2538    -2889    -3312    -3858    -4405    -4761    -4864 
   -4811    -4752    -4631    -4280    -3793    -3470    -3488    -3784 
   -4156    -4448    -4652    -4803    -4866    -4784    -4560    -4222 
   -3794    -3326    -2857    -2479    -2284    -2215    -2151    -2072 
   -2061    -2214    -2593    -3154    -3766    -4280    -4558    -4527 
   -4289    -4024    -3828    -3705    -3624    -3605    -3715    -3840 
   -3724    -3329    -2851    -2435    -2204    -2296    -2687    -3264 
   -3956    -4685    -5266    -5490    -5325    -4972    -4656    -4459 
   -4344    -4233    -3978    -3491    -2857    -2227    -1722    -1464 
   -1489    -1683    -1899    -2070    -2195    -2334    -2560    -2841 
   -3042    -3107    -3126    -3190    -3373    -3709    -4114    -4488 
   -4814    -5071    -5196    -5174    -5143    -5263    -5437    -5417 
   -5093    -4550    -4036    -3812    -3892    -4066    -4105    -3871 
   -3437    -3045    -2868    -2924    -3109    -3314    -3645    -4243 
   -4885    -5152    -5003    -4708    -4402    -4079    -3736    -3327 
   -2863    -2478    -2236    -2018    -1655    -1163     -714     -460 
    -457     -629     -895    -1274    -1722    -2052    -2139    -2006 
   -1745    -1543    -1549    -1773    -2218    -2902    -3715    -4437 
   -4865    -4903    -4718    -4662    -4874    -5217    -5506    -5667 
   -5796    -5989    -6177    -6238    -6075    -5672    -5134    -4598 
   -4109    -3622    -3141    -2683    -2231    -1781    -1305     -757 
    -178      301      573      606      427       89     -329     -761 
   -1291    -2020    -2841    -3555    -4063    -4463    -4947    -5463 
   -5717    -5584    -5215    -4830    -4519    -4214    -3896    -3677 
   -3596    -3524    -3364    -3148    -2978    -2978    -3230    -3682 
   -4166    -4487    -4571    -4468    -4152    -3572    -2902    -2407 
   -2199    -2293    -2592    -2844    -2847    -2613    -2366    -2328 
   -2466    -2583    -2562    -2376    -2077    -1856    -1894    -2158 
   -2469    -2678    -2764    -2863    -3064    -3199    -3088    -2839 
   -2725    -2930    -3372    -3757    -3913    -3947    -3951    -3892 
   -3773    -3655    -3592    -3591    -3563    -3384    -3038    -2598 
   -2195    -2072    -2389    -2992    -3559    -3894    -3978    -3844 
   -3534    -3130    -2759    -2489    -2262    -2000    -1742    -1513 
   -1291    -1113     -938     -679     -422     -361     -608    -1139 
   -1815    -2515    -3172    -3732    -4117    -4243    -4106    -3805 
   -3496    -3269    -3114    -3033    -3056    -3183    -3361    -3520 
   -3688    -3897    -4000    -3854    -3573    -3349    -3271    -3262 
   -3208    -3180    -3284    -3357    -3207    -2925    -2718    -2685 
   -2817    -3041    -3235    -3327    -3302    -3179    -3001    -2766 
   -2535    -2454    -2542    -2694    -2899    -3190    -3522    -3802 
   -3863    -3562    -2995    -2388    -1907    -1622    -1507    -1552 
   -1728    -1890    -1894    -1794    -1767    -1919    -2238    -2631 
   -3003    -3354    -3680    -3921    -4020    -3965    -3882    -3958 
   -4183    -4398    -4499    -4469    -4315    -4071    -3761    -3339 
   -2803    -2246    -1760    -1418    -1305    -1475    -1833    -2137 
   -2239    -2242    -2307    -2400    -2416    -2365    -2293    -2203 
   -2123    -2115    -2144    -2111    -2016    -1911    -1799    -1749 
   -1809    -1904    -1952    -1945    -1933    -1930    -1899    -1833 
   -1819    -2001    -2504    -3257    -3932    -4270    -4384    -4575 
   -4958    -5402    -5692    -5722    -5560    -5336    -5103    -4876 
   -4658    -4445    -4253    -4055    -3716    -3194    -2641    -2157 
   -1714    -1240     -708     -278     -186     -445     -877    -1324 
   -1705    -1985    -2101    -1996    -1810    -1904    -2505    -3396 
   -4153    -4552    -4656    -4652    -4652    -4664    -4703    -4841 
   -5050    -5111    -4822    -4176    -3267    -2243    -1325     -666 
    -271      -83      -52     -121     -270     -490     -727     -953 
   -1197    -1551    -2151    -2995    -3870    -4617    -5292    -5934 
   -6434    -6671    -6632    -6412    -6191    -6099    -6092    -6011 
   -5729    -5270    -4789    -4422    -4172    -3998    -3901    -3869 
   -3825    -3699    -3472    -3169    -2836    -2520    -2263    -2115 
   -2106    -2196    -2343    -2542    -2821    -3244    -3786    -4240 
   -4338    -4028    -3492    -2971    -2548    -2123    -1584    -1017 
    -615     -492     -661    -1071    -1597    -2076    -2392    -2513 
   -2540    -2668    -3001    -3501    -4087    -4687    -5238    -5702 
   -6057    -6276    -6377    -6376    -6211    -5859    -5414    -4976 
   -4571    -4143    -3549    -2712    -1729     -750      136      854 
    1368     1714     1869     1821     1668     1517     1362     1090 
     525     -418    -1613    -2799    -3819    -4699    -5505    -6200 
   -6686    -6893    -6817    -6564    -6285    -6014    -5698    -5343 
   -4984    -4637    -4401    -4367    -4464    -4526    -4438    -4205 
   -3915    -3618    -3338    -3106    -2926    -2849    -2947    -3122 
   -3132    -2928    -2698    -2578    -2601    -2835    -3289    -3848 
   -4409    -5012    -5676    -6264    -6577    -6540    -6231    -5825 
   -5516    -5402    -5440    -5555    -5656    -5528    -5007    -4288 
   -3757    -3565    -3604    -3763    -4014    -4337    -4669    -4949 
   -5162    -5308    -5405    -5544    -5771    -6006    -6166    -6227 
   -6120    -5825    -5478    -5212    -4999    -4753    -4460    -4139 
   -3817    -3522    -3213    -2849    -2458    -2079    -1765    -1595 
   -1614    -1757    -1865    -1854    -1800    -1817    -1929    -2085 
   -2230    -2288    -2215    -2064    -1887    -1676    -1468    -1358 
   -1418    -1638    -1906    -2093    -2141    -2052    -1861    -1628 
   -1456    -1418    -1445    -1362    -1124     -896     -803     -745 
    -598     -353      -51      238      444      575      680      741 
     638      268     -317     -939    -1448    -1822    -2089    -2253 
   -2353    -2451    -2539    -2565    -2505    -2350    -2133    -1956 
   -1903    -1949    -2065    -2274    -2624    -3109    -3649    -4135 
   -4556    -4953    -5343    -5741    -6165    -6573    -6880    -7036 
   -7032    -6889    -6605    -6164    -5609    -5065    -4606    -4170 
   -3667    -3118    -2602    -2207    -2012    -2042    -2220    -2376 
   -2346    -2107    -1810    -1620    -1578    -1622    -1688    -1822 
   -2116    -2535    -2986    -3483    -4027    -4619    -5347    -6293 
   -7392    -8463    -9316    -9786    -9788    -9386    -8698    -7808 
   -6798    -5786    -4908    -4214    -3595    -2928    -2257    -1719 
   -1417    -1371    -1485    -1626    -1752    -1876    -1979    -2023 
   -1964    -1783    -1530    -1286    -1129    -1119    -1242    -1444 
   -1621    -1586    -1230     -683     -164      131       62     -361 
    -982    -1676    -2416    -3184    -3935    -4637    -5286    -5857 
   -6382    -7002    -7819    -8807    -9801   -10542   -10817   -10575 
   -9882    -8838    -7531    -6011    -4342    -2673    -1179       47 
    1043     1885     2570     3025     3246     3265     3156     3052 
    3033     3001     2791     2334     1625      666     -498    -1764 
   -3015    -4191    -5242    -6058    -6624    -7099    -7647    -8305 
   -8974    -9497    -9771    -9795    -9602    -9204    -8525    -7461 
   -6033    -4433    -2929    -1718     -837     -198      284      649 
     986     1398     1784     1956     1885     1657     1368      977 
     341     -526    -1506    -2539    -3599    -4691    -5844    -6994 
   -8101    -9244   -10455   -11584   -12436   -12911   -13042   -12961 
  -12773   -12434   -11815   -10844    -9536    -8043    -6604    -5370 
   -4344    -3457    -2636    -1803     -928      -97      553      970 
    1150     1123     1012      994     1113     1258     1328     1305 
    1263     1298     1385     1439     1398     1171      711      147 
    -301     -542     -634     -685     -793    -1016    -1404    -2042 
   -2934    -3950    -4958    -5926    -6886    -7892    -8912    -9880 
  -10810   -11663   -12263   -12507   -12467   -12321   -12205   -12031 
  -11539   -10554    -9174    -7663    -6181    -4762    -3454    -2282 
   -1212     -180      866     1969     3114     4203     5112     5798 
    6301     6635     6798     6809     6704     6523     6282     5937 
    5413     4677     3835     3034     2285     1575      981      522 
     112     -373    -1053    -1927    -2921    -4036    -5256    -6409 
   -7234    -7565    -7481    -7284    -7256    -7408    -7533    -7441 
   -7107    -6608    -6043    -5491    -4968    -4500    -4175    -4021 
   -3932    -3751    -3380    -2887    -2477    -2232    -2007    -1609 
    -955     -128      641     1136     1345     1370     1289     1188 
    1117     1017      830      540      143     -356     -949    -1593 
   -2220    -2814    -3445    -4284    -5479    -6933    -8324    -9359 
   -9952   -10162   -10034    -9548    -8668    -7430    -6021    -4671 
   -3484    -2431    -1482     -652       54      672     1251     1804 
    2303     2686     2879     2816     2498     1981     1279      383 
    -639    -1688    -2688    -3522    -4039    -4237    -4266    -4233 
   -4156    -4021    -3848    -3672    -3478    -3136    -2439    -1354 
    -131      909     1626     2061     2232     1966     1120     -120 
   -1296    -1922    -1810    -1240     -619     -121      216      297 
     110     -168     -410     -608     -743     -789     -712     -461 
    -131       32     -128     -562    -1063    -1397    -1405    -1063 
    -504       31      396      558      514      301        4     -346 
    -791    -1293    -1759    -2124    -2397    -2682    -3138    -3811 
   -4587    -5283    -5775    -6099    -6273    -6124    -5516    -4534 
   -3361    -2151    -1005       31      976     1852     2581     3063 
    3365     3665     4029     4317     4322     3929     3150     2058 
     720     -730    -2154    -3474    -4621    -5567    -6361    -6987 
   -7393    -7585    -7619    -7677    -7900    -8182    -8298    -8144 
   -7674    -6801    -5539    -4008    -2350     -718      737     1926 
    2839     3532     4091     4550     4854     4869     4510     3820 
    2889     1817      693     -438    -1552    -2648    -3738    -4735 
   -5551    -6115    -6327    -6180    -5842    -5478    -5135    -4776 
   -4383    -3994    -3659    -3415    -3221    -2971    -2623    -2207 
   -1767    -1405    -1256    -1332    -1622    -2200    -2956    -3581 
   -3943    -4170    -4405    -4683    -4877    -4827    -4594    -4326 
   -4023    -3662    -3248    -2714    -2034    -1310     -684     -174 
     346     1024     1903     2818     3437     3532     3114     2380 
    1629     1113      881      846      920      977      780      106 
   -1073    -2536    -3928    -5047    -5923    -6652    -7241    -7570 
   -7487    -6957    -6148    -5285    -4379    -3277    -1980     -638 
     638     1811     2841     3645     4135     4303     4175     3740 
    2986     1917      589     -800    -2050    -3132    -4132    -5127 
   -6124    -7038    -7796    -8414    -8899    -9205    -9252    -8958 
   -8286    -7256    -5923    -4436    -2974    -1571     -184     1135 
    2285     3173     3693     3770     3468     2983     2467     1912 
    1235      414     -499    -1485    -2555    -3699    -4804    -5663 
   -6148    -6347    -6343    -6060    -5387    -4383    -3252    -2207 
   -1379     -826     -529     -421     -430     -425     -283      -43 
     135      105     -210     -801    -1603    -2512    -3353    -3982 
   -4406    -4683    -4796    -4680    -4288    -3673    -2983    -2350 
   -1849    -1490    -1173     -746     -106      803     1883     2891 
    3686     4332     4835     5039     4865     4396     3740     2963 
    2115     1224      246     -950    -2498    -4428    -6624    -8862 
  -10936   -12698   -14022   -14850   -15161   -14905   -14113   -12970 
  -11662   -10289    -8843    -7242    -5513    -3831    -2336    -1039 
     139     1266     2301     3125     3611     3704     3387     2652 
    1526       71    -1656    -3523    -5270    -6639    -7500    -7867 
   -7834    -7518    -7053    -6516    -5923    -5348    -4850    -4348 
   -3705    -2843    -1773     -629      367     1019     1198      873 
     180     -711    -1696    -2605    -3339    -4024    -4784    -5603 
   -6380    -7003    -7497    -8035    -8688    -9329    -9823   -10195 
  -10525   -10825   -11021   -11094   -11055   -10833   -10380    -9726 
   -8881    -7755    -6342    -4826    -3457    -2396    -1715    -1362 
   -1112     -843     -697     -766     -945    -1128    -1271    -1389 
   -1586    -1958    -2486    -3029    -3419    -3541    -3360    -2974 
   -2573    -2313    -2267    -2439    -2799    -3294    -3802    -4159 
   -4243    -4036    -3689    -3489    -3615    -3990    -4519    -5228 
   -6115    -7028    -7769    -8245    -8459    -8496    -8561    -8806 
   -9189    -9590    -9926   -10169   -10296   -10220    -9825    -9074 
   -8097    -7203    -6748    -6863    -7358    -7951    -8428    -8583 
   -8286    -7597    -6708    -5811    -5069    -4568    -4314    -4266 
   -4349    -4414    -4332    -4020    -3478    -2863    -2315    -1821 
   -1336     -932     -780     -957    -1371    -1838    -2111    -2020 
   -1606    -1097     -751     -792    -1308    -2209    -3366    -4623 
   -5759    -6578    -7037    -7253    -7408    -7560    -7576    -7323 
   -6853    -6268    -5593    -4934    -4417    -3993    -3524    -2828 
   -1814     -670      365     1255     2014     2627     3071     3267 
    3142     2698     1869      614     -929    -2513    -3987    -5427 
   -6949    -8467    -9736   -10601   -11097   -11327   -11368   -11203 
  -10841   -10431   -10106    -9825    -9450    -8849    -7974    -6910 
   -5756    -4542    -3317    -2205    -1386    -1004     -992    -1113 
   -1239    -1493    -2061    -2903    -3740    -4336    -4654    -4781 
   -4876    -5057    -5190    -5044    -4642    -4176    -3754    -3369 
   -2963    -2536    -2146    -1794    -1459    -1201    -1058     -958 
    -801     -583     -396     -328     -398     -619    -1038    -1719 
   -2659    -3685    -4598    -5333    -5933    -6524    -7240    -8060 
   -8857    -9485    -9818    -9714    -9086    -8033    -6763    -5478 
   -4313    -3310    -2401    -1433     -295      965     2215     3310 
    4088     4402     4212     3628     2778     1714      479     -892 
   -2396    -4003    -5564    -6804    -7462    -7543    -7311    -6967 
   -6508    -5923    -5273    -4685    -4340    -4338    -4519    -4606 
   -4525    -4471    -4665    -5150    -5803    -6462    -7001    -7388 
   -7626    -7601    -7099    -6026    -4606    -3257    -2296    -1804 
   -1687    -1826    -2147    -2560    -3067    -3813    -4785    -5680 
   -6313    -6777    -7160    -7454    -7622    -7614    -7447    -7196 
   -6941    -6696    -6388    -5934    -5347    -4710    -4059    -3302 
   -2405    -1561    -1013     -789     -770     -908    -1182    -1530 
   -1930    -2459    -3240    -4326    -5587    -6786    -7846    -8829 
   -9759   -10593   -11237   -11580   -11647   -11560   -11354   -10987 
  -10455    -9840    -9228    -8592    -7781    -6643    -5206    -3734 
   -2546    -1833    -1554    -1572    -1746    -1899    -1915    -1908 
   -2029    -2263    -2500    -2636    -2718    -2982    -3661    -4799 
   -6238    -7792    -9348   -10801   -12093   -13192   -13975   -14331 
  -14300   -13950   -13274   -12297   -11124    -9832    -8487    -7144 
   -5806    -4507    -3250    -1962     -606      715     1781     2448 
    2751     2801     2690     2497     2236     1821     1204      533 
       4     -376     -764    -1300    -2011    -2907    -4044    -5418 
   -6913    -8365    -9578   -10353   -10631   -10477    -9960    -9189 
   -8374    -7695    -7167    -6652    -6018    -5189    -4153    -3021 
   -1942    -1019     -364      -86     -168     -483     -812     -946 
    -812     -388      334     1193     1842     1993     1621      928 
     256     -103     -163     -168     -234     -314     -407     -566 
    -801    -1088    -1485    -2050    -2698    -3373    -4158    -5136 
   -6327    -7717    -9235   -10696   -11816   -12361   -12337   -11927 
  -11291   -10409    -9076    -7257    -5244    -3315    -1624     -344 
     500     1146     1818     2587     3459     4421     5394     6127 
    6282     5733     4739     3732     2922     2166     1248      176 
    -858    -1755    -2548    -3273    -3977    -4675    -5331    -5979 
   -6663    -7312    -7789    -8007    -7992    -7860    -7716    -7596 
   -7535    -7499    -7302    -6763    -5921    -5024    -4320    -3870 
   -3613    -3466    -3284    -2907    -2243    -1337     -361      594 
    1474     2150     2596     2872     2975     2872     2543     1930 
     999     -108    -1163    -2069    -2826    -3440    -3970    -4407 
   -4596    -4510    -4313    -4017    -3438    -2527    -1459     -475 
     245      691      974     1123     1089      874      476      -90 
    -648     -965    -1034    -1055    -1206    -1486    -1795    -2134 
   -2571    -3113    -3716    -4311    -4819    -5251    -5670    -6151 
   -6732    -7335    -7840    -8143    -8155    -7827    -7184    -6349 
   -5498    -4754    -4099    -3446    -2748    -1956    -1013        5 
     853     1304     1363     1188      920      595      206     -180 
    -493     -719     -859     -938     -993    -1088    -1275    -1549 
   -1830    -2025    -2079    -2030    -1949    -1848    -1736    -1709 
   -1769    -1798    -1732    -1583    -1412    -1394    -1726    -2466 
   -3469    -4444    -5139    -5472    -5474    -5202    -4747    -4247 
   -3776    -3303    -2844    -2498    -2281    -2215    -2396    -2798 
   -3235    -3507    -3500    -3223    -2816    -2442    -2158    -1876 
   -1480     -950     -361      224      838     1514     2203     2805 
    3176     3198     2875     2322     1595      627     -635    -2053 
   -3424    -4669    -5691    -6323    -6563    -6588    -6488    -6195 
   -5689    -5073    -4351    -3430    -2363    -1421     -851     -621 
    -523     -444     -373     -319     -295     -318     -394     -498 
    -515     -333      -17      211      184      -71     -368     -565 
    -687     -754     -691     -432       16      565     1046     1354 
    1556     1760     1944     1962     1771     1520     1308     1060 
     712      268     -348    -1202    -2259    -3458    -4753    -6062 
   -7317    -8472    -9417    -9936    -9810    -9005    -7816    -6659 
   -5701    -4892    -4295    -4116    -4407    -4831    -4872    -4329 
   -3362    -2195    -1020        2      773     1161     1043      550 
      28     -244     -222      -35      174      386      672     1028 
    1324     1395     1201      828      425       95     -131     -243 
    -256     -310     -549    -1007    -1629    -2324    -3040    -3848 
   -4849    -5968    -6990    -7717    -8122    -8329    -8413    -8305 
   -7898    -7159    -6130    -4900    -3538    -2043     -415     1209 
    2555     3414     3801     3856     3696     3399     2992     2448 
    1694      670     -532    -1738    -2894    -4047    -5167    -6087 
   -6597    -6608    -6203    -5587    -5011    -4648    -4535    -4739 
   -5368    -6320    -7279    -7897    -7865    -7129    -5988    -4818 
   -3831    -3024    -2181    -1169     -151      665     1269     1769 
    2253     2668     2837     2619     1971      916     -441    -1869 
   -3033    -3701    -3955    -4097    -4318    -4548    -4638    -4561 
   -4360    -4078    -3797    -3646    -3721    -4005    -4386    -4739 
   -4976    -5080    -5090    -4980    -4630    -3932    -2928    -1811 
    -747      153      708      773      434      -51     -463     -733 
    -915    -1116    -1355    -1475    -1279     -696      112      818 
    1140     1011      540     -131     -897    -1714    -2584    -3445 
   -4202    -4862    -5522    -6258    -6990    -7512    -7689    -7557 
   -7195    -6606    -5786    -4831    -3879    -3036    -2373    -1869 
   -1356     -639      299     1264     2025     2490     2681     2610 
    2272     1713     1128      728      575      577      553      306 
    -302    -1286    -2509    -3786    -4994    -6033    -6758    -7091 
   -7145    -7115    -7094    -7072    -7006    -6820    -6523    -6235 
   -5964    -5502    -4595    -3183    -1551     -155      708     1028 
     946      562      -90     -936    -1821    -2546    -3044    -3376 
   -3518    -3406    -3122    -2866    -2789    -2922    -3234    -3603 
   -3834    -3832    -3646    -3346    -2998    -2631    -2173    -1606 
   -1121     -924    -1067    -1462    -1908    -2235    -2461    -2721 
   -3117    -3615    -4067    -4380    -4668    -5017    -5355    -5585 
   -5660    -5590    -5459    -5324    -5185    -5012    -4742    -4276 
   -3555    -2635    -1698    -1011     -792    -1050    -1590    -2241 
   -2951    -3685    -4309    -4639    -4649    -4472    -4223    -3981 
   -3866    -3955    -4207    -4507    -4708    -4684    -4415    -4032 
   -3711    -3520    -3392    -3252    -3064    -2772    -2319    -1728 
   -1123     -684     -457     -301      -72      194      303      125 
    -230     -583     -870    -1156    -1516    -1962    -2513    -3191 
   -3937    -4639    -5244    -5710    -5919    -5787    -5363    -4835 
   -4460    -4390    -4576    -4841    -4997    -4962    -4722    -4297 
   -3744    -3107    -2390    -1595     -792     -136      221      203 
    -176     -805    -1530    -2254    -2903    -3403    -3707    -3831 
   -3865    -3951    -4178    -4558    -5086    -5737    -6408    -6993 
   -7426    -7631    -7557    -7248    -6825    -6450    -6212    -6006 
   -5680    -5227    -4723    -4197    -3628    -3052    -2520    -2027 
   -1570    -1201    -1058    -1273    -1826    -2578    -3429    -4374 
   -5386    -6340    -7042    -7345    -7302    -7063    -6654    -6038 
   -5270    -4506    -3888    -3492    -3366    -3499    -3700    -3712 
   -3518    -3334    -3312    -3403    -3492    -3522    -3516    -3576 
   -3786    -4110    -4391    -4506    -4487    -4431    -4422    -4527 
   -4774    -5134    -5566    -6006    -6365    -6569    -6569    -6363 
   -6022    -5655    -5325    -5032    -4756    -4522    -4445    -4573 
   -4773    -4873    -4761    -4396    -3825    -3134    -2398    -1688 
   -1075     -610     -318     -186     -144     -131     -159     -309 
    -634    -1111    -1618    -1989    -2153    -2191    -2242    -2374 
   -2551    -2727    -2914    -3134    -3412    -3780    -4245    -4743 
   -5158    -5421    -5585    -5764    -5977    -6100    -6012    -5755 
   -5462    -5190    -4868    -4429    -3901    -3349    -2843    -2401 
   -2007    -1705    -1580    -1640    -1792    -1945    -2064    -2155 
   -2230    -2297    -2425    -2647    -2887    -3064    -3165    -3256 
   -3377    -3485    -3553    -3628    -3789    -4064    -4418    -4818 
   -5273    -5792    -6320    -6720    -6871    -6739    -6369    -5869 
   -5335    -4783    -4205    -3585    -2965    -2473    -2196    -2119 
   -2161    -2239    -2367    -2610    -2940    -3210    -3296    -3215 
   -3079    -2915    -2658    -2272    -1872    -1691    -1842    -2199 
   -2508    -2562    -2311    -1903    -1602    -1583    -1831    -2257 
   -2763    -3222    -3522    -3650    -3676    -3613    -3406    -3046 
   -2631    -2292    -2121    -2107    -2161    -2169    -2114    -2065 
   -2064    -2037    -1918    -1723    -1476    -1162     -770     -383 
    -183     -321     -807    -1512    -2187    -2581    -2605    -2349 
   -2025    -1850    -1899    -2106    -2373    -2621    -2787    -2810 
   -2648    -2319    -1930    -1590    -1332    -1138     -984     -873 
    -909    -1202    -1661    -2079    -2299    -2303    -2242    -2311 
   -2589    -3044    -3569    -4054    -4441    -4727    -4946    -5117 
   -5220    -5223    -5151    -5060    -5003    -4969    -4891    -4706 
   -4357    -3807    -3099    -2344    -1658    -1105     -697     -445 
    -332     -283     -236     -178     -159     -259     -511     -874 
   -1306    -1817    -2412    -3029    -3595    -4101    -4523    -4723 
   -4625    -4378    -4191    -4129    -4144    -4214    -4326    -4431 
   -4491    -4523    -4529    -4457    -4307    -4145    -4001    -3844 
   -3651    -3399    -3087    -2774    -2494    -2182    -1775    -1345 
   -1031     -903     -926    -1021    -1201    -1540    -2072    -2756 
   -3487    -4164    -4808    -5508    -6241    -6912    -7515    -8086 
   -8606    -9040    -9332    -9375    -9104    -8586    -7954    -7258 
   -6467    -5656    -4986    -4464    -3962    -3454    -3036    -2766 
   -2636    -2590    -2567    -2548    -2556    -2581    -2579    -2539 
   -2504    -2535    -2656    -2830    -3032    -3281    -3568    -3848 
   -4072    -4215    -4330    -4529    -4822    -5093    -5238    -5213 
   -5022    -4754    -4541    -4419    -4369    -4387    -4471    -4568 
   -4596    -4506    -4321    -4137    -4052    -4079    -4156    -4248 
   -4387    -4625    -4860    -4870    -4542    -3982    -3392    -2932 
   -2671    -2658    -2898    -3303    -3712    -4006    -4176    -4237 
   -4159    -3897    -3433    -2848    -2269    -1749    -1269     -814 
    -457     -310     -402     -672    -1036    -1424    -1777    -2084 
   -2378    -2691    -3003    -3281    -3532    -3751    -3877    -3861 
   -3721    -3530    -3392    -3341    -3298    -3176    -2979    -2795 
   -2748    -2886    -3140    -3372    -3465    -3354    -3092    -2851 
   -2744    -2729    -2735    -2759    -2785    -2779    -2797    -2982 
   -3416    -4016    -4585    -4936    -4985    -4818    -4598    -4448 
   -4396    -4365    -4299    -4243    -4243    -4293    -4348    -4317 
   -4109    -3723    -3253    -2782    -2404    -2228    -2258    -2415 
   -2643    -2894    -3086    -3142    -3075    -2986    -2990    -3096 
   -3241    -3402    -3600    -3832    -4095    -4415    -4797    -5196 
   -5526    -5691    -5634    -5374    -4994    -4577    -4143    -3694 
   -3295    -3013    -2872    -2832    -2803    -2749    -2678    -2567 
   -2376    -2060    -1649    -1266    -1039    -1015    -1140    -1351 
   -1657    -2076    -2531    -2903    -3106    -3106    -2959    -2764 
   -2617    -2597    -2740    -3030    -3426    -3882    -4332    -4692 
   -4888    -4889    -4718    -4419    -4036    -3647    -3322    -3094 
   -2978    -2959    -2994    -3049    -3114    -3180    -3235    -3232 
   -3107    -2828    -2466    -2158    -2012    -2065    -2281    -2631 
   -3078    -3520    -3817    -3893    -3782    -3577    -3355    -3140 
   -2933    -2766    -2673    -2660    -2706    -2783    -2866    -2920 
   -2907    -2802    -2598    -2309    -1993    -1790    -1815    -2052 
   -2413    -2832    -3280    -3751    -4197    -4535    -4703    -4698 
   -4564    -4417    -4372    -4442    -4533    -4534    -4431    -4309 
   -4223    -4147    -4003    -3759    -3440    -3107    -2808    -2509 
   -2134    -1682    -1242     -903     -656     -367       39      502 
     918     1223     1395     1405     1228      888      425     -131 
    -795    -1601    -2540    -3499    -4326    -4936    -5296    -5416 
   -5385    -5298    -5171    -4984    -4723    -4368    -3888    -3248 
   -2500    -1783    -1173     -649     -241       -8       41      -60 
    -256     -464     -643     -810     -992    -1221    -1541    -1918 
   -2282    -2629    -2951    -3245    -3543    -3890    -4320    -4803 
   -5238    -5518    -5585    -5420    -5042    -4513    -3924    -3331 
   -2728    -2114    -1524     -980     -503     -112      210      450 
     544      467      263       -4     -309     -658    -1065    -1522 
   -1968    -2349    -2652    -2884    -3067    -3242    -3469    -3774 
   -4093    -4327    -4429    -4391    -4243    -3994    -3638    -3248 
   -2933    -2698    -2457    -2138    -1752    -1358     -990     -676 
    -437     -291     -256     -360     -615    -1009    -1505    -2057 
   -2605    -3059    -3335    -3459    -3520    -3565    -3615    -3719 
   -3904    -4107    -4243    -4243    -4085    -3775    -3354    -2868 
   -2347    -1831    -1385    -1047     -808     -634     -487     -376 
    -398     -622    -1004    -1453    -1883    -2222    -2459    -2628 
   -2739    -2789    -2797    -2789    -2798    -2835    -2903    -3026 
   -3192    -3361    -3505    -3607    -3623    -3495    -3248    -2965 
   -2695    -2482    -2397    -2493    -2743    -3067    -3368    -3570 
   -3658    -3670    -3646    -3604    -3542    -3481    -3485    -3612 
   -3861    -4166    -4431    -4575    -4553    -4348    -3986    -3596 
   -3298    -3092    -2915    -2733    -2533    -2300    -2027    -1755 
   -1551    -1456    -1460    -1526    -1626    -1726    -1798    -1845 
   -1873    -1891    -1930    -2027    -2166    -2322    -2516    -2779 
   -3118    -3518    -3944    -4383    -4864    -5387    -5881    -6268 
   -6519    -6639    -6642    -6540    -6385    -6195    -5911    -5539 
   -5146    -4748    -4349    -3964    -3588    -3194    -2806    -2478 
   -2200    -1884    -1525    -1189     -908     -718     -641     -622 
    -614     -634     -738     -955    -1254    -1574    -1891    -2200 
   -2538    -2949    -3414    -3847    -4189    -4431    -4600    -4723 
   -4834    -4923    -4969    -4974    -4950    -4857    -4645    -4317 
   -3932    -3563    -3280    -3123    -3087    -3130    -3194    -3223 
   -3207    -3180    -3106    -2875    -2452    -1900    -1336     -872 
    -572     -467     -560     -811    -1139    -1463    -1744    -1991 
   -2224    -2419    -2560    -2697    -2871    -3098    -3375    -3707 
   -4113    -4550    -4930    -5204    -5368    -5431    -5404    -5328 
   -5254    -5225    -5270    -5377    -5498    -5570    -5548    -5405 
   -5131    -4753    -4341    -3986    -3746    -3608    -3515    -3414 
   -3292    -3133    -2874    -2505    -2064    -1578    -1111     -734 
    -490     -379     -357     -375     -433     -577     -810    -1089 
   -1421    -1841    -2365    -2936    -3465    -3915    -4317    -4738 
   -5229    -5775    -6303    -6721    -6963    -7030    -6976    -6852 
   -6658    -6407    -6148    -5919    -5757    -5682    -5625    -5475 
   -5164    -4718    -4225    -3757    -3315    -2889    -2466    -2057 
   -1707    -1456    -1328    -1352    -1534    -1837    -2196    -2524 
   -2755    -2875    -2932    -3013    -3191    -3469    -3774    -4047 
   -4282    -4510    -4738    -4900    -4934    -4845    -4700    -4575 
   -4490    -4417    -4314    -4152    -3915    -3589    -3208    -2851 
   -2586    -2438    -2373    -2340    -2324    -2336    -2398    -2504 
   -2623    -2740    -2899    -3115    -3334    -3458    -3449    -3364 
   -3272    -3198    -3130    -3068    -3021    -2961    -2825    -2583 
   -2278    -2027    -1917    -1948    -2087    -2289    -2523    -2776 
   -3017    -3229    -3434    -3636    -3825    -3959    -4016    -4036 
   -4079    -4186    -4380    -4664    -4989    -5279    -5460    -5490 
   -5393    -5235    -5039    -4800    -4523    -4199    -3817    -3422 
   -3056    -2698    -2319    -1945    -1621    -1385    -1255    -1209 
   -1208    -1232    -1285    -1360    -1472    -1683    -2020    -2458 
   -2943    -3419    -3850    -4197    -4421    -4477    -4398    -4248 
   -4106    -4032    -4036    -4118    -4263    -4425    -4531    -4552 
   -4513    -4457    -4387    -4299    -4202    -4068    -3848    -3520 
   -3109    -2678    -2281    -1952    -1741    -1707    -1857    -2130 
   -2467    -2828    -3203    -3581    -3937    -4217    -4378    -4469 
   -4584    -4752    -4907    -4954    -4870    -4707    -4490    -4203 
   -3886    -3638    -3530    -3507    -3449    -3261    -2899    -2388 
   -1823    -1313     -934     -714     -627     -630     -681     -778 
    -918    -1074    -1247    -1444    -1665    -1939    -2295    -2727 
   -3229    -3784    -4342    -4854    -5254    -5516    -5672    -5767 
   -5817    -5807    -5722    -5563    -5327    -5023    -4703    -4419 
   -4187    -3979    -3757    -3500    -3229    -2964    -2710    -2484 
   -2297    -2126    -1933    -1707    -1494    -1378    -1410    -1576 
   -1833    -2170    -2589    -3073    -3576    -4039    -4421    -4699 
   -4889    -5019    -5073    -5022    -4857    -4579    -4190    -3716 
   -3204    -2716    -2303    -2010    -1852    -1826    -1910    -2053 
   -2236    -2479    -2779    -3113    -3446    -3775    -4124    -4498 
   -4861    -5121    -5192    -5082    -4892    -4708    -4563    -4402 
   -4166    -3854    -3485    -3079    -2659    -2274    -1960    -1748 
   -1657    -1669    -1725    -1776    -1799    -1773    -1707    -1665 
   -1714    -1852    -2023    -2165    -2251    -2296    -2338    -2416 
   -2563    -2786    -3065    -3395    -3742    -4050    -4266    -4336 
   -4232    -3970    -3623    -3287    -3002    -2751    -2517    -2277 
   -1985    -1606    -1162     -712     -338      -82       39        0 
    -194     -508     -900    -1310    -1728    -2160    -2604    -3051 
   -3453    -3759    -3978    -4156    -4325    -4499    -4675    -4851 
   -5020    -5134    -5150    -5067    -4905    -4695    -4471    -4241 
   -3994    -3719    -3443    -3237    -3133    -3068    -2959    -2782 
   -2574    -2408    -2343    -2363    -2423    -2500    -2563    -2601 
   -2609    -2558    -2466    -2421    -2486    -2632    -2767    -2817 
   -2759    -2636    -2509    -2439    -2455    -2536    -2647    -2775 
   -2924    -3079    -3200    -3261    -3265    -3244    -3234    -3249 
   -3268    -3280    -3281    -3261    -3192    -3049    -2826    -2563 
   -2304    -2088    -1948    -1869    -1781    -1630    -1413    -1192 
   -1058    -1055    -1158    -1321    -1518    -1736    -1961    -2170 
   -2338    -2478    -2610    -2729    -2824    -2878    -2887    -2891 
   -2930    -3006    -3083    -3127    -3114    -3042    -2938    -2844 
   -2763    -2674    -2559    -2415    -2246    -2052    -1833    -1620 
   -1443    -1304    -1185    -1088    -1032    -1019    -1034    -1078 
   -1152    -1254    -1391    -1564    -1773    -2019    -2273    -2486 
   -2625    -2690    -2691    -2646    -2581    -2517    -2479    -2501 
   -2583    -2710    -2882    -3106    -3349    -3547    -3662    -3688 
   -3638    -3544    -3456    -3385    -3300    -3172    -3044    -2980 
   -2988    -3017    -2998    -2903    -2772    -2655    -2552    -2457 
   -2381    -2347    -2351    -2374    -2398    -2401    -2373    -2347 
   -2362    -2431    -2542    -2678    -2839    -3009    -3154    -3273 
   -3376    -3491    -3627    -3775    -3924    -4060    -4172    -4243 
   -4276    -4289    -4333    -4463    -4675    -4908    -5088    -5175 
   -5202    -5211    -5202    -5155    -5049    -4881    -4649    -4352 
   -4008    -3649    -3302    -2984    -2694    -2407    -2102    -1810 
   -1563    -1348    -1127     -905     -754     -754     -923    -1212 
   -1561    -1949    -2365    -2792    -3208    -3595    -3963    -4341 
   -4720    -5043    -5260    -5377    -5400    -5346    -5235    -5078 
   -4884    -4658    -4386    -4083    -3794    -3546    -3360    -3199 
   -3002    -2783    -2586    -2400    -2222    -2068    -1953    -1903 
   -1930    -2022    -2169    -2363    -2582    -2803    -3044    -3326 
   -3628    -3915    -4170    -4419    -4675    -4909    -5098    -5224 
   -5275    -5262    -5186    -5050    -4854    -4604    -4317    -4029 
   -3751    -3457    -3150    -2853    -2575    -2335    -2138    -1972 
   -1825    -1691    -1595    -1594    -1719    -1935    -2177    -2398 
   -2582    -2740    -2906    -3132    -3468    -3892    -4311    -4622 
   -4764    -4756    -4664    -4556    -4469    -4413    -4365    -4303 
   -4222    -4126    -4001    -3812    -3581    -3388    -3299    -3323 
   -3420    -3522    -3593    -3649    -3711    -3765    -3766    -3734 
   -3757    -3888    -4082    -4270    -4403    -4446    -4372    -4220 
   -4077    -3986    -3929    -3889    -3861    -3842    -3828    -3816 
   -3751    -3608    -3423    -3253    -3099    -2929    -2702    -2411 
   -2121    -1930    -1864    -1876    -1915    -1979    -2092    -2261 
   -2477    -2718    -2959    -3194    -3438    -3694    -3993    -4347 
   -4706    -5004    -5216    -5356    -5428    -5400    -5283    -5136 
   -5001    -4895    -4787    -4612    -4355    -4055    -3766    -3505 
   -3288    -3109    -2941    -2776    -2609    -2447    -2309    -2211 
   -2160    -2149    -2153    -2151    -2134    -2119    -2146    -2245 
   -2401    -2578    -2737    -2852    -2926    -2982    -3033    -3080 
   -3099    -3055    -2948    -2822    -2721    -2654    -2601    -2556 
   -2505    -2436    -2362    -2305    -2277    -2278    -2317    -2386 
   -2457    -2517    -2594    -2705    -2844    -3015    -3227    -3462 
   -3707    -3947    -4159    -4320    -4415    -4449    -4449    -4415 
   -4302    -4077    -3769    -3434    -3142    -2947    -2862    -2852 
   -2851    -2829    -2799    -2774    -2776    -2813    -2871    -2943 
   -3040    -3146    -3240    -3319    -3388    -3449    -3485    -3472 
   -3410    -3326    -3249    -3190    -3123    -3028    -2913    -2809 
   -2727    -2654    -2574    -2497    -2450    -2455    -2502    -2581 
   -2681    -2786    -2909    -3067    -3250    -3435    -3570    -3611 
   -3566    -3485    -3434    -3440    -3459    -3424    -3327    -3190 
   -3056    -2963    -2913    -2910    -2955    -3009    -3044    -3044 
   -2986    -2872    -2740    -2631    -2570    -2560    -2586    -2617 
   -2636    -2644    -2647    -2659    -2706    -2810    -2951    -3102 
   -3260    -3415    -3555    -3653    -3667    -3595    -3464    -3300 
   -3140    -3014    -2913    -2790    -2619    -2397    -2155    -1949 
   -1794    -1709    -1703    -1755    -1842    -1942    -2042    -2133 
   -2201    -2277    -2374    -2470    -2548    -2606    -2663    -2737 
   -2808    -2844    -2833    -2766    -2663    -2548    -2436    -2342 
   -2266    -2227    -2223    -2242    -2296    -2366    -2434    -2497 
   -2543    -2565    -2575    -2577    -2582    -2597    -2619    -2662 
   -2708    -2714    -2673    -2614    -2558    -2497    -2440    -2405 
   -2388    -2362    -2315    -2262    -2196    -2098    -1971    -1837 
   -1729    -1667    -1634    -1601    -1553    -1509    -1513    -1587 
   -1715    -1888    -2092    -2285    -2446    -2587    -2744    -2915 
   -3063    -3163    -3213    -3227    -3227    -3229    -3225    -3204 
   -3172    -3129    -3065    -3003    -2970    -2980    -3052    -3175 
   -3338    -3534    -3742    -3937    -4113    -4233    -4266    -4228 
   -4159    -4085    -4002    -3894    -3753    -3592    -3423    -3250 
   -3041    -2776    -2521    -2334    -2208    -2120    -2050    -2008 
   -2025    -2091    -2170    -2241    -2292    -2331    -2404    -2546 
   -2767    -3056    -3352    -3597    -3794    -3963    -4112    -4247 
   -4367    -4459    -4538    -4631    -4735    -4834    -4911    -4926 
   -4880    -4797    -4660    -4480    -4305    -4159    -4059    -4014 
   -3994    -3946    -3854    -3719    -3559    -3402    -3248    -3096 
   -2967    -2844    -2709    -2581    -2466    -2367    -2309    -2266 
   -2215    -2185    -2199    -2243    -2309    -2394    -2527    -2729 
   -2983    -3273    -3601    -3932    -4243    -4517    -4725    -4860 
   -4942    -4997    -5058    -5121    -5171    -5216    -5231    -5167 
   -5020    -4820    -4590    -4348    -4088    -3776    -3407    -3036 
   -2691    -2365    -2053    -1800    -1649    -1617    -1675    -1779 
   -1904    -2050    -2208    -2374    -2550    -2718    -2882    -3055 
   -3252    -3491    -3757    -4023    -4280    -4499    -4662    -4796 
   -4916    -5027    -5120    -5161    -5151    -5096    -4959    -4708 
   -4356    -3955    -3565    -3217    -2924    -2683    -2498    -2355 
   -2214    -2073    -1962    -1885    -1848    -1852    -1906    -2015 
   -2174    -2385    -2654    -2957    -3275    -3591    -3885    -4151 
   -4388    -4581    -4710    -4787    -4804    -4748    -4645    -4515 
   -4365    -4197    -4000    -3767    -3528    -3316    -3140    -2995 
   -2882    -2792    -2714    -2619    -2490    -2353    -2226    -2135 
   -2111    -2142    -2187    -2220    -2231    -2226    -2243    -2326 
   -2471    -2662    -2884    -3118    -3312    -3442    -3530    -3582 
   -3581    -3527    -3453    -3388    -3355    -3357    -3384    -3433 
   -3488    -3539    -3573    -3585    -3588    -3600    -3626    -3655 
   -3666    -3632    -3568    -3523    -3527    -3577    -3650    -3717 
   -3778    -3828    -3854    -3847    -3834    -3828    -3840    -3882 
   -3965    -4062    -4117    -4095    -4005    -3859    -3669    -3447 
   -3213    -2982    -2759    -2565    -2420    -2334    -2303    -2312 
   -2349    -2398    -2458    -2535    -2629    -2725    -2822    -2933 
   -3069    -3226    -3395    -3577    -3774    -3970    -4145    -4263 
   -4301    -4266    -4192    -4104    -4009    -3910    -3824    -3743 
   -3623    -3442    -3222    -3001    -2790    -2596    -2446    -2350 
   -2299    -2266    -2238    -2242    -2317    -2459    -2636    -2803 
   -2943    -3084    -3246    -3407    -3534    -3596    -3586    -3503 
   -3364    -3194    -3003    -2798    -2596    -2412    -2253    -2130 
   -2073    -2087    -2169    -2300    -2442    -2571    -2669    -2740 
   -2809    -2882    -2951    -2995    -2999    -2975    -2955    -2940 
   -2932    -2951    -2992    -3060    -3173    -3326    -3495    -3646 
   -3759    -3827    -3821    -3734    -3591    -3437    -3312    -3244 
   -3221    -3217    -3210    -3199    -3202    -3229    -3279    -3336 
   -3388    -3424    -3456    -3491    -3519    -3524    -3514    -3489 
   -3442    -3376    -3292    -3200    -3107    -3001    -2874    -2733 
   -2574    -2405    -2255    -2154    -2115    -2121    -2155    -2215 
   -2315    -2451    -2620    -2813    -3006    -3180    -3323    -3433 
   -3519    -3592    -3653    -3688    -3694    -3674    -3615    -3518 
   -3399    -3287    -3188    -3105    -3037    -2984    -2945    -2914 
   -2879    -2824    -2740    -2635    -2527    -2413    -2292    -2162 
   -2043    -1960    -1925    -1941    -1991    -2066    -2187    -2362 
   -2569    -2759    -2902    -3010    -3109    -3200    -3271    -3307 
   -3310    -3295    -3271    -3237    -3200    -3177    -3172    -3144 
   -3049    -2882    -2664    -2457    -2293    -2165    -2081    -2052 
   -2058    -2077    -2085    -2072    -2042    -2011    -1980    -1939 
   -1900    -1883    -1911    -1998    -2121    -2270    -2436    -2587 
   -2677    -2667    -2581    -2490    -2454    -2498    -2606    -2727 
   -2826    -2918    -3025    -3138    -3246    -3342    -3415    -3464 
   -3495    -3507    -3492    -3445    -3360    -3260    -3171    -3096 
   -3042    -2997    -2949    -2902    -2860    -2818    -2759    -2671 
   -2565    -2473    -2432    -2469    -2550    -2629    -2704    -2785 
   -2872    -2983    -3113    -3219    -3280    -3316    -3366    -3456 
   -3551    -3613    -3650    -3692    -3732    -3750    -3757    -3744 
   -3704    -3647    -3574    -3487    -3407    -3330    -3225    -3088 
   -2960    -2862    -2785    -2737    -2720    -2732    -2805    -2941 
   -3094    -3237    -3388    -3546    -3677    -3782    -3866    -3909 
   -3902    -3866    -3828    -3807    -3789    -3754    -3694    -3642 
   -3612    -3585    -3563    -3555    -3541    -3518    -3497    -3478 
   -3437    -3353    -3253    -3175    -3136    -3134    -3138    -3102 
   -3024    -2948    -2882    -2801    -2708    -2606    -2496    -2398 
   -2326    -2270    -2247    -2259    -2286    -2311    -2311    -2292 
   -2286    -2311    -2366    -2450    -2551    -2664    -2792    -2932 
   -3083    -3250    -3418    -3568    -3712    -3861    -3996    -4082 
   -4091    -4010    -3842    -3615    -3346    -3061    -2786    -2516 
   -2236    -1971    -1746    -1576    -1447    -1360    -1327    -1345 
   -1405    -1491    -1611    -1765    -1934    -2116    -2319    -2516 
   -2687    -2855    -3057    -3303    -3568    -3813    -4013    -4164 
   -4266    -4329    -4369    -4372    -4334    -4286    -4230    -4153 
   -4044    -3879    -3650    -3393    -3142    -2915    -2724    -2554 
   -2405    -2297    -2249    -2272    -2357    -2457    -2550    -2633 
   -2701    -2728    -2705    -2662    -2623    -2604    -2617    -2683 
   -2809    -2974    -3159    -3346    -3504    -3623    -3727    -3842 
   -3986    -4151    -4310    -4440    -4530    -4595    -4644    -4673 
   -4676    -4650    -4590    -4483    -4337    -4178    -4017    -3852 
   -3666    -3439    -3160    -2855    -2558    -2284    -2034    -1811 
   -1625    -1499    -1426    -1382    -1340    -1313    -1324    -1381 
   -1498    -1668    -1881    -2134    -2415    -2712    -3003    -3256 
   -3447    -3580    -3689    -3813    -3959    -4105    -4237    -4355 
   -4450    -4510    -4525    -4491    -4418    -4310    -4174    -4028 
   -3888    -3765    -3666    -3593    -3539    -3481    -3411    -3327 
   -3240    -3150    -3071    -3005    -2947    -2884    -2816    -2759 
   -2716    -2679    -2675    -2732    -2856    -3029    -3213    -3402 
   -3591    -3763    -3912    -4032    -4126    -4209    -4279    -4320 
   -4324    -4287    -4205    -4085    -3954    -3828    -3724    -3649 
   -3586    -3520    -3456    -3397    -3346    -3315    -3296    -3265 
   -3225    -3188    -3161    -3152    -3173    -3235    -3322    -3412 
   -3495    -3578    -3692    -3832    -3970    -4091    -4180    -4232 
   -4260    -4274    -4271    -4261    -4252    -4271    -4318    -4372 
   -4417    -4460    -4494    -4502    -4492    -4457    -4401    -4334 
   -4266    -4205    -4144    -4082    -4020    -3946    -3858    -3781 
   -3701    -3605    -3507    -3423    -3348    -3267    -3168    -3061 
   -2970    -2905    -2868    -2857    -2867    -2903    -2964    -3037 
   -3103    -3146    -3180    -3227    -3306    -3411    -3526    -3627 
   -3711    -3792    -3871    -3932    -3967    -3991    -4016    -4029 
   -4028    -4024    -4021    -4020    -4017    -3994    -3924    -3797 
   -3626    -3416    -3184    -2951    -2728    -2538    -2388    -2276 
   -2211    -2200    -2227    -2253    -2274    -2319    -2398    -2512 
   -2662    -2853    -3078    -3304    -3503    -3661    -3785    -3871 
   -3912    -3912    -3882    -3821    -3747    -3658    -3550    -3442 
   -3354    -3306    -3284    -3279    -3284    -3281    -3248    -3172 
   -3046    -2863    -2641    -2428    -2258    -2139    -2064    -2027 
   -2020    -2034    -2056    -2079    -2107    -2158    -2242    -2347 
   -2470    -2629    -2833    -3057    -3253    -3391    -3481    -3544 
   -3578    -3570    -3526    -3462    -3396    -3333    -3256    -3157 
   -3044    -2920    -2783    -2629    -2450    -2235    -1998    -1768 
   -1576    -1447    -1397    -1426    -1513    -1618    -1733    -1863 
   -1982    -2076    -2155    -2253    -2388    -2559    -2764    -2999 
   -3245    -3468    -3640    -3754    -3811    -3828    -3838    -3859 
   -3905    -3962    -3996    -3975    -3889    -3751    -3597    -3446 
   -3311    -3187    -3048    -2894    -2731    -2559    -2392    -2243 
   -2133    -2066    -2046    -2074    -2150    -2257    -2386    -2542 
   -2714    -2893    -3075    -3277    -3499    -3713    -3893    -4017 
   -4085    -4095    -4048    -3954    -3846    -3744    -3661    -3596 
   -3530    -3439    -3304    -3118    -2909    -2714    -2556    -2431 
   -2323    -2236    -2163    -2092    -2034    -1998    -1984    -2010 
   -2077    -2173    -2276    -2384    -2505    -2640    -2772    -2901 
   -3032    -3152    -3250    -3319    -3355    -3358    -3323    -3271 
   -3221    -3180    -3171    -3186    -3226    -3280    -3311    -3296 
   -3240    -3153    -3071    -3010    -2961    -2924    -2909    -2905 
   -2886    -2840    -2756    -2641    -2509    -2361    -2211    -2079 
   -1982    -1925    -1906    -1930    -1996    -2091    -2211    -2353 
   -2502    -2669    -2856    -3034    -3187    -3302    -3377    -3429 
   -3454    -3431    -3352    -3237    -3125    -3034    -2986    -2978 
   -2982    -2975    -2937    -2863    -2786    -2714    -2644    -2573 
   -2504    -2446    -2421    -2430    -2442    -2439    -2428    -2425 
   -2436    -2465    -2502    -2544    -2590    -2640    -2698    -2758 
   -2803    -2826    -2832    -2839    -2852    -2851    -2822    -2782 
   -2739    -2712    -2706    -2706    -2691    -2660    -2629    -2604 
   -2573    -2533    -2492    -2470    -2497    -2569    -2682    -2837 
   -3021    -3187    -3303    -3368    -3396    -3393    -3366    -3316 
   -3256    -3206    -3177    -3154    -3118    -3055    -2963    -2840 
   -2685    -2513    -2354    -2236    -2182    -2181    -2209    -2253 
   -2301    -2357    -2423    -2489    -2558    -2636    -2721    -2810 
   -2909    -3022    -3148    -3281    -3420    -3573    -3738    -3899 
   -4040    -4155    -4243    -4314    -4368    -4390    -4392    -4387 
   -4368    -4318    -4225    -4095    -3946    -3782    -3599    -3414 
   -3260    -3146    -3064    -2983    -2889    -2785    -2683    -2593 
   -2512    -2439    -2369    -2297    -2241    -2207    -2191    -2185 
   -2176    -2180    -2228    -2336    -2496    -2679    -2862    -3028 
   -3175    -3296    -3383    -3446    -3511    -3601    -3712    -3832 
   -3950    -4062    -4163    -4240    -4275    -4256    -4183    -4060 
   -3904    -3732    -3565    -3399    -3208    -3009    -2824    -2673 
   -2555    -2463    -2404    -2384    -2403    -2459    -2536    -2625 
   -2731    -2843    -2951    -3064    -3188    -3311    -3426    -3530 
   -3626    -3717    -3796    -3852    -3880    -3875    -3840    -3786 
   -3721    -3632    -3500    -3326    -3121    -2889    -2640    -2400 
   -2196    -2031    -1917    -1852    -1823    -1830    -1871    -1949 
   -2060    -2191    -2330    -2478    -2631    -2775    -2901    -3001 
   -3103    -3229    -3346    -3433    -3491    -3543    -3605    -3653 
   -3661    -3631    -3566    -3488    -3392    -3280    -3179    -3094 
   -3010    -2909    -2786    -2650    -2513    -2400    -2319    -2270 
   -2250    -2259    -2289    -2336    -2409    -2509    -2617    -2712 
   -2790    -2867    -2953    -3045    -3140    -3223    -3288    -3342 
   -3384    -3411    -3427    -3430    -3415    -3379    -3329    -3287 
   -3252    -3219    -3192    -3190    -3226    -3294    -3369    -3442 
   -3499    -3535    -3553    -3547    -3516    -3456    -3369    -3276 
   -3186    -3109    -3061    -3041    -3048    -3083    -3130    -3172 
   -3203    -3215    -3213    -3211    -3215    -3225    -3254    -3316 
   -3393    -3469    -3535    -3584    -3627    -3692    -3774    -3851 
   -3919    -3982    -4032    -4058    -4067    -4067    -4055    -4027 
   -3979    -3919    -3850    -3763    -3662    -3551    -3433    -3323 
   -3241    -3194    -3184    -3191    -3215    -3254    -3298    -3343 
   -3385    -3420    -3459    -3492    -3516    -3518    -3499    -3476 
   -3457    -3445    -3445    -3447    -3440    -3430    -3416    -3406 
   -3399    -3403    -3435    -3492    -3562    -3639    -3711    -3757 
   -3776    -3776    -3757    -3721    -3684    -3653    -3626    -3607 
   -3601    -3607    -3618    -3638    -3666    -3699    -3715    -3697 
   -3645    -3557    -3433    -3288    -3141    -2998    -2870    -2774 
   -2705    -2654    -2628    -2636    -2662    -2710    -2797    -2913 
   -3044    -3177    -3303    -3404    -3457    -3469    -3462    -3430 
   -3373    -3303    -3219    -3130    -3046    -2965    -2884    -2813 
   -2759    -2728    -2716    -2728    -2768    -2840    -2925    -3009 
   -3092    -3167    -3227    -3272    -3289    -3275    -3252    -3221 
   -3169    -3105    -3049    -3018    -3009    -3015    -3030    -3056 
   -3102    -3179    -3267    -3334    -3353    -3319    -3254    -3190 
   -3140    -3105    -3076    -3042    -3013    -2999    -3013    -3059 
   -3117    -3159    -3177    -3186    -3180    -3164    -3142    -3141 
   -3159    -3194    -3254    -3336    -3426    -3505    -3563    -3604 
   -3638    -3676    -3709    -3744    -3784    -3828    -3875    -3910 
   -3920    -3896    -3847    -3788    -3719    -3646    -3570    -3489 
   -3407    -3341    -3295    -3281    -3303    -3341    -3376    -3400 
   -3415    -3422    -3426    -3435    -3443    -3442    -3440    -3457 
   -3478    -3488    -3481    -3461    -3427    -3388    -3355    -3326 
   -3284    -3241    -3200    -3160    -3117    -3079    -3041    -2995 
   -2971    -2983    -3018    -3061    -3102    -3127    -3129    -3109 
   -3090    -3082    -3078    -3087    -3109    -3130    -3141    -3154 
   -3171    -3164    -3130    -3083    -3041    -3014    -3003    -2998 
   -2986    -2961    -2929    -2891    -2853    -2813    -2776    -2762 
   -2768    -2809    -2894    -3009    -3123    -3229    -3331    -3426 
   -3491    -3524    -3541    -3535    -3499    -3429    -3325    -3177 
   -3002    -2829    -2686    -2571    -2485    -2435    -2398    -2353 
   -2311    -2286    -2288    -2326    -2400    -2496    -2593    -2695 
   -2811    -2940    -3080    -3215    -3314    -3373    -3415    -3446 
   -3470    -3492    -3514    -3537    -3565    -3595    -3613    -3607 
   -3591    -3561    -3497    -3397    -3269    -3121    -2972    -2844 
   -2735    -2646    -2584    -2551    -2538    -2529    -2519    -2519 
   -2544    -2594    -2662    -2737    -2809    -2879    -2944    -2995 
   -3041    -3076    -3079    -3056    -3026    -2991    -2965    -2963 
   -2980    -3007    -3029    -3041    -3040    -3019    -2986    -2953 
   -2933    -2925    -2937    -2979    -3041    -3106    -3171    -3242 
   -3314    -3372    -3418    -3456    -3478    -3488    -3492    -3504 
   -3527    -3546    -3542    -3524    -3511    -3500    -3492    -3495 
   -3492    -3474    -3442    -3402    -3348    -3275    -3196    -3118 
   -3041    -2972    -2918    -2862    -2797    -2735    -2708    -2721 
   -2767    -2829    -2895    -2960    -3025    -3082    -3115    -3123 
   -3107    -3075    -3044    -3013    -2965    -2913    -2872    -2847 
   -2840    -2841    -2832    -2817    -2808    -2817    -2837    -2851 
   -2872    -2907    -2947    -2986    -3030    -3079    -3149    -3238 
   -3331    -3422    -3508    -3584    -3653    -3719    -3773    -3801 
   -3807    -3788    -3727    -3619    -3480    -3325    -3164    -2991 
   -2814    -2651    -2520    -2423    -2346    -2282    -2231    -2203 
   -2201    -2219    -2272    -2363    -2486    -2639    -2795    -2915 
   -2997    -3057    -3107    -3154    -3204    -3249    -3287    -3315 
   -3316    -3289    -3245    -3177    -3094    -3017    -2957    -2917 
   -2899    -2894    -2902    -2925    -2945    -2964    -2979    -2988 
   -3001    -3028    -3068    -3103    -3111    -3098    -3080    -3082 
   -3113    -3165    -3230    -3289    -3331    -3348    -3327    -3276 
   -3215    -3150    -3095    -3053    -3019    -3005    -3013    -3030 
   -3056    -3084    -3106    -3129    -3156    -3168    -3167    -3157 
   -3138    -3107    -3060    -2998    -2922    -2832    -2739    -2654 
   -2575    -2493    -2412    -2342    -2293    -2272    -2265    -2274 
   -2311    -2378    -2469    -2573    -2673    -2758    -2837    -2922 
   -3010    -3095    -3173    -3244    -3308    -3373    -3433    -3459 
