Origin Time       2016/04/16 01:25:00
Lat.              32.753
Long.             130.762
Depth. (km)       12
Mag.              7.3
Station Code      HRS001
Station Lat.      35.0337
Station Long.     132.9018
Station Height(m) 566
Record Time       2016/04/16 01:26:07
Sampling Freq(Hz) 100Hz
Duration Time(s)  106
Dir.              N-S
Scale Factor      7845(gal)/8223790
Max. Acc. (gal)   2.924
Last Correction   2016/04/16 01:26:08
Memo.             
   -3532    -3535    -3537    -3539    -3538    -3538    -3538    -3539 
   -3537    -3534    -3532    -3530    -3532    -3532    -3534    -3537 
   -3539    -3538    -3537    -3538    -3537    -3537    -3535    -3532 
   -3534    -3534    -3534    -3537    -3537    -3539    -3539    -3538 
   -3537    -3535    -3534    -3532    -3532    -3532    -3535    -3537 
   -3537    -3538    -3539    -3538    -3537    -3538    -3539    -3537 
   -3538    -3538    -3537    -3538    -3539    -3541    -3542    -3542 
   -3541    -3543    -3546    -3546    -3544    -3543    -3546    -3549 
   -3547    -3546    -3547    -3549    -3550    -3550    -3550    -3550 
   -3547    -3544    -3543    -3543    -3542    -3538    -3535    -3535 
   -3532    -3528    -3526    -3522    -3516    -3515    -3511    -3507 
   -3507    -3505    -3503    -3504    -3505    -3505    -3510    -3511 
   -3511    -3515    -3520    -3524    -3528    -3534    -3537    -3539 
   -3544    -3549    -3551    -3554    -3553    -3550    -3546    -3542 
   -3541    -3537    -3535    -3534    -3530    -3524    -3523    -3524 
   -3522    -3516    -3511    -3508    -3505    -3505    -3507    -3511 
   -3522    -3528    -3534    -3539    -3542    -3544    -3550    -3557 
   -3565    -3574    -3581    -3586    -3589    -3586    -3582    -3577 
   -3570    -3568    -3562    -3550    -3534    -3515    -3495    -3477 
   -3466    -3462    -3468    -3477    -3484    -3492    -3510    -3527 
   -3550    -3576    -3592    -3596    -3591    -3574    -3553    -3538 
   -3532    -3528    -3520    -3515    -3508    -3495    -3487    -3492 
   -3504    -3524    -3544    -3553    -3546    -3535    -3524    -3524 
   -3528    -3528    -3522    -3514    -3510    -3515    -3530    -3553 
   -3580    -3597    -3599    -3586    -3568    -3546    -3527    -3518 
   -3514    -3511    -3508    -3499    -3491    -3492    -3508    -3532 
   -3565    -3593    -3604    -3601    -3588    -3570    -3561    -3562 
   -3562    -3554    -3543    -3530    -3520    -3511    -3515    -3528 
   -3546    -3558    -3555    -3542    -3524    -3515    -3516    -3528 
   -3542    -3551    -3553    -3541    -3524    -3510    -3500    -3505 
   -3519    -3530    -3541    -3550    -3553    -3551    -3549    -3546 
   -3547    -3558    -3570    -3574    -3576    -3577    -3574    -3572 
   -3569    -3568    -3566    -3570    -3581    -3592    -3592    -3582 
   -3566    -3546    -3523    -3503    -3489    -3483    -3491    -3511 
   -3532    -3551    -3565    -3565    -3554    -3544    -3541    -3539 
   -3537    -3528    -3511    -3492    -3481    -3481    -3492    -3511 
   -3539    -3566    -3591    -3609    -3620    -3626    -3623    -3618 
   -3607    -3585    -3562    -3537    -3515    -3501    -3496    -3496 
   -3500    -3511    -3524    -3532    -3532    -3532    -3538    -3555 
   -3589    -3627    -3657    -3669    -3653    -3618    -3576    -3538 
   -3514    -3510    -3516    -3528    -3541    -3550    -3559    -3566 
   -3563    -3541    -3500    -3449    -3399    -3365    -3357    -3376 
   -3411    -3447    -3476    -3504    -3535    -3581    -3639    -3693 
   -3723    -3716    -3677    -3618    -3559    -3524    -3511    -3510 
   -3516    -3519    -3508    -3484    -3458    -3438    -3429    -3429 
   -3434    -3440    -3453    -3488    -3551    -3632    -3709    -3763 
   -3782    -3765    -3712    -3638    -3570    -3530    -3527    -3543 
   -3558    -3562    -3551    -3541    -3546    -3563    -3584    -3593 
   -3584    -3553    -3504    -3446    -3400    -3379    -3383    -3396 
   -3407    -3420    -3449    -3503    -3585    -3680    -3754    -3782 
   -3753    -3670    -3559    -3449    -3373    -3349    -3357    -3372 
   -3385    -3402    -3437    -3503    -3589    -3669    -3716    -3719 
   -3686    -3647    -3615    -3577    -3526    -3459    -3373    -3287 
   -3231    -3231    -3295    -3404    -3534    -3659    -3761    -3823 
   -3856    -3875    -3875    -3842    -3767    -3650    -3511    -3385 
   -3298    -3273    -3312    -3385    -3450    -3478    -3473    -3454 
   -3434    -3420    -3415    -3415    -3422    -3435    -3462    -3511 
   -3584    -3676    -3773    -3852    -3896    -3897    -3850    -3757 
   -3638    -3507    -3383    -3277    -3200    -3156    -3144    -3163 
   -3218    -3310    -3433    -3570    -3699    -3788    -3824    -3805 
   -3738    -3649    -3562    -3499    -3473    -3489    -3542    -3615 
   -3701    -3796    -3890    -3958    -3963    -3883    -3726    -3524 
   -3319    -3134    -2990    -2905    -2882    -2925    -3029    -3186 
   -3376    -3584    -3786    -3963    -4086    -4135    -4114    -4050 
   -3965    -3885    -3824    -3788    -3771    -3766    -3759    -3750 
   -3736    -3711    -3661    -3572    -3440    -3292    -3156    -3048 
   -2972    -2922    -2896    -2913    -2988    -3121    -3314    -3565 
   -3865    -4182    -4468    -4653    -4680    -4533    -4228    -3809 
   -3357    -2967    -2702    -2577    -2569    -2636    -2756    -2924 
   -3133    -3360    -3558    -3697    -3774    -3809    -3824    -3835 
   -3846    -3854    -3850    -3821    -3766    -3697    -3636    -3615 
   -3657    -3748    -3828    -3835    -3747    -3589    -3426    -3314 
   -3267    -3288    -3360    -3440    -3497    -3503    -3454    -3385 
   -3343    -3373    -3488    -3650    -3794    -3854    -3796    -3649 
   -3496    -3418    -3422    -3447    -3426    -3333    -3200    -3084 
   -3034    -3094    -3283    -3565    -3852    -4063    -4170    -4182 
   -4128    -4036    -3932    -3798    -3586    -3287    -2948    -2655 
   -2490    -2492    -2635    -2852    -3082    -3306    -3538    -3769 
   -3960    -4109    -4228    -4295    -4255    -4106    -3910    -3712 
   -3526    -3376    -3281    -3218    -3164    -3149    -3218    -3368 
   -3539    -3665    -3716    -3682    -3562    -3410    -3303    -3279 
   -3330    -3434    -3565    -3690    -3773    -3790    -3757    -3700 
   -3615    -3501    -3383    -3302    -3275    -3283    -3303    -3336 
   -3385    -3431    -3473    -3519    -3576    -3649    -3730    -3796 
   -3801    -3730    -3607    -3489    -3416    -3380    -3361    -3373 
   -3437    -3535    -3639    -3712    -3721    -3643    -3495    -3323 
   -3198    -3156    -3180    -3252    -3358    -3488    -3628    -3778 
   -3932    -4067    -4131    -4094    -3964    -3757    -3504    -3256 
   -3073    -2995    -3011    -3086    -3173    -3238    -3279    -3322 
   -3399    -3505    -3612    -3699    -3766    -3802    -3784    -3699 
   -3577    -3462    -3377    -3314    -3271    -3250    -3254    -3294 
   -3366    -3440    -3489    -3519    -3553    -3595    -3642    -3685 
   -3716    -3735    -3769    -3824    -3867    -3871    -3858    -3859 
   -3879    -3882    -3820    -3704    -3582    -3466    -3353    -3258 
   -3221    -3268    -3397    -3566    -3719    -3815    -3835    -3766 
   -3600    -3369    -3172    -3100    -3165    -3291    -3416    -3538 
   -3667    -3789    -3840    -3774    -3605    -3388    -3188    -3065 
   -3038    -3096    -3221    -3387    -3574    -3759    -3909    -4003 
   -4036    -3990    -3866    -3704    -3535    -3376    -3221    -3049 
   -2868    -2733    -2714    -2828    -3045    -3342    -3694    -4062 
   -4365    -4513    -4460    -4228    -3870    -3440    -3011    -2658 
   -2455    -2452    -2629    -2926    -3277    -3628    -3913    -4083 
   -4133    -4078    -3921    -3676    -3373    -3073    -2855    -2789 
   -2911    -3192    -3532    -3813    -3965    -4001    -3964    -3902 
   -3840    -3767    -3667    -3534    -3372    -3196    -3042    -2964 
   -2991    -3102    -3248    -3388    -3497    -3566    -3609    -3634 
   -3640    -3608    -3522    -3376    -3192    -3015    -2906    -2913 
   -3044    -3250    -3445    -3566    -3623    -3663    -3717    -3781 
   -3835    -3855    -3812    -3699    -3544    -3388    -3269    -3213 
   -3237    -3322    -3426    -3503    -3530    -3518    -3499    -3496 
   -3530    -3595    -3640    -3607    -3487    -3329    -3203    -3157 
   -3191    -3280    -3392    -3510    -3611    -3684    -3730    -3765 
   -3784    -3767    -3703    -3581    -3414    -3237    -3119    -3121 
   -3246    -3457    -3677    -3823    -3861    -3821    -3754    -3678 
   -3572    -3407    -3213    -3048    -2956    -2953    -3022    -3146 
   -3302    -3438    -3508    -3500    -3430    -3319    -3191    -3088 
   -3064    -3144    -3308    -3495    -3646    -3738    -3774    -3771 
   -3726    -3620    -3461    -3304    -3222    -3253    -3368    -3504 
   -3619    -3703    -3757    -3776    -3751    -3686    -3608    -3541 
   -3495    -3461    -3420    -3369    -3333    -3333    -3369    -3423 
   -3476    -3530    -3577    -3600    -3591    -3568    -3547    -3539 
   -3539    -3530    -3516    -3507    -3492    -3472    -3451    -3443 
   -3472    -3551    -3650    -3732    -3793    -3821    -3805    -3738 
   -3634    -3530    -3451    -3379    -3294    -3219    -3192    -3234 
   -3330    -3431    -3500    -3535    -3565    -3603    -3645    -3693 
   -3748    -3792    -3771    -3653    -3483    -3338    -3250    -3188 
   -3109    -3011    -2930    -2906    -2959    -3071    -3203    -3317 
   -3418    -3511    -3609    -3726    -3855    -3989    -4099    -4140 
   -4085    -3944    -3757    -3566    -3380    -3200    -3048    -2963 
   -2967    -3056    -3215    -3435    -3705    -3989    -4217    -4324 
   -4293    -4167    -3998    -3798    -3562    -3304    -3071    -2906 
   -2844    -2903    -3060    -3249    -3415    -3546    -3669    -3800 
   -3925    -3996    -3973    -3858    -3682    -3499    -3339    -3213 
   -3146    -3172    -3298    -3484    -3672    -3798    -3838    -3808 
   -3761    -3735    -3743    -3781    -3828    -3871    -3896    -3897 
   -3875    -3835    -3782    -3735    -3709    -3696    -3667    -3607 
   -3522    -3438    -3410    -3480    -3628    -3786    -3874    -3844 
   -3724    -3578    -3469    -3434    -3476    -3544    -3596    -3604 
   -3570    -3511    -3465    -3472    -3565    -3738    -3944    -4117 
   -4205    -4200    -4132    -4044    -3959    -3858    -3717    -3503 
   -3219    -2949    -2797    -2818    -3007    -3296    -3603    -3866 
   -4051    -4152    -4170    -4113    -4013    -3910    -3815    -3708 
   -3588    -3470    -3377    -3323    -3311    -3326    -3358    -3402 
   -3434    -3440    -3419    -3377    -3339    -3321    -3312    -3317 
   -3360    -3461    -3608    -3761    -3873    -3925    -3932    -3916 
   -3863    -3757    -3607    -3453    -3322    -3221    -3169    -3196 
   -3308    -3478    -3651    -3773    -3808    -3773    -3709    -3650 
   -3624    -3666    -3786    -3943    -4066    -4101    -4055    -3983 
   -3921    -3869    -3805    -3723    -3643    -3570    -3503    -3458 
   -3434    -3407    -3376    -3330    -3280    -3257    -3287    -3372 
   -3499    -3638    -3759    -3846    -3890    -3896    -3855    -3757 
   -3615    -3469    -3357    -3307    -3321    -3376    -3456    -3543 
   -3609    -3623    -3596    -3561    -3546    -3555    -3576    -3607 
   -3666    -3753    -3838    -3888    -3898    -3905    -3932    -3989 
   -4040    -4059    -4035    -3963    -3842    -3685    -3516    -3354 
   -3210    -3083    -2978    -2929    -2970    -3103    -3314    -3572 
   -3819    -4000    -4090    -4088    -4025    -3935    -3866    -3870 
   -3948    -4055    -4122    -4098    -3977    -3796    -3588    -3372 
   -3175    -3042    -3005    -3059    -3190    -3388    -3643    -3917 
   -4163    -4351    -4475    -4537    -4527    -4426    -4233    -3997 
   -3762    -3562    -3403    -3269    -3150    -3059    -3002    -2983 
   -3026    -3144    -3317    -3514    -3690    -3825    -3908    -3927 
   -3877    -3781    -3684    -3630    -3638    -3685    -3721    -3704 
   -3618    -3476    -3316    -3171    -3053    -2964    -2906    -2889 
   -2914    -2976    -3059    -3142    -3227    -3314    -3399    -3478 
   -3541    -3574    -3584    -3577    -3578    -3615    -3688    -3757 
   -3770    -3715    -3620    -3505    -3364    -3204    -3068    -2979 
   -2941    -2963    -3076    -3298    -3603    -3921    -4171    -4293 
   -4275    -4153    -3989    -3819    -3658    -3520    -3392    -3237 
   -3034    -2817    -2644    -2565    -2594    -2718    -2896    -3080 
   -3232    -3342    -3429    -3514    -3622    -3771    -3939    -4093 
   -4212    -4276    -4263    -4159    -3973    -3742    -3489    -3227 
   -2967    -2747    -2613    -2606    -2733    -2997    -3379    -3811 
   -4194    -4421    -4434    -4263    -4005    -3762    -3601    -3551 
   -3611    -3738    -3850    -3902    -3905    -3883    -3836    -3724 
   -3518    -3241    -2961    -2740    -2629    -2662    -2818    -3036 
   -3269    -3497    -3711    -3909    -4071    -4155    -4144    -4045 
   -3861    -3600    -3273    -2937    -2674    -2548    -2579    -2729 
   -2926    -3130    -3319    -3474    -3577    -3604    -3546    -3424 
   -3283    -3173    -3136    -3173    -3267    -3384    -3480    -3501 
   -3418    -3245    -3036    -2848    -2720    -2686    -2770    -2949 
   -3180    -3412    -3607    -3762    -3894    -4024    -4144    -4209 
   -4162    -3993    -3746    -3474    -3230    -3069    -3028    -3095 
   -3225    -3372    -3519    -3653    -3759    -3789    -3704    -3508 
   -3254    -3025    -2914    -2971    -3187    -3496    -3824    -4110 
   -4322    -4434    -4431    -4309    -4071    -3736    -3354    -3007 
   -2775    -2705    -2803    -3041    -3348    -3645    -3893    -4087 
   -4225    -4297    -4279    -4159    -3935    -3634    -3321    -3086 
   -3007    -3109    -3349    -3649    -3923    -4121    -4205    -4159 
   -4009    -3805    -3593    -3403    -3252    -3168    -3194    -3336 
   -3572    -3858    -4148    -4401    -4584    -4664    -4608    -4413 
   -4114    -3757    -3395    -3080    -2868    -2776    -2798    -2895 
   -3024    -3167    -3331    -3530    -3757    -3974    -4137    -4220 
   -4215    -4145    -4036    -3919    -3804    -3708    -3645    -3619 
   -3613    -3597    -3568    -3562    -3607    -3676    -3728    -3751 
   -3747    -3730    -3713    -3717    -3754    -3825    -3919    -4008 
   -4079    -4125    -4132    -4088    -4001    -3880    -3753    -3631 
   -3541    -3505    -3530    -3613    -3740    -3890    -4036    -4148 
   -4192    -4153    -4036    -3855    -3624    -3381    -3159    -2980 
   -2887    -2909    -3053    -3312    -3655    -4008    -4287    -4423 
   -4392    -4223    -3987    -3757    -3588    -3514    -3535    -3612 
   -3685    -3685    -3584    -3415    -3252    -3163    -3171    -3272 
   -3456    -3689    -3936    -4175    -4374    -4488    -4482    -4337 
   -4063    -3693    -3279    -2882    -2565    -2370    -2324    -2427 
   -2664    -2999    -3355    -3674    -3955    -4207    -4410    -4518 
   -4487    -4309    -4032    -3724    -3450    -3250    -3144    -3126 
   -3159    -3187    -3172    -3109    -3030    -2976    -2967    -3009 
   -3100    -3226    -3358    -3470    -3547    -3600    -3638    -3663 
   -3666    -3646    -3615    -3588    -3573    -3569    -3550    -3514 
   -3483    -3477    -3516    -3608    -3723    -3825    -3883    -3894 
   -3885    -3892    -3936    -4003    -4054    -4054    -3978    -3821 
   -3626    -3449    -3343    -3319    -3353    -3423    -3528    -3666 
   -3819    -3951    -4024    -4008    -3885    -3669    -3403    -3152 
   -2976    -2918    -2992    -3163    -3368    -3570    -3755    -3912 
   -4044    -4145    -4192    -4162    -4041    -3854    -3645    -3429 
   -3217    -3044    -2921    -2840    -2801    -2801    -2844    -2944 
   -3087    -3240    -3366    -3438    -3446    -3423    -3416    -3445 
   -3504    -3569    -3618    -3647    -3665    -3663    -3622    -3508 
   -3329    -3123    -2929    -2763    -2651    -2644    -2783    -3059 
   -3391    -3686    -3882    -3954    -3931    -3848    -3730    -3586 
   -3420    -3234    -3044    -2882    -2789    -2794    -2910    -3102 
   -3304    -3464    -3554    -3578    -3573    -3582    -3636    -3746 
   -3882    -4009    -4093    -4114    -4071    -3979    -3879    -3802 
   -3746    -3684    -3591    -3456    -3298    -3140    -3005    -2926 
   -2929    -3010    -3144    -3298    -3450    -3600    -3761    -3935 
   -4102    -4217    -4233    -4131    -3924    -3673    -3449    -3298 
   -3242    -3287    -3416    -3597    -3802    -4012    -4197    -4311 
   -4305    -4166    -3944    -3715    -3534    -3450    -3473    -3569 
   -3689    -3790    -3851    -3889    -3943    -4033    -4133    -4175 
   -4110    -3929    -3669    -3384    -3141    -2997    -2971    -3028 
   -3109    -3183    -3264    -3365    -3473    -3553    -3562    -3483 
   -3336    -3179    -3071    -3065    -3168    -3357    -3608    -3877 
   -4104    -4243    -4283    -4223    -4079    -3865    -3603    -3343 
   -3153    -3090    -3180    -3393    -3649    -3867    -4005    -4055 
   -4055    -4035    -3996    -3935    -3847    -3719    -3546    -3333 
   -3109    -2914    -2789    -2766    -2872    -3094    -3375    -3636 
   -3812    -3880    -3856    -3775    -3666    -3543    -3412    -3284 
   -3165    -3057    -2972    -2922    -2917    -2957    -3041    -3171 
   -3343    -3537    -3719    -3865    -3951    -3969    -3924    -3842 
   -3754    -3685    -3643    -3611    -3565    -3495    -3416    -3379 
   -3426    -3585    -3844    -4149    -4418    -4571    -4567    -4413 
   -4152    -3832    -3496    -3180    -2941    -2820    -2817    -2896 
   -3022    -3169    -3323    -3469    -3585    -3663    -3705    -3707 
   -3659    -3563    -3435    -3304    -3210    -3159    -3140    -3150 
   -3206    -3317    -3462    -3589    -3662    -3680    -3650    -3580 
   -3488    -3403    -3352    -3349    -3376    -3418    -3487    -3593 
   -3719    -3827    -3865    -3792    -3607    -3339    -3042    -2776 
   -2590    -2517    -2560    -2691    -2882    -3111    -3336    -3510 
   -3612    -3663    -3696    -3717    -3709    -3659    -3568    -3427 
   -3252    -3069    -2918    -2856    -2924    -3092    -3277    -3404 
   -3443    -3399    -3287    -3134    -2979    -2866    -2826    -2863 
   -2979    -3191    -3485    -3807    -4078    -4232    -4225    -4062 
   -3775    -3429    -3095    -2856    -2749    -2749    -2803    -2889 
   -3014    -3186    -3377    -3541    -3632    -3640    -3555    -3383 
   -3169    -2988    -2911    -2967    -3122    -3316    -3503    -3659 
   -3780    -3838    -3815    -3716    -3553    -3327    -3059    -2775 
   -2539    -2430    -2497    -2732    -3090    -3510    -3919    -4252 
   -4477    -4584    -4560    -4405    -4132    -3771    -3365    -2971 
   -2654    -2450    -2373    -2420    -2574    -2798    -3046    -3284 
   -3484    -3639    -3743    -3809    -3861    -3921    -3990    -4058 
   -4097    -4074    -3987    -3848    -3682    -3523    -3388    -3284 
   -3210    -3157    -3123    -3117    -3146    -3222    -3346    -3508 
   -3689    -3861    -3994    -4074    -4085    -4001    -3820    -3574 
   -3303    -3046    -2851    -2747    -2737    -2803    -2907    -3024 
   -3152    -3283    -3391    -3449    -3435    -3348    -3208    -3059 
   -2941    -2899    -2960    -3129    -3391    -3690    -3964    -4171 
   -4288    -4311    -4258    -4151    -4006    -3834    -3640    -3435 
   -3242    -3092    -3007    -2978    -2982    -3010    -3068    -3171 
   -3325    -3523    -3747    -3963    -4152    -4320    -4464    -4573 
   -4625    -4596    -4477    -4274    -4008    -3704    -3400    -3129 
   -2918    -2798    -2801    -2932    -3164    -3461    -3773    -4055 
   -4268    -4379    -4364    -4228    -4001    -3727    -3434    -3140 
   -2862    -2614    -2419    -2307    -2308    -2424    -2629    -2875 
   -3096    -3262    -3384    -3491    -3597    -3699    -3789    -3852 
   -3861    -3809    -3703    -3573    -3461    -3400    -3402    -3440 
   -3472    -3468    -3426    -3355    -3291    -3271    -3326    -3450 
   -3604    -3738    -3813    -3828    -3817    -3811    -3824    -3844 
   -3846    -3811    -3738    -3638    -3535    -3476    -3488    -3562 
   -3646    -3678    -3639    -3547    -3423    -3280    -3126    -2976 
   -2863    -2821    -2868    -3003    -3210    -3451    -3694    -3893 
   -4003    -4020    -3965    -3883    -3808    -3738    -3665    -3585 
   -3504    -3426    -3357    -3311    -3304    -3352    -3453    -3601 
   -3773    -3937    -4071    -4159    -4195    -4166    -4068    -3943 
   -3825    -3736    -3667    -3599    -3530    -3477    -3446    -3424 
   -3397    -3365    -3336    -3329    -3350    -3412    -3510    -3640 
   -3794    -3944    -4055    -4117    -4140    -4135    -4085    -3973 
   -3801    -3592    -3383    -3198    -3052    -2972    -2998    -3127 
   -3327    -3554    -3762    -3915    -4008    -4055    -4052    -3987 
   -3871    -3732    -3603    -3516    -3477    -3477    -3511    -3563 
   -3603    -3609    -3586    -3563    -3557    -3569    -3597    -3631 
   -3655    -3669    -3680    -3711    -3771    -3848    -3912    -3936 
   -3899    -3797    -3653    -3507    -3395    -3338    -3345    -3407 
   -3492    -3573    -3634    -3676    -3700    -3693    -3640    -3550 
   -3437    -3319    -3217    -3156    -3161    -3235    -3361    -3501 
   -3619    -3693    -3712    -3672    -3592    -3499    -3404    -3321 
   -3265    -3254    -3294    -3365    -3453    -3543    -3613    -3640 
   -3615    -3544    -3442    -3331    -3237    -3194    -3234    -3352 
   -3519    -3701    -3863    -3978    -4023    -3987    -3885    -3743 
   -3601    -3480    -3387    -3331    -3323    -3361    -3450    -3588 
   -3744    -3888    -3994    -4050    -4044    -3983    -3896    -3817 
   -3776    -3774    -3790    -3813    -3827    -3816    -3784    -3735 
   -3666    -3576    -3461    -3327    -3188    -3059    -2956    -2899 
   -2899    -2960    -3079    -3232    -3388    -3510    -3578    -3597 
   -3573    -3523    -3464    -3420    -3404    -3414    -3442    -3477 
   -3501    -3519    -3535    -3554    -3573    -3596    -3627    -3658 
   -3676    -3688    -3708    -3727    -3747    -3766    -3761    -3724 
   -3661    -3570    -3468    -3375    -3307    -3284    -3314    -3391 
   -3503    -3639    -3784    -3913    -4005    -4039    -4006    -3916 
   -3789    -3647    -3505    -3379    -3292    -3265    -3312    -3431 
   -3597    -3771    -3909    -3986    -3997    -3954    -3882    -3800 
   -3709    -3618    -3537    -3480    -3459    -3487    -3561    -3667 
   -3771    -3827    -3819    -3763    -3694    -3638    -3609    -3608 
   -3615    -3627    -3640    -3655    -3670    -3672    -3651    -3603 
   -3516    -3391    -3246    -3100    -2976    -2902    -2879    -2889 
   -2933    -3033    -3192    -3393    -3612    -3812    -3965    -4052 
   -4059    -3981    -3835    -3662    -3511    -3397    -3316    -3268 
   -3245    -3240    -3244    -3249    -3258    -3298    -3375    -3465 
   -3542    -3586    -3601    -3595    -3578    -3568    -3577    -3613 
   -3662    -3689    -3669    -3608    -3522    -3427    -3339    -3271 
   -3244    -3265    -3326    -3415    -3537    -3704    -3906    -4098 
   -4247    -4337    -4372    -4357    -4288    -4170    -4016    -3835 
   -3631    -3422    -3238    -3117    -3092    -3161    -3288    -3433 
   -3576    -3708    -3827    -3921    -3979    -3993    -3956    -3856 
   -3692    -3483    -3281    -3136    -3075    -3102    -3194    -3311 
   -3430    -3530    -3612    -3689    -3771    -3836    -3856    -3809 
   -3696    -3546    -3388    -3246    -3126    -3033    -2972    -2959 
   -3009    -3123    -3289    -3491    -3704    -3892    -4012    -4035 
   -3963    -3834    -3688    -3562    -3492    -3491    -3537    -3600 
   -3653    -3674    -3665    -3643    -3632    -3638    -3651    -3665 
   -3681    -3716    -3774    -3848    -3920    -3967    -3974    -3929 
   -3821    -3646    -3420    -3184    -2975    -2813    -2704    -2650 
   -2669    -2779    -2971    -3219    -3483    -3711    -3870    -3935 
   -3893    -3755    -3558    -3331    -3098    -2879    -2698    -2584 
   -2562    -2641    -2816    -3049    -3284    -3473    -3574    -3573 
   -3491    -3369    -3244    -3137    -3063    -3026    -3034    -3094 
   -3196    -3319    -3427    -3495    -3516    -3510    -3499    -3501 
   -3526    -3572    -3624    -3650    -3623    -3543    -3435    -3338 
   -3281    -3262    -3258    -3264    -3284    -3331    -3412    -3541 
   -3713    -3902    -4063    -4153    -4149    -4063    -3924    -3763 
   -3600    -3440    -3281    -3138    -3044    -3014    -3051    -3137 
   -3244    -3348    -3435    -3503    -3547    -3582    -3613    -3638 
   -3651    -3653    -3634    -3595    -3539    -3484    -3440    -3410 
   -3375    -3322    -3258    -3200    -3161    -3167    -3232    -3354 
   -3514    -3676    -3817    -3940    -4032    -4069    -4039    -3951 
   -3834    -3713    -3603    -3508    -3437    -3407    -3438    -3532 
   -3674    -3827    -3955    -4036    -4060    -4024    -3931    -3784 
   -3591    -3391    -3235    -3167    -3184    -3268    -3388    -3535 
   -3694    -3851    -3989    -4077    -4101    -4067    -3981    -3848 
   -3692    -3553    -3466    -3440    -3459    -3510    -3573    -3643 
   -3711    -3765    -3809    -3846    -3880    -3898    -3878    -3809 
   -3697    -3577    -3484    -3431    -3412    -3415    -3412    -3392 
   -3369    -3362    -3372    -3392    -3418    -3451    -3504    -3568 
   -3611    -3615    -3589    -3551    -3507    -3446    -3385    -3364 
   -3397    -3477    -3578    -3690    -3801    -3889    -3937    -3940 
   -3912    -3869    -3805    -3694    -3530    -3338    -3160    -3045 
   -3019    -3075    -3194    -3368    -3559    -3721    -3812    -3821 
   -3778    -3717    -3653    -3577    -3497    -3424    -3375    -3353 
   -3369    -3420    -3481    -3518    -3503    -3415    -3267    -3095 
   -2934    -2795    -2691    -2639    -2651    -2729    -2863    -3045 
   -3265    -3511    -3759    -3962    -4071    -4054    -3913    -3685 
   -3434    -3208    -3034    -2932    -2902    -2947    -3064    -3237 
   -3439    -3642    -3808    -3913    -3964    -3981    -3974    -3950 
   -3915    -3863    -3797    -3723    -3653    -3592    -3538    -3495 
   -3459    -3424    -3375    -3296    -3203    -3117    -3052    -3021 
   -3037    -3107    -3218    -3355    -3497    -3627    -3736    -3825 
   -3889    -3919    -3904    -3842    -3746    -3636    -3539    -3474 
   -3462    -3504    -3570    -3632    -3658    -3651    -3639    -3642 
   -3663    -3709    -3771    -3823    -3831    -3801    -3761    -3734 
   -3732    -3751    -3771    -3770    -3724    -3630    -3508    -3384 
   -3277    -3187    -3100    -3021    -2967    -2970    -3036    -3156 
   -3296    -3416    -3496    -3534    -3561    -3623    -3736    -3866 
   -3955    -3958    -3877    -3754    -3615    -3492    -3410    -3375 
   -3369    -3369    -3352    -3307    -3250    -3215    -3232    -3302 
   -3410    -3538    -3672    -3805    -3942    -4074    -4182    -4214 
   -4139    -3964    -3723    -3454    -3221    -3063    -2992    -2994 
   -3042    -3130    -3260    -3416    -3582    -3736    -3859    -3944 
   -3996    -4017    -4039    -4074    -4114    -4122    -4074    -3948 
   -3747    -3500    -3257    -3049    -2891    -2791    -2756    -2801 
   -2933    -3138    -3369    -3589    -3774    -3909    -3998    -4047 
   -4059    -4036    -3987    -3908    -3794    -3639    -3457    -3276 
   -3127    -3044    -3046    -3136    -3283    -3442    -3591    -3730 
   -3859    -3951    -3975    -3923    -3815    -3673    -3520    -3375 
   -3245    -3142    -3087    -3094    -3167    -3304    -3503    -3734 
   -3956    -4125    -4199    -4162    -4027    -3825    -3585    -3334 
   -3117    -2971    -2913    -2947    -3064    -3240    -3429    -3595 
   -3716    -3792    -3828    -3847    -3848    -3840    -3834    -3821 
   -3801    -3765    -3701    -3634    -3585    -3569    -3582    -3605 
   -3622    -3620    -3597    -3573    -3581    -3653    -3794    -3958 
   -4095    -4180    -4203    -4152    -4025    -3834    -3601    -3369 
   -3173    -3038    -2976    -2984    -3059    -3198    -3392    -3619 
   -3838    -3998    -4074    -4082    -4031    -3936    -3815    -3678 
   -3539    -3420    -3335    -3298    -3314    -3377    -3464    -3562 
   -3673    -3786    -3894    -3978    -4003    -3958    -3851    -3689 
   -3500    -3331    -3206    -3107    -3026    -2963    -2915    -2876 
   -2836    -2790    -2754    -2745    -2778    -2847    -2955    -3109 
   -3299    -3495    -3653    -3738    -3748    -3716    -3678    -3647 
   -3608    -3539    -3438    -3314    -3191    -3107    -3092    -3156 
   -3276    -3407    -3519    -3599    -3640    -3653    -3658    -3678 
   -3712    -3734    -3724    -3674    -3595    -3503    -3418    -3360 
   -3325    -3299    -3288    -3295    -3317    -3366    -3453    -3569 
   -3693    -3797    -3856    -3874    -3858    -3801    -3701    -3569 
   -3434    -3321    -3225    -3142    -3096    -3113    -3215    -3393 
   -3608    -3820    -3997    -4113    -4153    -4110    -3997    -3839 
   -3646    -3434    -3234    -3087    -3030    -3069    -3173    -3298 
   -3411    -3500    -3562    -3599    -3619    -3639    -3685    -3765 
   -3851    -3912    -3937    -3927    -3878    -3800    -3699    -3577 
   -3440    -3302    -3194    -3154    -3196    -3299    -3437    -3609 
   -3817    -4040    -4243    -4387    -4440    -4390    -4243    -4017 
   -3743    -3470    -3268    -3179    -3192    -3256    -3322    -3380 
   -3440    -3511    -3597    -3686    -3769    -3838    -3885    -3883 
   -3823    -3719    -3605    -3505    -3435    -3399    -3403    -3459 
   -3558    -3670    -3769    -3828    -3839    -3813    -3780    -3754 
   -3753    -3789    -3869    -3982    -4109    -4214    -4266    -4233 
   -4097    -3858    -3565    -3284    -3088    -3018    -3063    -3180 
   -3348    -3546    -3754    -3931    -4020    -4002    -3898    -3732 
   -3526    -3319    -3149    -3059    -3071    -3175    -3330    -3492 
   -3615    -3670    -3657    -3613    -3581    -3572    -3572    -3555 
   -3504    -3433    -3369    -3326    -3315    -3343    -3402    -3472 
   -3530    -3554    -3550    -3534    -3507    -3476    -3451    -3456 
   -3503    -3593    -3715    -3848    -3974    -4071    -4129    -4118 
   -4013    -3821    -3582    -3350    -3176    -3078    -3052    -3084 
   -3154    -3240    -3327    -3430    -3563    -3734    -3901    -4010 
   -4029    -3958    -3805    -3605    -3407    -3248    -3149    -3109 
   -3090    -3059    -3007    -2956    -2911    -2895    -2941    -3063 
   -3237    -3415    -3553    -3634    -3663    -3659    -3640    -3613 
   -3578    -3535    -3496    -3468    -3445    -3415    -3365    -3281 
   -3176    -3071    -2990    -2956    -2988    -3096    -3271    -3474 
   -3659    -3789    -3838    -3812    -3746    -3670    -3603    -3546 
   -3484    -3412    -3339    -3287    -3273    -3304    -3368    -3430 
   -3447    -3406    -3316    -3213    -3138    -3123    -3172    -3257 
   -3346    -3430    -3507    -3570    -3607    -3593    -3535    -3461 
   -3369    -3242    -3105    -2991    -2928    -2925    -2982    -3067 
   -3169    -3291    -3420    -3550    -3653    -3703    -3719    -3743 
   -3778    -3809    -3834    -3861    -3883    -3889    -3859    -3788 
   -3685    -3565    -3434    -3314    -3226    -3184    -3190    -3230 
   -3284    -3353    -3435    -3514    -3576    -3618    -3632    -3622 
   -3604    -3601    -3615    -3636    -3651    -3647    -3619    -3576 
   -3527    -3488    -3469    -3457    -3435    -3400    -3360    -3331 
   -3334    -3369    -3422    -3457    -3466    -3457    -3433    -3396 
   -3362    -3346    -3349    -3362    -3373    -3384    -3411    -3481 
   -3595    -3726    -3838    -3902    -3913    -3885    -3836    -3785 
   -3731    -3680    -3636    -3589    -3527    -3464    -3429    -3443 
   -3511    -3604    -3677    -3685    -3615    -3484    -3329    -3187 
   -3079    -3015    -2995    -3013    -3069    -3180    -3352    -3565 
   -3774    -3935    -4023    -4028    -3958    -3835    -3678    -3511 
   -3365    -3253    -3186    -3157    -3165    -3207    -3284    -3391 
   -3488    -3544    -3543    -3507    -3476    -3481    -3516    -3551 
   -3566    -3572    -3577    -3581    -3581    -3569    -3539    -3485 
   -3410    -3327    -3258    -3229    -3258    -3342    -3453    -3555 
   -3646    -3740    -3846    -3959    -4052    -4093    -4079    -4016 
   -3901    -3754    -3601    -3472    -3381    -3336    -3339    -3392 
   -3492    -3628    -3769    -3879    -3935    -3932    -3892    -3838 
   -3784    -3727    -3659    -3580    -3492    -3415    -3362    -3353 
   -3406    -3511    -3630    -3711    -3719    -3639    -3487    -3312 
   -3161    -3051    -2984    -2979    -3053    -3194    -3369    -3539 
   -3672    -3759    -3815    -3835    -3824    -3794    -3761    -3732 
   -3705    -3661    -3597    -3534    -3489    -3465    -3445    -3411 
   -3364    -3323    -3307    -3329    -3400    -3510    -3632    -3748 
   -3832    -3878    -3890    -3877    -3865    -3867    -3865    -3839 
   -3792    -3726    -3659    -3615    -3591    -3572    -3553    -3524 
   -3483    -3433    -3387    -3361    -3364    -3392    -3442    -3514 
   -3615    -3738    -3865    -3967    -4031    -4033    -3962    -3808 
   -3582    -3326    -3087    -2921    -2862    -2915    -3068    -3287 
   -3530    -3778    -3996    -4143    -4197    -4159    -4058    -3931 
   -3811    -3699    -3604    -3542    -3539    -3599    -3690    -3770 
   -3807    -3796    -3757    -3707    -3653    -3608    -3589    -3592 
   -3593    -3573    -3530    -3477    -3420    -3369    -3319    -3281 
   -3267    -3267    -3268    -3284    -3330    -3406    -3492    -3578 
   -3640    -3658    -3608    -3492    -3327    -3145    -2979    -2856 
   -2802    -2830    -2920    -3034    -3150    -3261    -3360    -3426 
   -3449    -3434    -3407    -3403    -3426    -3454    -3473    -3481 
   -3476    -3442    -3376    -3291    -3218    -3180    -3172    -3169 
   -3157    -3130    -3111    -3132    -3207    -3341    -3508    -3659 
   -3781    -3871    -3925    -3943    -3920    -3848    -3723    -3569 
   -3435    -3364    -3380    -3477    -3632    -3807    -3963    -4068 
   -4106    -4077    -3989    -3874    -3759    -3669    -3611    -3592 
   -3615    -3678    -3761    -3819    -3827    -3797    -3750    -3693 
   -3632    -3565    -3481    -3369    -3241    -3126    -3067    -3079 
   -3146    -3231    -3296    -3321    -3299    -3248    -3196    -3152 
   -3107    -3059    -3005    -2945    -2884    -2832    -2808    -2840 
   -2917    -3001    -3064    -3094    -3095    -3075    -3046    -3029 
   -3048    -3121    -3257    -3453    -3693    -3964    -4238    -4471 
   -4603    -4611    -4509    -4342    -4143    -3931    -3753    -3666 
   -3700    -3856    -4085    -4303    -4452    -4506    -4455    -4306 
   -4099    -3875    -3667    -3485    -3333    -3213    -3150    -3165 
   -3254    -3383    -3505    -3584    -3591    -3511    -3346    -3127 
   -2914    -2767    -2721    -2778    -2922    -3132    -3375    -3609 
   -3790    -3885    -3885    -3789    -3600    -3348    -3071    -2816 
   -2616    -2506    -2515    -2654    -2899    -3203    -3501    -3735 
   -3873    -3909    -3846    -3712    -3559    -3434    -3369    -3387 
   -3483    -3627    -3784    -3919    -4010    -4047    -4031    -3969 
   -3861    -3719    -3558    -3404    -3292    -3249    -3292    -3426 
   -3603    -3753    -3820    -3771    -3636    -3465    -3298    -3148 
   -3032    -2955    -2911    -2899    -2926    -2978    -3030    -3073 
   -3100    -3115    -3138    -3187    -3254    -3330    -3410    -3496 
   -3582    -3674    -3781    -3899    -4025    -4128    -4159    -4090 
   -3935    -3736    -3541    -3388    -3299    -3268    -3267    -3269 
   -3273    -3302    -3377    -3516    -3703    -3886    -4002    -4005 
   -3906    -3763    -3638    -3569    -3574    -3630    -3693    -3732 
   -3731    -3690    -3634    -3597    -3599    -3638    -3696    -3751 
   -3793    -3813    -3809    -3797    -3789    -3773    -3723    -3618 
   -3447    -3219    -2960    -2702    -2478    -2307    -2196    -2155 
   -2208    -2367    -2609    -2889    -3160    -3393    -3573    -3693 
   -3742    -3707    -3597    -3439    -3275    -3146    -3076    -3068 
   -3111    -3191    -3303    -3438    -3570    -3672    -3742    -3804 
   -3875    -3964    -4055    -4125    -4144    -4101    -4017    -3920 
   -3825    -3738    -3658    -3593    -3562    -3558    -3565    -3573 
   -3585    -3611    -3655    -3713    -3773    -3817    -3835    -3812 
   -3730    -3581    -3383    -3168    -2979    -2844    -2778    -2786 
   -2866    -3003    -3164    -3307    -3400    -3434    -3430    -3412 
   -3388    -3364    -3339    -3308    -3269    -3232    -3219    -3254 
   -3342    -3465    -3601    -3727    -3809    -3823    -3778    -3701 
   -3624    -3578    -3585    -3632    -3684    -3705    -3693    -3669 
   -3647    -3619    -3578    -3527    -3468    -3412    -3381    -3391 
   -3446    -3543    -3662    -3766    -3821    -3820    -3769    -3667 
   -3514    -3322    -3117    -2932    -2797    -2717    -2679    -2685 
   -2724    -2795    -2910    -3060    -3221    -3375    -3511    -3615 
   -3662    -3627    -3501    -3315    -3107    -2915    -2771    -2701 
   -2721    -2836    -3013    -3196    -3339    -3412    -3424    -3396 
   -3350    -3312    -3306    -3339    -3407    -3483    -3553    -3623 
   -3693    -3761    -3824    -3882    -3944    -4005    -4058    -4099 
   -4120    -4112    -4081    -4036    -3998    -3977    -3986    -4013 
   -4036    -4041    -4013    -3917    -3746    -3515    -3264    -3041 
   -2882    -2790    -2758    -2783    -2886    -3075    -3316    -3544 
   -3700    -3751    -3694    -3543    -3333    -3126    -2983    -2934 
   -2979    -3090    -3232    -3384    -3514    -3611    -3690    -3761 
   -3820    -3842    -3820    -3757    -3682    -3622    -3600    -3626 
   -3703    -3819    -3946    -4052    -4117    -4126    -4086    -4016 
   -3948    -3910    -3916    -3950    -3984    -4002    -4000    -3974 
   -3931    -3871    -3802    -3736    -3674    -3626    -3603    -3609 
   -3640    -3688    -3731    -3753    -3742    -3689    -3612    -3535 
   -3466    -3410    -3362    -3310    -3234    -3138    -3046    -2994 
   -2988    -3015    -3049    -3068    -3063    -3028    -2967    -2906 
   -2866    -2856    -2882    -2955    -3079    -3241    -3418    -3588 
   -3721    -3786    -3780    -3715    -3622    -3535    -3483    -3457 
   -3446    -3447    -3468    -3523    -3615    -3716    -3796    -3842 
   -3855    -3840    -3793    -3715    -3609    -3497    -3420    -3404 
   -3446    -3510    -3566    -3611    -3640    -3647    -3619    -3544 
   -3427    -3273    -3096    -2925    -2794    -2729    -2755    -2882 
   -3079    -3303    -3508    -3659    -3743    -3771    -3759    -3726 
   -3680    -3611    -3497    -3336    -3146    -2960    -2820    -2756 
   -2772    -2848    -2957    -3086    -3221    -3352    -3468    -3559 
   -3626    -3661    -3665    -3636    -3581    -3508    -3434    -3375 
   -3339    -3346    -3404    -3491    -3574    -3639    -3680    -3697 
   -3703    -3701    -3693    -3667    -3601    -3488    -3346    -3211 
   -3115    -3078    -3094    -3138    -3184    -3207    -3204    -3206 
   -3229    -3269    -3317    -3364    -3391    -3392    -3369    -3338 
   -3327    -3345    -3383    -3424    -3470    -3530    -3613    -3716 
   -3827    -3939    -4051    -4162    -4260    -4344    -4406    -4441 
   -4456    -4442    -4371    -4248    -4105    -3967    -3836    -3709 
   -3599    -3542    -3574    -3708    -3916    -4155    -4392    -4610 
   -4795    -4935    -4997    -4951    -4800    -4561    -4256    -3929 
   -3632    -3431    -3366    -3418    -3543    -3716    -3920    -4120 
   -4286    -4405    -4475    -4506    -4513    -4504    -4491    -4480 
   -4484    -4502    -4518    -4495    -4406    -4263    -4109    -3984 
   -3899    -3838    -3781    -3719    -3665    -3639    -3658    -3724 
   -3821    -3917    -3994    -4048    -4078    -4091    -4094    -4088 
   -4064    -4012    -3924    -3817    -3727    -3685    -3713    -3817 
   -3967    -4109    -4205    -4251    -4248    -4215    -4168    -4124 
   -4088    -4054    -4005    -3948    -3898    -3873    -3888    -3946 
   -4043    -4159    -4271    -4364    -4437    -4494    -4531    -4530 
   -4473    -4355    -4185    -3996    -3836    -3748    -3744    -3815 
   -3928    -4040    -4107    -4106    -4040    -3932    -3802    -3649 
   -3465    -3253    -3029    -2820    -2651    -2556    -2555    -2643 
   -2797    -2967    -3099    -3167    -3173    -3149    -3134    -3146 
   -3177    -3207    -3223    -3230    -3235    -3242    -3246    -3242 
   -3221    -3163    -3059    -2929    -2826    -2792    -2825    -2896 
   -2975    -3038    -3073    -3082    -3067    -3046    -3044    -3063 
   -3064    -3011    -2903    -2768    -2651    -2594    -2620    -2713 
   -2851    -3025    -3225    -3438    -3662    -3878    -4062    -4185 
   -4222    -4170    -4044    -3877    -3694    -3516    -3355    -3219 
   -3113    -3025    -2952    -2903    -2893    -2921    -2976    -3030 
   -3048    -3002    -2889    -2727    -2529    -2319    -2123    -1969 
   -1898    -1935    -2076    -2299    -2575    -2875    -3175    -3468 
   -3740    -3979    -4183    -4341    -4433    -4449    -4419    -4392 
   -4386    -4378    -4365    -4344    -4306    -4248    -4149    -4009 
   -3842    -3659    -3470    -3284    -3115    -2980    -2907    -2913 
   -2988    -3119    -3281    -3434    -3532    -3566    -3549    -3492 
   -3400    -3253    -3037    -2771    -2504    -2299    -2208    -2251 
   -2423    -2693    -3003    -3300    -3547    -3724    -3828    -3851 
   -3778    -3612    -3372    -3090    -2802    -2533    -2323    -2208 
   -2196    -2277    -2427    -2624    -2844    -3064    -3262    -3418 
   -3519    -3559    -3554    -3528    -3497    -3474    -3461    -3454 
   -3449    -3440    -3424    -3402    -3362    -3296    -3199    -3073 
   -2932    -2794    -2683    -2612    -2589    -2610    -2662    -2732 
   -2808    -2875    -2933    -2970    -2967    -2934    -2882    -2849 
   -2875    -2972    -3137    -3354    -3589    -3804    -3986    -4147 
   -4302    -4456    -4592    -4695    -4761    -4788    -4769    -4707 
   -4615    -4502    -4386    -4283    -4215    -4192    -4213    -4270 
   -4352    -4442    -4517    -4553    -4540    -4472    -4355    -4200 
   -4024    -3840    -3669    -3532    -3438    -3375    -3335    -3315 
   -3321    -3375    -3487    -3642    -3835    -4055    -4284    -4506 
   -4720    -4923    -5097    -5232    -5321    -5358    -5324    -5194 
   -4974    -4703    -4442    -4256    -4175    -4183    -4253    -4342 
   -4411    -4448    -4457    -4455    -4468    -4517    -4602    -4704 
   -4784    -4799    -4727    -4583    -4391    -4174    -3954    -3743 
   -3550    -3379    -3222    -3083    -2979    -2933    -2972    -3117 
   -3373    -3708    -4045    -4301    -4402    -4327    -4101    -3766 
   -3375    -2970    -2597    -2307    -2139    -2128    -2295    -2635 
   -3115    -3680    -4240    -4703    -5004    -5135    -5123    -4994 
   -4774    -4488    -4163    -3828    -3530    -3329    -3267    -3348 
   -3526    -3732    -3928    -4106    -4256    -4363    -4417    -4393 
   -4271    -4036    -3700    -3314    -2945    -2648    -2455    -2377 
   -2397    -2475    -2569    -2658    -2735    -2809    -2886    -2956 
   -3002    -3018    -3005    -2961    -2894    -2805    -2709    -2636 
   -2608    -2616    -2639    -2650    -2628    -2573    -2490    -2405 
   -2358    -2390    -2516    -2717    -2951    -3172    -3335    -3397 
   -3316    -3076    -2724    -2334    -1956    -1606    -1304    -1092 
   -1024    -1135    -1397    -1753    -2151    -2555    -2930    -3238 
   -3435    -3491    -3415    -3253    -3053    -2856    -2694    -2592 
   -2570    -2624    -2720    -2814    -2870    -2863    -2806    -2733 
   -2675    -2643    -2635    -2636    -2636    -2639    -2647    -2671 
   -2705    -2727    -2731    -2739    -2759    -2792    -2847    -2917 
   -2997    -3094    -3226    -3407    -3647    -3923    -4183    -4369 
   -4445    -4414    -4310    -4180    -4078    -4047    -4125    -4309 
   -4554    -4806    -5042    -5267    -5490    -5699    -5867    -5973 
   -6004    -5953    -5822    -5628    -5418    -5254    -5152    -5084 
   -5005    -4895    -4756    -4611    -4487    -4405    -4406    -4535 
   -4808    -5192    -5602    -5972    -6265    -6465    -6574    -6601 
   -6544    -6411    -6219    -5988    -5753    -5551    -5410    -5366 
   -5435    -5579    -5734    -5841    -5872    -5846    -5792    -5725 
   -5647    -5560    -5459    -5335    -5192    -5050    -4949    -4915 
   -4947    -5019    -5093    -5142    -5148    -5112    -5051    -4988 
   -4938    -4912    -4901    -4888    -4837    -4716    -4518    -4263 
   -3987    -3724    -3507    -3360    -3279    -3237    -3199    -3150 
   -3096    -3048    -3024    -3032    -3059    -3083    -3060    -2952 
   -2764    -2535    -2317    -2157    -2065    -2029    -2025    -2039 
   -2069    -2101    -2123    -2120    -2087    -2027    -1977    -1975 
   -2043    -2187    -2381    -2600    -2818    -3015    -3176    -3302 
   -3388    -3426    -3407    -3357    -3315    -3323    -3415    -3613 
   -3917    -4270    -4583    -4776    -4803    -4660    -4375    -4006 
   -3634    -3323    -3113    -3022    -3068    -3242    -3519    -3858 
   -4209    -4530    -4801    -5017    -5174    -5256    -5259    -5200 
   -5107    -5008    -4938    -4923    -4977    -5076    -5179    -5247 
   -5251    -5197    -5112    -5019    -4926    -4841    -4788    -4785 
   -4843    -4955    -5092    -5208    -5267    -5251    -5142    -4945 
   -4687    -4410    -4149    -3917    -3719    -3573    -3485    -3465 
   -3510    -3627    -3838    -4140    -4491    -4806    -5015    -5090 
   -5047    -4915    -4739    -4553    -4375    -4213    -4069    -3925 
   -3776    -3661    -3605    -3619    -3688    -3762    -3786    -3728 
   -3593    -3410    -3229    -3079    -2960    -2856    -2754    -2648 
   -2546    -2461    -2416    -2413    -2432    -2452    -2478    -2517 
   -2586    -2686    -2802    -2911    -2991    -3042    -3080    -3117 
   -3154    -3163    -3099    -2948    -2721    -2455    -2212    -2062 
   -2046    -2165    -2390    -2686    -3010    -3329    -3613    -3824 
   -3923    -3886    -3709    -3422    -3092    -2794    -2593    -2515 
   -2538    -2620    -2716    -2797    -2878    -2986    -3138    -3319 
   -3505    -3676    -3798    -3861    -3896    -3950    -4050    -4189 
   -4332    -4452    -4541    -4594    -4595    -4538    -4425    -4291 
   -4178    -4131    -4170    -4283    -4433    -4585    -4720    -4831 
   -4923    -5011    -5074    -5078    -4992    -4808    -4550    -4266 
   -4006    -3808    -3685    -3636    -3634    -3639    -3626    -3597 
   -3584    -3613    -3686    -3775    -3842    -3875    -3879    -3873 
   -3877    -3898    -3927    -3943    -3939    -3901    -3846    -3809 
   -3815    -3866    -3955    -4058    -4170    -4293    -4418    -4542 
   -4676    -4827    -4999    -5169    -5300    -5352    -5314    -5182 
   -4978    -4748    -4534    -4359    -4247    -4220    -4287    -4442 
   -4653    -4864    -5027    -5111    -5104    -4994    -4781    -4494 
   -4195    -3963    -3831    -3775    -3757    -3747    -3762    -3828 
   -3929    -4025    -4078    -4066    -3982    -3834    -3642    -3454 
   -3334    -3310    -3357    -3426    -3466    -3468    -3456    -3454 
   -3466    -3491    -3538    -3611    -3699    -3780    -3821    -3819 
   -3790    -3757    -3724    -3697    -3673    -3627    -3559    -3505 
   -3503    -3572    -3705    -3871    -4039    -4168    -4210    -4129 
   -3932    -3658    -3362    -3107    -2929    -2837    -2830    -2878 
   -2925    -2934    -2890    -2797    -2664    -2482    -2227    -1903 
   -1559    -1263    -1089    -1081    -1237    -1528    -1898    -2251 
   -2511    -2636    -2619    -2486    -2272    -2014    -1768    -1588 
   -1501    -1516    -1628    -1830    -2107    -2432    -2751    -3030 
   -3253    -3406    -3477    -3454    -3310    -3051    -2731    -2421 
   -2173    -2008    -1917    -1887    -1915    -1995    -2101    -2219 
   -2350    -2504    -2674    -2848    -3006    -3132    -3213    -3237 
   -3179    -3046    -2866    -2652    -2430    -2211    -2015    -1869 
   -1790    -1784    -1848    -1962    -2116    -2297    -2474    -2627 
   -2744    -2832    -2909    -2972    -2998    -2955    -2849    -2720 
   -2621    -2594    -2644    -2759    -2934    -3164    -3433    -3715 
   -3986    -4236    -4441    -4573    -4606    -4526    -4349    -4126 
   -3898    -3669    -3426    -3184    -2976    -2833    -2782    -2844 
   -3013    -3237    -3454    -3613    -3686    -3673    -3595    -3505 
   -3459    -3457    -3447    -3385    -3268    -3140    -3055    -3037 
   -3083    -3169    -3271    -3376    -3483    -3604    -3770    -4005 
   -4284    -4526    -4621    -4506    -4199    -3792    -3385    -3064 
   -2867    -2792    -2824    -2948    -3138    -3380    -3665    -3977 
   -4279    -4511    -4614    -4561    -4360    -4040    -3653    -3257 
   -2913    -2659    -2511    -2477    -2562    -2758    -3022    -3281 
   -3485    -3626    -3713    -3761    -3769    -3750    -3721    -3689 
   -3634    -3514    -3310    -3060    -2830    -2679    -2636    -2685 
   -2781    -2891    -2992    -3090    -3213    -3391    -3615    -3828 
   -3958    -3978    -3897    -3730    -3485    -3192    -2889    -2625 
   -2424    -2276    -2157    -2072    -2052    -2126    -2284    -2470 
   -2636    -2762    -2833    -2860    -2870    -2891    -2936    -2992 
   -3041    -3079    -3134    -3245    -3399    -3555    -3689    -3789 
   -3842    -3816    -3677    -3442    -3194    -3032    -3014    -3142 
   -3357    -3577    -3734    -3794    -3762    -3653    -3507    -3350 
   -3191    -3037    -2890    -2735    -2579    -2447    -2371    -2386 
   -2486    -2639    -2790    -2890    -2914    -2849    -2709    -2528 
   -2340    -2176    -2058    -2019    -2079    -2234    -2451    -2701 
   -2941    -3126    -3210    -3180    -3064    -2896    -2716    -2550 
   -2411    -2319    -2293    -2346    -2492    -2732    -3038    -3355 
   -3615    -3754    -3735    -3558    -3273    -2967    -2724    -2601 
   -2600    -2674    -2752    -2795    -2782    -2705    -2577    -2431 
   -2295    -2182    -2092    -2026    -2003    -2047    -2172    -2366 
   -2602    -2840    -3017    -3102    -3113    -3095    -3083    -3087 
   -3105    -3132    -3157    -3144    -3073    -2970    -2898    -2905 
   -2971    -3038    -3068    -3051    -3007    -2963    -2936    -2949 
   -3040    -3203    -3388    -3523    -3555    -3503    -3423    -3343 
   -3252    -3127    -2960    -2768    -2590    -2444    -2317    -2200 
   -2111    -2073    -2095    -2178    -2311    -2479    -2679    -2891 
   -3069    -3168    -3175    -3136    -3111    -3105    -3060    -2930 
   -2727    -2496    -2280    -2115    -2027    -2043    -2178    -2416 
   -2688    -2933    -3118    -3235    -3280    -3232    -3087    -2870 
   -2639    -2442    -2292    -2170    -2072    -2015    -2033    -2133 
   -2304    -2515    -2705    -2810    -2795    -2679    -2527    -2407 
   -2353    -2370    -2452    -2584    -2749    -2922    -3067    -3165 
   -3232    -3272    -3260    -3180    -3040    -2891    -2802    -2814 
   -2918    -3056    -3171    -3242    -3283    -3304    -3302    -3267 
   -3196    -3094    -2964    -2816    -2695    -2693    -2871    -3215 
   -3638    -4035    -4338    -4510    -4527    -4390    -4118    -3765 
   -3400    -3079    -2818    -2617    -2488    -2459    -2551    -2759 
   -3046    -3357    -3628    -3824    -3920    -3885    -3719    -3470 
   -3219    -3044    -2982    -3034    -3173    -3361    -3555    -3734 
   -3890    -4031    -4140    -4186    -4116    -3912    -3609    -3281 
   -3013    -2843    -2763    -2736    -2756    -2843    -2995    -3177 
   -3341    -3443    -3480    -3453    -3362    -3221    -3048    -2874 
   -2743    -2682    -2679    -2700    -2714    -2712    -2682    -2614 
   -2490    -2304    -2084    -1869    -1684    -1563    -1543    -1645 
   -1848    -2095    -2327    -2501    -2593    -2593    -2523    -2404 
   -2262    -2138    -2074    -2084    -2134    -2185    -2226    -2276 
   -2344    -2415    -2440    -2374    -2205    -1965    -1711    -1502 
   -1394    -1428    -1610    -1902    -2239    -2579    -2896    -3159 
   -3336    -3411    -3384    -3275    -3115    -2940    -2783    -2683 
   -2664    -2724    -2837    -2963    -3057    -3094    -3090    -3096 
   -3156    -3269    -3388    -3473    -3530    -3601    -3697    -3786 
   -3817    -3747    -3572    -3315    -3014    -2731    -2521    -2415 
   -2419    -2519    -2693    -2930    -3204    -3454    -3630    -3697 
   -3646    -3511    -3348    -3196    -3087    -3048    -3100    -3245 
   -3426    -3569    -3632    -3615    -3530    -3397    -3241    -3105 
   -3019    -3005    -3065    -3183    -3335    -3508    -3685    -3859 
   -4024    -4153    -4217    -4192    -4081    -3920    -3766    -3659 
   -3622    -3653    -3757    -3931    -4168    -4434    -4683    -4884 
   -5032    -5121    -5150    -5131    -5096    -5078    -5105    -5167 
   -5232    -5285    -5320    -5329    -5316    -5277    -5202    -5097 
   -4966    -4812    -4627    -4419    -4213    -4054    -3989    -4024 
   -4121    -4228    -4321    -4383    -4423    -4453    -4479    -4491 
   -4483    -4453    -4418    -4374    -4307    -4222    -4132    -4039 
   -3932    -3807    -3667    -3530    -3423    -3373    -3406    -3535 
   -3755    -4033    -4318    -4557    -4720    -4800    -4800    -4734 
   -4618    -4460    -4263    -4041    -3809    -3586    -3399    -3279 
   -3257    -3343    -3528    -3771    -4013    -4212    -4368    -4504 
   -4631    -4730    -4773    -4756    -4698    -4622    -4542    -4475 
   -4428    -4409    -4403    -4379    -4325    -4248    -4182    -4158 
   -4182    -4236    -4315    -4415    -4523    -4633    -4733    -4804 
   -4838    -4847    -4845    -4830    -4793    -4739    -4691    -4672 
   -4680    -4703    -4750    -4833    -4949    -5080    -5211    -5327 
   -5408    -5414    -5329    -5177    -5020    -4911    -4868    -4881 
   -4932    -5020    -5142    -5260    -5321    -5298    -5189    -5009 
   -4769    -4469    -4125    -3775    -3470    -3261    -3180    -3249 
   -3459    -3789    -4178    -4567    -4912    -5185    -5348    -5386 
   -5302    -5113    -4851    -4558    -4266    -3998    -3792    -3688 
   -3709    -3834    -4005    -4185    -4360    -4502    -4583    -4587 
   -4526    -4425    -4305    -4178    -4044    -3910    -3784    -3672 
   -3591    -3555    -3562    -3595    -3649    -3719    -3793    -3844 
   -3863    -3867    -3875    -3890    -3898    -3894    -3901    -3948 
   -4047    -4172    -4293    -4395    -4487    -4568    -4625    -4646 
   -4626    -4577    -4515    -4438    -4348    -4275    -4240    -4247 
   -4280    -4309    -4306    -4270    -4215    -4174    -4163    -4180 
   -4213    -4255    -4288    -4283    -4213    -4082    -3920    -3767 
   -3663    -3623    -3642    -3717    -3828    -3947    -4040    -4085 
   -4068    -3994    -3878    -3755    -3673    -3653    -3693    -3786 
   -3908    -4029    -4147    -4271    -4410    -4563    -4712    -4830 
   -4874    -4833    -4712    -4545    -4369    -4220    -4132    -4121 
   -4178    -4283    -4414    -4550    -4689    -4826    -4939    -5008 
   -5009    -4953    -4877    -4812    -4764    -4729    -4696    -4654 
   -4596    -4513    -4403    -4287    -4190    -4117    -4050    -3975 
   -3896    -3827    -3786    -3776    -3796    -3832    -3867    -3880 
   -3855    -3775    -3647    -3504    -3377    -3288    -3250    -3280 
   -3392    -3581    -3825    -4095    -4347    -4541    -4650    -4654 
   -4549    -4360    -4140    -3932    -3754    -3611    -3510    -3453 
   -3458    -3538    -3692    -3901    -4129    -4334    -4484    -4557 
   -4556    -4517    -4473    -4437    -4401    -4352    -4294    -4241 
   -4213    -4210    -4233    -4279    -4325    -4357    -4372    -4392 
   -4455    -4575    -4726    -4868    -4962    -4974    -4887    -4693 
   -4418    -4125    -3861    -3622    -3397    -3194    -3055    -3029 
   -3140    -3369    -3677    -4001    -4268    -4430    -4487    -4450 
   -4352    -4236    -4132    -4052    -4021    -4052    -4143    -4274 
   -4406    -4494    -4506    -4440    -4314    -4136    -3910    -3665 
   -3440    -3265    -3161    -3127    -3156    -3254    -3420    -3612 
   -3785    -3906    -3963    -3975    -3955    -3915    -3874    -3854 
   -3866    -3908    -3951    -3984    -4002    -3997    -3960    -3898 
   -3834    -3793    -3774    -3766    -3751    -3719    -3676    -3634 
   -3600    -3581    -3592    -3636    -3693    -3732    -3732    -3704 
   -3681    -3672    -3672    -3670    -3658    -3634    -3585    -3500 
   -3402    -3330    -3312    -3335    -3354    -3331    -3245    -3119 
   -2995    -2895    -2843    -2856    -2929    -3029    -3117    -3167 
   -3190    -3211    -3252    -3306    -3376    -3459    -3544    -3620 
   -3674    -3692    -3681    -3653    -3622    -3599    -3582    -3570 
   -3573    -3597    -3628    -3662    -3689    -3697    -3677    -3627 
   -3555    -3489    -3447    -3442    -3474    -3527    -3582    -3628 
   -3647    -3620    -3546    -3442    -3335    -3238    -3142    -3034 
   -2911    -2795    -2721    -2704    -2740    -2824    -2933    -3049 
   -3148    -3196    -3187    -3123    -3002    -2835    -2647    -2473 
   -2357    -2326    -2384    -2515    -2682    -2843    -2960    -3014 
   -2995    -2920    -2830    -2771    -2763    -2797    -2852    -2915 
   -2971    -3009    -3021    -3003    -2961    -2891    -2787    -2655 
   -2512    -2388    -2313    -2304    -2354    -2447    -2556    -2671 
   -2786    -2879    -2917    -2889    -2794    -2632    -2420    -2185 
   -1965    -1806    -1733    -1767    -1915    -2143    -2390    -2597 
   -2729    -2783    -2763    -2677    -2543    -2388    -2234    -2096 
   -1982    -1891    -1825    -1783    -1771    -1787    -1811    -1836 
   -1865    -1910    -1973    -2061    -2165    -2274    -2377    -2478 
   -2586    -2701    -2814    -2905    -2953    -2964    -2943    -2899 
   -2863    -2860    -2899    -2974    -3053    -3105    -3113    -3090 
   -3063    -3051    -3059    -3079    -3090    -3073    -3032    -2992 
   -2991    -3042    -3133    -3237    -3336    -3418    -3470    -3489 
   -3480    -3450    -3395    -3315    -3218    -3113    -3025    -2990 
   -3011    -3064    -3123    -3177    -3217    -3240    -3254    -3276 
   -3315    -3380    -3472    -3563    -3632    -3673    -3700    -3723 
   -3738    -3746    -3757    -3778    -3798    -3796    -3765    -3711 
   -3647    -3585    -3534    -3504    -3504    -3537    -3601    -3678 
   -3748    -3802    -3834    -3842    -3828    -3792    -3724    -3631 
   -3518    -3400    -3307    -3257    -3250    -3281    -3334    -3406 
   -3503    -3627    -3757    -3856    -3904    -3886    -3811    -3704 
   -3585    -3469    -3373    -3308    -3291    -3326    -3388    -3456 
   -3516    -3561    -3574    -3547    -3488    -3416    -3354    -3300 
   -3256    -3230    -3252    -3336    -3487    -3677    -3869    -4021 
   -4110    -4117    -4047    -3932    -3823    -3750    -3716    -3701 
   -3689    -3673    -3651    -3624    -3597    -3574    -3551    -3524 
   -3503    -3511    -3557    -3638    -3743    -3842    -3917    -3951 
   -3950    -3935    -3932    -3950    -3983    -4013    -4006    -3939 
   -3832    -3734    -3680    -3680    -3717    -3773    -3836    -3905 
   -3971    -4035    -4083    -4101    -4074    -4014    -3936    -3851 
   -3769    -3699    -3645    -3603    -3569    -3543    -3539    -3565 
   -3619    -3700    -3797    -3883    -3931    -3920    -3861    -3789 
   -3740    -3736    -3782    -3861    -3946    -4000    -3991    -3909 
   -3770    -3609    -3462    -3354    -3281    -3234    -3222    -3249 
   -3312    -3400    -3500    -3595    -3666    -3699    -3684    -3623 
   -3534    -3434    -3329    -3218    -3107    -3028    -3017    -3078 
   -3180    -3279    -3341    -3364    -3350    -3299    -3225    -3157 
   -3123    -3119    -3119    -3090    -3024    -2949    -2914    -2917 
   -2928    -2924    -2889    -2821    -2731    -2631    -2544    -2502 
   -2523    -2594    -2693    -2792    -2863    -2886    -2870    -2832 
   -2798    -2774    -2747    -2718    -2705    -2720    -2775    -2872 
   -3002    -3150    -3291    -3403    -3461    -3457    -3397    -3292 
   -3165    -3044    -2948    -2889    -2863    -2859    -2859    -2863 
   -2894    -2956    -3022    -3069    -3095    -3107    -3113    -3106 
   -3082    -3048    -3017    -2979    -2920    -2837    -2744    -2652 
   -2586    -2563    -2581    -2621    -2674    -2731    -2787    -2856 
   -2941    -3041    -3141    -3227    -3287    -3317    -3322    -3300 
   -3258    -3215    -3180    -3159    -3156    -3183    -3250    -3357 
   -3476    -3565    -3607    -3603    -3565    -3519    -3487    -3474 
   -3476    -3470    -3434    -3358    -3252    -3149    -3090    -3098 
   -3157    -3242    -3317    -3358    -3362    -3339    -3300    -3262 
   -3241    -3227    -3202    -3160    -3105    -3056    -3030    -3036 
   -3080    -3153    -3240    -3327    -3397    -3442    -3470    -3495 
   -3519    -3542    -3558    -3572    -3585    -3600    -3620    -3630 
   -3615    -3578    -3522    -3447    -3366    -3298    -3252    -3232 
   -3248    -3284    -3336    -3396    -3458    -3516    -3572    -3615 
   -3638    -3632    -3600    -3546    -3484    -3430    -3399    -3399 
   -3424    -3453    -3469    -3464    -3440    -3407    -3368    -3327 
   -3303    -3296    -3306    -3330    -3364    -3418    -3496    -3591 
   -3682    -3747    -3773    -3767    -3748    -3731    -3727    -3734 
   -3742    -3738    -3717    -3680    -3634    -3605    -3591    -3574 
   -3546    -3485    -3388    -3277    -3172    -3105    -3095    -3144 
   -3241    -3361    -3483    -3580    -3632    -3634    -3599    -3535 
   -3458    -3366    -3252    -3118    -2984    -2871    -2797    -2763 
   -2762    -2791    -2851    -2914    -2960    -2976    -2964    -2930 
   -2887    -2847    -2805    -2745    -2669    -2593    -2538    -2523 
   -2551    -2604    -2667    -2735    -2799    -2853    -2898    -2945 
   -3013    -3103    -3198    -3273    -3319    -3335    -3331    -3310 
   -3272    -3222    -3168    -3118    -3076    -3044    -3029    -3044 
   -3080    -3127    -3188    -3264    -3346    -3427    -3492    -3541 
   -3582    -3622    -3646    -3642    -3605    -3539    -3457    -3369 
   -3299    -3264    -3273    -3327    -3412    -3516    -3623    -3732 
   -3839    -3923    -3963    -3954    -3893    -3792    -3674    -3555 
   -3457    -3397    -3380    -3391    -3414    -3446    -3488    -3520 
   -3543    -3562    -3574    -3572    -3547    -3488    -3395    -3284 
   -3184    -3117    -3090    -3107    -3165    -3242    -3321    -3391 
   -3430    -3431    -3412    -3396    -3384    -3373    -3360    -3349 
   -3349    -3368    -3407    -3458    -3518    -3599    -3689    -3762 
   -3792    -3765    -3699    -3626    -3573    -3561    -3596    -3667 
   -3766    -3879    -3987    -4078    -4147    -4183    -4178    -4132 
   -4041    -3905    -3751    -3620    -3547    -3553    -3631    -3762 
   -3920    -4074    -4199    -4282    -4325    -4348    -4356    -4341 
   -4299    -4233    -4163    -4104    -4055    -4017    -4013    -4048 
   -4113    -4186    -4252    -4306    -4347    -4364    -4355    -4326 
   -4301    -4294    -4311    -4355    -4428    -4529    -4645    -4743 
   -4799    -4801    -4765    -4716    -4662    -4603    -4548    -4510 
   -4494    -4486    -4482    -4484    -4498    -4525    -4554    -4568 
   -4571    -4560    -4542    -4527    -4515    -4499    -4476    -4445 
   -4411    -4384    -4369    -4364    -4360    -4352    -4332    -4309 
   -4283    -4256    -4243    -4256    -4291    -4333    -4375    -4410 
   -4437    -4467    -4492    -4500    -4482    -4433    -4379    -4337 
   -4306    -4291    -4299    -4327    -4375    -4438    -4504    -4572 
   -4641    -4699    -4731    -4733    -4715    -4689    -4668    -4662 
   -4676    -4700    -4720    -4712    -4675    -4621    -4561    -4507 
   -4463    -4422    -4393    -4379    -4364    -4352    -4345    -4349 
   -4363    -4380    -4401    -4426    -4453    -4476    -4487    -4487 
   -4488    -4499    -4514    -4530    -4550    -4575    -4604    -4644 
   -4685    -4726    -4761    -4783    -4792    -4791    -4784    -4770 
   -4756    -4745    -4743    -4753    -4770    -4785    -4793    -4797 
   -4797    -4789    -4765    -4725    -4679    -4644    -4635    -4646 
   -4664    -4680    -4683    -4671    -4649    -4625    -4615    -4634 
   -4676    -4720    -4745    -4737    -4698    -4645    -4592    -4553 
   -4534    -4525    -4504    -4467    -4406    -4329    -4243    -4147 
   -4043    -3944    -3854    -3771    -3699    -3642    -3615    -3626 
   -3667    -3727    -3784    -3842    -3908    -3963    -3996    -4000 
   -3974    -3925    -3865    -3811    -3780    -3785    -3836    -3916 
   -4003    -4088    -4163    -4220    -4266    -4295    -4317    -4336 
   -4345    -4334    -4302    -4253    -4202    -4174    -4185    -4237 
   -4313    -4379    -4406    -4387    -4327    -4243    -4156    -4088 
   -4060    -4078    -4133    -4203    -4266    -4309    -4325    -4313 
   -4268    -4183    -4055    -3899    -3727    -3563    -3438    -3368 
   -3362    -3412    -3495    -3597    -3707    -3805    -3873    -3898 
   -3882    -3831    -3762    -3688    -3618    -3565    -3532    -3515 
   -3511    -3523    -3544    -3577    -3607    -3615    -3595    -3553 
   -3497    -3450    -3422    -3412    -3423    -3438    -3437    -3406 
   -3348    -3277    -3206    -3136    -3060    -2980    -2905    -2833 
   -2763    -2695    -2640    -2602    -2584    -2586    -2601    -2620 
   -2641    -2647    -2629    -2604    -2579    -2554    -2528    -2501 
   -2474    -2458    -2455    -2465    -2486    -2498    -2494    -2470 
   -2432    -2390    -2351    -2326    -2335    -2377    -2436    -2502 
   -2571    -2633    -2693    -2744    -2768    -2768    -2747    -2698 
   -2629    -2565    -2524    -2511    -2523    -2558    -2610    -2679 
   -2754    -2818    -2863    -2889    -2893    -2886    -2874    -2847 
   -2808    -2772    -2754    -2762    -2802    -2875    -2967    -3048 
   -3090    -3086    -3046    -2983    -2898    -2806    -2724    -2669 
   -2651    -2660    -2704    -2767    -2830    -2891    -2949    -2997 
   -3033    -3053    -3055    -3037    -2999    -2941    -2872    -2798 
   -2728    -2673    -2640    -2628    -2625    -2620    -2610    -2597 
   -2574    -2546    -2521    -2497    -2471    -2446    -2431    -2442 
   -2475    -2513    -2551    -2571    -2558    -2516    -2457    -2385 
   -2312    -2255    -2222    -2211    -2234    -2282    -2344    -2421 
   -2506    -2589    -2650    -2685    -2693    -2674    -2633    -2578 
   -2509    -2442    -2392    -2363    -2359    -2384    -2430    -2485 
   -2543    -2602    -2663    -2724    -2775    -2811    -2825    -2818 
   -2798    -2775    -2764    -2779    -2814    -2859    -2905    -2933 
   -2948    -2956    -2959    -2967    -2992    -3029    -3075    -3118 
   -3149    -3169    -3186    -3206    -3240    -3284    -3327    -3350 
   -3339    -3306    -3254    -3196    -3144    -3105    -3080    -3068 
   -3064    -3057    -3056    -3064    -3076    -3087    -3088    -3073 
   -3044    -3007    -2972    -2945    -2938    -2960    -2998    -3037 
   -3065    -3080    -3080    -3073    -3063    -3046    -3030    -3013 
   -2992    -2967    -2943    -2924    -2925    -2953    -3005    -3064 
   -3123    -3177    -3217    -3238    -3245    -3237    -3222    -3211 
   -3199    -3172    -3130    -3084    -3042    -3015    -3002    -2999 
   -3013    -3040    -3069    -3102    -3130    -3152    -3168    -3175 
   -3160    -3125    -3082    -3045    -3018    -3001    -2994    -2999 
   -3021    -3046    -3068    -3087    -3113    -3146    -3177    -3204 
   -3230    -3252    -3273    -3299    -3323    -3349    -3376    -3397 
   -3410    -3422    -3438    -3462    -3491    -3510    -3511    -3503 
   -3496    -3497    -3507    -3516    -3516    -3508    -3492    -3470 
   -3439    -3407    -3385    -3379    -3383    -3400    -3433    -3478 
   -3526    -3568    -3601    -3623    -3631    -3624    -3597    -3558 
   -3518    -3491    -3487    -3511    -3561    -3636    -3738    -3851 
   -3955    -4035    -4082    -4105    -4110    -4098    -4082    -4077 
   -4086    -4104    -4131    -4158    -4174    -4178    -4185    -4194 
   -4205    -4223    -4243    -4260    -4261    -4260    -4260    -4261 
   -4268    -4286    -4311    -4337    -4353    -4356    -4348    -4329 
   -4297    -4253    -4199    -4140    -4098    -4086    -4098    -4129 
   -4164    -4189    -4199    -4200    -4195    -4197    -4220    -4255 
   -4286    -4302    -4297    -4274    -4241    -4203    -4162    -4125 
   -4098    -4079    -4063    -4052    -4052    -4064    -4086    -4109 
   -4129    -4147    -4159    -4175    -4187    -4190    -4183    -4166 
   -4140    -4113    -4081    -4058    -4047    -4045    -4058    -4083 
   -4112    -4149    -4194    -4241    -4293    -4345    -4386    -4410 
   -4413    -4399    -4387    -4382    -4378    -4374    -4368    -4363 
   -4363    -4375    -4398    -4433    -4479    -4519    -4545    -4546 
   -4525    -4495    -4464    -4445    -4445    -4452    -4461    -4476 
   -4480    -4477    -4483    -4496    -4509    -4513    -4488    -4421 
   -4329    -4232    -4137    -4058    -3991    -3935    -3893    -3869 
   -3861    -3879    -3917    -3970    -4020    -4047    -4043    -4010 
   -3964    -3923    -3894    -3883    -3880    -3877    -3870    -3858 
   -3836    -3809    -3781    -3757    -3732    -3704    -3678    -3665 
   -3667    -3689    -3723    -3757    -3784    -3808    -3828    -3844 
   -3846    -3827    -3792    -3743    -3681    -3603    -3508    -3410 
   -3326    -3264    -3229    -3221    -3238    -3276    -3314    -3331 
   -3319    -3279    -3211    -3130    -3061    -3018    -3005    -3022 
   -3060    -3103    -3153    -3211    -3277    -3346    -3414    -3474 
   -3507    -3500    -3461    -3403    -3339    -3276    -3230    -3211 
   -3226    -3273    -3341    -3410    -3474    -3537    -3577    -3596 
   -3600    -3592    -3576    -3563    -3549    -3528    -3501    -3470 
   -3439    -3407    -3384    -3377    -3383    -3392    -3397    -3388 
   -3366    -3341    -3326    -3329    -3334    -3338    -3348    -3355 
   -3361    -3365    -3365    -3362    -3353    -3329    -3283    -3223 
   -3157    -3094    -3041    -3001    -2976    -2965    -2970    -2984 
   -3007    -3038    -3075    -3111    -3134    -3134    -3109    -3071 
   -3032    -3002    -2990    -2999    -3017    -3022    -3014    -2990 
   -2952    -2913    -2879    -2848    -2825    -2808    -2794    -2790 
   -2802    -2825    -2853    -2887    -2915    -2925    -2915    -2896 
   -2870    -2844    -2832    -2829    -2835    -2847    -2860    -2876 
   -2891    -2899    -2902    -2905    -2902    -2890    -2874    -2856 
   -2844    -2848    -2862    -2884    -2915    -2951    -2980    -3001 
   -3010    -3009    -2994    -2967    -2940    -2910    -2876    -2852 
   -2843    -2852    -2882    -2926    -2983    -3044    -3102    -3141 
   -3156    -3154    -3141    -3129    -3133    -3153    -3184    -3226 
   -3272    -3311    -3342    -3360    -3364    -3368    -3366    -3354 
   -3338    -3323    -3317    -3334    -3376    -3437    -3508    -3573 
   -3611    -3615    -3595    -3554    -3518    -3499    -3496    -3511 
   -3551    -3601    -3653    -3703    -3746    -3781    -3809    -3828 
   -3835    -3836    -3831    -3821    -3816    -3816    -3827    -3852 
   -3894    -3939    -3983    -4016    -4025    -4013    -3982    -3940 
   -3904    -3880    -3865    -3851    -3842    -3828    -3813    -3805 
   -3800    -3798    -3807    -3819    -3823    -3817    -3800    -3775 
   -3757    -3744    -3740    -3744    -3751    -3750    -3734    -3699 
   -3655    -3622    -3603    -3599    -3609    -3631    -3655    -3672 
   -3680    -3682    -3684    -3688    -3701    -3721    -3742    -3757 
   -3763    -3759    -3750    -3734    -3715    -3692    -3665    -3639 
   -3619    -3595    -3565    -3538    -3523    -3518    -3528    -3555 
   -3595    -3649    -3700    -3738    -3755    -3759    -3750    -3727 
   -3704    -3688    -3674    -3650    -3623    -3609    -3615    -3640 
   -3674    -3716    -3769    -3824    -3865    -3896    -3923    -3947 
   -3964    -3959    -3925    -3873    -3815    -3757    -3713    -3688 
   -3677    -3688    -3719    -3761    -3797    -3821    -3832    -3828 
   -3811    -3774    -3723    -3669    -3619    -3577    -3546    -3523 
   -3507    -3499    -3503    -3514    -3532    -3561    -3593    -3612 
   -3619    -3615    -3605    -3599    -3603    -3622    -3661    -3709 
   -3754    -3782    -3788    -3775    -3750    -3715    -3682    -3665 
   -3655    -3658    -3674    -3704    -3748    -3801    -3852    -3888 
   -3901    -3892    -3854    -3797    -3732    -3666    -3609    -3568 
   -3551    -3557    -3576    -3608    -3646    -3682    -3708    -3719 
   -3723    -3728    -3744    -3774    -3813    -3856    -3889    -3897 
   -3888    -3866    -3842    -3824    -3808    -3789    -3771    -3754 
   -3735    -3719    -3712    -3705    -3701    -3699    -3699    -3694 
   -3681    -3657    -3624    -3574    -3511    -3457    -3416    -3395 
   -3393    -3404    -3423    -3445    -3464    -3480    -3495    -3511 
   -3534    -3547    -3547    -3532    -3508    -3480    -3449    -3415 
   -3384    -3357    -3334    -3317    -3312    -3314    -3317    -3329 
   -3346    -3366    -3381    -3392    -3399    -3404    -3402    -3397 
   -3396    -3395    -3388    -3375    -3355    -3325    -3287    -3252 
   -3222    -3211    -3222    -3248    -3283    -3321    -3353    -3376 
   -3388    -3388    -3377    -3355    -3325    -3284    -3237    -3184 
   -3136    -3102    -3087    -3086    -3102    -3133    -3172    -3218 
   -3262    -3296    -3311    -3307    -3288    -3261    -3230    -3198 
   -3169    -3150    -3138    -3130    -3127    -3132    -3141    -3150 
   -3165    -3180    -3186    -3183    -3172    -3152    -3136    -3134 
   -3140    -3149    -3159    -3167    -3173    -3175    -3168    -3154 
   -3133    -3107    -3078    -3044    -3011    -2994    -2992    -3005 
   -3029    -3068    -3115    -3159    -3192    -3213    -3229    -3246 
   -3264    -3280    -3291    -3298    -3307    -3322    -3341    -3364 
   -3388    -3410    -3424    -3427    -3423    -3412    -3395    -3373 
   -3345    -3312    -3284    -3265    -3262    -3280    -3310    -3341 
   -3368    -3385    -3402    -3416    -3435    -3462    -3492    -3518 
   -3530    -3534    -3527    -3518    -3508    -3497    -3488    -3477 
   -3468    -3457    -3449    -3445    -3447    -3457    -3470    -3478 
   -3474    -3462    -3447    -3429    -3412    -3403    -3400    -3397 
   -3397    -3406    -3424    -3451    -3491    -3532    -3570    -3599 
   -3612    -3611    -3605    -3600    -3596    -3599    -3608    -3619 
   -3636    -3666    -3704    -3746    -3792    -3836    -3874    -3893 
   -3892    -3875    -3854    -3832    -3817    -3813    -3820    -3836 
   -3858    -3885    -3915    -3946    -3981    -4016    -4047    -4069 
   -4079    -4082    -4087    -4094    -4099    -4104    -4097    -4072 
   -4036    -3989    -3939    -3894    -3854    -3819    -3789    -3757 
   -3735    -3723    -3716    -3713    -3713    -3713    -3703    -3682 
   -3661    -3645    -3634    -3630    -3623    -3612    -3596    -3576 
   -3554    -3530    -3508    -3491    -3480    -3477    -3487    -3511 
   -3549    -3599    -3657    -3715    -3766    -3797    -3805    -3798 
   -3782    -3769    -3767    -3780    -3796    -3808    -3808    -3792 
   -3767    -3751    -3744    -3750    -3765    -3780    -3785    -3776 
   -3757    -3728    -3697    -3674    -3661    -3653    -3643    -3639 
   -3636    -3631    -3631    -3632    -3626    -3609    -3574    -3515 
   -3449    -3388    -3346    -3329    -3339    -3366    -3402    -3435 
   -3462    -3484    -3507    -3527    -3539    -3541    -3530    -3514 
   -3497    -3485    -3483    -3489    -3501    -3511    -3511    -3501 
   -3485    -3469    -3450    -3434    -3424    -3414    -3404    -3407 
   -3433    -3477    -3538    -3607    -3666    -3711    -3738    -3744 
   -3731    -3707    -3676    -3647    -3634    -3634    -3634    -3634 
   -3639    -3642    -3640    -3634    -3615    -3586    -3554    -3523 
   -3499    -3487    -3491    -3514    -3550    -3586    -3615    -3630 
   -3624    -3604    -3566    -3511    -3454    -3402    -3357    -3323 
   -3308    -3311    -3330    -3365    -3414    -3466    -3516    -3557 
   -3585    -3601    -3607    -3607    -3604    -3591    -3573    -3561 
   -3549    -3535    -3528    -3523    -3515    -3499    -3474    -3440 
   -3407    -3387    -3383    -3400    -3431    -3469    -3508    -3542 
   -3565    -3580    -3582    -3574    -3555    -3524    -3483    -3437 
   -3391    -3355    -3335    -3326    -3326    -3331    -3349    -3381 
   -3422    -3474    -3535    -3586    -3620    -3646    -3662    -3669 
   -3677    -3690    -3701    -3711    -3726    -3742    -3753    -3757 
   -3759    -3761    -3761    -3765    -3770    -3769    -3765    -3761 
   -3757    -3751    -3750    -3750    -3748    -3750    -3754    -3762 
   -3774    -3790    -3811    -3827    -3835    -3834    -3827    -3811 
   -3786    -3761    -3736    -3715    -3694    -3672    -3649    -3628 
   -3615    -3612    -3613    -3623    -3636    -3650    -3661    -3676 
   -3700    -3727    -3753    -3769    -3769    -3754    -3730    -3703 
   -3678    -3663    -3653    -3649    -3643    -3643    -3653    -3673 
   -3701    -3734    -3773    -3808    -3824    -3817    -3796    -3766 
   -3735    -3707    -3672    -3622    -3565    -3511    -3464    -3424 
   -3407    -3411    -3427    -3454    -3483    -3501    -3518    -3534 
   -3542    -3541    -3534    -3518    -3496    -3472    -3445    -3419 
   -3392    -3360    -3321    -3273    -3226    -3190    -3165    -3157 
   -3160    -3173    -3194    -3221    -3245    -3264    -3272    -3264 
   -3237    -3192    -3132    -3064    -3007    -2967    -2948    -2953 
   -2986    -3034    -3083    -3129    -3169    -3206    -3241    -3279 
   -3310    -3333    -3348    -3354    -3350    -3338    -3323    -3310 
   -3304    -3317    -3339    -3362    -3387    -3407    -3419    -3424 
   -3430    -3440    -3461    -3492    -3530    -3566    -3592    -3608 
   -3613    -3608    -3600    -3591    -3581    -3568    -3554    -3549 
   -3553    -3559    -3578    -3607    -3634    -3658    -3672    -3670 
   -3651    -3622    -3581    -3534    -3492    -3465    -3453    -3456 
   -3473    -3499    -3524    -3550    -3565    -3570    -3562    -3543 
   -3516    -3485    -3456    -3429    -3402    -3380    -3365    -3353 
   -3346    -3345    -3353    -3369    -3392    -3418    -3445    -3461 
   -3468    -3472    -3466    -3458    -3454    -3450    -3443    -3433 
   -3418    -3404    -3393    -3380    -3369    -3361    -3357    -3354 
   -3355    -3364    -3384    -3415    -3450    -3484    -3516    -3543 
   -3561    -3568    -3561    -3539    -3511    -3483    -3454    -3435 
   -3433    -3447    -3476    -3508    -3538    -3566    -3591    -3613 
   -3638    -3663    -3684    -3697    -3700    -3694    -3678    -3657 
   -3634    -3615    -3603    -3593    -3593    -3608    -3638    -3676 
   -3721    -3770    -3812    -3842    -3861    -3865    -3858    -3842 
   -3823    -3808    -3802    -3804    -3812    -3828    -3847    -3869 
   -3896    -3921    -3942    -3951    -3946    -3928    -3910    -3893 
   -3880    -3886    -3906    -3932    -3962    -3996    -4028    -4052 
   -4074    -4090    -4091    -4086    -4077    -4062    -4045    -4025 
   -4010    -4008    -4010    -4017    -4023    -4024    -4031    -4031 
   -4023    -4009    -3991    -3977    -3965    -3955    -3944    -3936 
   -3925    -3915    -3905    -3893    -3873    -3851    -3825    -3800 
   -3780    -3771    -3775    -3793    -3816    -3838    -3856    -3874 
   -3894    -3913    -3921    -3919    -3909    -3885    -3852    -3819 
   -3785    -3755    -3736    -3732    -3736    -3742    -3748    -3761 
   -3773    -3782    -3792    -3800    -3809    -3816    -3821    -3827 
   -3828    -3824    -3808    -3785    -3757    -3728    -3701    -3684 
   -3673    -3669    -3673    -3680    -3689    -3703    -3715    -3731 
   -3754    -3773    -3788    -3800    -3800    -3792    -3785    -3776 
   -3763    -3747    -3730    -3712    -3690    -3673    -3665    -3662 
   -3665    -3672    -3680    -3684    -3685    -3684    -3682    -3680 
   -3674    -3666    -3653    -3643    -3634    -3620    -3607    -3595 
   -3581    -3568    -3554    -3541    -3530    -3526    -3522    -3515 
   -3504    -3488    -3468    -3445    -3419    -3387    -3353    -3323 
   -3303    -3299    -3304    -3315    -3326    -3339    -3349    -3354 
   -3358    -3361    -3364    -3368    -3365    -3358    -3353    -3346 
   -3335    -3322    -3310    -3299    -3295    -3299    -3315    -3346 
   -3387    -3439    -3500    -3549    -3573    -3580    -3576    -3563 
   -3546    -3523    -3492    -3468    -3449    -3435    -3429    -3433 
   -3445    -3464    -3481    -3492    -3492    -3484    -3470    -3453 
   -3433    -3410    -3387    -3365    -3342    -3316    -3291    -3264 
   -3230    -3196    -3161    -3122    -3090    -3068    -3051    -3036 
   -3028    -3024    -3019    -3018    -3017    -3011    -3001    -2986 
   -2964    -2934    -2906    -2891    -2887    -2890    -2902    -2918 
   -2934    -2953    -2979    -3011    -3045    -3073    -3090    -3090 
   -3082    -3061    -3041    -3030    -3033    -3044    -3060    -3071 
   -3084    -3090    -3096    -3106    -3119    -3129    -3130    -3127 
   -3122    -3114    -3107    -3105    -3105    -3107    -3106    -3096 
   -3086    -3082    -3083    -3090    -3105    -3121    -3133    -3141 
   -3146    -3146    -3148    -3153    -3153    -3148    -3137    -3123 
   -3109    -3106    -3117    -3134    -3157    -3180    -3194    -3202 
   -3199    -3190    -3176    -3168    -3159    -3148    -3142    -3144 
   -3149    -3160    -3175    -3188    -3199    -3207    -3219    -3230 
   -3241    -3254    -3268    -3281    -3288    -3295    -3303    -3312 
   -3319    -3326    -3333    -3336    -3339    -3342    -3342    -3335 
   -3327    -3321    -3316    -3317    -3323    -3331    -3343    -3360 
   -3369    -3369    -3365    -3350    -3330    -3312    -3291    -3269 
   -3250    -3237    -3230    -3237    -3252    -3267    -3280    -3289 
   -3294    -3295    -3296    -3299    -3303    -3312    -3317    -3319 
   -3319    -3316    -3315    -3319    -3321    -3323    -3327    -3329 
   -3326    -3329    -3336    -3346    -3361    -3384    -3407    -3426 
   -3445    -3465    -3478    -3487    -3491    -3485    -3476    -3466 
   -3454    -3445    -3442    -3446    -3459    -3481    -3505    -3532 
   -3561    -3588    -3608    -3622    -3632    -3640    -3647    -3653 
   -3662    -3672    -3680    -3682    -3682    -3682    -3684    -3689 
   -3704    -3723    -3742    -3765    -3786    -3798    -3801    -3800 
   -3797    -3792    -3785    -3771    -3748    -3721    -3697    -3674 
   -3659    -3655    -3661    -3674    -3693    -3707    -3712    -3715 
   -3715    -3705    -3696    -3686    -3677    -3666    -3659    -3658 
   -3657    -3659    -3658    -3657    -3657    -3655    -3655    -3657 
   -3651    -3643    -3632    -3613    -3596    -3576    -3557    -3544 
   -3537    -3530    -3530    -3534    -3538    -3547    -3561    -3580 
   -3604    -3627    -3645    -3649    -3649    -3651    -3650    -3651 
   -3655    -3658    -3657    -3643    -3620    -3596    -3573    -3553 
   -3535    -3530    -3538    -3553    -3570    -3591    -3608    -3623 
   -3630    -3630    -3623    -3608    -3591    -3572    -3550    -3527 
   -3510    -3499    -3491    -3485    -3481    -3476    -3472    -3470 
   -3472    -3469    -3469    -3473    -3473    -3472    -3472    -3474 
   -3478    -3485    -3497    -3511    -3528    -3543    -3559    -3577 
   -3593    -3605    -3611    -3611    -3608    -3604    -3599    -3596 
   -3589    -3582    -3578    -3578    -3585    -3596    -3612    -3634 
   -3653    -3663    -3665    -3662    -3662    -3662    -3663    -3666 
   -3667    -3666    -3658    -3645    -3634    -3626    -3619    -3612 
   -3611    -3608    -3603    -3599    -3597    -3600    -3609    -3618 
   -3622    -3620    -3609    -3592    -3573    -3550    -3527    -3510 
   -3492    -3481    -3466    -3446    -3426    -3411    -3407    -3412 
   -3427    -3449    -3470    -3484    -3491    -3492    -3491    -3485 
   -3485    -3481    -3465    -3447    -3431    -3414    -3399    -3388 
   -3380    -3377    -3385    -3395    -3406    -3415    -3430    -3453 
   -3476    -3499    -3522    -3538    -3546    -3551    -3558    -3562 
   -3563    -3563    -3563    -3566    -3576    -3586    -3596    -3607 
   -3618    -3622    -3626    -3631    -3636    -3646    -3662    -3681 
   -3699    -3719    -3734    -3743    -3750    -3754    -3754    -3754 
   -3751    -3757    -3769    -3785    -3804    -3828    -3847    -3861 
   -3869    -3874    -3875    -3875    -3871    -3870    -3870    -3871 
   -3867    -3865    -3869    -3877    -3892    -3908    -3921    -3929 
   -3935    -3937    -3936    -3928    -3919    -3913    -3910    -3910 
   -3906    -3899    -3890    -3877    -3865    -3854    -3840    -3834 
   -3828    -3824    -3821    -3824    -3828    -3835    -3842    -3854 
   -3861    -3861    -3852    -3844    -3832    -3817    -3805    -3800 
   -3802    -3815    -3831    -3848    -3865    -3875    -3877    -3873 
   -3867    -3858    -3844    -3834    -3828    -3825    -3823    -3819 
   -3815    -3815    -3817    -3819    -3815    -3815    -3817    -3816 
   -3811    -3807    -3804    -3801    -3801    -3801    -3797    -3796 
   -3796    -3789    -3774    -3748    -3716    -3685    -3655    -3630 
   -3615    -3612    -3622    -3645    -3669    -3694    -3723    -3747 
   -3765    -3780    -3785    -3780    -3769    -3748    -3719    -3692 
   -3667    -3649    -3643    -3646    -3657    -3677    -3699    -3721 
   -3738    -3748    -3753    -3755    -3754    -3757    -3763    -3765 
   -3765    -3765    -3766    -3766    -3763    -3755    -3740    -3717 
   -3692    -3670    -3655    -3646    -3640    -3642    -3647    -3653 
   -3655    -3650    -3639    -3630    -3624    -3618    -3607    -3596 
   -3582    -3569    -3555    -3543    -3532    -3528    -3523    -3516 
   -3510    -3501    -3492    -3481    -3472    -3459    -3446    -3430 
   -3410    -3388    -3377    -3369    -3369    -3383    -3392    -3396 
   -3402    -3402    -3395    -3391    -3388    -3384    -3375    -3360 
   -3338    -3310    -3284    -3268    -3260    -3257    -3260    -3265 
   -3269    -3276    -3283    -3291    -3303    -3317    -3336    -3357 
   -3372    -3384    -3393    -3399    -3404    -3411    -3412    -3411 
   -3410    -3404    -3395    -3383    -3368    -3355    -3348    -3342 
   -3341    -3339    -3336    -3334    -3336    -3343    -3357    -3375 
   -3388    -3397    -3403    -3397    -3384    -3366    -3343    -3321 
   -3302    -3283    -3271    -3265    -3269    -3287    -3308    -3330 
   -3353    -3369    -3380    -3391    -3397    -3395    -3384    -3368 
   -3348    -3330    -3319    -3316    -3317    -3327    -3342    -3357 
   -3376    -3399    -3422    -3439    -3453    -3462    -3466    -3469 
   -3472    -3478    -3488    -3504    -3518    -3527    -3535    -3544 
   -3555    -3568    -3584    -3599    -3613    -3628    -3639    -3651 
   -3670    -3690    -3707    -3717    -3719    -3707    -3686    -3661 
   -3634    -3618    -3605    -3595    -3592    -3596    -3601    -3611 
   -3623    -3634    -3643    -3645    -3643    -3634    -3619    -3600 
   -3576    -3549    -3519    -3488    -3462    -3446    -3439    -3445 
   -3464    -3489    -3514    -3538    -3558    -3569    -3573    -3565 
   -3542    -3511    -3478    -3440    -3411    -3392    -3385    -3387 
   -3396    -3407    -3419    -3423    -3423    -3419    -3407    -3395 
   -3384    -3377    -3369    -3368    -3373    -3380    -3384    -3393 
   -3403    -3410    -3418    -3426    -3427    -3420    -3410    -3397 
   -3388    -3383    -3380    -3384    -3391    -3396    -3404    -3415 
   -3424    -3434    -3442    -3442    -3435    -3429    -3422    -3418 
   -3422    -3433    -3446    -3462    -3473    -3477    -3474    -3469 
   -3464    -3464    -3465    -3468    -3470    -3478    -3492    -3511 
   -3530    -3550    -3568    -3585    -3601    -3609    -3619    -3630 
   -3636    -3636    -3634    -3624    -3609    -3586    -3562    -3542 
   -3522    -3504    -3489    -3480    -3474    -3473    -3474    -3474 
   -3476    -3478    -3477    -3470    -3459    -3445    -3427    -3410 
   -3399    -3395    -3395    -3396    -3395    -3391    -3381    -3366 
   -3349    -3338    -3334    -3335    -3338    -3341    -3338    -3338 
   -3342    -3346    -3353    -3361    -3369    -3381    -3395    -3412 
   -3433    -3459    -3496    -3530    -3561    -3591    -3615    -3636 
   -3662    -3689    -3711    -3726    -3734    -3738    -3740    -3738 
   -3738    -3738    -3744    -3753    -3765    -3775    -3786    -3802 
   -3817    -3831    -3842    -3847    -3844    -3838    -3823    -3802 
   -3784    -3765    -3744    -3727    -3715    -3707    -3703    -3703 
   -3708    -3716    -3727    -3735    -3743    -3753    -3757    -3757 
   -3748    -3738    -3723    -3712    -3701    -3690    -3690    -3699 
   -3709    -3726    -3742    -3755    -3766    -3775    -3780    -3778 
   -3774    -3766    -3753    -3738    -3724    -3707    -3682    -3657 
   -3631    -3609    -3595    -3582    -3577    -3581    -3589    -3603 
   -3618    -3627    -3638    -3645    -3642    -3626    -3603    -3572 
   -3532    -3492    -3459    -3431    -3410    -3402    -3400    -3410 
   -3430    -3454    -3476    -3492    -3503    -3503    -3492    -3477 
   -3458    -3440    -3426    -3416    -3411    -3406    -3403    -3404 
   -3407    -3410    -3414    -3416    -3412    -3411    -3415    -3422 
   -3434    -3451    -3474    -3495    -3514    -3530    -3543    -3546 
   -3541    -3532    -3523    -3510    -3499    -3492    -3492    -3503 
   -3514    -3530    -3554    -3572    -3586    -3599    -3603    -3601 
   -3597    -3592    -3585    -3577    -3576    -3582    -3591    -3599 
   -3609    -3620    -3630    -3636    -3642    -3643    -3640    -3630 
   -3611    -3593    -3573    -3551    -3538    -3528    -3523    -3520 
   -3520    -3518    -3510    -3501    -3497    -3489    -3476    -3462 
   -3446    -3427    -3411    -3397    -3388    -3377    -3365    -3352 
   -3339    -3330    -3325    -3322    -3322    -3325    -3329    -3329 
   -3326    -3330    -3338    -3343    -3348    -3348    -3339    -3327 
   -3314    -3300    -3291    -3289    -3292    -3296    -3296    -3292 
   -3287    -3284    -3288    -3300    -3319    -3338    -3361    -3381 
   -3391    -3396    -3400    -3400    -3395    -3388    -3383    -3373 
   -3369    -3375    -3380    -3388    -3399    -3404    -3404    -3402 
   -3397    -3397    -3399    -3399    -3396    -3388    -3379    -3360 
   -3336    -3317    -3304    -3289    -3280    -3276    -3272    -3267 
   -3261    -3254    -3244    -3231    -3219    -3208    -3200    -3192 
   -3187    -3187    -3194    -3204    -3222    -3244    -3265    -3281 
   -3292    -3299    -3299    -3294    -3287    -3280    -3276    -3273 
   -3275    -3283    -3295    -3310    -3330    -3353    -3376    -3393 
   -3404    -3414    -3423    -3429    -3429    -3426    -3423    -3419 
   -3416    -3416    -3420    -3426    -3431    -3435    -3438    -3442 
   -3442    -3442    -3446    -3457    -3466    -3477    -3487    -3492 
   -3500    -3503    -3501    -3500    -3504    -3504    -3497    -3487 
   -3477    -3473    -3469    -3466    -3470    -3480    -3489    -3499 
   -3504    -3507    -3510    -3511    -3507    -3500    -3492    -3483 
   -3474    -3470    -3474    -3485    -3501    -3520    -3541    -3559 
   -3577    -3592    -3600    -3604    -3603    -3595    -3588    -3581 
   -3574    -3570    -3572    -3574    -3581    -3588    -3592    -3593 
   -3593    -3591    -3586    -3578    -3570    -3565    -3557    -3551 
   -3553    -3558    -3566    -3574    -3580    -3586    -3596    -3605 
   -3613    -3620    -3631    -3639    -3643    -3646    -3647    -3647 
   -3649    -3653    -3655    -3653    -3653    -3653    -3651    -3655 
   -3663    -3672    -3676    -3674    -3669    -3661    -3655    -3655 
   -3662    -3673    -3688    -3699    -3703    -3704    -3701    -3701 
   -3705    -3703    -3696    -3692    -3682    -3674    -3670    -3670 
   -3677    -3688    -3701    -3717    -3730    -3736    -3742    -3740 
   -3728    -3712    -3693    -3672    -3651    -3638    -3634    -3639 
   -3647    -3658    -3666    -3676    -3685    -3696    -3701    -3705 
   -3708    -3704    -3694    -3689    -3688    -3686    -3688    -3692 
   -3689    -3685    -3681    -3666    -3645    -3630    -3620    -3615 
   -3615    -3619    -3628    -3642    -3661    -3680    -3696    -3709 
   -3719    -3730    -3740    -3742    -3738    -3740    -3744    -3743 
   -3742    -3742    -3738    -3731    -3724    -3719    -3719    -3717 
   -3719    -3723    -3726    -3732    -3738    -3750    -3765    -3781 
   -3797    -3809    -3816    -3816    -3808    -3793    -3776    -3757 
   -3742    -3727    -3716    -3713    -3712    -3713    -3716    -3717 
   -3719    -3719    -3715    -3709    -3701    -3690    -3677    -3666 
   -3659    -3653    -3649    -3646    -3639    -3628    -3615    -3603 
   -3588    -3568    -3546    -3524    -3503    -3485    -3473    -3465 
   -3468    -3474    -3480    -3487    -3492    -3499    -3501    -3501 
   -3501    -3501    -3496    -3488    -3478    -3473    -3472    -3477 
   -3491    -3503    -3516    -3532    -3544    -3550    -3550    -3547 
   -3543    -3541    -3539    -3542    -3543    -3544    -3550    -3555 
   -3557    -3559    -3562    -3562    -3565    -3573    -3576    -3576 
   -3580    -3584    -3585    -3589    -3591    -3592    -3595    -3597 
   -3596    -3596    -3600    -3607    -3615    -3626    -3631    -3631 
   -3624    -3613    -3603    -3591    -3582    -3580    -3584    -3596 
   -3615    -3632    -3647    -3663    -3673    -3672    -3663    -3653 
   -3640    -3627    -3620    -3613    -3611    -3612    -3615    -3615 
   -3618    -3622    -3634    -3646    -3653    -3658    -3663    -3665 
   -3665    -3669    -3669    -3667    -3670    -3678    -3685    -3690 
   -3693    -3689    -3681    -3673    -3665    -3655    -3649    -3645 
   -3640    -3639    -3640    -3645    -3651    -3659    -3666    -3676 
   -3682    -3680    -3674    -3669    -3666    -3661    -3658    -3655 
   -3651    -3647    -3647    -3643    -3638    -3628    -3609    -3585 
   -3561    -3538    -3520    -3507    -3499    -3492    -3487    -3480 
   -3473    -3468    -3461    -3454    -3447    -3439    -3427    -3414 
