Origin Time       2016/04/16 01:25:00
Lat.              32.753
Long.             130.762
Depth. (km)       12
Mag.              7.3
Station Code      HYG027
Station Lat.      34.2499
Station Long.     134.7292
Station Height(m) 115
Record Time       2016/04/16 01:27:04
Sampling Freq(Hz) 100Hz
Duration Time(s)  73
Dir.              N-S
Scale Factor      7845(gal)/8223790
Max. Acc. (gal)   2.973
Last Correction   2016/04/16 01:27:06
Memo.             
   -8854    -8869    -8876    -8868    -8861    -8862    -8872    -8874 
   -8863    -8860    -8857    -8850    -8851    -8842    -8820    -8803 
   -8783    -8761    -8749    -8733    -8719    -8712    -8700    -8688 
   -8679    -8665    -8661    -8665    -8662    -8661    -8673    -8694 
   -8711    -8716    -8715    -8716    -8718    -8718    -8715    -8712 
   -8707    -8702    -8699    -8696    -8700    -8714    -8731    -8741 
   -8745    -8753    -8756    -8757    -8764    -8766    -8765    -8766 
   -8764    -8766    -8768    -8773    -8787    -8792    -8792    -8795 
   -8793    -8793    -8795    -8797    -8802    -8802    -8799    -8792 
   -8785    -8777    -8764    -8752    -8746    -8742    -8743    -8742 
   -8746    -8761    -8768    -8777    -8789    -8787    -8783    -8772 
   -8754    -8742    -8727    -8707    -8691    -8665    -8652    -8652 
   -8648    -8648    -8652    -8660    -8676    -8680    -8673    -8677 
   -8681    -8683    -8680    -8671    -8658    -8654    -8650    -8630 
   -8600    -8579    -8565    -8548    -8538    -8529    -8510    -8503 
   -8513    -8513    -8506    -8513    -8523    -8517    -8513    -8527 
   -8543    -8537    -8529    -8540    -8550    -8546    -8550    -8564 
   -8581    -8590    -8586    -8592    -8611    -8629    -8652    -8668 
   -8677    -8708    -8738    -8754    -8780    -8806    -8824    -8847 
   -8868    -8885    -8905    -8919    -8911    -8900    -8904    -8900 
   -8881    -8870    -8868    -8861    -8843    -8824    -8818    -8818 
   -8818    -8827    -8833    -8833    -8833    -8823    -8810    -8799 
   -8787    -8783    -8779    -8773    -8779    -8783    -8780    -8787 
   -8796    -8800    -8810    -8810    -8807    -8807    -8799    -8789 
   -8783    -8772    -8766    -8762    -8761    -8769    -8779    -8791 
   -8810    -8829    -8847    -8870    -8891    -8919    -8947    -8964 
   -8974    -8978    -8972    -8978    -8989    -8978    -8958    -8941 
   -8932    -8920    -8891    -8870    -8851    -8818    -8802    -8791 
   -8775    -8769    -8757    -8749    -8749    -8742    -8743    -8750 
   -8753    -8762    -8773    -8780    -8791    -8793    -8787    -8784 
   -8780    -8777    -8777    -8769    -8761    -8756    -8745    -8745 
   -8752    -8756    -8765    -8776    -8780    -8781    -8783    -8779 
   -8776    -8779    -8776    -8777    -8773    -8752    -8735    -8715 
   -8685    -8654    -8617    -8579    -8557    -8533    -8515    -8507 
   -8494    -8490    -8505    -8510    -8517    -8550    -8583    -8595 
   -8602    -8617    -8626    -8633    -8638    -8627    -8622    -8630 
   -8629    -8631    -8649    -8649    -8637    -8638    -8641    -8637 
   -8637    -8644    -8642    -8618    -8598    -8591    -8583    -8583 
   -8594    -8594    -8591    -8602    -8619    -8641    -8661    -8661 
   -8661    -8677    -8676    -8664    -8667    -8677    -8691    -8694 
   -8683    -8684    -8688    -8688    -8688    -8688    -8688    -8696 
   -8706    -8721    -8734    -8737    -8748    -8757    -8764    -8772 
   -8779    -8785    -8791    -8791    -8793    -8792    -8787    -8784 
   -8777    -8772    -8769    -8760    -8753    -8749    -8735    -8721 
   -8712    -8698    -8685    -8679    -8671    -8660    -8654    -8657 
   -8671    -8692    -8704    -8708    -8714    -8726    -8743    -8764 
   -8791    -8819    -8847    -8880    -8904    -8915    -8922    -8932 
   -8950    -8965    -8972    -8978    -8977    -8985    -9003    -9007 
   -9000    -8993    -8988    -8972    -8945    -8918    -8901    -8895 
   -8883    -8869    -8865    -8861    -8853    -8843    -8838    -8846 
   -8858    -8856    -8850    -8846    -8835    -8827    -8829    -8822 
   -8820    -8819    -8810    -8807    -8808    -8812    -8823    -8829 
   -8839    -8860    -8870    -8874    -8878    -8873    -8863    -8851 
   -8830    -8807    -8796    -8783    -8772    -8769    -8764    -8753 
   -8739    -8727    -8718    -8708    -8694    -8673    -8658    -8650 
   -8649    -8650    -8652    -8675    -8711    -8738    -8765    -8789 
   -8808    -8827    -8830    -8835    -8845    -8846    -8856    -8870 
   -8873    -8876    -8880    -8888    -8896    -8895    -8892    -8905 
   -8924    -8932    -8934    -8931    -8919    -8905    -8904    -8916 
   -8923    -8923    -8935    -8934    -8920    -8929    -8941    -8929 
   -8928    -8928    -8920    -8922    -8929    -8928    -8924    -8920 
   -8910    -8900    -8910    -8918    -8912    -8924    -8939    -8937 
   -8947    -8976    -8986    -8985    -8981    -8976    -8976    -8969 
   -8943    -8918    -8899    -8885    -8877    -8858    -8851    -8857 
   -8851    -8843    -8834    -8824    -8830    -8841    -8851    -8865 
   -8874    -8878    -8884    -8887    -8887    -8877    -8861    -8858 
   -8868    -8863    -8850    -8841    -8833    -8830    -8827    -8824 
   -8822    -8804    -8779    -8760    -8739    -8716    -8695    -8671 
   -8648    -8633    -8626    -8625    -8629    -8645    -8661    -8669 
   -8673    -8688    -8710    -8719    -8725    -8739    -8754    -8769 
   -8784    -8797    -8815    -8824    -8830    -8839    -8838    -8826 
   -8823    -8820    -8814    -8806    -8797    -8789    -8777    -8762 
   -8746    -8726    -8707    -8688    -8676    -8671    -8662    -8657 
   -8661    -8679    -8700    -8707    -8710    -8710    -8700    -8698 
   -8695    -8679    -8664    -8649    -8642    -8652    -8661    -8665 
   -8673    -8699    -8735    -8766    -8787    -8808    -8824    -8833 
   -8841    -8853    -8863    -8863    -8853    -8837    -8824    -8822 
   -8827    -8838    -8849    -8856    -8860    -8863    -8870    -8883 
   -8893    -8895    -8889    -8893    -8910    -8916    -8915    -8931 
   -8942    -8937    -8946    -8972    -8992    -9000    -9012    -9026 
   -9042    -9050    -9046    -9051    -9059    -9055    -9050    -9053 
   -9050    -9032    -9016    -9011    -8992    -8951    -8920    -8896 
   -8857    -8819    -8797    -8773    -8745    -8727    -8712    -8706 
   -8704    -8706    -8710    -8707    -8703    -8704    -8708    -8716 
   -8733    -8749    -8761    -8772    -8783    -8791    -8796    -8803 
   -8807    -8812    -8819    -8826    -8833    -8839    -8849    -8850 
   -8847    -8846    -8841    -8833    -8824    -8811    -8796    -8789 
   -8785    -8785    -8787    -8789    -8792    -8799    -8806    -8814 
   -8824    -8839    -8860    -8873    -8880    -8891    -8896    -8896 
   -8896    -8876    -8847    -8838    -8827    -8804    -8787    -8772 
   -8756    -8738    -8721    -8711    -8703    -8694    -8696    -8704 
   -8710    -8711    -8707    -8698    -8692    -8687    -8683    -8677 
   -8664    -8652    -8649    -8654    -8655    -8642    -8630    -8631 
   -8633    -8631    -8645    -8661    -8660    -8649    -8649    -8650 
   -8640    -8626    -8618    -8602    -8572    -8540    -8526    -8523 
   -8515    -8506    -8500    -8510    -8520    -8517    -8529    -8556 
   -8571    -8568    -8568    -8576    -8581    -8576    -8567    -8565 
   -8568    -8568    -8561    -8543    -8532    -8536    -8532    -8513 
   -8500    -8499    -8499    -8490    -8497    -8522    -8536    -8542 
   -8564    -8588    -8594    -8594    -8603    -8622    -8646    -8671 
   -8684    -8688    -8706    -8723    -8730    -8745    -8760    -8770 
   -8785    -8795    -8806    -8819    -8820    -8823    -8827    -8827 
   -8830    -8835    -8841    -8843    -8834    -8826    -8823    -8819 
   -8822    -8829    -8830    -8834    -8841    -8845    -8851    -8861 
   -8874    -8892    -8896    -8896    -8912    -8937    -8961    -8982 
   -9001    -9026    -9049    -9080    -9111    -9123    -9144    -9174 
   -9185    -9200    -9216    -9217    -9223    -9228    -9224    -9225 
   -9229    -9231    -9232    -9234    -9236    -9239    -9236    -9232 
   -9223    -9211    -9194    -9171    -9150    -9127    -9103    -9081 
   -9061    -9034    -9013    -9005    -8980    -8950    -8937    -8920 
   -8893    -8872    -8849    -8816    -8789    -8777    -8764    -8750 
   -8749    -8743    -8742    -8742    -8731    -8723    -8714    -8694 
   -8675    -8652    -8634    -8626    -8612    -8614    -8631    -8637 
   -8630    -8625    -8623    -8610    -8595    -8587    -8557    -8513 
   -8483    -8453    -8414    -8380    -8352    -8329    -8305    -8286 
   -8276    -8263    -8255    -8251    -8240    -8232    -8229    -8226 
   -8232    -8240    -8255    -8275    -8293    -8316    -8340    -8364 
   -8394    -8424    -8453    -8486    -8509    -8522    -8548    -8563 
   -8552    -8553    -8568    -8573    -8568    -8563    -8571    -8579 
   -8590    -8595    -8602    -8625    -8649    -8679    -8704    -8700 
   -8703    -8715    -8716    -8731    -8749    -8756    -8768    -8770 
   -8766    -8769    -8761    -8757    -8760    -8754    -8754    -8757 
   -8757    -8764    -8764    -8761    -8769    -8769    -8762    -8761 
   -8752    -8743    -8734    -8710    -8698    -8694    -8680    -8664 
   -8640    -8612    -8592    -8569    -8546    -8533    -8506    -8474 
   -8461    -8456    -8441    -8428    -8430    -8424    -8411    -8413 
   -8413    -8408    -8424    -8437    -8449    -8474    -8487    -8500 
   -8522    -8517    -8517    -8533    -8525    -8500    -8492    -8486 
   -8464    -8444    -8437    -8424    -8398    -8376    -8363    -8340 
   -8322    -8313    -8297    -8286    -8283    -8278    -8280    -8289 
   -8294    -8301    -8309    -8311    -8313    -8322    -8337    -8351 
   -8368    -8385    -8401    -8417    -8430    -8444    -8454    -8464 
   -8476    -8496    -8520    -8533    -8564    -8614    -8642    -8672 
   -8721    -8761    -8797    -8839    -8876    -8905    -8932    -8958 
   -8976    -8978    -8992    -9013    -9018    -9012    -9012    -9020 
   -9028    -9023    -9027    -9050    -9061    -9067    -9089    -9112 
   -9124    -9142    -9167    -9194    -9223    -9256    -9294    -9329 
   -9369    -9408    -9436    -9458    -9477    -9486    -9491    -9497 
   -9497    -9499    -9506    -9508    -9505    -9504    -9505    -9505 
   -9505    -9508    -9513    -9516    -9517    -9518    -9526    -9532 
   -9535    -9544    -9556    -9560    -9570    -9579    -9589    -9601 
   -9610    -9617    -9624    -9622    -9618    -9607    -9586    -9558 
   -9521    -9477    -9432    -9382    -9331    -9281    -9227    -9173 
   -9119    -9057    -8993    -8920    -8846    -8789    -8719    -8638 
   -8579    -8533    -8490    -8451    -8406    -8378    -8355    -8317 
   -8286    -8262    -8221    -8189    -8163    -8132    -8109    -8087 
   -8060    -8040    -8024    -8006    -7989    -7979    -7977    -7974 
   -7974    -7977    -7981    -7983    -7985    -7987    -7997    -8006 
   -8013    -8025    -8040    -8054    -8070    -8089    -8111    -8137 
   -8163    -8191    -8226    -8266    -8306    -8347    -8391    -8436 
   -8477    -8520    -8564    -8603    -8635    -8662    -8691    -8707 
   -8721    -8742    -8754    -8758    -8766    -8769    -8775    -8780 
   -8780    -8783    -8784    -8781    -8781    -8783    -8781    -8783 
   -8787    -8792    -8796    -8802    -8811    -8824    -8845    -8873 
   -8907    -8943    -8984    -9023    -9053    -9085    -9126    -9147 
   -9161    -9192    -9215    -9223    -9239    -9252    -9256    -9263 
   -9263    -9259    -9255    -9250    -9248    -9246    -9240    -9236 
   -9227    -9213    -9194    -9170    -9147    -9123    -9093    -9065 
   -9031    -8995    -8972    -8945    -8900    -8868    -8853    -8837 
   -8811    -8789    -8783    -8775    -8764    -8758    -8748    -8741 
   -8738    -8731    -8733    -8738    -8745    -8756    -8766    -8783 
   -8797    -8806    -8816    -8818    -8815    -8816    -8814    -8812 
   -8812    -8804    -8796    -8789    -8779    -8772    -8765    -8758 
   -8757    -8760    -8762    -8765    -8776    -8791    -8807    -8826 
   -8842    -8860    -8872    -8874    -8878    -8889    -8899    -8896 
   -8892    -8892    -8891    -8876    -8858    -8851    -8850    -8846 
   -8841    -8838    -8835    -8835    -8842    -8849    -8847    -8846 
   -8835    -8820    -8815    -8816    -8822    -8830    -8835    -8839 
   -8847    -8850    -8849    -8854    -8857    -8857    -8849    -8826 
   -8803    -8791    -8780    -8772    -8772    -8775    -8781    -8795 
   -8812    -8834    -8860    -8885    -8901    -8914    -8922    -8926 
   -8923    -8915    -8923    -8941    -8941    -8935    -8929    -8910 
   -8901    -8911    -8910    -8910    -8919    -8916    -8904    -8914 
   -8929    -8934    -8942    -8955    -8964    -8977    -9011    -9040 
   -9055    -9082    -9121    -9153    -9178    -9212    -9246    -9270 
   -9290    -9312    -9321    -9322    -9316    -9308    -9297    -9278 
   -9258    -9238    -9215    -9193    -9171    -9147    -9123    -9099 
   -9081    -9062    -9038    -9031    -9020    -9001    -9003    -9015 
   -9015    -9018    -9034    -9053    -9063    -9071    -9090    -9112 
   -9124    -9144    -9177    -9197    -9217    -9246    -9263    -9277 
   -9293    -9298    -9300    -9296    -9288    -9277    -9255    -9231 
   -9205    -9173    -9146    -9116    -9088    -9073    -9053    -9032 
   -9026    -9005    -8974    -8958    -8949    -8929    -8908    -8888 
   -8874    -8877    -8885    -8880    -8885    -8903    -8907    -8901 
   -8896    -8901    -8905    -8893    -8887    -8888    -8869    -8845 
   -8827    -8815    -8815    -8815    -8816    -8830    -8842    -8853 
   -8872    -8889    -8915    -8932    -8935    -8955    -8991    -9019 
   -9050    -9086    -9135    -9194    -9248    -9305    -9370    -9428 
   -9482    -9545    -9603    -9651    -9694    -9730    -9752    -9768 
   -9779    -9780    -9771    -9752    -9728    -9702    -9668    -9632 
   -9601    -9567    -9528    -9486    -9448    -9416    -9385    -9355 
   -9335    -9312    -9289    -9270    -9246    -9216    -9182    -9143 
   -9100    -9057    -9019    -8982    -8942    -8919    -8911    -8896 
   -8884    -8883    -8874    -8870    -8888    -8910    -8920    -8935 
   -8949    -8951    -8951    -8959    -8969    -8964    -8945    -8923 
   -8896    -8878    -8847    -8795    -8752    -8703    -8637    -8571 
   -8494    -8414    -8334    -8239    -8141    -8052    -7952    -7854 
   -7769    -7680    -7604    -7539    -7477    -7433    -7402    -7383 
   -7381    -7387    -7398    -7411    -7423    -7434    -7441    -7442 
   -7437    -7426    -7422    -7418    -7416    -7423    -7426    -7431 
   -7439    -7443    -7457    -7468    -7480    -7504    -7522    -7547 
   -7589    -7632    -7684    -7744    -7807    -7870    -7931    -7982 
   -8024    -8064    -8100    -8127    -8152    -8176    -8202    -8237 
   -8274    -8313    -8356    -8398    -8444    -8494    -8540    -8599 
   -8660    -8698    -8730    -8766    -8791    -8802    -8806    -8800 
   -8777    -8742    -8704    -8657    -8602    -8552    -8502    -8456 
   -8414    -8372    -8343    -8321    -8289    -8270    -8262    -8245 
   -8239    -8241    -8236    -8226    -8222    -8209    -8182    -8159 
   -8131    -8104    -8085    -8067    -8060    -8067    -8078    -8109 
   -8149    -8194    -8259    -8328    -8397    -8474    -8545    -8611 
   -8665    -8711    -8764    -8803    -8842    -8888    -8918    -8946 
   -8976    -8986    -8995    -9004    -9022    -9047    -9059    -9082 
   -9136    -9185    -9231    -9292    -9352    -9405    -9463    -9524 
   -9576    -9629    -9679    -9720    -9757    -9791    -9826    -9867 
   -9903    -9954   -10011   -10061   -10120   -10180   -10237   -10296 
  -10347   -10389   -10430   -10450   -10465   -10476   -10477   -10473 
  -10462   -10435   -10404   -10362   -10309   -10250   -10191   -10126 
  -10057    -9989    -9926    -9871    -9814    -9756    -9705    -9651 
   -9593    -9537    -9477    -9413    -9355    -9297    -9239    -9188 
   -9136    -9086    -9038    -9004    -8978    -8949    -8924    -8926 
   -8931    -8929    -8931    -8929    -8926    -8929    -8932    -8920 
   -8908    -8889    -8858    -8839    -8837    -8822    -8800    -8787 
   -8776    -8762    -8756    -8750    -8749    -8748    -8748    -8757 
   -8775    -8802    -8841    -8892    -8958    -9038    -9130    -9235 
   -9355    -9481    -9605    -9733    -9863    -9983   -10095   -10203 
  -10307   -10403   -10489   -10573   -10650   -10720   -10785   -10839 
  -10890   -10932   -10956   -10975   -10978   -10966   -10948   -10921 
  -10886   -10841   -10788   -10735   -10675   -10609   -10544   -10480 
  -10419   -10357   -10301   -10258   -10219   -10191   -10169   -10158 
  -10158   -10157   -10164   -10177   -10185   -10195   -10204   -10204 
  -10201   -10187   -10166   -10143   -10103   -10048    -9991    -9921 
   -9840    -9755    -9661    -9567    -9467    -9359    -9254    -9143 
   -9030    -8927    -8814    -8695    -8603    -8517    -8418    -8332 
   -8271    -8220    -8172    -8141    -8120    -8097    -8081    -8071 
   -8060    -8052    -8050    -8044    -8031    -8014    -7993    -7956 
   -7916    -7873    -7813    -7749    -7677    -7599    -7512    -7411 
   -7311    -7210    -7094    -6978    -6864    -6750    -6637    -6531 
   -6427    -6338    -6257    -6183    -6122    -6072    -6025    -5989 
   -5968    -5952    -5946    -5950    -5958    -5980    -6008    -6043 
   -6095    -6150    -6214    -6289    -6361    -6434    -6505    -6563 
   -6613    -6662    -6705    -6747    -6789    -6840    -6899    -6974 
   -7069    -7182    -7306    -7454    -7618    -7788    -7969    -8148 
   -8321    -8484    -8629    -8758    -8878    -8970    -9050    -9140 
   -9219    -9285    -9367    -9451    -9528    -9616    -9697    -9764 
   -9832    -9883    -9919    -9946    -9952    -9950    -9946    -9929 
   -9913    -9894    -9863    -9841    -9819    -9802    -9792    -9776 
   -9767    -9764    -9753    -9741    -9726    -9705    -9683    -9653 
   -9616    -9571    -9514    -9458    -9400    -9333    -9271    -9205 
   -9137    -9070    -8999    -8927    -8853    -8769    -8696    -8637 
   -8571    -8503    -8449    -8413    -8384    -8361    -8349    -8351 
   -8357    -8371    -8391    -8413    -8437    -8467    -8494    -8527 
   -8561    -8614    -8679    -8725    -8779    -8856    -8929    -9005 
   -9081    -9165    -9265    -9346    -9416    -9493    -9553    -9594 
   -9637    -9666    -9682    -9701    -9705    -9703    -9702    -9693 
   -9684    -9670    -9641    -9614    -9575    -9524    -9463    -9388 
   -9309    -9225    -9131    -9038    -8950    -8865    -8784    -8692 
   -8596    -8499    -8403    -8317    -8229    -8136    -8051    -7973 
   -7893    -7819    -7758    -7703    -7654    -7608    -7565    -7526 
   -7488    -7456    -7430    -7406    -7393    -7392    -7393    -7404 
   -7423    -7442    -7466    -7491    -7520    -7551    -7578    -7605 
   -7631    -7657    -7684    -7704    -7731    -7758    -7782    -7807 
   -7827    -7855    -7882    -7903    -7935    -7964    -7994    -8027 
   -8051    -8073    -8095    -8109    -8125    -8143    -8154    -8171 
   -8194    -8214    -8239    -8267    -8293    -8319    -8349    -8368 
   -8385    -8397    -8391    -8388    -8372    -8340    -8309    -8267 
   -8213    -8172    -8124    -8070    -8029    -7990    -7959    -7947 
   -7946    -7959    -7987    -8025    -8077    -8137    -8201    -8270 
   -8337    -8403    -8473    -8540    -8603    -8654    -8691    -8730 
   -8758    -8769    -8775    -8772    -8758    -8739    -8715    -8691 
   -8672    -8653    -8623    -8592    -8579    -8565    -8550    -8548 
   -8525    -8492    -8474    -8449    -8408    -8367    -8324    -8284 
   -8241    -8205    -8182    -8159    -8147    -8144    -8137    -8136 
   -8139    -8139    -8143    -8141    -8131    -8125    -8121    -8108 
   -8098    -8093    -8083    -8081    -8078    -8075    -8083    -8087 
   -8087    -8094    -8095    -8095    -8098    -8094    -8093    -8094 
   -8090    -8093    -8093    -8093    -8102    -8117    -8132    -8154 
   -8175    -8201    -8233    -8268    -8311    -8355    -8403    -8460 
   -8517    -8581    -8649    -8699    -8738    -8784    -8819    -8843 
   -8868    -8887    -8899    -8903    -8903    -8918    -8951    -8985 
   -9016    -9057    -9101    -9151    -9220    -9278    -9335    -9406 
   -9463    -9514    -9563    -9594    -9622    -9645    -9644    -9643 
   -9632    -9605    -9576    -9548    -9516    -9487    -9459    -9429 
   -9398    -9363    -9331    -9294    -9246    -9201    -9158    -9100 
   -9036    -8978    -8915    -8857    -8792    -8718    -8648    -8564 
   -8471    -8383    -8283    -8171    -8055    -7929    -7797    -7657 
   -7514    -7368    -7221    -7075    -6932    -6797    -6667    -6548 
   -6438    -6331    -6238    -6151    -6065    -5988    -5921    -5854 
   -5795    -5746    -5706    -5679    -5659    -5647    -5644    -5644 
   -5647    -5660    -5683    -5705    -5729    -5759    -5788    -5817 
   -5844    -5871    -5899    -5929    -5960    -5994    -6026    -6061 
   -6100    -6146    -6192    -6237    -6290    -6347    -6400    -6459 
   -6528    -6596    -6675    -6766    -6859    -6961    -7072    -7190 
   -7317    -7446    -7574    -7700    -7823    -7944    -8060    -8175 
   -8283    -8380    -8472    -8557    -8633    -8710    -8791    -8860 
   -8905    -8955    -9011    -9051    -9074    -9093    -9116    -9139 
   -9153    -9166    -9188    -9200    -9205    -9225    -9236    -9243 
   -9256    -9262    -9267    -9273    -9273    -9274    -9273    -9271 
   -9277    -9278    -9285    -9304    -9324    -9350    -9387    -9429 
   -9481    -9540    -9598    -9666    -9734    -9798    -9860    -9918 
   -9971   -10019   -10066   -10111   -10152   -10195   -10234   -10274 
  -10322   -10362   -10404   -10449   -10486   -10527   -10570   -10602 
  -10638   -10678   -10709   -10729   -10751   -10773   -10786   -10797 
  -10808   -10808   -10798   -10783   -10762   -10729   -10683   -10629 
  -10566   -10482   -10392   -10295   -10183   -10066    -9949    -9830 
   -9717    -9603    -9501    -9409    -9316    -9231    -9154    -9069 
   -8986    -8915    -8846    -8768    -8691    -8622    -8546    -8464 
   -8397    -8334    -8266    -8198    -8133    -8063    -7985    -7898 
   -7807    -7708    -7611    -7514    -7415    -7327    -7249    -7176 
   -7117    -7069    -7032    -7001    -6976    -6960    -6952    -6945 
   -6937    -6941    -6943    -6940    -6940    -6939    -6932    -6926 
   -6921    -6919    -6916    -6905    -6897    -6886    -6867    -6852 
   -6831    -6799    -6772    -6739    -6701    -6667    -6629    -6600 
   -6574    -6555    -6547    -6542    -6547    -6554    -6559    -6574 
   -6585    -6590    -6598    -6601    -6612    -6628    -6642    -6673 
   -6709    -6744    -6798    -6858    -6918    -6988    -7055    -7129 
   -7210    -7284    -7364    -7447    -7524    -7601    -7673    -7746 
   -7821    -7886    -7950    -8017    -8073    -8121    -8175    -8224 
   -8264    -8310    -8351    -8387    -8430    -8467    -8502    -8536 
   -8571    -8611    -8637    -8652    -8683    -8706    -8721    -8760 
   -8793    -8814    -8843    -8869    -8888    -8901    -8908    -8915 
   -8916    -8904    -8892    -8896    -8899    -8887    -8877    -8876 
   -8863    -8837    -8808    -8780    -8750    -8723    -8702    -8683 
   -8658    -8641    -8631    -8631    -8640    -8649    -8675    -8712 
   -8743    -8777    -8811    -8835    -8862    -8884    -8908    -8942 
   -8969    -8981    -8991    -8995    -8992    -9003    -9019    -9013 
   -9005    -9013    -9018    -9008    -8992    -8988    -8984    -8958 
   -8931    -8912    -8896    -8878    -8853    -8835    -8816    -8785 
   -8762    -8741    -8708    -8685    -8676    -8665    -8662    -8668 
   -8673    -8691    -8718    -8758    -8803    -8846    -8899    -8965 
   -9035    -9112    -9177    -9239    -9317    -9391    -9454    -9522 
   -9587    -9643    -9701    -9761    -9819    -9882    -9948   -10018 
  -10088   -10158   -10230   -10307   -10374   -10435   -10503   -10557 
  -10604   -10650   -10683   -10717   -10747   -10764   -10779   -10795 
  -10808   -10817   -10827   -10843   -10856   -10870   -10895   -10924 
  -10951   -10989   -11028   -11065   -11105   -11133   -11155   -11168 
  -11169   -11163   -11148   -11124   -11098   -11067   -11029   -10993 
  -10951   -10912   -10878   -10837   -10802   -10773   -10735   -10693 
  -10654   -10615   -10577   -10540   -10504   -10476   -10449   -10423 
  -10401   -10380   -10357   -10332   -10305   -10280   -10257   -10230 
  -10211   -10200   -10187   -10177   -10176   -10170   -10164   -10161 
  -10154   -10143   -10130   -10118   -10107   -10104   -10106   -10104 
  -10115   -10131   -10142   -10154   -10166   -10169   -10173   -10174 
  -10168   -10154   -10133   -10099   -10054   -10002    -9937    -9867 
   -9791    -9713    -9633    -9556    -9489    -9428    -9378    -9335 
   -9292    -9250    -9215    -9174    -9131    -9089    -9043    -8997 
   -8945    -8887    -8847    -8814    -8764    -8726    -8694    -8650 
   -8614    -8590    -8565    -8537    -8497    -8463    -8441    -8408 
   -8364    -8330    -8291    -8244    -8205    -8164    -8120    -8081 
   -8048    -8017    -7997    -7982    -7969    -7960    -7958    -7960 
   -7966    -7974    -7983    -7989    -7993    -7992    -7990    -7985 
   -7978    -7978    -7983    -7990    -8002    -8023    -8051    -8085 
   -8124    -8170    -8213    -8252    -8293    -8333    -8375    -8414 
   -8451    -8487    -8525    -8561    -8594    -8618    -8654    -8698 
   -8739    -8789    -8826    -8850    -8893    -8947    -9003    -9062 
   -9120    -9177    -9243    -9312    -9378    -9447    -9521    -9589 
   -9656    -9726    -9786    -9837    -9887    -9929    -9967   -10002 
  -10038   -10068   -10095   -10121   -10146   -10172   -10195   -10216 
  -10238   -10260   -10284   -10308   -10334   -10362   -10384   -10397 
  -10405   -10407   -10401   -10384   -10359   -10329   -10292   -10254 
  -10212   -10164   -10127   -10093   -10060   -10034   -10007    -9984 
   -9963    -9938    -9915    -9898    -9882    -9868    -9863    -9869 
   -9886    -9909    -9931    -9961    -9988   -10003   -10011   -10014 
  -10007    -9996    -9981    -9963    -9945    -9926    -9907    -9904 
   -9902    -9894    -9896    -9896    -9887    -9876    -9857    -9830 
   -9795    -9751    -9707    -9667    -9621    -9580    -9547    -9517 
   -9497    -9482    -9471    -9472    -9475    -9481    -9494    -9501 
   -9508    -9521    -9526    -9529    -9540    -9545    -9552    -9568 
   -9586    -9603    -9632    -9661    -9691    -9724    -9751    -9776 
   -9799    -9814    -9830    -9845    -9850    -9852    -9852    -9852 
   -9847    -9844    -9836    -9819    -9801    -9780    -9757    -9734 
   -9714    -9698    -9682    -9660    -9645    -9628    -9603    -9585 
   -9559    -9526    -9494    -9447    -9401    -9358    -9300    -9244 
   -9188    -9124    -9069    -9008    -8951    -8915    -8872    -8829 
   -8799    -8765    -8741    -8729    -8715    -8702    -8684    -8673 
   -8673    -8669    -8669    -8671    -8680    -8707    -8739    -8770 
   -8799    -8822    -8846    -8872    -8892    -8916    -8934    -8945 
   -8957    -8961    -8961    -8972    -8981    -8986    -8988    -8986 
   -8997    -9012    -9008    -8999    -8997    -9001    -8993    -8972 
   -8964    -8968    -8966    -8954    -8937    -8924    -8923    -8920 
   -8907    -8896    -8885    -8857    -8833    -8826    -8810    -8785 
   -8766    -8737    -8700    -8669    -8640    -8608    -8577    -8525 
   -8461    -8414    -8367    -8303    -8247    -8202    -8154    -8106 
   -8067    -8033    -8002    -7964    -7929    -7901    -7863    -7823 
   -7785    -7738    -7690    -7651    -7612    -7568    -7528    -7489 
   -7450    -7422    -7398    -7372    -7357    -7344    -7335    -7334 
   -7331    -7334    -7335    -7334    -7346    -7353    -7357    -7372 
   -7381    -7395    -7422    -7444    -7473    -7506    -7534    -7565 
   -7593    -7619    -7651    -7676    -7697    -7717    -7732    -7744 
   -7756    -7767    -7776    -7777    -7777    -7780    -7780    -7776 
   -7777    -7782    -7793    -7799    -7812    -7827    -7838    -7850 
   -7859    -7860    -7862    -7859    -7851    -7842    -7827    -7815 
   -7798    -7777    -7758    -7736    -7711    -7685    -7662    -7641 
   -7624    -7605    -7584    -7565    -7545    -7515    -7493    -7469 
   -7442    -7420    -7403    -7388    -7376    -7372    -7371    -7372 
   -7381    -7396    -7411    -7431    -7458    -7487    -7514    -7546 
   -7577    -7600    -7627    -7657    -7685    -7715    -7749    -7782 
   -7819    -7857    -7896    -7944    -7996    -8040    -8087    -8135 
   -8176    -8218    -8263    -8307    -8355    -8398    -8441    -8483 
   -8522    -8556    -8581    -8600    -8638    -8675    -8694    -8704 
   -8723    -8753    -8783    -8819    -8866    -8918    -8970    -9016 
   -9066    -9131    -9189    -9227    -9273    -9321    -9354    -9383 
   -9417    -9444    -9466    -9485    -9505    -9526    -9551    -9575 
   -9599    -9624    -9643    -9659    -9674    -9682    -9690    -9694 
   -9688    -9686    -9679    -9667    -9660    -9651    -9640    -9633 
   -9622    -9621    -9620    -9613    -9614    -9610    -9606    -9607 
   -9602    -9602    -9605    -9598    -9596    -9598    -9593    -9589 
   -9583    -9574    -9563    -9558    -9552    -9548    -9543    -9537 
   -9537    -9540    -9540    -9544    -9549    -9552    -9556    -9559 
   -9556    -9552    -9549    -9544    -9537    -9533    -9526    -9521 
   -9517    -9513    -9510    -9508    -9505    -9499    -9491    -9482 
   -9466    -9451    -9432    -9414    -9405    -9394    -9379    -9369 
   -9355    -9342    -9328    -9312    -9301    -9288    -9273    -9256 
   -9240    -9227    -9212    -9201    -9196    -9185    -9178    -9171 
   -9162    -9158    -9147    -9139    -9135    -9124    -9115    -9109 
   -9104    -9097    -9093    -9099    -9094    -9090    -9097    -9089 
   -9088    -9100    -9093    -9088    -9101    -9096    -9093    -9109 
   -9107    -9104    -9124    -9128    -9136    -9161    -9174    -9196 
   -9229    -9252    -9282    -9324    -9362    -9402    -9448    -9489 
   -9526    -9566    -9598    -9626    -9656    -9679    -9702    -9732 
   -9744    -9756    -9771    -9771    -9769    -9767    -9759    -9751 
   -9740    -9726    -9703    -9679    -9661    -9636    -9612    -9590 
   -9560    -9532    -9502    -9474    -9450    -9416    -9383    -9354 
   -9309    -9265    -9219    -9166    -9120    -9070    -9019    -8978 
   -8927    -8868    -8830    -8799    -8760    -8721    -8684    -8640 
   -8607    -8583    -8548    -8507    -8482    -8467    -8444    -8414 
   -8397    -8380    -8351    -8324    -8301    -8264    -8226    -8190 
   -8144    -8102    -8059    -8012    -7967    -7923    -7875    -7827 
   -7780    -7739    -7701    -7668    -7632    -7599    -7568    -7537 
   -7510    -7488    -7461    -7441    -7419    -7396    -7381    -7365 
   -7344    -7326    -7307    -7294    -7283    -7269    -7263    -7258 
   -7252    -7253    -7260    -7264    -7277    -7291    -7302    -7315 
   -7322    -7326    -7326    -7323    -7325    -7319    -7310    -7306 
   -7300    -7292    -7284    -7284    -7290    -7290    -7288    -7291 
   -7294    -7298    -7299    -7306    -7314    -7321    -7333    -7348 
   -7365    -7388    -7414    -7438    -7466    -7501    -7535    -7568 
   -7603    -7638    -7673    -7708    -7743    -7780    -7817    -7850 
   -7879    -7916    -7955    -7994    -8035    -8075    -8118    -8163 
   -8202    -8243    -8286    -8321    -8357    -8397    -8431    -8463 
   -8496    -8530    -8559    -8590    -8629    -8661    -8677    -8699 
   -8729    -8748    -8761    -8776    -8781    -8777    -8777    -8780 
   -8770    -8761    -8760    -8752    -8738    -8729    -8711    -8691 
   -8677    -8667    -8660    -8642    -8615    -8598    -8581    -8565 
   -8557    -8545    -8519    -8492    -8476    -8459    -8428    -8394 
   -8374    -8345    -8305    -8276    -8245    -8202    -8174    -8148 
   -8120    -8098    -8078    -8063    -8051    -8033    -8017    -8006 
   -7993    -7969    -7956    -7939    -7908    -7884    -7855    -7817 
   -7785    -7742    -7701    -7669    -7627    -7589    -7562    -7530 
   -7501    -7474    -7449    -7431    -7410    -7388    -7371    -7354 
   -7338    -7325    -7311    -7302    -7294    -7291    -7295    -7304 
   -7322    -7346    -7375    -7404    -7439    -7476    -7512    -7553 
   -7596    -7634    -7670    -7708    -7744    -7782    -7820    -7854 
   -7889    -7923    -7954    -7987    -8019    -8047    -8078    -8110 
   -8144    -8181    -8215    -8252    -8289    -8324    -8361    -8398 
   -8433    -8469    -8499    -8525    -8557    -8576    -8591    -8627 
   -8662    -8684    -8703    -8730    -8765    -8793    -8819    -8851 
   -8884    -8910    -8934    -8949    -8970    -9011    -9045    -9062 
   -9085    -9112    -9135    -9150    -9163    -9184    -9196    -9205 
   -9225    -9236    -9244    -9259    -9271    -9288    -9308    -9328 
   -9351    -9378    -9410    -9440    -9472    -9502    -9530    -9567 
   -9596    -9622    -9653    -9678    -9699    -9725    -9747    -9764 
   -9776    -9780    -9784    -9786    -9778    -9769    -9763    -9748 
   -9729    -9705    -9678    -9651    -9618    -9579    -9544    -9504 
   -9456    -9412    -9362    -9306    -9256    -9202    -9147    -9100 
   -9049    -8999    -8946    -8892    -8851    -8806    -8752    -8708 
   -8662    -8610    -8563    -8517    -8476    -8433    -8384    -8345 
   -8313    -8268    -8233    -8201    -8160    -8129    -8101    -8070 
   -8043    -8016    -7989    -7967    -7943    -7925    -7909    -7890 
   -7874    -7860    -7846    -7830    -7811    -7792    -7770    -7746 
   -7727    -7704    -7681    -7661    -7642    -7628    -7614    -7599 
   -7591    -7578    -7568    -7562    -7555    -7551    -7550    -7553 
   -7565    -7577    -7591    -7608    -7631    -7657    -7688    -7720 
   -7753    -7789    -7827    -7860    -7894    -7928    -7962    -7992 
   -8021    -8052    -8078    -8105    -8132    -8155    -8177    -8208 
   -8236    -8260    -8289    -8321    -8349    -8382    -8413    -8441 
   -8474    -8507    -8536    -8571    -8607    -8629    -8650    -8679 
   -8700    -8723    -8757    -8783    -8796    -8812    -8826    -8839 
   -8856    -8872    -8877    -8880    -8887    -8889    -8892    -8885 
   -8876    -8877    -8888    -8893    -8895    -8899    -8905    -8904 
   -8892    -8889    -8903    -8911    -8910    -8919    -8929    -8920 
   -8914    -8929    -8943    -8939    -8941    -8937    -8923    -8928 
   -8939    -8932    -8931    -8932    -8926    -8934    -8954    -8966 
   -8970    -8980    -8992    -9009    -9032    -9036    -9036    -9058 
   -9077    -9081    -9093    -9116    -9134    -9147    -9173    -9197 
   -9215    -9244    -9271    -9292    -9324    -9354    -9377    -9412 
   -9441    -9468    -9504    -9536    -9563    -9594    -9620    -9647 
   -9675    -9688    -9702    -9725    -9736    -9742    -9756    -9764 
   -9774    -9784    -9791    -9802    -9811    -9819    -9837    -9852 
   -9864    -9882    -9898    -9911    -9929    -9946    -9961    -9977 
   -9994   -10012   -10030   -10049   -10073   -10096   -10119   -10142 
  -10166   -10192   -10218   -10242   -10266   -10289   -10315   -10342 
  -10365   -10388   -10413   -10436   -10459   -10480   -10501   -10525 
  -10546   -10566   -10590   -10609   -10632   -10656   -10677   -10698 
  -10722   -10744   -10766   -10787   -10810   -10835   -10858   -10881 
  -10901   -10921   -10944   -10963   -10987   -11009   -11026   -11041 
  -11057   -11070   -11078   -11086   -11094   -11095   -11094   -11094 
  -11087   -11083   -11080   -11070   -11059   -11052   -11041   -11026 
  -11011   -10995   -10982   -10968   -10951   -10935   -10920   -10902 
  -10885   -10871   -10856   -10839   -10820   -10800   -10781   -10764 
  -10744   -10721   -10702   -10682   -10667   -10656   -10639   -10628 
  -10621   -10605   -10593   -10577   -10555   -10532   -10504   -10478 
  -10447   -10409   -10377   -10346   -10312   -10282   -10250   -10220 
  -10193   -10161   -10129   -10100   -10068   -10035   -10003    -9960 
   -9922    -9884    -9836    -9794    -9757    -9717    -9676    -9637 
   -9599    -9562    -9521    -9485    -9445    -9404    -9369    -9328 
   -9292    -9258    -9217    -9182    -9150    -9116    -9086    -9059 
   -9031    -9004    -8985    -8970    -8941    -8911    -8903    -8891 
   -8865    -8851    -8843    -8819    -8795    -8772    -8750    -8733 
   -8711    -8685    -8655    -8626    -8600    -8577    -8556    -8542 
   -8525    -8496    -8474    -8469    -8453    -8430    -8417    -8404 
   -8387    -8376    -8367    -8352    -8344    -8341    -8329    -8322 
   -8317    -8305    -8298    -8291    -8279    -8268    -8260    -8251 
   -8237    -8226    -8218    -8212    -8206    -8195    -8182    -8176 
   -8166    -8154    -8147    -8135    -8125    -8118    -8109    -8104 
   -8097    -8091    -8091    -8093    -8095    -8098    -8102    -8109 
   -8116    -8125    -8135    -8139    -8149    -8160    -8166    -8176 
   -8186    -8195    -8206    -8215    -8225    -8236    -8248    -8260 
   -8267    -8279    -8294    -8306    -8319    -8337    -8352    -8368 
   -8384    -8403    -8421    -8436    -8451    -8469    -8479    -8494 
   -8510    -8513    -8530    -8557    -8561    -8573    -8604    -8631 
   -8648    -8661    -8680    -8703    -8715    -8729    -8749    -8760 
   -8772    -8789    -8804    -8819    -8835    -8847    -8858    -8865 
   -8869    -8878    -8888    -8888    -8881    -8872    -8873    -8883 
   -8881    -8874    -8874    -8880    -8880    -8865    -8847    -8843 
   -8846    -8846    -8843    -8835    -8822    -8807    -8791    -8772 
   -8752    -8734    -8712    -8692    -8673    -8649    -8622    -8606 
   -8595    -8569    -8530    -8500    -8482    -8451    -8411    -8376 
   -8351    -8317    -8272    -8243    -8212    -8174    -8147    -8118 
   -8087    -8060    -8028    -8002    -7977    -7942    -7913    -7882 
   -7846    -7808    -7765    -7723    -7682    -7635    -7596    -7550 
   -7501    -7461    -7418    -7377    -7334    -7287    -7252    -7221 
   -7187    -7159    -7127    -7099    -7079    -7056    -7036    -7018 
   -6999    -6980    -6966    -6949    -6934    -6922    -6909    -6901 
   -6895    -6891    -6893    -6895    -6901    -6909    -6917    -6930 
   -6947    -6959    -6971    -6982    -6994    -7006    -7013    -7022 
   -7032    -7033    -7037    -7042    -7040    -7040    -7044    -7044 
   -7042    -7042    -7044    -7048    -7049    -7053    -7056    -7056 
   -7061    -7065    -7068    -7074    -7078    -7083    -7091    -7094 
   -7099    -7107    -7114    -7121    -7132    -7144    -7155    -7169 
   -7180    -7191    -7207    -7218    -7231    -7248    -7260    -7273 
   -7288    -7299    -7312    -7326    -7339    -7354    -7366    -7381 
   -7396    -7408    -7423    -7438    -7452    -7465    -7474    -7491 
   -7504    -7515    -7530    -7535    -7545    -7562    -7566    -7572 
   -7585    -7589    -7597    -7609    -7616    -7626    -7632    -7641 
   -7654    -7662    -7670    -7684    -7699    -7712    -7732    -7751 
   -7774    -7798    -7819    -7842    -7867    -7886    -7906    -7928 
   -7946    -7966    -7985    -8005    -8023    -8032    -8048    -8070 
   -8081    -8091    -8105    -8114    -8124    -8129    -8132    -8135 
   -8133    -8131    -8127    -8120    -8113    -8109    -8104    -8098 
   -8097    -8097    -8095    -8098    -8098    -8097    -8100    -8104 
   -8106    -8110    -8113    -8118    -8127    -8135    -8144    -8154 
   -8162    -8168    -8176    -8185    -8186    -8190    -8199    -8203 
   -8210    -8220    -8222    -8229    -8237    -8243    -8253    -8263 
   -8271    -8280    -8289    -8298    -8311    -8321    -8328    -8336 
   -8345    -8352    -8361    -8371    -8376    -8388    -8401    -8404 
   -8413    -8421    -8428    -8437    -8441    -8451    -8464    -8471 
   -8486    -8492    -8499    -8526    -8537    -8537    -8564    -8581 
   -8573    -8576    -8579    -8583    -8586    -8569    -8550    -8548 
   -8540    -8523    -8503    -8484    -8477    -8467    -8444    -8437 
   -8428    -8403    -8385    -8379    -8355    -8333    -8324    -8302 
   -8286    -8283    -8270    -8264    -8266    -8263    -8267    -8272 
   -8275    -8284    -8290    -8299    -8309    -8317    -8330    -8348 
   -8361    -8379    -8397    -8418    -8437    -8457    -8480    -8505 
   -8536    -8552    -8565    -8607    -8637    -8645    -8669    -8700 
   -8719    -8741    -8770    -8799    -8824    -8853    -8885    -8914 
   -8937    -8961    -8980    -8995    -9015    -9038    -9055    -9063 
   -9086    -9115    -9127    -9144    -9174    -9193    -9208    -9234 
   -9256    -9274    -9297    -9312    -9327    -9347    -9362    -9378 
   -9393    -9408    -9423    -9436    -9454    -9477    -9494    -9510 
   -9530    -9548    -9563    -9579    -9594    -9613    -9626    -9641 
   -9661    -9676    -9691    -9715    -9738    -9761    -9790    -9814 
   -9837    -9865    -9891    -9919    -9945    -9965    -9994   -10022 
  -10048   -10079   -10111   -10137   -10168   -10199   -10228   -10261 
  -10295   -10326   -10357   -10390   -10419   -10450   -10485   -10511 
  -10537   -10563   -10584   -10612   -10632   -10646   -10667   -10682 
  -10693   -10704   -10708   -10719   -10727   -10732   -10740   -10748 
  -10754   -10762   -10770   -10775   -10783   -10794   -10801   -10810 
  -10816   -10813   -10816   -10818   -10817   -10818   -10813   -10809 
  -10806   -10800   -10795   -10790   -10779   -10773   -10766   -10752 
  -10740   -10733   -10721   -10706   -10694   -10679   -10666   -10648 
  -10624   -10608   -10586   -10558   -10535   -10507   -10480   -10458 
  -10428   -10399   -10376   -10347   -10316   -10287   -10260   -10230 
  -10206   -10179   -10146   -10116   -10087   -10055   -10027    -9998 
   -9967    -9934    -9900    -9867    -9833    -9796    -9764    -9730 
   -9694    -9660    -9624    -9591    -9559    -9524    -9495    -9471 
   -9444    -9423    -9404    -9386    -9371    -9355    -9348    -9337 
   -9327    -9320    -9312    -9308    -9301    -9293    -9290    -9285 
   -9278    -9274    -9271    -9267    -9265    -9259    -9252    -9252 
   -9252    -9246    -9243    -9242    -9235    -9228    -9223    -9215 
   -9205    -9196    -9182    -9169    -9154    -9137    -9120    -9101 
   -9081    -9065    -9045    -9019    -9008    -8989    -8954    -8932 
   -8920    -8903    -8878    -8858    -8841    -8806    -8773    -8758 
   -8739    -8721    -8710    -8691    -8669    -8649    -8629    -8625 
   -8619    -8608    -8612    -8622    -8615    -8614    -8622    -8629 
   -8642    -8667    -8675    -8672    -8687    -8707    -8716    -8727 
   -8738    -8749    -8768    -8780    -8795    -8818    -8830    -8843 
   -8858    -8865    -8877    -8891    -8896    -8896    -8891    -8900 
   -8920    -8924    -8926    -8937    -8938    -8929    -8935    -8954 
   -8961    -8959    -8959    -8959    -8969    -8981    -8980    -8977 
   -8976    -8978    -8985    -8976    -8958    -8951    -8946    -8939 
   -8928    -8910    -8887    -8874    -8876    -8865    -8842    -8830 
   -8823    -8810    -8797    -8785    -8773    -8761    -8750    -8738 
   -8726    -8716    -8706    -8698    -8694    -8685    -8673    -8662 
   -8652    -8652    -8655    -8641    -8618    -8606    -8598    -8587 
   -8586    -8587    -8572    -8559    -8563    -8568    -8568    -8563 
   -8557    -8567    -8576    -8575    -8571    -8567    -8577    -8592 
   -8594    -8592    -8595    -8607    -8622    -8635    -8641    -8640 
   -8652    -8658    -8653    -8667    -8685    -8688    -8679    -8673 
   -8675    -8675    -8669    -8664    -8658    -8662    -8671    -8667 
   -8650    -8644    -8637    -8623    -8612    -8608    -8604    -8590 
   -8561    -8548    -8543    -8527    -8513    -8494    -8477    -8474 
   -8459    -8434    -8431    -8421    -8395    -8387    -8378    -8352 
   -8343    -8332    -8310    -8302    -8290    -8272    -8263    -8244 
   -8228    -8218    -8198    -8182    -8171    -8151    -8139    -8129 
   -8111    -8100    -8086    -8073    -8063    -8050    -8035    -8024 
   -8012    -8000    -7986    -7973    -7962    -7948    -7935    -7924 
   -7912    -7901    -7893    -7882    -7870    -7857    -7847    -7839 
   -7830    -7823    -7816    -7809    -7804    -7798    -7793    -7789 
   -7782    -7773    -7767    -7761    -7753    -7744    -7738    -7730 
   -7723    -7723    -7719    -7713    -7709    -7707    -7704    -7700 
   -7699    -7700    -7697    -7696    -7695    -7685    -7682    -7682 
   -7681    -7685    -7688    -7685    -7690    -7696    -7701    -7709 
   -7720    -7732    -7742    -7755    -7773    -7785    -7797    -7811 
   -7827    -7843    -7854    -7870    -7889    -7902    -7917    -7935 
   -7950    -7963    -7978    -7997    -8013    -8025    -8040    -8060 
   -8077    -8091    -8108    -8125    -8141    -8158    -8176    -8195 
   -8214    -8235    -8257    -8280    -8299    -8316    -8338    -8363 
   -8382    -8397    -8413    -8430    -8441    -8449    -8461    -8474 
   -8479    -8490    -8507    -8506    -8513    -8536    -8533    -8526 
   -8540    -8553    -8549    -8545    -8553    -8568    -8572    -8567 
   -8568    -8576    -8581    -8579    -8575    -8571    -8576    -8583 
   -8581    -8573    -8569    -8579    -8588    -8590    -8583    -8579 
   -8587    -8594    -8596    -8592    -8584    -8588    -8594    -8598 
   -8594    -8579    -8573    -8577    -8573    -8571    -8559    -8546 
   -8552    -8552    -8542    -8530    -8529    -8540    -8537    -8526 
   -8529    -8538    -8542    -8536    -8537    -8552    -8553    -8546 
   -8550    -8557    -8564    -8563    -8553    -8557    -8567    -8564 
   -8553    -8548    -8548    -8550    -8542    -8529    -8526    -8530 
   -8525    -8510    -8506    -8507    -8496    -8479    -8474    -8473 
   -8453    -8434    -8428    -8411    -8387    -8382    -8372    -8349 
   -8343    -8338    -8324    -8319    -8317    -8309    -8309    -8309 
   -8306    -8307    -8306    -8307    -8310    -8311    -8316    -8321 
   -8319    -8329    -8340    -8345    -8357    -8370    -8380    -8398 
   -8414    -8431    -8449    -8467    -8487    -8509    -8537    -8552 
   -8565    -8606    -8638    -8652    -8672    -8699    -8721    -8734 
   -8752    -8775    -8793    -8806    -8820    -8833    -8838    -8839 
   -8842    -8843    -8846    -8849    -8851    -8847    -8841    -8834 
   -8830    -8829    -8830    -8837    -8838    -8835    -8834    -8829 
   -8829    -8830    -8835    -8839    -8839    -8835    -8827    -8819 
   -8815    -8816    -8822    -8827    -8830    -8835    -8839    -8841 
   -8843    -8850    -8861    -8868    -8869    -8866    -8861    -8865 
   -8881    -8887    -8889    -8900    -8910    -8915    -8910    -8907 
   -8923    -8939    -8941    -8947    -8954    -8947    -8951    -8972 
   -8981    -8977    -8977    -8980    -8992    -9003    -8996    -8996 
   -9008    -9015    -9012    -9008    -9019    -9032    -9028    -9024 
   -9038    -9049    -9050    -9047    -9058    -9069    -9062    -9063 
   -9080    -9076    -9069    -9082    -9084    -9073    -9078    -9086 
   -9078    -9078    -9086    -9082    -9081    -9089    -9088    -9086 
   -9103    -9108    -9104    -9124    -9139    -9136    -9155    -9174 
   -9178    -9198    -9212    -9217    -9238    -9248    -9255    -9273 
   -9279    -9288    -9301    -9305    -9315    -9325    -9329    -9339 
   -9344    -9350    -9364    -9370    -9375    -9393    -9401    -9410 
   -9425    -9431    -9440    -9450    -9454    -9463    -9472    -9475 
   -9485    -9490    -9495    -9506    -9508    -9516    -9526    -9530 
   -9539    -9544    -9548    -9553    -9556    -9555    -9558    -9566 
   -9568    -9566    -9575    -9583    -9587    -9595    -9603    -9613 
   -9622    -9626    -9633    -9640    -9641    -9648    -9653    -9651 
   -9655    -9661    -9657    -9659    -9664    -9662    -9662    -9662 
   -9662    -9668    -9668    -9667    -9672    -9675    -9676    -9679 
   -9682    -9688    -9693    -9694    -9702    -9705    -9709    -9714 
   -9718    -9725    -9728    -9726    -9728    -9726    -9725    -9724 
   -9724    -9724    -9721    -9720    -9715    -9707    -9705    -9698 
   -9690    -9687    -9680    -9674    -9668    -9662    -9659    -9652 
   -9647    -9644    -9639    -9634    -9633    -9629    -9626    -9625 
   -9626    -9624    -9621    -9622    -9622    -9621    -9626    -9626 
   -9624    -9629    -9632    -9628    -9629    -9625    -9621    -9621 
   -9614    -9607    -9599    -9585    -9578    -9567    -9551    -9537 
   -9521    -9508    -9491    -9475    -9463    -9443    -9428    -9418 
   -9404    -9393    -9381    -9370    -9364    -9348    -9335    -9329 
   -9317    -9304    -9289    -9277    -9262    -9243    -9225    -9209 
   -9190    -9169    -9146    -9127    -9104    -9080    -9058    -9038 
   -9019    -8985    -8955    -8946    -8919    -8884    -8849    -8811 
   -8785    -8758    -8729    -8704    -8679    -8658    -8631    -8588 
   -8553    -8525    -8496    -8473    -8441    -8408    -8391    -8368 
   -8338    -8324    -8306    -8279    -8266    -8252    -8229    -8214 
   -8201    -8185    -8172    -8158    -8144    -8135    -8125    -8114 
   -8102    -8091    -8081    -8075    -8066    -8052    -8048    -8040 
   -8031    -8028    -8023    -8014    -8009    -8002    -8002    -7998 
   -7994    -7998    -7993    -7992    -7996    -7997    -8002    -8005 
   -8009    -8019    -8019    -8023    -8032    -8037    -8044    -8051 
   -8055    -8064    -8070    -8073    -8082    -8087    -8095    -8104 
   -8108    -8116    -8125    -8133    -8144    -8152    -8162    -8174 
   -8179    -8189    -8199    -8205    -8213    -8218    -8225    -8239 
   -8244    -8248    -8260    -8266    -8270    -8283    -8293    -8299 
   -8307    -8314    -8324    -8332    -8338    -8347    -8349    -8356 
   -8365    -8365    -8374    -8380    -8380    -8387    -8388    -8390 
   -8394    -8391    -8391    -8398    -8397    -8401    -8406    -8403 
   -8407    -8408    -8407    -8408    -8407    -8408    -8407    -8401 
   -8403    -8398    -8395    -8395    -8387    -8385    -8382    -8368 
   -8371    -8368    -8357    -8357    -8352    -8349    -8351    -8347 
   -8347    -8343    -8344    -8347    -8340    -8341    -8340    -8334 
   -8337    -8330    -8324    -8326    -8318    -8317    -8321    -8311 
   -8313    -8318    -8311    -8316    -8318    -8313    -8316    -8318 
   -8318    -8321    -8324    -8322    -8322    -8322    -8321    -8317 
   -8317    -8316    -8313    -8311    -8310    -8311    -8316    -8316 
   -8321    -8324    -8324    -8338    -8345    -8351    -8365    -8371 
   -8380    -8397    -8403    -8414    -8431    -8440    -8453    -8472 
   -8474    -8484    -8509    -8515    -8519    -8540    -8550    -8549 
   -8553    -8576    -8594    -8592    -8592    -8604    -8614    -8631 
   -8645    -8634    -8638    -8652    -8649    -8658    -8677    -8688 
   -8694    -8688    -8688    -8696    -8700    -8704    -8707    -8711 
   -8716    -8721    -8734    -8746    -8758    -8769    -8776    -8784 
   -8785    -8787    -8792    -8792    -8792    -8797    -8796    -8802 
   -8812    -8815    -8824    -8830    -8835    -8845    -8847    -8854 
   -8870    -8880    -8889    -8892    -8889    -8904    -8926    -8932 
   -8945    -8957    -8954    -8958    -8977    -8992    -8996    -8993 
   -8996    -9012    -9022    -9018    -9019    -9028    -9035    -9031 
   -9026    -9035    -9042    -9026    -9020    -9031    -9022    -9003 
   -9000    -9000    -8992    -8974    -8958    -8961    -8957    -8937 
   -8923    -8907    -8900    -8904    -8887    -8878    -8884    -8866 
   -8841    -8823    -8812    -8808    -8803    -8789    -8783    -8779 
   -8761    -8750    -8745    -8729    -8721    -8714    -8702    -8708 
   -8707    -8696    -8695    -8677    -8660    -8657    -8646    -8640 
   -8633    -8629    -8634    -8622    -8604    -8602    -8596    -8586 
   -8592    -8591    -8571    -8567    -8579    -8577    -8579    -8576 
   -8567    -8579    -8590    -8584    -8579    -8575    -8579    -8590 
   -8588    -8583    -8575    -8572    -8579    -8577    -8565    -8559 
   -8559    -8559    -8559    -8546    -8538    -8545    -8545    -8540 
   -8533    -8536    -8546    -8545    -8536    -8540    -8553    -8553 
   -8543    -8545    -8559    -8561    -8556    -8545    -8549    -8564 
   -8556    -8545    -8545    -8542    -8543    -8536    -8520    -8523 
   -8522    -8505    -8499    -8502    -8497    -8486    -8474    -8476 
   -8471    -8454    -8451    -8451    -8436    -8430    -8431    -8414 
   -8408    -8411    -8397    -8390    -8388    -8379    -8374    -8365 
   -8356    -8356    -8345    -8336    -8330    -8318    -8314    -8307 
   -8297    -8291    -8281    -8272    -8268    -8263    -8255    -8248 
   -8241    -8235    -8232    -8229    -8224    -8222    -8217    -8214 
   -8215    -8210    -8205    -8209    -8212    -8209    -8210    -8215 
   -8220    -8228    -8233    -8237    -8245    -8247    -8253    -8264 
   -8267    -8276    -8279    -8281    -8293    -8290    -8294    -8303 
   -8298    -8305    -8311    -8313    -8322    -8329    -8333    -8344 
   -8352    -8361    -8372    -8384    -8394    -8401    -8417    -8433 
   -8446    -8461    -8473    -8490    -8510    -8522    -8533    -8557 
   -8584    -8596    -8603    -8622    -8645    -8669    -8692    -8699 
   -8706    -8726    -8742    -8752    -8769    -8780    -8785    -8804 
   -8815    -8820    -8841    -8853    -8866    -8880    -8877    -8878 
   -8893    -8911    -8927    -8937    -8949    -8962    -8959    -8968 
   -8993    -9004    -9001    -9004    -9019    -9034    -9036    -9038 
   -9053    -9069    -9066    -9066    -9086    -9096    -9092    -9108 
   -9117    -9111    -9123    -9132    -9127    -9136    -9140    -9136 
   -9144    -9144    -9140    -9150    -9153    -9153    -9161    -9163 
   -9166    -9174    -9180    -9188    -9193    -9204    -9213    -9220 
   -9229    -9236    -9243    -9252    -9255    -9263    -9267    -9270 
   -9277    -9281    -9285    -9288    -9288    -9290    -9293    -9292 
   -9292    -9289    -9286    -9283    -9275    -9273    -9270    -9259 
   -9251    -9244    -9235    -9228    -9219    -9209    -9205    -9193 
   -9180    -9174    -9163    -9154    -9147    -9134    -9121    -9113 
   -9101    -9090    -9082    -9070    -9062    -9058    -9040    -9032 
   -9038    -9022    -9001    -9004    -9003    -8982    -8970    -8976 
   -8976    -8966    -8954    -8946    -8947    -8949    -8949    -8946 
   -8935    -8931    -8943    -8950    -8945    -8941    -8937    -8935 
   -8943    -8951    -8945    -8939    -8938    -8937    -8947    -8950 
   -8939    -8938    -8928    -8926    -8941    -8934    -8924    -8924 
   -8905    -8901    -8918    -8910    -8907    -8910    -8891    -8876 
   -8887    -8896    -8895    -8893    -8896    -8899    -8892    -8880 
   -8885    -8896    -8895    -8892    -8896    -8900    -8892    -8876 
   -8873    -8887    -8887    -8874    -8874    -8881    -8878    -8870 
   -8858    -8851    -8860    -8861    -8858    -8861    -8857    -8857 
   -8865    -8865    -8860    -8850    -8843    -8849    -8851    -8854 
   -8860    -8857    -8856    -8863    -8869    -8865    -8856    -8843 
   -8841    -8846    -8849    -8851    -8851    -8846    -8845    -8847 
   -8846    -8850    -8845    -8830    -8822    -8816    -8811    -8814 
   -8816    -8814    -8815    -8822    -8819    -8815    -8814    -8807 
   -8808    -8808    -8804    -8807    -8806    -8807    -8811    -8806 
   -8807    -8804    -8789    -8787    -8783    -8772    -8772    -8770 
   -8765    -8768    -8765    -8762    -8768    -8765    -8764    -8768 
   -8769    -8768    -8772    -8770    -8775    -8781    -8784    -8787 
   -8791    -8795    -8799    -8800    -8804    -8808    -8807    -8812 
   -8820    -8827    -8834    -8838    -8843    -8846    -8845    -8850 
   -8857    -8861    -8862    -8850    -8842    -8843    -8846    -8860 
   -8866    -8866    -8870    -8876    -8887    -8892    -8880    -8876 
   -8887    -8895    -8904    -8905    -8910    -8922    -8915    -8911 
   -8928    -8941    -8947    -8955    -8957    -8957    -8969    -8988 
   -8993    -8991    -8997    -9012    -9026    -9027    -9024    -9038 
   -9051    -9050    -9046    -9059    -9070    -9061    -9065    -9081 
   -9076    -9071    -9086    -9084    -9076    -9085    -9086    -9078 
   -9081    -9086    -9078    -9076    -9081    -9080    -9077    -9082 
   -9078    -9070    -9081    -9086    -9076    -9080    -9086    -9074 
   -9076    -9086    -9073    -9067    -9076    -9061    -9049    -9054 
   -9046    -9026    -9024    -9023    -9004    -8993    -8992    -8989 
   -8972    -8951    -8947    -8946    -8934    -8919    -8900    -8878 
   -8868    -8863    -8847    -8830    -8815    -8804    -8793    -8784 
   -8772    -8760    -8753    -8746    -8738    -8731    -8727    -8727 
   -8725    -8725    -8723    -8718    -8714    -8708    -8703    -8703 
   -8707    -8714    -8712    -8704    -8696    -8679    -8669    -8665 
   -8654    -8645    -8635    -8631    -8638    -8626    -8607    -8603 
   -8598    -8592    -8598    -8598    -8583    -8575    -8579    -8583 
   -8581    -8573    -8567    -8571    -8575    -8579    -8572    -8560 
   -8569    -8579    -8583    -8579    -8573    -8579    -8595    -8600 
   -8594    -8588    -8599    -8607    -8615    -8625    -8615    -8612 
   -8623    -8622    -8634    -8650    -8642    -8640    -8645    -8642 
   -8641    -8654    -8669    -8668    -8655    -8657    -8662    -8653 
   -8646    -8652    -8661    -8667    -8653    -8640    -8644    -8641 
   -8627    -8627    -8635    -8629    -8612    -8603    -8603    -8599 
   -8596    -8600    -8591    -8576    -8579    -8587    -8590    -8591 
   -8584    -8583    -8596    -8608    -8614    -8614    -8615    -8625 
   -8637    -8654    -8672    -8673    -8675    -8685    -8696    -8704 
   -8710    -8716    -8721    -8726    -8741    -8753    -8758    -8769 
   -8773    -8777    -8787    -8785    -8785    -8792    -8793    -8796 
   -8800    -8803    -8812    -8819    -8823    -8829    -8833    -8833 
   -8834    -8834    -8830    -8834    -8841    -8841    -8833    -8823 
   -8812    -8807    -8796    -8784    -8780    -8773    -8762    -8761 
   -8761    -8754    -8749    -8748    -8748    -8745    -8745    -8745 
   -8741    -8741    -8735    -8729    -8723    -8716    -8715    -8716 
   -8712    -8715    -8716    -8712    -8707    -8703    -8702    -8704 
   -8712    -8721    -8726    -8723    -8719    -8715    -8706    -8699 
   -8696    -8692    -8688    -8679    -8667    -8669    -8676    -8680 
   -8683    -8668    -8655    -8661    -8657    -8644    -8640    -8642 
   -8648    -8642    -8623    -8618    -8615    -8603    -8603    -8606 
   -8592    -8576    -8572    -8575    -8575    -8572    -8557    -8548 
   -8552    -8552    -8542    -8526    -8517    -8522    -8510    -8492 
   -8492    -8490    -8477    -8467    -8467    -8464    -8446    -8440 
   -8441    -8428    -8421    -8428    -8414    -8404    -8404    -8397 
   -8391    -8391    -8380    -8378    -8380    -8378    -8380    -8380 
   -8383    -8391    -8388    -8394    -8404    -8407    -8411    -8414 
   -8424    -8434    -8437    -8447    -8451    -8456    -8471    -8472 
   -8476    -8487    -8487    -8492    -8505    -8502    -8505    -8522 
   -8525    -8519    -8530    -8548    -8548    -8543    -8548    -8557 
   -8567    -8561    -8557    -8567    -8575    -8571    -8564    -8565 
   -8575    -8579    -8579    -8573    -8571    -8581    -8588    -8584 
   -8573    -8569    -8579    -8584    -8581    -8572    -8564    -8571 
   -8579    -8571    -8565    -8564    -8571    -8581    -8577    -8567 
   -8571    -8579    -8583    -8581    -8573    -8575    -8586    -8595 
   -8595    -8587    -8591    -8603    -8611    -8622    -8618    -8610 
   -8623    -8627    -8633    -8653    -8650    -8645    -8654    -8658 
   -8653    -8658    -8676    -8692    -8691    -8684    -8685    -8688 
   -8691    -8691    -8688    -8687    -8687    -8696    -8708    -8715 
   -8715    -8708    -8707    -8707    -8704    -8703    -8704    -8703 
   -8698    -8685    -8685    -8691    -8695    -8699    -8688    -8679 
   -8669    -8660    -8662    -8657    -8641    -8640    -8649    -8649 
   -8635    -8619    -8622    -8625    -8618    -8629    -8637    -8622 
   -8614    -8618    -8615    -8618    -8630    -8627    -8615    -8615 
   -8622    -8619    -8631    -8646    -8637    -8633    -8646    -8645 
   -8646    -8668    -8684    -8688    -8691    -8698    -8708    -8721 
   -8734    -8748    -8762    -8772    -8787    -8806    -8819    -8835 
   -8853    -8872    -8893    -8915    -8928    -8932    -8953    -8985 
   -8999    -9011    -9024    -9034    -9058    -9076    -9070    -9088 
   -9103    -9101    -9112    -9123    -9123    -9128    -9136    -9137 
   -9136    -9143    -9140    -9132    -9137    -9134    -9130    -9128 
   -9121    -9124    -9117    -9109    -9113    -9100    -9094    -9096 
   -9080    -9080    -9081    -9062    -9069    -9067    -9047    -9051 
   -9053    -9038    -9035    -9040    -9038    -9030    -9030    -9043 
   -9036    -9023    -9038    -9049    -9040    -9046    -9059    -9063 
   -9061    -9067    -9082    -9084    -9084    -9099    -9104    -9101 
   -9116    -9126    -9120    -9130    -9140    -9136    -9143    -9147 
   -9144    -9154    -9157    -9150    -9157    -9159    -9155    -9158 
   -9158    -9159    -9159    -9158    -9161    -9162    -9161    -9159 
   -9158    -9161    -9159    -9157    -9157    -9155    -9155    -9157 
   -9157    -9157    -9154    -9155    -9155    -9157    -9157    -9151 
   -9150    -9150    -9147    -9146    -9140    -9139    -9137    -9134 
   -9131    -9126    -9126    -9121    -9116    -9119    -9115    -9111 
   -9115    -9109    -9104    -9108    -9099    -9101    -9111    -9099 
   -9097    -9101    -9089    -9093    -9092    -9076    -9084    -9081 
   -9061    -9065    -9062    -9045    -9038    -9038    -9024    -9012 
   -9015    -9007    -8985    -8976    -8981    -8978    -8961    -8947 
   -8941    -8942    -8943    -8928    -8918    -8905    -8895    -8904 
   -8900    -8885    -8892    -8889    -8866    -8851    -8850    -8850 
   -8849    -8841    -8833    -8827    -8823    -8822    -8822    -8815 
   -8811    -8811    -8803    -8792    -8787    -8783    -8776    -8772 
   -8769    -8765    -8764    -8762    -8761    -8761    -8756    -8754 
   -8760    -8754    -8753    -8754    -8745    -8737    -8733    -8723 
   -8723    -8719    -8707    -8707    -8704    -8694    -8685    -8676 
   -8672    -8676    -8679    -8671    -8657    -8644    -8635    -8630 
   -8621    -8617    -8625    -8615    -8594    -8587    -8583    -8579 
   -8581    -8571    -8553    -8550    -8553    -8556    -8546    -8530 
   -8533    -8543    -8533    -8526    -8527    -8533    -8533    -8520 
   -8522    -8536    -8533    -8523    -8526    -8540    -8538    -8527 
   -8533    -8542    -8538    -8530    -8530    -8540    -8540    -8526 
   -8525    -8530    -8527    -8517    -8510    -8517    -8517    -8505 
   -8502    -8505    -8506    -8496    -8494    -8506    -8499    -8487 
   -8497    -8502    -8490    -8490    -8499    -8502    -8490    -8494 
   -8507    -8496    -8494    -8509    -8507    -8497    -8502    -8510 
   -8503    -8496    -8506    -8509    -8499    -8497    -8507    -8509 
   -8494    -8499    -8515    -8502    -8497    -8515    -8513    -8510 
   -8515    -8520    -8533    -8525    -8525    -8548    -8548    -8537 
   -8546    -8559    -8564    -8560    -8556    -8569    -8584    -8586 
   -8583    -8588    -8599    -8614    -8622    -8619    -8621    -8634 
   -8641    -8653    -8676    -8683    -8679    -8685    -8696    -8706 
   -8712    -8715    -8721    -8725    -8727    -8734    -8743    -8753 
   -8758    -8764    -8769    -8768    -8773    -8776    -8775    -8779 
   -8780    -8784    -8785    -8780    -8783    -8784    -8781    -8789 
   -8791    -8791    -8797    -8799    -8808    -8818    -8820    -8833 
   -8842    -8838    -8845    -8850    -8853    -8861    -8863    -8861 
   -8851    -8842    -8843    -8853    -8853    -8850    -8850    -8849 
   -8846    -8850    -8853    -8843    -8833    -8824    -8811    -8804 
   -8802    -8797    -8796    -8787    -8779    -8781    -8772    -8756 
   -8750    -8743    -8733    -8726    -8716    -8715    -8716    -8710 
   -8704    -8694    -8677    -8667    -8661    -8652    -8640    -8630 
   -8630    -8630    -8621    -8603    -8596    -8592    -8584    -8584 
   -8581    -8557    -8549    -8556    -8548    -8540    -8527    -8519 
   -8525    -8519    -8500    -8502    -8510    -8502    -8492    -8497 
   -8500    -8494    -8490    -8494    -8499    -8486    -8487    -8500 
   -8490    -8487    -8506    -8505    -8499    -8510    -8517    -8517 
   -8513    -8522    -8540    -8532    -8526    -8548    -8556    -8550 
   -8552    -8560    -8575    -8577    -8572    -8581    -8596    -8610 
   -8619    -8619    -8623    -8631    -8641    -8662    -8681    -8684 
   -8687    -8696    -8712    -8721    -8729    -8739    -8749    -8758 
   -8770    -8780    -8795    -8811    -8823    -8838    -8847    -8854 
   -8868    -8885    -8896    -8899    -8896    -8903    -8923    -8937 
   -8942    -8951    -8954    -8951    -8962    -8980    -8984    -8976 
   -8978    -8986    -8996    -9003    -8996    -8997    -9011    -9012 
   -9008    -9011    -9016    -9024    -9023    -9016    -9026    -9034 
   -9026    -9020    -9030    -9034    -9024    -9019    -9028    -9034 
   -9020    -9013    -9027    -9022 
