Origin Time       2016/04/16 01:25:00
Lat.              32.753
Long.             130.762
Depth. (km)       12
Mag.              7.3
Station Code      HYG011
Station Lat.      34.9848
Station Long.     134.3228
Station Height(m) 75
Record Time       2016/04/16 01:27:06
Sampling Freq(Hz) 100Hz
Duration Time(s)  60
Dir.              E-W
Scale Factor      7845(gal)/8223790
Max. Acc. (gal)   1.289
Last Correction   2016/04/16 01:27:08
Memo.             
   -1196    -1224    -1252    -1269    -1278    -1286    -1296    -1314 
   -1337    -1360    -1379    -1390    -1398    -1402    -1402    -1397 
   -1393    -1391    -1391    -1393    -1393    -1394    -1397    -1402 
   -1409    -1408    -1401    -1395    -1391    -1389    -1390    -1394 
   -1395    -1393    -1390    -1391    -1399    -1405    -1405    -1399 
   -1391    -1382    -1382    -1390    -1399    -1405    -1412    -1416 
   -1421    -1429    -1436    -1443    -1444    -1443    -1449    -1456 
   -1456    -1462    -1472    -1482    -1498    -1518    -1534    -1553 
   -1570    -1578    -1586    -1597    -1598    -1595    -1593    -1590 
   -1594    -1598    -1594    -1587    -1580    -1572    -1568    -1572 
   -1575    -1574    -1571    -1563    -1554    -1554    -1552    -1549 
   -1553    -1557    -1553    -1549    -1545    -1540    -1528    -1509 
   -1489    -1463    -1439    -1416    -1394    -1378    -1366    -1352 
   -1337    -1321    -1305    -1296    -1294    -1291    -1287    -1279 
   -1271    -1269    -1269    -1271    -1275    -1269    -1262    -1263 
   -1266    -1260    -1255    -1244    -1228    -1219    -1221    -1223 
   -1220    -1215    -1215    -1224    -1237    -1244    -1247    -1251 
   -1262    -1282    -1312    -1331    -1337    -1340    -1345    -1352 
   -1363    -1374    -1378    -1387    -1401    -1410    -1416    -1422 
   -1429    -1429    -1428    -1431    -1435    -1431    -1426    -1420 
   -1413    -1409    -1408    -1414    -1416    -1408    -1405    -1405 
   -1405    -1409    -1405    -1393    -1377    -1355    -1337    -1324 
   -1314    -1308    -1304    -1290    -1271    -1254    -1237    -1217 
   -1200    -1185    -1175    -1167    -1166    -1161    -1155    -1151 
   -1151    -1154    -1161    -1167    -1178    -1189    -1193    -1200 
   -1212    -1224    -1237    -1254    -1270    -1285    -1297    -1305 
   -1313    -1321    -1328    -1329    -1328    -1323    -1321    -1325 
   -1323    -1312    -1304    -1306    -1312    -1317    -1320    -1321 
   -1323    -1327    -1332    -1337    -1339    -1336    -1332    -1325 
   -1318    -1308    -1298    -1290    -1282    -1285    -1289    -1287 
   -1285    -1289    -1297    -1312    -1333    -1352    -1367    -1378 
   -1383    -1386    -1393    -1401    -1408    -1414    -1425    -1444 
   -1470    -1494    -1514    -1534    -1553    -1571    -1583    -1588 
   -1590    -1584    -1576    -1567    -1556    -1544    -1534    -1521 
   -1506    -1501    -1498    -1491    -1482    -1468    -1452    -1443 
   -1436    -1429    -1426    -1417    -1397    -1375    -1359    -1351 
   -1351    -1355    -1358    -1362    -1368    -1378    -1394    -1412 
   -1425    -1439    -1455    -1475    -1495    -1512    -1521    -1530 
   -1547    -1557    -1559    -1549    -1535    -1518    -1501    -1486 
   -1474    -1462    -1443    -1421    -1395    -1372    -1356    -1340 
   -1317    -1293    -1273    -1262    -1256    -1250    -1243    -1237 
   -1235    -1239    -1242    -1240    -1237    -1235    -1236    -1240 
   -1239    -1229    -1220    -1206    -1193    -1193    -1198    -1205 
   -1223    -1247    -1267    -1282    -1294    -1298    -1302    -1304 
   -1305    -1320    -1344    -1364    -1387    -1417    -1444    -1468 
   -1490    -1505    -1509    -1507    -1506    -1509    -1514    -1520 
   -1528    -1535    -1540    -1541    -1534    -1518    -1507    -1506 
   -1503    -1497    -1489    -1476    -1460    -1447    -1435    -1420 
   -1412    -1413    -1414    -1412    -1410    -1410    -1405    -1401 
   -1401    -1399    -1395    -1398    -1402    -1408    -1417    -1426 
   -1431    -1431    -1425    -1421    -1418    -1414    -1405    -1399 
   -1391    -1377    -1355    -1325    -1293    -1273    -1264    -1262 
   -1258    -1250    -1239    -1232    -1230    -1233    -1242    -1255 
   -1262    -1267    -1278    -1290    -1296    -1297    -1297    -1294 
   -1291    -1290    -1289    -1290    -1290    -1289    -1289    -1285 
   -1278    -1275    -1271    -1267    -1264    -1258    -1250    -1248 
   -1250    -1255    -1267    -1285    -1301    -1321    -1351    -1383 
   -1410    -1431    -1443    -1445    -1444    -1439    -1436    -1437 
   -1443    -1452    -1464    -1480    -1499    -1509    -1512    -1507 
   -1501    -1490    -1476    -1462    -1448    -1440    -1437    -1437 
   -1437    -1440    -1443    -1445    -1447    -1447    -1447    -1444 
   -1441    -1444    -1445    -1448    -1451    -1447    -1444    -1451 
   -1453    -1452    -1453    -1452    -1448    -1447    -1445    -1444 
   -1445    -1448    -1449    -1444    -1435    -1422    -1409    -1395 
   -1381    -1366    -1354    -1341    -1328    -1318    -1310    -1302 
   -1294    -1290    -1281    -1266    -1259    -1260    -1264    -1271 
   -1282    -1293    -1302    -1313    -1321    -1320    -1320    -1327 
   -1332    -1334    -1345    -1359    -1370    -1381    -1387    -1385 
   -1379    -1377    -1374    -1370    -1368    -1367    -1358    -1345 
   -1341    -1345    -1358    -1377    -1394    -1409    -1422    -1436 
   -1440    -1439    -1436    -1431    -1429    -1428    -1426    -1420 
   -1410    -1398    -1381    -1363    -1344    -1317    -1286    -1263 
   -1242    -1219    -1209    -1213    -1224    -1244    -1269    -1291 
   -1313    -1331    -1340    -1343    -1345    -1347    -1347    -1351 
   -1358    -1363    -1362    -1358    -1358    -1359    -1360    -1358 
   -1348    -1337    -1329    -1328    -1334    -1343    -1348    -1354 
   -1351    -1343    -1336    -1329    -1325    -1325    -1329    -1340 
   -1352    -1358    -1360    -1362    -1360    -1360    -1362    -1362 
   -1366    -1370    -1371    -1377    -1383    -1386    -1387    -1390 
   -1389    -1389    -1387    -1381    -1372    -1367    -1364    -1363 
   -1355    -1343    -1332    -1318    -1305    -1289    -1267    -1246 
   -1221    -1196    -1178    -1166    -1152    -1140    -1131    -1127 
   -1123    -1116    -1105    -1090    -1073    -1060    -1059    -1065 
   -1077    -1088    -1094    -1093    -1092    -1098    -1111    -1124 
   -1132    -1129    -1120    -1113    -1112    -1112    -1115    -1121 
   -1124    -1124    -1127    -1133    -1150    -1175    -1194    -1206 
   -1217    -1221    -1225    -1239    -1255    -1269    -1286    -1304 
   -1312    -1317    -1324    -1336    -1355    -1372    -1383    -1385 
   -1385    -1383    -1383    -1386    -1390    -1394    -1395    -1397 
   -1404    -1414    -1431    -1449    -1460    -1462    -1462    -1456 
   -1444    -1431    -1418    -1399    -1377    -1355    -1334    -1317 
   -1305    -1300    -1297    -1296    -1290    -1287    -1291    -1298 
   -1296    -1290    -1286    -1281    -1274    -1271    -1264    -1258 
   -1259    -1262    -1264    -1273    -1281    -1282    -1278    -1275 
   -1278    -1281    -1285    -1294    -1300    -1306    -1321    -1334 
   -1347    -1362    -1372    -1382    -1399    -1418    -1437    -1457 
   -1476    -1493    -1512    -1528    -1535    -1544    -1552    -1551 
   -1548    -1549    -1549    -1547    -1543    -1534    -1524    -1512 
   -1499    -1483    -1466    -1459    -1455    -1449    -1445    -1448 
   -1451    -1457    -1467    -1472    -1470    -1466    -1468    -1476 
   -1489    -1495    -1493    -1483    -1470    -1453    -1441    -1433 
   -1429    -1425    -1422    -1421    -1422    -1425    -1429    -1429 
   -1429    -1433    -1441    -1449    -1452    -1452    -1456    -1459 
   -1455    -1448    -1441    -1425    -1405    -1386    -1372    -1364 
   -1359    -1343    -1318    -1300    -1286    -1278    -1277    -1273 
   -1258    -1239    -1213    -1192    -1190    -1201    -1216    -1232 
   -1244    -1252    -1262    -1275    -1281    -1282    -1282    -1277 
   -1277    -1287    -1300    -1305    -1308    -1308    -1301    -1286 
   -1274    -1267    -1256    -1251    -1248    -1242    -1228    -1215 
   -1201    -1193    -1197    -1200    -1200    -1208    -1219    -1221 
   -1225    -1233    -1242    -1252    -1264    -1277    -1293    -1308 
   -1321    -1339    -1358    -1375    -1390    -1401    -1413    -1426 
   -1437    -1447    -1453    -1455    -1457    -1459    -1460    -1456 
   -1443    -1425    -1405    -1386    -1372    -1366    -1358    -1352 
   -1348    -1344    -1343    -1347    -1351    -1356    -1360    -1355 
   -1350    -1347    -1343    -1339    -1339    -1343    -1351    -1359 
   -1362    -1362    -1359    -1354    -1355    -1363    -1367    -1364 
   -1352    -1329    -1310    -1302    -1298    -1294    -1289    -1278 
   -1274    -1278    -1291    -1313    -1333    -1347    -1360    -1371 
   -1372    -1375    -1379    -1379    -1383    -1387    -1383    -1377 
   -1371    -1362    -1351    -1345    -1348    -1355    -1364    -1371 
   -1374    -1372    -1367    -1359    -1351    -1344    -1339    -1336 
   -1339    -1341    -1344    -1344    -1343    -1337    -1329    -1320 
   -1317    -1324    -1340    -1359    -1374    -1383    -1389    -1393 
   -1395    -1405    -1420    -1435    -1445    -1456    -1462    -1456 
   -1451    -1449    -1448    -1449    -1459    -1470    -1475    -1485 
   -1499    -1513    -1528    -1541    -1549    -1559    -1571    -1576 
   -1574    -1570    -1567    -1570    -1575    -1576    -1567    -1554 
   -1551    -1553    -1560    -1571    -1575    -1566    -1548    -1537 
   -1537    -1541    -1547    -1552    -1549    -1539    -1525    -1507 
   -1489    -1471    -1451    -1429    -1414    -1404    -1394    -1383 
   -1370    -1354    -1339    -1324    -1306    -1290    -1286    -1289 
   -1290    -1291    -1293    -1286    -1281    -1281    -1282    -1297 
   -1316    -1336    -1356    -1374    -1387    -1398    -1405    -1405 
   -1408    -1408    -1405    -1404    -1399    -1391    -1381    -1366 
   -1350    -1337    -1332    -1325    -1317    -1308    -1289    -1269 
   -1258    -1248    -1240    -1237    -1236    -1233    -1233    -1233 
   -1235    -1240    -1242    -1235    -1220    -1205    -1188    -1170 
   -1162    -1161    -1167    -1182    -1196    -1202    -1208    -1210 
   -1206    -1198    -1193    -1189    -1183    -1174    -1165    -1162 
   -1163    -1162    -1156    -1147    -1138    -1132    -1129    -1132 
   -1140    -1154    -1165    -1169    -1175    -1188    -1197    -1201 
   -1206    -1215    -1223    -1232    -1242    -1247    -1254    -1263 
   -1275    -1282    -1282    -1279    -1278    -1278    -1278    -1277 
   -1269    -1255    -1243    -1233    -1229    -1229    -1227    -1215 
   -1204    -1201    -1200    -1202    -1208    -1208    -1206    -1208 
   -1208    -1206    -1209    -1210    -1213    -1221    -1230    -1239 
   -1246    -1256    -1273    -1289    -1304    -1317    -1333    -1347 
   -1356    -1360    -1354    -1340    -1328    -1318    -1313    -1312 
   -1306    -1289    -1262    -1233    -1208    -1188    -1167    -1143 
   -1121    -1107    -1094    -1084    -1080    -1069    -1051    -1038 
   -1020     -997     -984     -970     -953     -939     -927     -912 
    -897     -885     -869     -851     -842     -834     -822     -804 
    -777     -750     -727     -707     -697     -693     -681     -665 
    -650     -638     -635     -637     -637     -638     -637     -634 
    -635     -650     -669     -684     -696     -714     -738     -765 
    -787     -803     -818     -831     -838     -838     -831     -820 
    -807     -793     -777     -762     -753     -747     -741     -741 
    -751     -761     -773     -788     -805     -826     -847     -872 
    -901     -928     -953     -976    -1003    -1035    -1065    -1096 
   -1125    -1152    -1174    -1188    -1194    -1198    -1201    -1201 
   -1198    -1193    -1188    -1190    -1206    -1229    -1256    -1286 
   -1317    -1345    -1371    -1399    -1429    -1456    -1480    -1499 
   -1516    -1535    -1560    -1582    -1601    -1620    -1638    -1658 
   -1682    -1710    -1742    -1771    -1794    -1813    -1822    -1826 
   -1826    -1826    -1826    -1826    -1822    -1818    -1819    -1823 
   -1826    -1830    -1833    -1830    -1823    -1817    -1813    -1814 
   -1821    -1829    -1840    -1852    -1857    -1864    -1873    -1881 
   -1892    -1900    -1903    -1911    -1923    -1938    -1962    -1989 
   -2007    -2019    -2030    -2033    -2034    -2041    -2041    -2034 
   -2027    -2015    -1998    -1977    -1958    -1941    -1929    -1914 
   -1895    -1868    -1833    -1800    -1769    -1749    -1737    -1729 
   -1729    -1729    -1728    -1729    -1729    -1728    -1729    -1729 
   -1728    -1717    -1699    -1674    -1638    -1602    -1563    -1521 
   -1486    -1452    -1417    -1386    -1362    -1343    -1333    -1331 
   -1334    -1340    -1341    -1341    -1337    -1318    -1293    -1267 
   -1235    -1201    -1175    -1152    -1133    -1117    -1094    -1063 
   -1031     -993     -954     -919     -889     -862     -843     -830 
    -814     -804     -805     -811     -823     -838     -853     -869 
    -889     -911     -932     -957     -981    -1007    -1034    -1062 
   -1089    -1111    -1132    -1151    -1162    -1165    -1165    -1165 
   -1166    -1167    -1170    -1178    -1189    -1209    -1242    -1274 
   -1297    -1314    -1323    -1325    -1329    -1334    -1347    -1366 
   -1386    -1404    -1420    -1435    -1449    -1459    -1460    -1457 
   -1448    -1444    -1441    -1436    -1433    -1437    -1437    -1439 
   -1440    -1436    -1429    -1420    -1402    -1387    -1374    -1363 
   -1350    -1329    -1310    -1302    -1298    -1304    -1312    -1316 
   -1320    -1329    -1336    -1339    -1343    -1352    -1367    -1386 
   -1404    -1418    -1435    -1453    -1471    -1491    -1513    -1534 
   -1554    -1574    -1591    -1601    -1601    -1599    -1599    -1601 
   -1606    -1614    -1621    -1626    -1629    -1630    -1632    -1637 
   -1647    -1652    -1656    -1660    -1660    -1658    -1655    -1645 
   -1637    -1632    -1628    -1621    -1610    -1601    -1603    -1611 
   -1625    -1638    -1649    -1665    -1684    -1701    -1711    -1717 
   -1714    -1711    -1709    -1698    -1686    -1676    -1668    -1653 
   -1636    -1615    -1584    -1547    -1512    -1483    -1452    -1424 
   -1397    -1367    -1341    -1318    -1289    -1267    -1255    -1244 
   -1240    -1246    -1250    -1250    -1250    -1247    -1256    -1287 
   -1325    -1370    -1413    -1443    -1468    -1493    -1507    -1521 
   -1533    -1534    -1524    -1502    -1470    -1437    -1405    -1364 
   -1320    -1273    -1219    -1159    -1101    -1044     -996     -957 
    -915     -876     -853     -842     -832     -823     -811     -796 
    -791     -792     -792     -787     -780     -770     -753     -733 
    -715     -700     -692     -693     -689     -676     -660     -641 
    -622     -610     -604     -592     -576     -556     -523     -487 
    -451     -417     -382     -351     -325     -305     -288     -268 
    -248     -230     -217     -201     -178     -156     -139     -129 
    -129     -135     -139     -144     -149     -153     -155     -159 
    -168     -178     -186     -190     -191     -189     -186     -180 
    -168     -153     -135     -112     -102      -94      -87      -86 
     -90      -95     -109     -129     -157     -180     -205     -232 
    -253     -270     -298     -340     -386     -434     -480     -517 
    -546     -573     -598     -619     -643     -670     -692     -708 
    -722     -728     -734     -741     -747     -757     -770     -785 
    -797     -808     -820     -838     -864     -889     -916     -936 
    -945     -953     -966     -977     -981     -982     -980     -977 
    -978     -987    -1007    -1030    -1047    -1063    -1085    -1111 
   -1138    -1171    -1205    -1240    -1274    -1308    -1340    -1372 
   -1410    -1452    -1489    -1520    -1551    -1578    -1593    -1606 
   -1622    -1632    -1640    -1653    -1672    -1690    -1713    -1737 
   -1755    -1772    -1784    -1796    -1809    -1813    -1810    -1803 
   -1794    -1786    -1786    -1783    -1775    -1764    -1752    -1742 
   -1740    -1738    -1741    -1753    -1768    -1787    -1815    -1848 
   -1878    -1908    -1933    -1949    -1966    -1981    -1989    -1995 
   -2001    -2004    -2000    -1993    -1977    -1953    -1934    -1923 
   -1910    -1891    -1871    -1850    -1829    -1810    -1796    -1784 
   -1767    -1746    -1728    -1711    -1705    -1707    -1715    -1719 
   -1723    -1732    -1742    -1755    -1780    -1815    -1852    -1891 
   -1922    -1944    -1958    -1971    -1979    -1991    -2001    -2010 
   -2016    -2018    -2010    -2003    -1995    -1980    -1964    -1945 
   -1930    -1922    -1918    -1910    -1899    -1885    -1867    -1856 
   -1850    -1844    -1842    -1844    -1842    -1838    -1836    -1826 
   -1821    -1823    -1829    -1837    -1848    -1863    -1885    -1912 
   -1937    -1956    -1971    -1984    -2000    -2015    -2030    -2039 
   -2041    -2033    -2014    -1984    -1958    -1930    -1903    -1876 
   -1840    -1795    -1755    -1718    -1683    -1651    -1622    -1594 
   -1574    -1556    -1539    -1528    -1525    -1522    -1518    -1514 
   -1514    -1516    -1513    -1514    -1522    -1533    -1540    -1541 
   -1534    -1525    -1512    -1494    -1474    -1451    -1431    -1418 
   -1405    -1394    -1379    -1364    -1352    -1341    -1332    -1327 
   -1323    -1317    -1314    -1313    -1313    -1312    -1308    -1301 
   -1282    -1267    -1258    -1250    -1240    -1227    -1200    -1165 
   -1135    -1115    -1105    -1104    -1098    -1096    -1097    -1104 
   -1116    -1129    -1140    -1148    -1155    -1159    -1159    -1154 
   -1148    -1146    -1147    -1148    -1146    -1142    -1144    -1154 
   -1171    -1197    -1223    -1246    -1263    -1278    -1296    -1310 
   -1313    -1310    -1306    -1304    -1305    -1306    -1301    -1297 
   -1296    -1293    -1298    -1318    -1350    -1382    -1405    -1420 
   -1425    -1431    -1435    -1429    -1417    -1399    -1383    -1371 
   -1363    -1358    -1356    -1359    -1370    -1383    -1395    -1410 
   -1426    -1436    -1441    -1448    -1455    -1463    -1476    -1493 
   -1507    -1520    -1528    -1533    -1545    -1561    -1575    -1580 
   -1584    -1588    -1591    -1601    -1614    -1624    -1632    -1648 
   -1658    -1668    -1682    -1694    -1709    -1726    -1744    -1759 
   -1769    -1773    -1773    -1769    -1768    -1764    -1760    -1759 
   -1757    -1753    -1755    -1761    -1769    -1775    -1772    -1761 
   -1753    -1750    -1750    -1750    -1745    -1734    -1718    -1698 
   -1675    -1653    -1628    -1601    -1572    -1548    -1535    -1535 
   -1534    -1528    -1525    -1528    -1537    -1557    -1584    -1611 
   -1642    -1675    -1710    -1746    -1791    -1844    -1895    -1952 
   -2007    -2046    -2081    -2118    -2147    -2170    -2184    -2187 
   -2187    -2182    -2173    -2165    -2158    -2154    -2149    -2143 
   -2135    -2128    -2126    -2120    -2111    -2107    -2104    -2110 
   -2118    -2123    -2128    -2139    -2154    -2168    -2178    -2185 
   -2193    -2201    -2215    -2245    -2280    -2317    -2354    -2388 
   -2424    -2457    -2481    -2501    -2513    -2523    -2539    -2552 
   -2565    -2582    -2601    -2620    -2641    -2663    -2686    -2704 
   -2709    -2706    -2701    -2693    -2675    -2651    -2636    -2627 
   -2609    -2587    -2565    -2548    -2525    -2490    -2458    -2431 
   -2396    -2354    -2326    -2307    -2281    -2253    -2232    -2214 
   -2189    -2168    -2146    -2114    -2072    -2033    -1989    -1937 
   -1887    -1841    -1790    -1742    -1706    -1667    -1628    -1594 
   -1549    -1501    -1468    -1441    -1412    -1389    -1371    -1363 
   -1362    -1372    -1389    -1397    -1401    -1414    -1431    -1448 
   -1471    -1489    -1501    -1507    -1501    -1497    -1513    -1517 
   -1495    -1490    -1495    -1479    -1475    -1497    -1507    -1513 
   -1528    -1537    -1541    -1570    -1606    -1632    -1663    -1696 
   -1714    -1718    -1728    -1741    -1757    -1787    -1825    -1856 
   -1881    -1911    -1937    -1956    -1971    -1985    -1996    -2003 
   -2012    -2020    -2025    -2030    -2029    -2015    -2003    -1998 
   -1995    -1998    -2006    -2003    -1993    -1984    -1969    -1961 
   -1961    -1942    -1904    -1871    -1846    -1829    -1818    -1804 
   -1788    -1769    -1746    -1719    -1696    -1672    -1640    -1601 
   -1563    -1528    -1498    -1467    -1421    -1377    -1344    -1313 
   -1282    -1256    -1216    -1175    -1155    -1135    -1113    -1105 
   -1094    -1080    -1075    -1078    -1088    -1111    -1138    -1158 
   -1179    -1206    -1233    -1256    -1274    -1287    -1305    -1321 
   -1327    -1334    -1351    -1366    -1374    -1386    -1402    -1417 
   -1431    -1448    -1455    -1456    -1459    -1459    -1462    -1471 
   -1490    -1509    -1524    -1540    -1560    -1582    -1611    -1647 
   -1679    -1710    -1738    -1763    -1790    -1811    -1831    -1856 
   -1878    -1896    -1910    -1923    -1944    -1958    -1962    -1961 
   -1960    -1956    -1949    -1938    -1922    -1907    -1891    -1875 
   -1859    -1846    -1841    -1844    -1854    -1863    -1859    -1850 
   -1838    -1826    -1821    -1823    -1833    -1850    -1873    -1902 
   -1934    -1958    -1981    -2008    -2031    -2037    -2034    -2034 
   -2033    -2026    -2016    -2004    -2000    -2010    -2016    -2018 
   -2016    -2006    -1993    -1981    -1961    -1942    -1933    -1933 
   -1944    -1956    -1949    -1934    -1923    -1917    -1907    -1898 
   -1890    -1887    -1888    -1880    -1863    -1846    -1829    -1814 
   -1792    -1763    -1734    -1709    -1679    -1641    -1599    -1561 
   -1525    -1483    -1443    -1417    -1398    -1382    -1371    -1362 
   -1350    -1341    -1333    -1324    -1328    -1339    -1341    -1344 
   -1358    -1377    -1389    -1391    -1390    -1391    -1404    -1413 
   -1402    -1383    -1372    -1363    -1362    -1366    -1370    -1379 
   -1391    -1391    -1390    -1399    -1412    -1420    -1422    -1422 
   -1429    -1441    -1444    -1440    -1445    -1457    -1472    -1480 
   -1482    -1483    -1486    -1485    -1468    -1444    -1417    -1386 
   -1344    -1289    -1225    -1167    -1124    -1086    -1044     -996 
    -946     -909     -890     -877     -869     -866     -858     -849 
    -845     -853     -870     -888     -903     -915     -924     -940 
    -965     -984     -996    -1000    -1000    -1003    -1005     -999 
    -986     -969     -943     -918     -903     -888     -872     -862 
    -854     -851     -857     -866     -877     -897     -920     -949 
    -978     -997    -1009    -1026    -1048    -1073    -1092    -1107 
   -1119    -1125    -1139    -1152    -1148    -1132    -1119    -1113 
   -1113    -1117    -1116    -1100    -1074    -1043    -1013     -992 
    -974     -953     -934     -919     -905     -900     -903     -899 
    -885     -877     -877     -866     -854     -845     -831     -819 
    -811     -807     -804     -800     -791     -783     -777     -777 
    -780     -777     -765     -746     -726     -710     -706     -718 
    -738     -758     -776     -788     -796     -803     -807     -807 
    -803     -791     -778     -773     -765     -757     -754     -753 
    -756     -770     -793     -819     -837     -845     -864     -895 
    -927     -938     -931     -924     -919     -912     -911     -907 
    -892     -881     -874     -864     -854     -842     -822     -799 
    -776     -754     -734     -711     -688     -668     -653     -649 
    -657     -669     -675     -676     -684     -702     -715     -719 
    -707     -685     -675     -669     -660     -650     -639     -626 
    -621     -618     -618     -623     -625     -619     -615     -611 
    -610     -615     -621     -622     -621     -622     -627     -633 
    -639     -645     -654     -665     -669     -665     -660     -646 
    -619     -591     -569     -549     -529     -513     -488     -464 
    -450     -445     -446     -453     -456     -454     -457     -451 
    -440     -433     -427     -425     -433     -436     -425     -418 
    -419     -423     -427     -427     -425     -432     -437     -440 
    -445     -448     -450     -456     -449     -425     -396     -376 
    -365     -361     -353     -341     -340     -344     -346     -359 
    -378     -395     -417     -438     -464     -499     -532     -558 
    -573     -576     -573     -579     -594     -606     -611     -621 
    -635     -648     -661     -665     -652     -638     -637     -643 
    -658     -668     -661     -648     -645     -653     -661     -658 
    -650     -641     -643     -657     -673     -681     -680     -675 
    -665     -661     -668     -673     -665     -645     -616     -579 
    -538     -503     -476     -449     -419     -387     -353     -324 
    -295     -263     -243     -244     -245     -236     -232     -232 
    -232     -230     -220     -203     -197     -193     -182     -178 
    -184     -186     -187     -190     -191     -193     -203     -214 
    -218     -214     -210     -210     -216     -216     -211     -212 
    -216     -214     -212     -216     -220     -225     -228     -233 
    -252     -283     -314     -341     -364     -383     -405     -429 
    -450     -472     -499     -519     -526     -532     -545     -564 
    -587     -603     -619     -642     -662     -677     -692     -708 
    -727     -753     -781     -805     -832     -864     -893     -919 
    -951     -982    -1008    -1030    -1044    -1053    -1063    -1081 
   -1096    -1107    -1115    -1113    -1107    -1104    -1101    -1102 
   -1107    -1113    -1109    -1107    -1111    -1119    -1128    -1138 
   -1144    -1155    -1166    -1173    -1177    -1177    -1178    -1182 
   -1183    -1183    -1189    -1194    -1194    -1198    -1202    -1198 
   -1194    -1192    -1183    -1169    -1150    -1128    -1107    -1080 
   -1053    -1035    -1016     -997     -980     -965     -951     -935 
    -928     -929     -928     -920     -903     -881     -868     -859 
    -853     -846     -837     -830     -832     -841     -845     -841 
    -835     -838     -847     -859     -868     -876     -889     -903 
    -915     -929     -943     -953     -959     -970     -981     -986 
    -986     -986     -994    -1008    -1020    -1026    -1023    -1019 
   -1012    -1004    -1000    -1003    -1005    -1007    -1009    -1015 
   -1017    -1017    -1015    -1012    -1008    -1000     -992     -987 
    -982     -976     -970     -966     -966     -967     -966     -969 
    -978     -984     -993    -1013    -1036    -1065    -1092    -1112 
   -1143    -1181    -1206    -1227    -1246    -1266    -1297    -1331 
   -1356    -1385    -1414    -1439    -1464    -1483    -1495    -1507 
   -1528    -1553    -1580    -1610    -1640    -1669    -1702    -1740 
   -1780    -1817    -1842    -1868    -1900    -1930    -1961    -1991 
   -2014    -2031    -2047    -2057    -2069    -2088    -2110    -2128 
   -2143    -2153    -2163    -2177    -2192    -2203    -2205    -2205 
   -2204    -2201    -2205    -2214    -2215    -2219    -2228    -2239 
   -2243    -2239    -2235    -2232    -2231    -2235    -2242    -2246 
   -2251    -2263    -2281    -2307    -2334    -2351    -2359    -2367 
   -2388    -2417    -2442    -2463    -2486    -2504    -2515    -2528 
   -2538    -2539    -2533    -2519    -2504    -2501    -2502    -2506 
   -2509    -2509    -2519    -2539    -2556    -2565    -2573    -2582 
   -2586    -2593    -2600    -2597    -2589    -2575    -2555    -2533 
   -2519    -2504    -2488    -2481    -2471    -2461    -2458    -2440 
   -2415    -2398    -2390    -2380    -2369    -2354    -2330    -2309 
   -2293    -2276    -2258    -2235    -2209    -2196    -2192    -2182 
   -2170    -2151    -2126    -2100    -2065    -2016    -1966    -1918 
   -1875    -1840    -1814    -1794    -1777    -1759    -1738    -1721 
   -1713    -1709    -1702    -1701    -1705    -1709    -1714    -1721 
   -1732    -1736    -1732    -1728    -1721    -1717    -1718    -1718 
   -1713    -1707    -1709    -1707    -1709    -1717    -1723    -1721 
   -1721    -1726    -1732    -1745    -1763    -1776    -1784    -1791 
   -1795    -1799    -1806    -1818    -1830    -1846    -1868    -1888 
   -1910    -1930    -1942    -1948    -1953    -1964    -1979    -1993 
   -2004    -2015    -2031    -2053    -2079    -2106    -2126    -2138 
   -2146    -2157    -2163    -2169    -2170    -2158    -2142    -2134 
   -2124    -2115    -2107    -2093    -2079    -2072    -2065    -2060 
   -2058    -2064    -2064    -2057    -2047    -2041    -2043    -2047 
   -2039    -2025    -2008    -1985    -1965    -1956    -1945    -1933 
   -1918    -1894    -1867    -1846    -1826    -1809    -1794    -1776 
   -1753    -1729    -1709    -1692    -1682    -1675    -1671    -1668 
   -1669    -1672    -1676    -1680    -1680    -1677    -1675    -1669 
   -1667    -1675    -1684    -1691    -1698    -1706    -1713    -1721 
   -1729    -1736    -1740    -1740    -1738    -1738    -1740    -1738 
   -1733    -1725    -1721    -1717    -1705    -1696    -1698    -1701 
   -1703    -1711    -1723    -1729    -1732    -1729    -1728    -1729 
   -1736    -1736    -1740    -1742    -1744    -1752    -1765    -1772 
   -1776    -1781    -1784    -1787    -1795    -1811    -1829    -1842 
   -1852    -1856    -1852    -1849    -1841    -1838    -1840    -1838 
   -1836    -1829    -1817    -1810    -1806    -1803    -1798    -1791 
   -1787    -1787    -1791    -1798    -1802    -1803    -1804    -1807 
   -1810    -1811    -1811    -1811    -1818    -1826    -1830    -1830 
   -1825    -1821    -1822    -1822    -1817    -1811    -1807    -1799 
   -1794    -1790    -1784    -1780    -1773    -1765    -1767    -1773 
   -1776    -1780    -1783    -1777    -1777    -1783    -1780    -1772 
   -1763    -1748    -1734    -1725    -1714    -1702    -1688    -1668 
   -1652    -1640    -1626    -1603    -1578    -1552    -1526    -1507 
   -1494    -1485    -1475    -1466    -1459    -1457    -1456    -1456 
   -1460    -1470    -1478    -1483    -1489    -1491    -1489    -1490 
   -1494    -1498    -1505    -1507    -1509    -1509    -1509    -1507 
   -1507    -1499    -1489    -1482    -1474    -1468    -1471    -1474 
   -1474    -1478    -1476    -1476    -1483    -1487    -1486    -1485 
   -1480    -1471    -1464    -1460    -1457    -1460    -1459    -1453 
   -1449    -1444    -1431    -1421    -1408    -1390    -1371    -1343 
   -1314    -1291    -1266    -1240    -1212    -1181    -1156    -1138 
   -1113    -1093    -1081    -1070    -1067    -1065    -1053    -1046 
   -1051    -1057    -1059    -1060    -1053    -1048    -1043    -1035 
   -1031    -1030    -1026    -1021    -1016    -1008    -1003    -1000 
    -999    -1000    -1008    -1008    -1007    -1009    -1013    -1015 
   -1019    -1026    -1028    -1035    -1046    -1053    -1058    -1062 
   -1060    -1053    -1043    -1036    -1034    -1032    -1026    -1016 
   -1012    -1009    -1007    -1007    -1009    -1012    -1013    -1015 
   -1021    -1026    -1026    -1026    -1021    -1017    -1017    -1019 
   -1024    -1031    -1034    -1032    -1032    -1031    -1026    -1019 
   -1013    -1007     -994     -985     -980     -977     -970     -966 
    -959     -949     -942     -938     -932     -929     -919     -903 
    -889     -873     -855     -842     -830     -818     -803     -788 
    -776     -767     -762     -757     -747     -737     -724     -707 
    -691     -680     -670     -661     -656     -654     -652     -653 
    -652     -645     -637     -630     -625     -626     -627     -621 
    -615     -610     -604     -603     -606     -610     -615     -622 
    -623     -623     -622     -619     -619     -621     -621     -623 
    -622     -622     -623     -619     -614     -614     -618     -618 
    -616     -614     -602     -592     -587     -579     -564     -549 
    -538     -531     -531     -531     -529     -530     -529     -517 
    -504     -496     -487     -480     -476     -471     -471     -475 
    -477     -479     -483     -490     -499     -510     -518     -525 
    -533     -544     -552     -560     -566     -575     -584     -592 
    -606     -622     -638     -654     -669     -676     -685     -702 
    -710     -715     -724     -734     -743     -757     -770     -780 
    -784     -788     -792     -795     -797     -804     -816     -830 
    -847     -870     -893     -916     -942     -970    -1000    -1034 
   -1065    -1101    -1133    -1159    -1185    -1209    -1224    -1237 
   -1258    -1275    -1293    -1310    -1320    -1324    -1333    -1347 
   -1360    -1379    -1399    -1418    -1435    -1451    -1467    -1485 
   -1506    -1526    -1543    -1560    -1576    -1597    -1620    -1641 
   -1661    -1674    -1682    -1690    -1696    -1703    -1710    -1715 
   -1718    -1719    -1722    -1723    -1729    -1738    -1738    -1738 
   -1742    -1740    -1738    -1742    -1738    -1726    -1719    -1717 
   -1717    -1723    -1729    -1729    -1736    -1745    -1748    -1749 
   -1755    -1759    -1760    -1760    -1761    -1765    -1772    -1779 
   -1783    -1783    -1788    -1796    -1800    -1803    -1811    -1818 
   -1819    -1821    -1819    -1815    -1817    -1819    -1818    -1819 
   -1821    -1815    -1809    -1807    -1809    -1811    -1811    -1806 
   -1799    -1790    -1779    -1771    -1764    -1752    -1741    -1732 
   -1722    -1711    -1699    -1688    -1677    -1672    -1664    -1656 
   -1653    -1652    -1653    -1657    -1656    -1651    -1644    -1632 
   -1617    -1599    -1584    -1571    -1559    -1552    -1547    -1537 
   -1533    -1537    -1535    -1532    -1534    -1530    -1526    -1526 
   -1524    -1521    -1518    -1513    -1507    -1506    -1506    -1506 
   -1509    -1509    -1512    -1513    -1517    -1524    -1528    -1530 
   -1532    -1537    -1545    -1554    -1564    -1571    -1578    -1586 
   -1594    -1599    -1606    -1614    -1618    -1621    -1626    -1632 
   -1645    -1660    -1672    -1683    -1692    -1701    -1709    -1718 
   -1726    -1729    -1729    -1723    -1717    -1714    -1713    -1707 
   -1701    -1691    -1680    -1675    -1676    -1676    -1671    -1660 
   -1657    -1661    -1664    -1667    -1675    -1679    -1683    -1687 
   -1683    -1677    -1672    -1658    -1647    -1636    -1624    -1609 
   -1599    -1595    -1591    -1584    -1580    -1578    -1572    -1567 
   -1563    -1554    -1544    -1530    -1514    -1499    -1489    -1471 
   -1455    -1436    -1413    -1401    -1393    -1379    -1366    -1354 
   -1344    -1336    -1327    -1323    -1317    -1308    -1301    -1294 
   -1282    -1274    -1270    -1262    -1255    -1252    -1251    -1252 
   -1255    -1258    -1259    -1259    -1260    -1266    -1274    -1279 
   -1282    -1289    -1294    -1300    -1305    -1308    -1316    -1327 
   -1333    -1341    -1347    -1344    -1343    -1347    -1351    -1356 
   -1364    -1367    -1374    -1389    -1401    -1413    -1422    -1435 
   -1449    -1464    -1479    -1497    -1512    -1526    -1544    -1559 
   -1575    -1594    -1615    -1636    -1656    -1676    -1695    -1711 
   -1725    -1736    -1750    -1765    -1771    -1776    -1780    -1783 
   -1791    -1799    -1800    -1796    -1791    -1791    -1795    -1796 
   -1799    -1799    -1791    -1783    -1776    -1773    -1777    -1784 
   -1787    -1792    -1803    -1810    -1815    -1823    -1826    -1819 
   -1818    -1817    -1815    -1821    -1823    -1818    -1811    -1811 
   -1810    -1809    -1809    -1804    -1798    -1790    -1780    -1776 
   -1772    -1759    -1741    -1729    -1715    -1703    -1696    -1687 
   -1672    -1660    -1651    -1642    -1638    -1630    -1615    -1602 
   -1590    -1580    -1576    -1568    -1556    -1547    -1540    -1534 
   -1530    -1522    -1506    -1493    -1480    -1468    -1453    -1437 
   -1424    -1414    -1405    -1399    -1395    -1390    -1386    -1387 
   -1391    -1397    -1395    -1394    -1397    -1395    -1395    -1402 
   -1405    -1405    -1409    -1420    -1431    -1447    -1456    -1459 
   -1463    -1467    -1471    -1479    -1480    -1478    -1480    -1486 
   -1490    -1490    -1485    -1475    -1464    -1452    -1440    -1424 
   -1405    -1391    -1381    -1366    -1351    -1334    -1320    -1306 
   -1290    -1274    -1266    -1262    -1262    -1260    -1256    -1252 
   -1254    -1256    -1258    -1258    -1260    -1269    -1278    -1282 
   -1285    -1286    -1286    -1289    -1296    -1301    -1302    -1301 
   -1302    -1306    -1305    -1300    -1290    -1274    -1260    -1251 
   -1240    -1228    -1219    -1205    -1185    -1165    -1146    -1129 
   -1113    -1096    -1081    -1065    -1053    -1046    -1036    -1021 
   -1011    -1004     -992     -977     -961     -943     -924     -909 
    -895     -876     -854     -832     -815     -799     -785     -772 
    -760     -749     -738     -728     -722     -714     -708     -706 
    -702     -702     -702     -704     -704     -707     -707     -707 
    -710     -715     -718     -715     -719     -724     -730     -737 
    -741     -739     -741     -747     -749     -741     -738     -741 
    -739     -739     -747     -756     -764     -773     -781     -785 
    -788     -792     -800     -812     -828     -835     -845     -859 
    -874     -889     -907     -922     -935     -954     -970     -980 
    -986     -994    -1003    -1013    -1024    -1032    -1039    -1050 
   -1059    -1067    -1074    -1080    -1085    -1086    -1086    -1089 
   -1092    -1096    -1104    -1107    -1104    -1105    -1107    -1105 
   -1105    -1107    -1109    -1116    -1119    -1117    -1121    -1129 
   -1133    -1132    -1135    -1135    -1132    -1135    -1136    -1135 
   -1131    -1124    -1115    -1105    -1097    -1088    -1080    -1074 
   -1070    -1069    -1071    -1075    -1077    -1081    -1088    -1090 
   -1093    -1098    -1107    -1113    -1120    -1131    -1143    -1159 
   -1175    -1185    -1194    -1206    -1216    -1227    -1239    -1250 
   -1259    -1269    -1277    -1287    -1298    -1305    -1312    -1316 
   -1323    -1332    -1340    -1343    -1345    -1352    -1358    -1364 
   -1375    -1383    -1386    -1394    -1405    -1417    -1428    -1435 
   -1443    -1456    -1467    -1478    -1495    -1513    -1530    -1552 
   -1574    -1591    -1606    -1622    -1637    -1649    -1661    -1674 
   -1682    -1688    -1696    -1703    -1715    -1729    -1742    -1753 
   -1760    -1761    -1771    -1781    -1787    -1798    -1811    -1819 
   -1830    -1844    -1852    -1863    -1872    -1880    -1885    -1891 
   -1896    -1900    -1908    -1912    -1912    -1910    -1908    -1908 
   -1910    -1903    -1890    -1884    -1883    -1875    -1859    -1848 
   -1833    -1822    -1809    -1790    -1767    -1745    -1728    -1714 
   -1698    -1674    -1652    -1634    -1614    -1593    -1572    -1549 
   -1525    -1501    -1478    -1456    -1437    -1422    -1412    -1398 
   -1382    -1368    -1360    -1355    -1351    -1343    -1334    -1331 
   -1325    -1327    -1331    -1331    -1331    -1332    -1331    -1328 
   -1328    -1327    -1323    -1323    -1328    -1331    -1331    -1331 
   -1331    -1332    -1337    -1345    -1352    -1360    -1368    -1377 
   -1390    -1405    -1421    -1431    -1443    -1452    -1455    -1459 
   -1468    -1474    -1476    -1483    -1490    -1493    -1495    -1503 
   -1509    -1509    -1506    -1505    -1506    -1509    -1514    -1514 
   -1516    -1520    -1522    -1524    -1520    -1517    -1522    -1530 
   -1533    -1540    -1548    -1557    -1572    -1583    -1593    -1603 
   -1613    -1620    -1630    -1641    -1649    -1660    -1671    -1676 
   -1676    -1675    -1674    -1674    -1672    -1672    -1672    -1671 
   -1671    -1677    -1686    -1690    -1696    -1705    -1713    -1718 
   -1725    -1733    -1744    -1755    -1760    -1763    -1768    -1776 
   -1779    -1780    -1781    -1783    -1781    -1776    -1767    -1755 
   -1750    -1746    -1736    -1722    -1707    -1698    -1694    -1686 
   -1672    -1663    -1658    -1649    -1636    -1624    -1610    -1597 
   -1583    -1566    -1545    -1532    -1521    -1505    -1485    -1463 
   -1440    -1418    -1397    -1374    -1354    -1334    -1317    -1300 
   -1279    -1260    -1243    -1229    -1213    -1196    -1182    -1171 
   -1159    -1148    -1138    -1125    -1117    -1111    -1100    -1094 
   -1096    -1094    -1090    -1085    -1075    -1069    -1063    -1055 
   -1046    -1039    -1031    -1019    -1011    -1005     -996     -990 
    -984     -976     -970     -967     -962     -958     -954     -946 
    -943     -946     -946     -943     -942     -939     -946     -953 
    -954     -957     -959     -954     -950     -954     -959     -965 
    -969     -970     -973     -976     -976     -976     -980     -984 
    -989     -994     -994     -990     -989     -989     -989     -990 
    -993     -990     -987     -985     -982     -985     -987     -984 
    -974     -963     -955     -950     -942     -929     -918     -911 
    -907     -897     -886     -877     -870     -868     -866     -864 
    -864     -861     -853     -849     -847     -845     -838     -832 
    -824     -819     -812     -808     -803     -797     -789     -778 
    -766     -754     -741     -733     -720     -707     -696     -685 
    -675     -662     -650     -639     -629     -616     -610     -607 
    -607     -606     -602     -598     -598     -600     -596     -591 
    -588     -587     -584     -581     -577     -573     -573     -577 
    -577     -572     -568     -568     -565     -561     -558     -557 
    -553     -552     -550     -548     -545     -546     -549     -549 
    -549     -550     -550     -553     -560     -566     -575     -585 
    -596     -607     -619     -634     -648     -658     -673     -691 
    -704     -722     -738     -749     -765     -780     -795     -810 
    -823     -835     -850     -866     -880     -889     -903     -919 
    -929     -932     -936     -946     -955     -963     -967     -976 
    -986     -994    -1003    -1011    -1017    -1026    -1035    -1042 
   -1050    -1058    -1070    -1080    -1088    -1102    -1121    -1138 
   -1155    -1175    -1196    -1213    -1229    -1247    -1266    -1282 
   -1302    -1317    -1327    -1340    -1356    -1371    -1386    -1399 
   -1409    -1422    -1440    -1453    -1464    -1475    -1485    -1494 
   -1505    -1518    -1532    -1544    -1554    -1563    -1572    -1587 
   -1599    -1609    -1620    -1625    -1632    -1638    -1644    -1647 
   -1649    -1649    -1651    -1658    -1665    -1674    -1684    -1694 
   -1701    -1713    -1729    -1742    -1753    -1767    -1781    -1799 
   -1819    -1836    -1848    -1865    -1883    -1899    -1917    -1933 
   -1946    -1958    -1973    -1993    -2010    -2020    -2034    -2047 
   -2053    -2065    -2079    -2084    -2088    -2100    -2104    -2106 
   -2115    -2119    -2119    -2120    -2118    -2116    -2120    -2120 
   -2114    -2107    -2101    -2096    -2089    -2079    -2069    -2056 
   -2037    -2022    -2012    -2003    -1989    -1979    -1965    -1953 
   -1945    -1935    -1919    -1904    -1892    -1883    -1880    -1877 
   -1868    -1864    -1868    -1867    -1859    -1856    -1852    -1849 
   -1849    -1849    -1849    -1848    -1845    -1842    -1840    -1840 
   -1846    -1850    -1848    -1848    -1852    -1857    -1863    -1867 
   -1868    -1873    -1878    -1880    -1885    -1894    -1899    -1903 
   -1904    -1906    -1912    -1918    -1918    -1921    -1925    -1929 
   -1935    -1942    -1942    -1942    -1942    -1942    -1946    -1949 
   -1949    -1944    -1939    -1938    -1945    -1953    -1949    -1945 
   -1942    -1938    -1942    -1948    -1942    -1930    -1926    -1923 
   -1923    -1927    -1925    -1918    -1912    -1908    -1907    -1907 
   -1907    -1904    -1900    -1894    -1888    -1883    -1883    -1878 
   -1869    -1863    -1856    -1850    -1849    -1845    -1833    -1826 
   -1826    -1825    -1823    -1823    -1819    -1817    -1818    -1819 
   -1817    -1813    -1813    -1815    -1815    -1811    -1811    -1814 
   -1814    -1811    -1810    -1806    -1800    -1798    -1796    -1792 
   -1791    -1787    -1780    -1776    -1765    -1753    -1744    -1737 
   -1729    -1725    -1714    -1701    -1692    -1687    -1680    -1675 
   -1669    -1663    -1655    -1647    -1641    -1640    -1637    -1634 
   -1628    -1618    -1613    -1606    -1603    -1602    -1598    -1588 
   -1580    -1576    -1572    -1566    -1557    -1549    -1541    -1535 
   -1528    -1518    -1509    -1505    -1493    -1479    -1472    -1463 
   -1447    -1433    -1422    -1408    -1393    -1382    -1371    -1362 
   -1351    -1340    -1333    -1329    -1324    -1317    -1310    -1305 
   -1300    -1289    -1281    -1273    -1264    -1258    -1247    -1235 
   -1230    -1227    -1219    -1213    -1209    -1204    -1202    -1204 
   -1201    -1198    -1197    -1198    -1196    -1189    -1189    -1192 
   -1185    -1177    -1173    -1167    -1163    -1166    -1159    -1144 
   -1133    -1127    -1123    -1117    -1105    -1093    -1086    -1085 
   -1086    -1085    -1078    -1070    -1065    -1074    -1081    -1081 
   -1080    -1070    -1063    -1065    -1069    -1067    -1065    -1058 
   -1047    -1047    -1055    -1059    -1051    -1042    -1035    -1032 
   -1035    -1039    -1036    -1024    -1015    -1009    -1005    -1000 
    -999     -993     -984     -974     -970     -967     -962     -958 
    -953     -949     -947     -942     -940     -945     -947     -947 
    -943     -938     -940     -947     -951     -950     -946     -942 
    -946     -955     -965     -969     -969     -973     -987    -1000 
   -1012    -1023    -1032    -1042    -1053    -1065    -1074    -1081 
   -1090    -1101    -1113    -1124    -1135    -1144    -1158    -1174 
   -1190    -1198    -1206    -1219    -1232    -1247    -1259    -1267 
   -1270    -1277    -1296    -1308    -1312    -1316    -1321    -1331 
   -1347    -1355    -1355    -1359    -1366    -1375    -1383    -1382 
   -1379    -1379    -1378    -1378    -1381    -1381    -1377    -1375 
   -1375    -1374    -1372    -1374    -1377    -1372    -1363    -1355 
   -1352    -1354    -1356    -1354    -1343    -1334    -1333    -1332 
   -1332    -1329    -1323    -1317    -1316    -1320    -1325    -1328 
   -1325    -1324    -1325    -1331    -1337    -1343    -1345    -1348 
   -1354    -1358    -1364    -1366    -1362    -1359    -1362    -1360 
   -1358    -1354    -1345    -1339    -1333    -1324    -1317    -1313 
   -1305    -1298    -1297    -1294    -1290    -1291    -1290    -1289 
   -1291    -1294    -1297    -1302    -1301    -1294    -1291    -1293 
   -1296    -1291    -1282    -1281    -1281    -1282    -1282    -1282 
   -1278    -1270    -1263    -1262    -1259    -1256    -1250    -1239 
   -1235    -1232    -1225    -1221    -1215    -1206    -1200    -1196 
   -1190    -1185    -1182    -1182    -1181    -1181    -1185    -1189 
   -1190    -1194    -1196    -1190    -1192    -1196    -1197    -1200 
   -1197    -1190    -1185    -1183    -1179    -1177    -1171    -1163 
   -1162    -1165    -1165    -1166    -1166    -1161    -1156    -1159 
   -1161    -1165    -1169    -1169    -1169    -1171    -1177    -1181 
   -1181    -1182    -1181    -1178    -1181    -1179    -1175    -1173 
   -1165    -1155    -1148    -1143    -1138    -1129    -1117    -1107 
   -1100    -1090    -1081    -1077    -1073    -1067    -1063    -1058 
   -1050    -1047    -1043    -1036    -1032    -1030    -1024    -1019 
   -1015    -1013    -1012    -1005     -999    -1000     -999     -993 
    -990     -989     -985     -986     -992     -994     -993     -993 
    -994     -999    -1005    -1011    -1015    -1020    -1024    -1026 
   -1035    -1044    -1051    -1057    -1063    -1070    -1075    -1081 
   -1086    -1094    -1101    -1107    -1113    -1119    -1125    -1135 
   -1144    -1148    -1152    -1158    -1165    -1170    -1173    -1178 
   -1179    -1183    -1190    -1196    -1202    -1208    -1209    -1215 
   -1221    -1229    -1235    -1233    -1235    -1237    -1242    -1243 
   -1244    -1246    -1250    -1252    -1255    -1258    -1258    -1259 
   -1262    -1264    -1270    -1270    -1269    -1277    -1282    -1285 
   -1296    -1306    -1310    -1316    -1324    -1327    -1332    -1337 
   -1337    -1340    -1347    -1350    -1348    -1347    -1347    -1347 
   -1344    -1344    -1347    -1345    -1341    -1339    -1337    -1339 
   -1340    -1337    -1341    -1345    -1343    -1344    -1348    -1351 
   -1356    -1362    -1366    -1371    -1375    -1378    -1382    -1386 
   -1389    -1391    -1394    -1401    -1408    -1414    -1424    -1431 
   -1439    -1445    -1452    -1464    -1474    -1480    -1490    -1495 
   -1498    -1507    -1517    -1525    -1533    -1541    -1548    -1556 
   -1567    -1579    -1588    -1595    -1602    -1609    -1617    -1625 
   -1629    -1630    -1632    -1632    -1630    -1628    -1626    -1621 
   -1614    -1609    -1602    -1597    -1593    -1584    -1576    -1574 
   -1566    -1556    -1551    -1547    -1539    -1528    -1516    -1509 
   -1499    -1490    -1485    -1474    -1466    -1459    -1451    -1448 
   -1444    -1437    -1435    -1431    -1428    -1424    -1421    -1417 
   -1414    -1414    -1413    -1408    -1404    -1402    -1402    -1402 
   -1401    -1399    -1401    -1401    -1402    -1401    -1402    -1405 
   -1404    -1404    -1409    -1412    -1414    -1421    -1425    -1426 
   -1435    -1443    -1445    -1447    -1452    -1455    -1456    -1463 
   -1467    -1468    -1472    -1475    -1476    -1478    -1478    -1478 
   -1480    -1485    -1485    -1487    -1490    -1491    -1494    -1494 
   -1495    -1498    -1499    -1502    -1503    -1505    -1505    -1501 
   -1498    -1502    -1502    -1501    -1503    -1506    -1505    -1506 
   -1509    -1507    -1512    -1518    -1521    -1521    -1518    -1517 
   -1522    -1526    -1528    -1534    -1534    -1535    -1543    -1547 
   -1547    -1551    -1552    -1551    -1552    -1556    -1560    -1564 
   -1567    -1568    -1570    -1568    -1570    -1572    -1575    -1576 
   -1574    -1571    -1572    -1574    -1575    -1575    -1572    -1571 
   -1571    -1571    -1568    -1567    -1567    -1564    -1560    -1553 
   -1549    -1549    -1547    -1543    -1543    -1540    -1534    -1530 
   -1526    -1518    -1513    -1505    -1497    -1490    -1482    -1474 
   -1467    -1462    -1456    -1447    -1436    -1431    -1426    -1418 
   -1412    -1405    -1398    -1395    -1395    -1391    -1383    -1378 
   -1374    -1370    -1368    -1367    -1363    -1359    -1354    -1354 
   -1352    -1345    -1343    -1339    -1334    -1336    -1337    -1331 
   -1329    -1328    -1324    -1323    -1321    -1317    -1313    -1308 
   -1306    -1304    -1302    -1301    -1300    -1302    -1301    -1300 
   -1302    -1305    -1306    -1308    -1310    -1312    -1317    -1320 
   -1323    -1325    -1323    -1318    -1318    -1321    -1321    -1327 
   -1329    -1327    -1327    -1328    -1323    -1323    -1327    -1325 
   -1324    -1327    -1327    -1327    -1329    -1331    -1331    -1333 
   -1336    -1334    -1337    -1340    -1341    -1344    -1350    -1354 
   -1358    -1359    -1362    -1366    -1368    -1370    -1370    -1372 
   -1377    -1381    -1382    -1381    -1378    -1378    -1381    -1382 
   -1383    -1383    -1383    -1386    -1390    -1395    -1397    -1402 
   -1408    -1413    -1417    -1421    -1431    -1445    -1451    -1459 
   -1474    -1482    -1487    -1501    -1512    -1516    -1525    -1535 
   -1541    -1551    -1560    -1564    -1571    -1576    -1580    -1587 
   -1594    -1598    -1603    -1610    -1611    -1615    -1622    -1626 
   -1629    -1634    -1637    -1637    -1640    -1641    -1641    -1641 
   -1641    -1637    -1634    -1638    -1641    -1641    -1638    -1638 
   -1640    -1638    -1640    -1642    -1645    -1648    -1648    -1649 
   -1653    -1655    -1655    -1656    -1657    -1658    -1660    -1663 
   -1667    -1667    -1665    -1667    -1669    -1667    -1667    -1667 
   -1667    -1667    -1668    -1669    -1671    -1674    -1672    -1669 
   -1672    -1675    -1677    -1679    -1675    -1671    -1669    -1667 
   -1663    -1661    -1661    -1655    -1647    -1641    -1638    -1637 
   -1632    -1622    -1618    -1618    -1614    -1609    -1603    -1597 
   -1594    -1590    -1583    -1575    -1570    -1566    -1560    -1557 
   -1552    -1544    -1537    -1528    -1524    -1521    -1512    -1499 
   -1493    -1487    -1479    -1474    -1470    -1463    -1456    -1451 
   -1448    -1443    -1440    -1440    -1439    -1435    -1431    -1428 
   -1428    -1425    -1422    -1421    -1417    -1414    -1413    -1413 
   -1412    -1410    -1405    -1401    -1399    -1397    -1393    -1391 
   -1386    -1377    -1372    -1368    -1364    -1362    -1355    -1343 
   -1336    -1337    -1333    -1324    -1317    -1310    -1302    -1296 
   -1293    -1287    -1278    -1270    -1270    -1266    -1258    -1254 
   -1252    -1247    -1242    -1243    -1242    -1235    -1230    -1228 
   -1223    -1224    -1220    -1213    -1212    -1208    -1202    -1201 
   -1200    -1196    -1193    -1188    -1181    -1178    -1179    -1178 
   -1174    -1167    -1162    -1158    -1158    -1156    -1151    -1144 
   -1142    -1136    -1129    -1128    -1127    -1120    -1119    -1120 
   -1115    -1112    -1115    -1113    -1109    -1109    -1109    -1107 
   -1105    -1105    -1107    -1107    -1107    -1107    -1105    -1107 
   -1112    -1111    -1105    -1107    -1107    -1107    -1107    -1107 
   -1107    -1107    -1107    -1104    -1102    -1101    -1101    -1101 
   -1104    -1102    -1098    -1097    -1096    -1089    -1086    -1085 
   -1081    -1077    -1071    -1065    -1063    -1065    -1065    -1060 
   -1057    -1053    -1051    -1055    -1058    -1057    -1053    -1053 
