Origin Time       2016/04/16 01:25:00
Lat.              32.753
Long.             130.762
Depth. (km)       12
Mag.              7.3
Station Code      HYG025
Station Lat.      34.3405
Station Long.     134.9014
Station Height(m) 10
Record Time       2016/04/16 01:27:09
Sampling Freq(Hz) 100Hz
Duration Time(s)  63
Dir.              E-W
Scale Factor      7845(gal)/8223790
Max. Acc. (gal)   1.687
Last Correction   2016/04/16 01:27:10
Memo.             
    -432     -413     -399     -388     -386     -388     -395     -409 
    -423     -440     -454     -469     -480     -486     -484     -476 
    -464     -453     -442     -438     -434     -430     -434     -445 
    -460     -481     -508     -538     -569     -594     -614     -631 
    -638     -631     -619     -604     -584     -566     -557     -556 
    -566     -579     -592     -606     -616     -625     -627     -616 
    -604     -596     -581     -564     -550     -542     -532     -529 
    -525     -521     -521     -519     -514     -513     -513     -513 
    -521     -533     -545     -556     -562     -565     -569     -572 
    -573     -573     -577     -579     -575     -566     -556     -540 
    -514     -480     -445     -410     -379     -364     -364     -379 
    -411     -457     -510     -557     -596     -623     -638     -641 
    -629     -600     -562     -526     -493     -464     -440     -427 
    -422     -423     -427     -434     -448     -461     -471     -479 
    -484     -481     -476     -473     -471     -468     -468     -471 
    -471     -473     -476     -475     -475     -473     -472     -473 
    -473     -475     -480     -484     -487     -493     -504     -515 
    -523     -529     -529     -526     -521     -510     -496     -483 
    -473     -472     -473     -476     -481     -492     -503     -515 
    -529     -544     -557     -566     -573     -572     -564     -553 
    -533     -511     -493     -475     -457     -446     -438     -438 
    -451     -473     -499     -529     -556     -576     -587     -588 
    -576     -553     -529     -502     -477     -456     -441     -437 
    -440     -451     -477     -511     -542     -576     -607     -633 
    -648     -656     -657     -646     -627     -608     -589     -572 
    -558     -548     -544     -550     -564     -579     -598     -614 
    -619     -619     -616     -610     -602     -596     -596     -603 
    -612     -622     -629     -633     -627     -611     -592     -577 
    -562     -548     -535     -525     -518     -508     -499     -493 
    -488     -481     -479     -480     -481     -486     -498     -513 
    -529     -542     -549     -552     -548     -535     -518     -493 
    -464     -440     -414     -386     -359     -337     -322     -313 
    -309     -317     -337     -364     -395     -422     -441     -449 
    -444     -429     -407     -382     -355     -337     -330     -329 
    -337     -353     -375     -400     -425     -445     -457     -461 
    -457     -448     -433     -418     -406     -395     -387     -382 
    -376     -372     -370     -370     -369     -373     -379     -382 
    -380     -375     -361     -337     -306     -279     -256     -241 
    -241     -249     -263     -287     -315     -341     -364     -379 
    -388     -394     -390     -382     -367     -349     -333     -318 
    -307     -303     -306     -319     -342     -375     -413     -451 
    -487     -518     -538     -544     -537     -517     -495     -476 
    -456     -445     -446     -451     -467     -484     -503     -522 
    -533     -540     -544     -544     -540     -540     -538     -530 
    -525     -522     -518     -514     -513     -511     -513     -514 
    -519     -529     -532     -533     -540     -540     -535     -530 
    -517     -499     -481     -467     -454     -445     -444     -446 
    -451     -461     -472     -484     -495     -506     -515     -522 
    -526     -537     -542     -540     -530     -515     -499     -486 
    -483     -491     -506     -525     -542     -558     -566     -565 
    -557     -538     -513     -486     -451     -419     -392     -367 
    -344     -329     -322     -322     -329     -341     -361     -382 
    -400     -410     -409     -395     -372     -344     -315     -288 
    -271     -261     -266     -292     -330     -376     -429     -479 
    -515     -537     -540     -518     -479     -429     -373     -322 
    -276     -244     -229     -233     -256     -289     -326     -361 
    -390     -409     -419     -425     -430     -434     -440     -450 
    -464     -483     -504     -519     -533     -548     -561     -573 
    -575     -571     -565     -560     -558     -558     -561     -569 
    -581     -595     -610     -626     -638     -643     -642     -637 
    -629     -618     -602     -583     -565     -549     -540     -544 
    -556     -572     -592     -607     -622     -630     -623     -611 
    -596     -576     -557     -548     -540     -532     -532     -538 
    -546     -558     -569     -583     -595     -607     -618     -623 
    -627     -629     -627     -626     -621     -610     -600     -589 
    -579     -569     -560     -553     -544     -532     -519     -504 
    -490     -475     -463     -451     -445     -444     -449     -451 
    -451     -454     -451     -444     -433     -417     -399     -387 
    -376     -365     -357     -351     -348     -342     -338     -338 
    -337     -332     -326     -319     -310     -305     -305     -311 
    -322     -337     -359     -383     -414     -442     -464     -484 
    -496     -499     -493     -481     -467     -444     -417     -395 
    -379     -368     -367     -369     -375     -383     -391     -392 
    -390     -380     -365     -352     -336     -313     -284     -259 
    -236     -216     -201     -202     -217     -240     -268     -301 
    -333     -359     -375     -376     -369     -359     -342     -326 
    -313     -302     -295     -295     -298     -309     -326     -352 
    -383     -415     -444     -468     -481     -484     -473     -456 
    -436     -417     -406     -400     -406     -423     -446     -472 
    -499     -521     -535     -544     -544     -540     -530     -519 
    -511     -504     -496     -490     -484     -476     -464     -450 
    -430     -414     -403     -392     -386     -386     -387     -391 
    -399     -410     -421     -430     -438     -440     -434     -425 
    -409     -390     -376     -364     -356     -357     -364     -370 
    -376     -386     -390     -386     -380     -372     -359     -348 
    -338     -330     -333     -349     -375     -403     -440     -480 
    -518     -546     -566     -583     -592     -588     -573     -557 
    -538     -521     -506     -496     -493     -492     -493     -499 
    -506     -510     -515     -523     -529     -532     -538     -542 
    -548     -558     -575     -589     -600     -608     -612     -611 
    -603     -596     -591     -584     -587     -596     -606     -615 
    -627     -635     -639     -642     -639     -631     -626     -612 
    -589     -560     -526     -492     -464     -448     -437     -437 
    -448     -457     -467     -476     -476     -472     -469     -464 
    -453     -444     -441     -441     -450     -468     -486     -500 
    -513     -521     -523     -521     -514     -510     -504     -496 
    -487     -477     -469     -464     -460     -459     -464     -476 
    -486     -498     -504     -508     -518     -523     -523     -529 
    -540     -552     -564     -577     -592     -611     -629     -641 
    -649     -654     -652     -641     -630     -621     -610     -603 
    -603     -602     -599     -606     -618     -631     -648     -668 
    -684     -697     -708     -711     -707     -699     -688     -675 
    -661     -646     -633     -622     -615     -610     -608     -608 
    -612     -618     -622     -626     -627     -626     -623     -611 
    -595     -575     -548     -522     -498     -472     -449     -429 
    -409     -392     -386     -380     -379     -382     -387     -391 
    -388     -382     -373     -360     -344     -333     -321     -310 
    -305     -303     -306     -315     -329     -348     -368     -387 
    -406     -419     -427     -434     -433     -425     -413     -396 
    -382     -364     -349     -340     -334     -333     -338     -349 
    -364     -378     -388     -396     -402     -402     -400     -400 
    -398     -395     -395     -399     -405     -418     -441     -468 
    -495     -523     -549     -566     -575     -579     -577     -569 
    -556     -540     -522     -506     -496     -488     -487     -491 
    -496     -500     -504     -508     -513     -511     -506     -498 
    -491     -491     -498     -506     -522     -537     -550     -558 
    -564     -565     -557     -544     -530     -518     -506     -496 
    -495     -500     -510     -525     -540     -550     -557     -556 
    -548     -535     -526     -521     -511     -500     -493     -490 
    -484     -477     -473     -469     -471     -476     -486     -498 
    -513     -526     -540     -552     -562     -575     -587     -600 
    -610     -614     -615     -616     -616     -618     -621     -623 
    -629     -630     -625     -616     -607     -594     -579     -569 
    -562     -557     -560     -564     -568     -571     -571     -562 
    -544     -522     -498     -471     -446     -427     -411     -400 
    -394     -388     -386     -386     -386     -390     -395     -399 
    -399     -396     -390     -378     -363     -344     -326     -313 
    -302     -297     -301     -307     -315     -318     -318     -321 
    -322     -322     -328     -337     -344     -355     -368     -380 
    -391     -400     -411     -422     -434     -448     -464     -484 
    -499     -514     -526     -530     -526     -521     -511     -499 
    -492     -492     -495     -499     -506     -513     -514     -513 
    -508     -503     -498     -495     -492     -484     -477     -468 
    -456     -445     -440     -442     -448     -454     -463     -468 
    -467     -459     -444     -423     -403     -386     -370     -361 
    -359     -363     -370     -378     -383     -386     -383     -373 
    -361     -348     -329     -310     -298     -287     -275     -265 
    -259     -259     -270     -288     -307     -328     -346     -363 
    -372     -370     -368     -360     -349     -338     -330     -325 
    -319     -318     -319     -325     -336     -349     -361     -376 
    -394     -406     -414     -421     -425     -433     -436     -436 
    -444     -450     -454     -463     -469     -479     -490     -495 
    -498     -502     -502     -498     -495     -493     -493     -498 
    -503     -506     -514     -518     -513     -504     -490     -467 
    -442     -417     -395     -383     -382     -390     -413     -446 
    -481     -518     -553     -579     -595     -602     -602     -595 
    -585     -579     -579     -584     -592     -603     -616     -627 
    -631     -635     -637     -633     -630     -627     -621     -610 
    -595     -573     -552     -530     -510     -504     -511     -523 
    -540     -562     -587     -608     -627     -643     -660     -673 
    -683     -689     -695     -695     -689     -679     -665     -650 
    -630     -608     -587     -564     -542     -526     -513     -503 
    -499     -495     -492     -487     -479     -467     -453     -438 
    -422     -406     -391     -379     -369     -364     -370     -383 
    -409     -437     -464     -493     -514     -523     -526     -523 
    -514     -502     -491     -483     -473     -460     -454     -459 
    -464     -472     -480     -488     -493     -498     -500     -496 
    -484     -468     -453     -441     -427     -419     -419     -425 
    -436     -449     -467     -484     -496     -500     -495     -487 
    -472     -453     -437     -423     -409     -395     -383     -373 
    -361     -349     -340     -333     -330     -330     -334     -344 
    -361     -376     -383     -383     -383     -383     -379     -375 
    -370     -364     -355     -349     -342     -332     -324     -314 
    -301     -282     -259     -237     -216     -195     -180     -175 
    -176     -180     -186     -197     -210     -220     -228     -236 
    -237     -230     -220     -199     -175     -151     -128     -106 
     -95      -91      -86      -83      -86      -86      -78      -67 
     -52      -32      -20       -5        2       -2      -18      -41 
     -72     -110     -148     -190     -232     -268     -303     -336 
    -360     -378     -391     -398     -399     -398     -396     -400 
    -409     -425     -449     -476     -502     -530     -552     -564 
    -571     -576     -579     -581     -583     -579     -577     -577 
    -577     -584     -599     -616     -639     -660     -675     -692 
    -707     -714     -711     -700     -679     -649     -616     -581 
    -550     -529     -515     -508     -506     -508     -506     -502 
    -496     -487     -468     -450     -432     -410     -390     -365 
    -341     -315     -289     -261     -237     -218     -210     -206 
    -198     -191     -190     -183     -171     -157     -143     -122 
    -101      -78      -56      -32      -11        2       17       29 
      32       25        9      -13      -44      -85     -129     -175 
    -218     -259     -298     -328     -353     -378     -399     -418 
    -429     -436     -442     -444     -438     -430     -417     -400 
    -383     -373     -370     -373     -383     -400     -430     -464 
    -496     -526     -558     -579     -587     -592     -591     -581 
    -565     -546     -523     -502     -490     -484     -487     -499 
    -514     -532     -553     -577     -600     -618     -635     -656 
    -676     -695     -718     -738     -753     -766     -781     -793 
    -804     -819     -835     -850     -866     -877     -888     -897 
    -899     -893     -885     -877     -877     -882     -895     -909 
    -928     -949     -967     -984     -996    -1003    -1012    -1019 
   -1021    -1023    -1026    -1032    -1039    -1047    -1059    -1074 
   -1086    -1097    -1111    -1123    -1131    -1138    -1144    -1146 
   -1147    -1151    -1155    -1155    -1155    -1154    -1150    -1146 
   -1140    -1132    -1120    -1107    -1097    -1084    -1065    -1053 
   -1046    -1039    -1039    -1044    -1046    -1046    -1050    -1050 
   -1048    -1047    -1044    -1036    -1024    -1009     -990     -970 
    -945     -911     -873     -831     -781     -731     -676     -610 
    -540     -472     -402     -332     -266     -205     -149      -97 
     -49       -5       36       79      124      171      220      263 
     301      332      353      364      368      372      372      372 
     376      380      386      392      402      409      407      405 
     396      379      351      317      279      240      197      151 
     110       74       44       21        1      -17      -29      -35 
     -37      -36      -31      -21      -13       -5       -2       -5 
     -17      -29      -47      -74      -99     -129     -164     -199 
    -238     -276     -313     -351     -383     -415     -445     -473 
    -498     -514     -519     -518     -514     -503     -490     -475 
    -461     -449     -438     -423     -405     -376     -337     -291 
    -243     -190     -140      -97      -68      -60      -68      -91 
    -129     -178     -230     -279     -318     -344     -364     -378 
    -386     -391     -398     -406     -417     -432     -446     -457 
    -464     -464     -459     -445     -427     -403     -379     -360 
    -348     -344     -356     -379     -411     -450     -495     -538 
    -576     -610     -638     -660     -679     -696     -714     -734 
    -754     -781     -810     -837     -859     -877     -884     -877 
    -854     -818     -766     -710     -650     -595     -549     -519 
    -504     -503     -519     -553     -594     -638     -688     -735 
    -774     -800     -816     -820     -804     -777     -745     -706 
    -666     -631     -600     -571     -545     -526     -508     -492 
    -484     -473     -467     -473     -486     -495     -513     -540 
    -568     -591     -615     -637     -652     -661     -661     -650 
    -635     -612     -579     -544     -506     -473     -440     -410 
    -388     -369     -353     -341     -330     -322     -319     -321 
    -319     -319     -321     -318     -314     -313     -311     -314 
    -318     -329     -341     -351     -360     -375     -388     -399 
    -409     -418     -422     -418     -407     -388     -361     -329 
    -299     -278     -263     -261     -278     -301     -332     -365 
    -399     -437     -469     -492     -510     -519     -522     -523 
    -526     -530     -540     -557     -572     -592     -616     -638 
    -661     -680     -691     -700     -702     -700     -695     -685 
    -677     -673     -673     -680     -693     -711     -731     -754 
    -774     -791     -807     -819     -824     -834     -849     -869 
    -900     -940     -993    -1051    -1109    -1171    -1227    -1271 
   -1308    -1340    -1363    -1381    -1394    -1405    -1418    -1445 
   -1478    -1509    -1549    -1586    -1606    -1615    -1609    -1575 
   -1522    -1459    -1387    -1317    -1252    -1198    -1152    -1120 
   -1096    -1074    -1051    -1030    -1000     -959     -907     -849 
    -787     -715     -649     -588     -532     -488     -459     -444 
    -441     -444     -448     -449     -441     -422     -394     -355 
    -311     -272     -234     -206     -195     -193     -198     -209 
    -217     -225     -230     -228     -221     -206     -187     -166 
    -137     -110      -90      -76      -72      -78      -91     -116 
    -144     -178     -216     -251     -286     -321     -348     -365 
    -379     -379     -364     -346     -328     -305     -283     -261 
    -238     -218     -199     -182     -168     -159     -151     -147 
    -148     -152     -159     -174     -191     -212     -244     -279 
    -314     -353     -392     -427     -459     -476     -486     -486 
    -476     -461     -440     -417     -396     -379     -359     -338 
    -321     -302     -284     -276     -280     -295     -319     -355 
    -396     -429     -456     -473     -473     -457     -429     -383 
    -329     -270     -205     -143      -87      -40       -5       11 
      17       10       -2      -17      -29      -37      -43      -41 
     -28      -10        2       17       28       23       10       -9 
     -43      -83     -120     -153     -182     -198     -206     -203 
    -189     -166     -135      -97      -58      -14       23       55 
      81       95       99       95       82       65       51       36 
      25       22       25       28       36       49       62       79 
     101      128      156      180      202      222      233      237 
     243      245      246      245      241      236      229      221 
     207      187      162      133       97       52        8      -39 
     -89     -133     -176     -218     -249     -276     -295     -303 
    -311     -319     -325     -332     -349     -373     -400     -429 
    -459     -484     -508     -530     -546     -562     -577     -589 
    -600     -608     -615     -627     -648     -676     -715     -767 
    -823     -881     -943    -1000    -1051    -1100    -1150    -1198 
   -1248    -1298    -1351    -1409    -1474    -1540    -1611    -1688 
   -1761    -1826    -1892    -1956    -2015    -2066    -2111    -2153 
   -2187    -2214    -2235    -2247    -2251    -2245    -2230    -2205 
   -2173    -2138    -2100    -2060    -2025    -1992    -1961    -1934 
   -1912    -1895    -1876    -1856    -1826    -1790    -1746    -1703 
   -1655    -1606    -1566    -1526    -1489    -1457    -1431    -1405 
   -1382    -1371    -1360    -1344    -1328    -1308    -1278    -1233 
   -1178    -1115    -1050     -984     -916     -857     -808     -764 
    -723     -685     -652     -618     -581     -544     -504     -464 
    -429     -395     -359     -318     -280     -241     -199     -159 
    -114      -64      -13       39       93      144      195      241 
     279      306      325      338      351      363      373      388 
     406      417      425      432      430      421      406      382 
     355      326      291      251      214      178      141      108 
      74       32      -13      -58     -103     -148     -184     -216 
    -244     -261     -270     -276     -275     -263     -249     -228 
    -202     -175     -152     -135     -124     -122     -135     -157 
    -189     -232     -283     -338     -395     -449     -498     -533 
    -556     -565     -561     -548     -529     -508     -487     -464 
    -453     -449     -446     -450     -461     -475     -492     -510 
    -525     -540     -552     -556     -558     -561     -561     -560 
    -562     -572     -587     -608     -642     -692     -758     -832 
    -915    -1005    -1093    -1179    -1263    -1336    -1397    -1451 
   -1494    -1524    -1545    -1559    -1560    -1554    -1544    -1525 
   -1502    -1475    -1441    -1398    -1351    -1302    -1254    -1209 
   -1169    -1135    -1115    -1104    -1101    -1107    -1119    -1127 
   -1136    -1140    -1139    -1131    -1113    -1090    -1062    -1032 
    -997     -963     -936     -916     -903     -900     -901     -905 
    -913     -924     -932     -934     -939     -942     -943     -950 
    -961     -972     -982     -987     -987     -982     -973     -958 
    -940     -924     -909     -899     -895     -900     -908     -919 
    -932     -940     -936     -922     -896     -854     -803     -747 
    -684     -623     -569     -523     -487     -464     -459     -463 
    -476     -499     -519     -542     -561     -568     -568     -558 
    -540     -514     -484     -453     -423     -396     -370     -349 
    -336     -326     -326     -337     -357     -386     -418     -453 
    -492     -531     -568     -603     -634     -664     -695     -723 
    -746     -769     -788     -803     -818     -832     -846     -859 
    -874     -884     -889     -892     -889     -881     -869     -853 
    -835     -818     -796     -776     -761     -745     -727     -715 
    -711     -707     -702     -692     -684     -670     -652     -629 
    -600     -571     -546     -519     -495     -479     -467     -460 
    -460     -464     -473     -483     -492     -503     -511     -514 
    -511     -500     -477     -442     -402     -356     -303     -255 
    -211     -176     -151     -131     -124     -118     -112     -101 
     -79      -52      -14       31       75      117      155      180 
     190      190      174      143      102       52       -4      -56 
     -98     -133     -155     -164     -166     -164     -162     -163 
    -178     -203     -230     -265     -302     -334     -360     -375 
    -378     -365     -344     -313     -272     -232     -201     -172 
    -152     -147     -148     -155     -171     -193     -216     -237 
    -257     -274     -283     -283     -274     -261     -248     -232 
    -218     -207     -201     -199     -207     -218     -230     -246 
    -259     -266     -271     -266     -255     -236     -207     -175 
    -141     -112      -94      -86      -85      -94     -116     -139 
    -164     -191     -212     -221     -222     -218     -207     -191 
    -171     -155     -141     -133     -131     -143     -163     -194 
    -229     -265     -303     -334     -360     -379     -394     -406 
    -409     -409     -411     -417     -423     -433     -448     -468 
    -488     -506     -523     -537     -542     -537     -529     -510 
    -481     -453     -422     -387     -359     -332     -305     -286 
    -272     -263     -256     -252     -248     -241     -240     -237 
    -229     -221     -207     -189     -167     -139     -103      -62 
     -18       27       75      124      174      229      289      353 
     421      491      561      631      696      751      800      841 
     864      877      886      886      882      880      880      889 
     908      936      967     1005     1047     1088     1121     1144 
    1156     1159     1146     1117     1075     1021      959      895 
     831      774      723      681      649      618      592      572 
     548      521      491      454      413      367      315      261 
     205      152       97       37      -18      -74     -133     -197 
    -261     -332     -399     -467     -540     -616     -684     -750 
    -814     -870     -924     -972    -1012    -1048    -1086    -1124 
   -1167    -1216    -1259    -1301    -1340    -1374    -1402    -1424 
   -1439    -1457    -1478    -1498    -1522    -1551    -1582    -1620 
   -1658    -1691    -1721    -1752    -1775    -1787    -1790    -1786 
   -1768    -1744    -1719    -1691    -1663    -1640    -1622    -1610 
   -1603    -1599    -1591    -1578    -1554    -1525    -1489    -1448 
   -1410    -1372    -1336    -1302    -1270    -1240    -1209    -1174 
   -1135    -1088    -1032     -969     -895     -818     -735     -646 
    -561     -479     -396     -322     -257     -206     -164     -133 
    -109      -93      -85      -81      -72      -70      -70      -65 
     -56      -47      -37      -28      -20      -11       -4        0 
      -1       -5      -20      -41      -71     -106     -151     -201 
    -249     -291     -328     -359     -382     -398     -406     -414 
    -423     -437     -451     -469     -492     -513     -526     -540 
    -546     -545     -540     -532     -529     -526     -525     -525 
    -530     -538     -550     -568     -587     -603     -621     -631 
    -635     -635     -627     -611     -594     -579     -568     -561 
    -562     -573     -591     -615     -645     -673     -702     -730 
    -746     -758     -764     -760     -754     -751     -749     -754 
    -766     -785     -812     -845     -877     -909     -938     -954 
    -965     -963     -950     -928     -900     -866     -835     -811 
    -789     -773     -767     -766     -766     -769     -774     -773 
    -766     -754     -734     -710     -681     -649     -611     -573 
    -540     -508     -483     -457     -437     -423     -410     -395 
    -380     -365     -344     -325     -298     -259     -216     -167 
    -109      -44       28      109      189      261      332      392 
     441      481      514      544      565      585      614      643 
     676      715      756      796      837      872      903      932 
     961      989     1017     1047     1073     1094     1109     1113 
    1109     1093     1070     1047     1020      994      980      972 
     966      972      984     1000     1017     1034     1048     1060 
    1065     1060     1048     1034     1017      999      977      955 
     935      915      892      868      843      816      785      746 
     704      666      629      594      562      532      504      472 
     438      406      373      334      298      265      236      214 
     197      176      157      144      129      112       98       85 
      64       43       23        0      -25      -47      -70      -94 
    -117     -133     -144     -155     -156     -155     -153     -153 
    -157     -160     -164     -168     -171     -172     -167     -156 
    -141     -126     -108      -85      -70      -59      -47      -43 
     -49      -59      -70      -85     -103     -121     -139     -157 
    -175     -194     -214     -237     -263     -295     -328     -367 
    -409     -449     -488     -530     -572     -612     -652     -687 
    -724     -767     -810     -846     -884     -922     -957     -997 
   -1039    -1081    -1120    -1162    -1208    -1252    -1300    -1351 
   -1399    -1444    -1487    -1524    -1551    -1570    -1583    -1588 
   -1587    -1587    -1586    -1579    -1572    -1570    -1568    -1566 
   -1566    -1564    -1561    -1560    -1556    -1549    -1541    -1526 
   -1509    -1491    -1460    -1424    -1393    -1364    -1339    -1324 
   -1312    -1301    -1296    -1291    -1282    -1277    -1270    -1255 
   -1242    -1224    -1201    -1182    -1161    -1135    -1116    -1100 
   -1084    -1074    -1070    -1071    -1078    -1089    -1100    -1116 
   -1131    -1138    -1144    -1151    -1154    -1158    -1166    -1178 
   -1194    -1213    -1239    -1267    -1296    -1325    -1358    -1386 
   -1409    -1431    -1451    -1468    -1482    -1491    -1499    -1509 
   -1520    -1528    -1543    -1553    -1560    -1567    -1574    -1578 
   -1579    -1576    -1570    -1560    -1545    -1524    -1498    -1474 
   -1449    -1426    -1405    -1389    -1379    -1370    -1359    -1347 
   -1328    -1305    -1274    -1236    -1196    -1154    -1112    -1073 
   -1034     -999     -969     -938     -907     -880     -850     -815 
    -780     -741     -697     -653     -606     -558     -511     -464 
    -422     -376     -329     -286     -240     -191     -144      -97 
     -52      -10       32       78      120      160      201      244 
     291      336      375      409      441      464      486      503 
     517      525      531      535      535      535      532      526 
     519      517      511      504      503      499      493      488 
     484      476      461      444      430      417      405      399 
     400      405      407      417      429      436      436      430 
     419      398      372      344      313      286      265      251 
     237      229      222      217      209      198      187      174 
     157      137      118       95       67       43       22        1 
     -10      -14      -20      -23      -27      -31      -39      -52 
     -74     -101     -128     -156     -184     -206     -225     -240 
    -245     -245     -244     -243     -241     -245     -253     -263 
    -274     -291     -307     -317     -325     -330     -330     -325 
    -318     -314     -309     -302     -298     -298     -302     -307 
    -319     -340     -364     -402     -444     -487     -532     -577 
    -619     -657     -691     -720     -741     -758     -777     -793 
    -808     -827     -851     -874     -896     -913     -926     -936 
    -947     -957     -965     -973     -984     -997    -1011    -1026 
   -1043    -1062    -1086    -1104    -1117    -1129    -1131    -1123 
   -1111    -1090    -1065    -1042    -1017     -993     -976     -962 
    -950     -942     -931     -919     -907     -886     -861     -834 
    -799     -761     -722     -685     -654     -629     -607     -592 
    -584     -575     -564     -560     -553     -540     -526     -508 
    -484     -459     -434     -411     -395     -376     -355     -342 
    -337     -328     -318     -313     -306     -305     -305     -305 
    -306     -313     -319     -325     -336     -353     -372     -391 
    -407     -423     -440     -450     -461     -475     -488     -504 
    -529     -557     -588     -622     -650     -677     -702     -715 
    -731     -746     -756     -761     -766     -769     -773     -778 
    -787     -793     -799     -807     -816     -820     -822     -823 
    -824     -824     -826     -830     -834     -841     -846     -850 
    -854     -859     -859     -858     -858     -855     -847     -838 
    -828     -818     -805     -797     -793     -791     -788     -793 
    -799     -803     -811     -815     -814     -818     -822     -823 
    -824     -827     -832     -842     -847     -857     -868     -876 
    -877     -881     -885     -880     -870     -862     -853     -838 
    -822     -810     -800     -791     -784     -778     -773     -767 
    -762     -761     -758     -754     -754     -753     -751     -750 
    -750     -753     -751     -756     -767     -773     -781     -792 
    -800     -807     -811     -810     -808     -808     -805     -797 
    -789     -784     -776     -769     -764     -754     -741     -728 
    -715     -696     -677     -662     -645     -634     -629     -623 
    -621     -616     -610     -600     -589     -577     -560     -538 
    -517     -502     -486     -468     -457     -453     -446     -442 
    -446     -448     -444     -441     -437     -425     -415     -410 
    -407     -406     -407     -413     -418     -430     -446     -460 
    -473     -491     -503     -513     -523     -531     -532     -533 
    -533     -531     -529     -523     -521     -523     -529     -540 
    -553     -572     -594     -615     -637     -662     -689     -712 
    -735     -757     -770     -781     -792     -793     -793     -796 
    -801     -812     -820     -828     -841     -853     -857     -859 
    -861     -854     -838     -823     -805     -787     -772     -762 
    -758     -765     -780     -803     -831     -862     -893     -924 
    -950     -972     -986    -1004    -1017    -1023    -1026    -1034 
   -1034    -1032    -1032    -1032    -1030    -1028    -1028    -1026 
   -1026    -1026    -1023    -1021    -1021    -1019    -1012    -1005 
   -1000     -992     -982     -973     -966     -959     -953     -949 
    -947     -945     -940     -939     -935     -929     -926     -919 
    -915     -911     -907     -903     -905     -907     -909     -912 
    -915     -919     -918     -916     -912     -903     -892     -880 
    -864     -850     -838     -824     -814     -805     -795     -783 
    -774     -767     -761     -756     -753     -754     -754     -754 
    -753     -751     -751     -747     -739     -727     -712     -692 
    -669     -646     -623     -599     -576     -556     -540     -530 
    -523     -518     -517     -519     -522     -526     -531     -537 
    -545     -552     -556     -558     -560     -556     -552     -546 
    -538     -531     -526     -526     -525     -523     -523     -525 
    -526     -529     -531     -531     -531     -531     -526     -526 
    -526     -526     -525     -525     -530     -535     -537     -544 
    -552     -553     -553     -553     -549     -540     -532     -522 
    -513     -503     -492     -481     -475     -464     -457     -450 
    -444     -441     -437     -430     -423     -419     -413     -406 
    -403     -400     -400     -407     -418     -427     -437     -450 
    -463     -472     -483     -488     -488     -488     -487     -483 
    -476     -469     -459     -448     -445     -445     -444     -448 
    -453     -459     -464     -463     -457     -445     -429     -413 
    -392     -372     -356     -341     -333     -329     -330     -333 
    -341     -348     -349     -353     -356     -348     -338     -329 
    -319     -305     -286     -271     -259     -248     -240     -234 
    -233     -236     -236     -236     -240     -238     -236     -236 
    -236     -238     -245     -256     -271     -284     -299     -314 
    -326     -338     -349     -357     -364     -372     -383     -394 
    -402     -410     -419     -427     -432     -437     -444     -450 
    -459     -467     -477     -490     -496     -504     -513     -514 
    -514     -515     -517     -519     -519     -521     -522     -526 
    -530     -531     -531     -530     -525     -519     -511     -504 
    -502     -498     -492     -491     -491     -491     -492     -493 
    -495     -498     -502     -506     -510     -517     -521     -526 
    -535     -542     -548     -553     -564     -572     -577     -584 
    -591     -595     -600     -606     -608     -612     -618     -629 
    -641     -654     -670     -688     -700     -718     -737     -751 
    -764     -773     -781     -788     -795     -799     -803     -801 
    -800     -800     -801     -799     -797     -796     -797     -799 
    -800     -801     -804     -807     -810     -814     -818     -816 
    -816     -814     -804     -793     -783     -766     -747     -731 
    -715     -702     -692     -679     -665     -658     -652     -641 
    -633     -626     -623     -625     -625     -626     -630     -634 
    -639     -641     -643     -645     -641     -635     -631     -623 
    -615     -608     -600     -595     -591     -585     -581     -576 
    -568     -558     -550     -545     -540     -531     -525     -523 
    -518     -511     -508     -504     -502     -499     -496     -490 
    -483     -475     -464     -451     -440     -430     -418     -402 
    -388     -375     -359     -340     -322     -305     -288     -274 
    -259     -245     -232     -221     -212     -209     -205     -203 
    -206     -210     -210     -209     -207     -205     -199     -194 
    -184     -176     -172     -167     -162     -160     -163     -168 
    -172     -178     -191     -202     -212     -225     -243     -259 
    -278     -294     -310     -326     -340     -352     -363     -367 
    -369     -370     -372     -375     -372     -370     -376     -382 
    -387     -395     -406     -417     -425     -430     -437     -442 
    -445     -450     -453     -456     -464     -472     -472     -472 
    -473     -469     -463     -456     -446     -432     -419     -409 
    -394     -382     -378     -370     -360     -356     -353     -344 
    -336     -325     -311     -298     -280     -261     -246     -233 
    -221     -214     -211     -209     -207     -209     -214     -220 
    -225     -232     -236     -237     -234     -232     -225     -224 
    -220     -212     -210     -206     -201     -198     -197     -194 
    -190     -182     -176     -171     -163     -156     -148     -140 
    -135     -128     -121     -112     -106     -101      -94      -86 
     -81      -79      -79      -78      -79      -82      -82      -82 
     -83      -86      -83      -81      -79      -78      -79      -85 
     -91      -99     -109     -120     -133     -151     -164     -172 
    -182     -190     -194     -198     -198     -194     -190     -190 
    -190     -184     -180     -180     -178     -175     -174     -168 
    -166     -160     -151     -147     -141     -131     -125     -121 
    -120     -120     -122     -124     -126     -133     -137     -141 
    -148     -149     -148     -147     -144     -140     -131     -124 
    -117     -110     -103      -94      -87      -89      -82      -75 
     -75      -74      -70      -68      -67      -62      -56      -49 
     -45      -36      -29      -22      -11       -1        5       14 
      23       27       32       37       41       43       45       47 
      49       49       52       56       58       55       54       51 
      47       44       45       45       43       39       36       36 
      32       27       23       21       16       11        5       -1 
      -9      -20      -31      -44      -59      -65      -74      -83 
     -91      -95      -98     -102     -108     -114     -121     -125 
    -131     -140     -144     -147     -151     -152     -152     -151 
    -153     -152     -149     -151     -153     -159     -166     -175 
    -191     -207     -224     -245     -266     -291     -314     -333 
    -355     -373     -390     -409     -429     -444     -457     -472 
    -487     -496     -506     -523     -532     -540     -545     -549 
    -553     -553     -552     -550     -549     -546     -540     -531 
    -531     -531     -530     -533     -538     -540     -542     -548 
    -552     -560     -565     -566     -569     -569     -569     -569 
    -565     -561     -560     -557     -553     -553     -557     -556 
    -553     -560     -562     -564     -566     -568     -569     -571 
    -572     -572     -572     -569     -571     -572     -569     -568 
    -568     -564     -560     -558     -553     -544     -537     -530 
    -519     -510     -498     -488     -481     -469     -461     -451 
    -442     -437     -430     -419     -407     -399     -394     -383 
    -369     -356     -344     -330     -314     -298     -288     -280 
    -272     -266     -259     -253     -251     -249     -245     -238 
    -233     -228     -221     -216     -214     -212     -211     -207 
    -201     -194     -187     -178     -167     -159     -151     -140 
    -129     -117     -102      -91      -81      -67      -59      -47 
     -32      -21      -10        5       21       32       45       62 
      71       82       91       95       99      102      102       99 
      97       94       93       93       93       91       91       93 
      90       86       83       76       72       67       56       51 
      47       41       37       36       35       36       36       37 
      40       40       37       32       28       20        5       -5 
     -17      -31      -43      -52      -59      -64      -70      -72 
     -75      -76      -78      -83      -87      -91      -99     -110 
    -121     -133     -147     -159     -171     -187     -201     -211 
    -221     -229     -237     -240     -240     -240     -236     -225 
    -216     -206     -195     -182     -167     -153     -147     -143 
    -140     -140     -143     -152     -162     -170     -178     -190 
    -197     -205     -211     -214     -218     -225     -229     -234 
    -246     -256     -265     -278     -292     -306     -318     -328 
    -336     -344     -355     -364     -369     -378     -387     -395 
    -405     -414     -423     -434     -441     -448     -457     -461 
    -463     -464     -468     -472     -475     -480     -486     -492 
    -499     -506     -514     -522     -526     -531     -538     -546 
    -553     -562     -568     -573     -583     -591     -598     -608 
    -618     -626     -635     -646     -654     -662     -665     -665 
    -666     -669     -670     -670     -669     -669     -669     -668 
    -669     -672     -670     -670     -673     -675     -677     -683 
    -687     -689     -693     -697     -697     -695     -691     -688 
    -683     -676     -668     -660     -653     -643     -635     -629 
    -625     -619     -621     -626     -629     -631     -639     -646 
    -648     -652     -654     -656     -660     -664     -665     -666 
    -668     -669     -672     -673     -676     -676     -676     -679 
    -680     -676     -675     -675     -672     -670     -672     -673 
    -677     -681     -687     -693     -700     -711     -722     -728 
    -738     -747     -753     -760     -766     -770     -773     -772 
    -773     -774     -773     -772     -772     -772     -777     -785 
    -795     -810     -822     -834     -851     -869     -884     -899 
    -915     -929     -949     -965     -980     -997    -1012    -1030 
   -1047    -1059    -1077    -1092    -1104    -1119    -1129    -1139 
   -1151    -1163    -1170    -1175    -1182    -1185    -1189    -1188 
   -1182    -1177    -1171    -1167    -1159    -1151    -1146    -1139 
   -1132    -1131    -1131    -1129    -1128    -1124    -1119    -1116 
   -1112    -1104    -1097    -1092    -1081    -1073    -1069    -1063 
   -1055    -1047    -1043    -1038    -1028    -1020    -1011    -1000 
    -987     -973     -959     -946     -928     -912     -900     -888 
    -877     -862     -849     -838     -827     -814     -803     -789 
    -780     -770     -760     -753     -749     -745     -741     -739 
    -738     -737     -739     -741     -743     -747     -751     -754 
    -762     -770     -776     -784     -795     -801     -808     -819 
    -827     -834     -838     -843     -847     -851     -851     -854 
    -859     -864     -873     -882     -890     -901     -915     -926 
    -935     -942     -951     -959     -966     -973     -978     -982 
    -987     -994     -996     -999    -1004    -1008    -1013    -1017 
   -1017    -1020    -1023    -1026    -1031    -1032    -1034    -1035 
   -1032    -1030    -1030    -1028    -1030    -1030    -1031    -1031 
   -1034    -1039    -1048    -1053    -1059    -1067    -1074    -1075 
   -1077    -1081    -1081    -1084    -1086    -1088    -1090    -1094 
   -1097    -1102    -1107    -1112    -1115    -1115    -1113    -1112 
   -1107    -1102    -1093    -1080    -1071    -1062    -1048    -1039 
   -1031    -1021    -1016    -1013    -1007    -1000     -994     -987 
    -978     -967     -955     -946     -938     -927     -912     -899 
    -889     -882     -874     -866     -859     -854     -847     -843 
    -837     -830     -823     -815     -807     -800     -792     -783 
    -776     -767     -757     -749     -739     -731     -720     -708 
    -700     -693     -683     -672     -666     -658     -649     -643 
    -639     -630     -623     -616     -610     -600     -587     -577 
    -572     -561     -549     -540     -530     -522     -514     -503 
    -493     -484     -472     -464     -454     -442     -430     -419 
    -409     -395     -387     -382     -375     -367     -357     -349 
    -341     -332     -319     -306     -291     -278     -263     -249 
    -234     -225     -220     -211     -199     -190     -182     -172 
    -160     -149     -141     -133     -124     -116     -112     -110 
    -108     -106     -108     -110     -112     -112     -114     -117 
    -122     -126     -131     -140     -148     -160     -174     -187 
    -201     -216     -230     -241     -253     -263     -274     -283 
    -288     -292     -301     -307     -311     -314     -318     -325 
    -333     -340     -344     -351     -356     -361     -367     -367 
    -368     -372     -375     -373     -372     -373     -370     -368 
    -369     -370     -372     -376     -383     -390     -396     -405 
    -415     -425     -432     -436     -441     -441     -444     -446 
    -445     -445     -444     -440     -434     -433     -433     -430 
    -425     -419     -414     -407     -400     -396     -391     -383 
    -378     -372     -367     -363     -361     -359     -359     -363 
    -363     -363     -367     -367     -364     -360     -356     -349 
    -340     -333     -328     -318     -310     -303     -297     -287 
    -280     -272     -265     -259     -255     -248     -243     -241 
    -238     -234     -233     -233     -228     -222     -216     -209 
    -199     -189     -178     -171     -160     -151     -140     -129 
    -125     -120     -112     -106     -105     -103     -102     -101 
    -102     -103     -108     -109     -106     -108     -110     -109 
    -108     -108     -108     -112     -110     -109     -110     -112 
    -114     -117     -122     -125     -126     -129     -133     -137 
    -140     -143     -144     -148     -152     -155     -155     -159 
    -164     -166     -168     -171     -176     -183     -189     -194 
    -202     -209     -217     -225     -233     -244     -251     -256 
    -263     -274     -284     -297     -307     -315     -326     -337 
    -344     -355     -367     -375     -383     -388     -391     -394 
    -398     -399     -396     -392     -394     -396     -399     -399 
    -399     -403     -407     -407     -410     -413     -415     -417 
    -418     -422     -429     -433     -440     -446     -456     -464 
    -471     -480     -491     -498     -506     -517     -526     -535 
    -540     -548     -556     -558     -561     -565     -569     -569 
    -572     -573     -573     -575     -575     -575     -573     -568 
    -566     -566     -566     -565     -561     -561     -565     -566 
    -568     -572     -576     -579     -579     -581     -583     -584 
    -579     -577     -576     -569     -561     -556     -548     -535 
    -525     -515     -508     -503     -499     -493     -490     -492 
    -496     -495     -493     -496     -499     -499     -503     -506 
    -503     -499     -495     -491     -484     -477     -468     -459 
    -449     -441     -436     -425     -419     -413     -403     -394 
    -388     -383     -378     -373     -373     -375     -376     -378 
    -379     -380     -380     -382     -383     -383     -383     -383 
    -382     -380     -382     -383     -383     -383     -387     -392 
    -398     -399     -407     -418     -422     -429     -437     -444 
    -451     -460     -463     -467     -475     -477     -479     -484 
    -490     -493     -499     -504     -510     -515     -521     -526 
    -532     -540     -549     -557     -561     -562     -566     -565 
    -564     -566     -568     -565     -565     -568     -569     -571 
    -573     -575     -571     -568     -566     -562     -560     -556 
    -549     -544     -540     -537     -535     -532     -529     -525 
    -522     -518     -514     -506     -502     -500     -498     -499 
    -500     -498     -495     -495     -495     -495     -493     -492 
    -492     -491     -490     -488     -488     -490     -493     -496 
    -499     -503     -506     -511     -514     -515     -517     -521 
    -523     -523     -523     -525     -525     -525     -526     -529 
    -529     -530     -531     -537     -540     -540     -542     -544 
    -540     -542     -545     -544     -544     -540     -535     -531 
    -526     -521     -514     -510     -506     -500     -498     -498 
    -500     -499     -499     -502     -503     -503     -504     -506 
    -506     -508     -506     -506     -503     -502     -499     -496 
    -492     -484     -479     -473     -464     -456     -449     -440 
    -430     -425     -422     -417     -415     -418     -419     -422 
    -425     -430     -434     -436     -437     -442     -448     -451 
    -454     -457     -460     -464     -468     -472     -479     -483 
    -486     -491     -499     -506     -508     -515     -522     -525 
    -530     -535     -535     -535     -540     -544     -546     -550 
    -549     -550     -552     -549     -546     -545     -542     -542 
    -540     -537     -533     -530     -523     -519     -515     -506 
    -500     -499     -495     -491     -490     -490     -488     -487 
    -487     -490     -490     -488     -486     -479     -473     -468 
    -457     -446     -438     -425     -415     -405     -392     -380 
    -370     -357     -344     -338     -328     -315     -305     -292 
    -279     -268     -257     -244     -230     -221     -211     -201 
    -195     -187     -180     -175     -170     -164     -157     -152 
    -149     -144     -141     -139     -135     -135     -135     -129 
    -128     -129     -133     -135     -133     -131     -135     -139 
    -143     -148     -152     -156     -160     -162     -162     -163 
    -163     -160     -162     -163     -162     -160     -163     -167 
    -170     -171     -174     -178     -184     -187     -191     -197 
    -195     -193     -194     -191     -184     -178     -175     -168 
    -162     -155     -152     -149     -147     -141     -137     -131 
    -126     -121     -116     -112     -108     -103     -101      -98 
     -95      -95      -95      -93      -95      -98      -97      -95 
     -98      -99      -97      -95      -93      -90      -90      -90 
     -89      -87      -87      -86      -89      -91      -95      -98 
    -101     -103     -109     -117     -125     -128     -133     -140 
    -143     -144     -151     -152     -159     -166     -171     -182 
    -191     -195     -203     -217     -224     -229     -237     -244 
    -248     -246     -245     -249     -252     -255     -257     -259 
    -265     -271     -278     -282     -284     -289     -297     -299 
    -302     -306     -309     -311     -317     -324     -329     -330 
    -337     -344     -348     -353     -357     -361     -369     -373 
    -376     -380     -383     -391     -396     -400     -406     -414 
    -419     -425     -433     -441     -448     -456     -464     -476 
    -488     -495     -504     -518     -529     -538     -550     -562 
    -571     -579     -589     -596     -599     -604     -610     -612 
    -615     -619     -623     -633     -643     -653     -664     -677 
    -689     -702     -715     -730     -741     -756     -766     -776 
    -785     -793     -804     -814     -822     -830     -838     -849 
    -858     -868     -877     -888     -897     -907     -913     -922 
    -927     -932     -938     -940     -946     -954     -958     -959 
    -962     -969     -973     -977     -981     -984     -985     -986 
    -984     -982     -981     -977     -970     -966     -961     -957 
    -954     -953     -953     -953     -953     -955     -953     -951 
    -951     -949     -943     -939     -935     -929     -924     -922 
    -919     -919     -920     -919     -920     -924     -928     -931 
    -934     -936     -936     -938     -940     -940     -935     -931 
    -928     -923     -919     -918     -915     -912     -911     -909 
    -909     -908     -907     -905     -903     -901     -903     -903 
    -897     -896     -897     -896     -890     -890     -890     -886 
    -882     -877     -873     -870     -866     -862     -857     -849 
    -838     -835     -830     -819     -812     -807     -800     -793 
    -789     -787     -780     -776     -770     -765     -764     -758 
    -753     -753     -751     -747     -741     -739     -735     -727 
    -722     -715     -710     -700     -693     -689     -683     -672 
    -666     -662     -656     -646     -637     -626     -615     -606 
    -592     -577     -564     -553     -542     -531     -518     -508 
    -502     -496     -488     -484     -481     -479     -476     -473 
    -469     -467     -467     -464     -456     -450     -445     -437 
    -430     -421     -411     -400     -388     -375     -363     -352 
    -337     -322     -310     -298     -283     -270     -259     -249 
    -240     -230     -222     -217     -210     -201     -193     -187 
    -178     -172     -164     -155     -144     -135     -125     -116 
    -106      -97      -87      -81      -74      -65      -58      -54 
     -47      -44      -45      -47      -45      -44      -41      -37 
     -35      -35      -31      -28      -22      -16      -14      -16 
     -13      -13      -16      -18      -20      -23      -29      -29 
     -28      -32      -40      -43      -43      -47      -55      -59 
     -64      -74      -83      -91     -102     -112     -121     -129 
    -140     -149     -160     -168     -178     -190     -199     -211 
    -224     -230     -240     -252     -261     -271     -280     -288 
    -299     -309     -314     -322     -330     -338     -349     -359 
    -368     -378     -386     -396     -406     -418     -425     -434 
    -445     -453     -460     -467     -473     -484     -493     -499 
    -504     -515     -526     -532     -542     -553     -562     -573 
    -585     -596     -607     -622     -635     -648     -661     -673 
    -688     -706     -718     -728     -745     -760     -772     -785 
    -801     -815     -830     -846     -855     -866     -882     -895 
    -903     -915     -927     -936     -949     -959     -966     -972 
    -981     -989     -990     -994    -1003    -1007    -1012    -1016 
   -1020    -1023    -1026    -1032    -1035    -1039    -1043    -1044 
   -1043    -1044    -1048    -1048    -1047    -1047    -1044    -1039 
   -1038    -1034    -1030    -1030    -1026    -1021    -1023    -1021 
   -1016    -1013    -1012    -1011    -1007    -1004    -1000     -999 
    -999    -1000    -1000    -1003    -1008    -1011    -1011    -1015 
   -1017    -1019    -1023    -1026    -1030    -1032    -1034    -1034 
   -1034    -1034    -1034    -1032    -1031    -1030    -1030    -1031 
   -1030    -1028    -1031    -1036    -1038    -1034    -1034    -1034 
   -1031    -1030    -1031    -1031    -1032    -1031    -1028    -1028 
   -1026    -1019    -1013    -1008    -1000     -990     -984     -977 
    -970     -963     -959     -953     -947     -942     -934     -924 
    -912     -905     -903     -895     -884     -877     -874     -868 
    -864     -862     -858     -854     -851     -849     -846     -843 
    -841     -834     -827     -823     -816     -811     -807     -801 
    -796     -792     -787     -784     -781     -777     -767     -758 
    -754     -749     -738     -731     -724     -715     -708     -697 
    -688     -679     -665     -649     -634     -625     -614     -600 
    -589     -579     -568     -557     -544     -530     -518     -503 
    -487     -471     -456     -440     -419     -398     -380     -364 
    -348     -334     -318     -303     -287     -272     -257     -243 
    -224     -206     -191     -178     -163     -144     -129     -120 
    -110      -99      -91      -83      -76      -70      -63      -56 
     -55      -52      -49      -49      -47      -45      -44      -43 
     -41      -43      -41      -36      -36      -37      -35      -32 
     -31      -31      -32      -28      -28      -29      -27      -22 
     -20      -21      -21      -21      -25      -28      -27      -29 
     -31      -31      -31      -32      -32      -32      -32      -32 
     -36      -39      -41      -44      -47      -47      -49      -49 
     -49      -51      -47      -47 
