Origin Time       2016/04/16 01:25:00
Lat.              32.753
Long.             130.762
Depth. (km)       12
Mag.              7.3
Station Code      HYG017
Station Lat.      34.8593
Station Long.     134.5445
Station Height(m) 24
Record Time       2016/04/16 01:27:05
Sampling Freq(Hz) 100Hz
Duration Time(s)  66
Dir.              E-W
Scale Factor      7845(gal)/8223790
Max. Acc. (gal)   1.751
Last Correction   2016/04/16 01:27:07
Memo.             
  -15130   -15157   -15175   -15209   -15252   -15286   -15314   -15338 
  -15338   -15321   -15314   -15307   -15290   -15282   -15271   -15241 
  -15203   -15155   -15110   -15083   -15053   -15007   -14968   -14926 
  -14877   -14851   -14835   -14794   -14757   -14747   -14740   -14713 
  -14685   -14671   -14670   -14669   -14666   -14683   -14721   -14747 
  -14760   -14774   -14779   -14779   -14790   -14813   -14839   -14862 
  -14893   -14929   -14955   -14979   -15010   -15039   -15064   -15101 
  -15137   -15165   -15196   -15229   -15249   -15250   -15241   -15232 
  -15215   -15183   -15134   -15079   -15020   -14944   -14871   -14831 
  -14796   -14737   -14677   -14627   -14585   -14561   -14547   -14511 
  -14469   -14455   -14443   -14422   -14415   -14428   -14457   -14499 
  -14544   -14600   -14666   -14739   -14813   -14887   -14960   -15026 
  -15071   -15102   -15121   -15129   -15136   -15129   -15111   -15101 
  -15083   -15053   -15025   -14995   -14962   -14937   -14921   -14895 
  -14866   -14850   -14839   -14823   -14808   -14796   -14779   -14759 
  -14740   -14727   -14714   -14700   -14686   -14678   -14677   -14690 
  -14716   -14727   -14735   -14766   -14806   -14840   -14874   -14908 
  -14940   -14972   -14998   -15026   -15057   -15083   -15103   -15125 
  -15148   -15163   -15176   -15190   -15198   -15187   -15165   -15137 
  -15099   -15057   -15021   -14987   -14952   -14917   -14878   -14836 
  -14800   -14779   -14773   -14769   -14766   -14774   -14790   -14793 
  -14786   -14782   -14774   -14747   -14719   -14710   -14708   -14701 
  -14698   -14698   -14694   -14685   -14681   -14689   -14685   -14667 
  -14648   -14638   -14632   -14628   -14629   -14636   -14644   -14655 
  -14670   -14688   -14704   -14732   -14767   -14812   -14871   -14937 
  -14993   -15041   -15091   -15137   -15178   -15213   -15239   -15263 
  -15279   -15275   -15252   -15223   -15196   -15169   -15140   -15117 
  -15097   -15063   -15014   -14971   -14931   -14889   -14855   -14829 
  -14805   -14782   -14754   -14721   -14688   -14652   -14625   -14607 
  -14592   -14580   -14569   -14566   -14584   -14617   -14654   -14704 
  -14766   -14820   -14875   -14940   -14995   -15040   -15082   -15124 
  -15157   -15184   -15213   -15236   -15242   -15250   -15265   -15268 
  -15268   -15277   -15272   -15253   -15233   -15210   -15179   -15153 
  -15128   -15097   -15063   -15030   -14991   -14940   -14889   -14845 
  -14805   -14767   -14737   -14710   -14681   -14656   -14628   -14601 
  -14585   -14571   -14561   -14554   -14557   -14575   -14604   -14642 
  -14697   -14757   -14813   -14875   -14935   -14979   -15016   -15047 
  -15066   -15074   -15090   -15113   -15125   -15138   -15157   -15173 
  -15186   -15198   -15201   -15195   -15183   -15157   -15121   -15088 
  -15056   -15024   -15003   -14991   -14978   -14962   -14943   -14924 
  -14899   -14874   -14856   -14844   -14827   -14810   -14798   -14780 
  -14769   -14766   -14762   -14755   -14747   -14744   -14742   -14739 
  -14747   -14763   -14787   -14820   -14851   -14879   -14913   -14953 
  -14986   -15016   -15054   -15102   -15140   -15171   -15199   -15221 
  -15246   -15277   -15299   -15315   -15333   -15350   -15356   -15352 
  -15341   -15322   -15290   -15249   -15205   -15153   -15101   -15052 
  -15001   -14941   -14893   -14859   -14828   -14800   -14775   -14760 
  -14751   -14742   -14731   -14716   -14697   -14677   -14654   -14638 
  -14632   -14631   -14647   -14670   -14690   -14708   -14731   -14762 
  -14790   -14813   -14833   -14846   -14851   -14846   -14843   -14832 
  -14813   -14798   -14785   -14757   -14739   -14743   -14737   -14725 
  -14732   -14752   -14771   -14793   -14818   -14837   -14851   -14866 
  -14872   -14860   -14841   -14823   -14806   -14789   -14775   -14763 
  -14752   -14746   -14746   -14750   -14746   -14740   -14739   -14731 
  -14713   -14696   -14690   -14698   -14720   -14747   -14769   -14790 
  -14821   -14850   -14878   -14918   -14963   -15013   -15072   -15125 
  -15180   -15241   -15286   -15319   -15350   -15368   -15377   -15379 
  -15368   -15348   -15323   -15300   -15272   -15245   -15221   -15199 
  -15179   -15161   -15140   -15122   -15114   -15103   -15086   -15066 
  -15049   -15030   -15013   -14998   -14978   -14945   -14916   -14897 
  -14881   -14862   -14845   -14844   -14843   -14845   -14871   -14898 
  -14914   -14958   -15012   -15053   -15097   -15134   -15155   -15167 
  -15175   -15175   -15168   -15151   -15129   -15106   -15087   -15080 
  -15078   -15074   -15076   -15075   -15064   -15048   -15018   -14980 
  -14947   -14916   -14889   -14864   -14833   -14796   -14751   -14702 
  -14661   -14627   -14596   -14575   -14566   -14561   -14562   -14580 
  -14608   -14642   -14681   -14727   -14766   -14797   -14825   -14851 
  -14870   -14904   -14952   -14990   -15018   -15054   -15093   -15114 
  -15137   -15159   -15167   -15180   -15209   -15233   -15252   -15277 
  -15298   -15300   -15296   -15288   -15275   -15260   -15248   -15229 
  -15203   -15169   -15136   -15094   -15051   -15007   -14962   -14914 
  -14872   -14835   -14800   -14770   -14744   -14720   -14704   -14704 
  -14704   -14697   -14701   -14708   -14704   -14701   -14693   -14675 
  -14651   -14631   -14615   -14605   -14605   -14607   -14605   -14601 
  -14604   -14620   -14640   -14665   -14704   -14759   -14813   -14874 
  -14939   -15006   -15074   -15140   -15203   -15256   -15307   -15357 
  -15398   -15431   -15453   -15468   -15487   -15512   -15530   -15543 
  -15565   -15574   -15569   -15564   -15556   -15530   -15489   -15452 
  -15414   -15371   -15330   -15284   -15229   -15165   -15088   -15012 
  -14941   -14877   -14821   -14774   -14733   -14706   -14685   -14662 
  -14647   -14643   -14632   -14624   -14631   -14640   -14648   -14667 
  -14692   -14713   -14736   -14756   -14774   -14790   -14821   -14875 
  -14921   -14947   -14974   -14994   -15009   -15036   -15061   -15066 
  -15061   -15067   -15078   -15080   -15076   -15076   -15082   -15084 
  -15079   -15071   -15071   -15067   -15047   -15021   -15001   -14972 
  -14944   -14922   -14908   -14893   -14875   -14858   -14836   -14809 
  -14782   -14747   -14714   -14697   -14694   -14700   -14723   -14763 
  -14805   -14841   -14887   -14932   -14968   -15009   -15053   -15094 
  -15136   -15176   -15198   -15210   -15222   -15223   -15210   -15201 
  -15205   -15196   -15165   -15145   -15130   -15110   -15103   -15103 
  -15083   -15044   -14998   -14948   -14893   -14832   -14771   -14716 
  -14665   -14621   -14585   -14551   -14523   -14500   -14480   -14459 
  -14446   -14434   -14422   -14418   -14418   -14411   -14411   -14415 
  -14415   -14420   -14430   -14440   -14457   -14484   -14526   -14572 
  -14621   -14686   -14755   -14817   -14883   -14948   -15002   -15052 
  -15093   -15121   -15136   -15144   -15147   -15144   -15138   -15137 
  -15132   -15121   -15107   -15086   -15053   -15040   -15041   -15036 
  -15036   -15047   -15052   -15044   -15037   -15030   -15003   -14965 
  -14945   -14926   -14901   -14886   -14874   -14854   -14840   -14832 
  -14816   -14798   -14789   -14790   -14796   -14797   -14798   -14796 
  -14785   -14766   -14739   -14712   -14690   -14670   -14651   -14640 
  -14635   -14634   -14638   -14644   -14651   -14661   -14671   -14690 
  -14712   -14737   -14764   -14785   -14797   -14810   -14816   -14812 
  -14804   -14790   -14780   -14770   -14764   -14769   -14782   -14798 
  -14812   -14825   -14843   -14864   -14889   -14914   -14926   -14924 
  -14914   -14924   -14955   -14995   -15040   -15066   -15075   -15109 
  -15147   -15163   -15171   -15173   -15190   -15214   -15229   -15239 
  -15248   -15248   -15238   -15225   -15206   -15175   -15130   -15076 
  -15018   -14955   -14882   -14809   -14751   -14708   -14677   -14654 
  -14632   -14607   -14589   -14575   -14557   -14539   -14526   -14512 
  -14505   -14511   -14523   -14546   -14578   -14620   -14667   -14710 
  -14750   -14796   -14837   -14871   -14909   -14939   -14944   -14939 
  -14939   -14932   -14932   -14945   -14959   -14962   -14976   -15003 
  -15021   -15037   -15052   -15067   -15080   -15088   -15094   -15101 
  -15103   -15113   -15129   -15138   -15148   -15160   -15167   -15175 
  -15190   -15199   -15201   -15201   -15194   -15182   -15173   -15168 
  -15155   -15130   -15103   -15072   -15031   -14993   -14958   -14918 
  -14879   -14844   -14810   -14779   -14754   -14736   -14723   -14716 
  -14721   -14733   -14743   -14762   -14783   -14798   -14818   -14854 
  -14889   -14924   -14953   -14970   -14976   -14979   -14975   -14964 
  -14945   -14922   -14910   -14905   -14902   -14910   -14910   -14908 
  -14916   -14928   -14935   -14932   -14925   -14918   -14908   -14897 
  -14897   -14899   -14904   -14910   -14912   -14916   -14922   -14922 
  -14920   -14921   -14922   -14928   -14937   -14945   -14955   -14975 
  -14998   -15018   -15039   -15061   -15078   -15080   -15082   -15086 
  -15079   -15067   -15059   -15043   -15016   -14990   -14965   -14939 
  -14905   -14875   -14856   -14839   -14823   -14820   -14825   -14832 
  -14843   -14859   -14881   -14906   -14936   -14960   -14982   -14998 
  -15001   -14998   -15003   -15013   -15021   -15044   -15075   -15109 
  -15140   -15168   -15199   -15229   -15252   -15279   -15307   -15323 
  -15336   -15340   -15330   -15313   -15291   -15257   -15215   -15175 
  -15140   -15097   -15041   -14995   -14955   -14913   -14885   -14867 
  -14858   -14841   -14813   -14808   -14800   -14774   -14787   -14794 
  -14736   -14702   -14704   -14663   -14602   -14559   -14505   -14445 
  -14401   -14358   -14326   -14314   -14307   -14310   -14331   -14357 
  -14381   -14424   -14485   -14543   -14600   -14670   -14746   -14813 
  -14879   -14951   -15014   -15061   -15106   -15140   -15156   -15165 
  -15179   -15210   -15249   -15279   -15309   -15331   -15336   -15323 
  -15311   -15290   -15238   -15167   -15105   -15064   -15026   -14970 
  -14916   -14894   -14889   -14871   -14851   -14843   -14840   -14843 
  -14844   -14841   -14841   -14843   -14841   -14845   -14854   -14866 
  -14879   -14889   -14891   -14889   -14877   -14855   -14831   -14804 
  -14778   -14754   -14739   -14733   -14727   -14724   -14732   -14744 
  -14757   -14783   -14823   -14866   -14909   -14960   -15005   -15036 
  -15059   -15076   -15087   -15090   -15087   -15086   -15071   -15043 
  -15014   -14982   -14952   -14935   -14916   -14895   -14883   -14881 
  -14877   -14868   -14855   -14840   -14837   -14854   -14872   -14887 
  -14914   -14947   -14962   -14972   -15012   -15068   -15101   -15115 
  -15132   -15147   -15194   -15267   -15265   -15206   -15203   -15218 
  -15173   -15114   -15093   -15084   -15052   -15001   -14960   -14936 
  -14936   -14945   -14913   -14867   -14875   -14916   -14935   -14949 
  -14986   -15021   -15026   -15025   -15051   -15082   -15087   -15090 
  -15099   -15097   -15074   -15037   -15001   -14974   -14948   -14917 
  -14887   -14858   -14821   -14783   -14750   -14720   -14690   -14663 
  -14644   -14644   -14661   -14677   -14702   -14750   -14796   -14827 
  -14863   -14902   -14936   -14976   -15028   -15071   -15099   -15117 
  -15122   -15125   -15121   -15105   -15090   -15078   -15063   -15048 
  -15034   -15012   -14980   -14944   -14905   -14868   -14829   -14783 
  -14744   -14714   -14683   -14658   -14642   -14635   -14638   -14651 
  -14674   -14701   -14725   -14759   -14801   -14840   -14878   -14910 
  -14936   -14964   -14994   -15016   -15031   -15047   -15061   -15075 
  -15087   -15097   -15102   -15105   -15107   -15109   -15109   -15107 
  -15097   -15076   -15052   -15030   -15005   -14974   -14948   -14928 
  -14902   -14882   -14870   -14855   -14839   -14816   -14793   -14770 
  -14744   -14727   -14714   -14700   -14689   -14675   -14663   -14655 
  -14647   -14638   -14638   -14638   -14644   -14669   -14696   -14723 
  -14752   -14777   -14800   -14829   -14863   -14898   -14939   -14976 
  -15007   -15040   -15071   -15090   -15113   -15148   -15173   -15180 
  -15183   -15184   -15184   -15188   -15205   -15218   -15226   -15241 
  -15261   -15269   -15272   -15287   -15295   -15298   -15300   -15300 
  -15302   -15303   -15290   -15265   -15236   -15191   -15133   -15070 
  -15014   -14962   -14904   -14846   -14802   -14763   -14725   -14693 
  -14656   -14612   -14575   -14547   -14529   -14532   -14544   -14558 
  -14600   -14651   -14669   -14704   -14829   -14928   -14922   -14959 
  -15051   -15087   -15156   -15234   -15186   -15171   -15259   -15256 
  -15202   -15195   -15179   -15137   -15080   -15021   -14991   -14960 
  -14901   -14841   -14798   -14762   -14717   -14678   -14675   -14678 
  -14669   -14681   -14719   -14759   -14790   -14813   -14836   -14859 
  -14868   -14863   -14846   -14845   -14859   -14860   -14864   -14883 
  -14887   -14885   -14897   -14910   -14918   -14936   -14953   -14953 
  -14949   -14953   -14955   -14955   -14964   -14991   -15020   -15041 
  -15070   -15102   -15126   -15151   -15173   -15194   -15217   -15236 
  -15245   -15261   -15279   -15288   -15296   -15299   -15294   -15282 
  -15260   -15239   -15218   -15186   -15155   -15124   -15084   -15044 
  -14994   -14936   -14881   -14823   -14756   -14697   -14656   -14628 
  -14612   -14617   -14650   -14694   -14742   -14786   -14823   -14863 
  -14895   -14901   -14895   -14894   -14886   -14874   -14860   -14841 
  -14827   -14805   -14769   -14733   -14698   -14654   -14612   -14566 
  -14511   -14455   -14397   -14330   -14262   -14193   -14134   -14084 
  -14040   -14007   -13983   -13957   -13938   -13932   -13934   -13940 
  -13948   -13963   -13979   -13996   -14026   -14061   -14095   -14137 
  -14183   -14226   -14273   -14327   -14378   -14430   -14490   -14543 
  -14586   -14621   -14644   -14654   -14651   -14638   -14621   -14605 
  -14588   -14570   -14558   -14543   -14531   -14524   -14509   -14486 
  -14459   -14422   -14380   -14347   -14318   -14285   -14253   -14222 
  -14200   -14179   -14168   -14164   -14156   -14150   -14145   -14135 
  -14119   -14111   -14111   -14096   -14071   -14061   -14061   -14060 
  -14061   -14065   -14062   -14056   -14057   -14067   -14064   -14054 
  -14044   -14026   -14003   -13981   -13969   -13963   -13967   -13983 
  -14014   -14050   -14092   -14154   -14231   -14303   -14361   -14420 
  -14477   -14535   -14601   -14663   -14704   -14729   -14757   -14787 
  -14809   -14831   -14864   -14902   -14939   -14978   -15017   -15045 
  -15076   -15111   -15144   -15173   -15202   -15218   -15229   -15257 
  -15282   -15277   -15298   -15350   -15360   -15345   -15368   -15390 
  -15392   -15404   -15410   -15387   -15352   -15325   -15298   -15246 
  -15191   -15152   -15107   -15044   -14971   -14889   -14809   -14729 
  -14651   -14596   -14569   -14555   -14561   -14598   -14654   -14728 
  -14820   -14925   -15045   -15175   -15298   -15419   -15539   -15642 
  -15716   -15768   -15800   -15809   -15800   -15778   -15753   -15721 
  -15677   -15624   -15562   -15490   -15414   -15337   -15260   -15186 
  -15128   -15090   -15066   -15054   -15056   -15066   -15088   -15122 
  -15169   -15234   -15319   -15422   -15530   -15632   -15731   -15827 
  -15906   -15972   -16028   -16077   -16116   -16132   -16133   -16129 
  -16116   -16096   -16074   -16050   -16028   -16005   -15984   -15967 
  -15957   -15947   -15942   -15939   -15934   -15925   -15929   -15948 
  -15972   -16002   -16040   -16090   -16146   -16197   -16259   -16332 
  -16398   -16459   -16518   -16561   -16587   -16603   -16605   -16587 
  -16563   -16544   -16515   -16478   -16440   -16403   -16368   -16329 
  -16283   -16239   -16200   -16160   -16124   -16102   -16085   -16060 
  -16025   -15988   -15947   -15889   -15819   -15751   -15678   -15595 
  -15511   -15426   -15330   -15233   -15136   -15031   -14918   -14808 
  -14697   -14584   -14482   -14400   -14324   -14257   -14203   -14156 
  -14116   -14090   -14079   -14072   -14075   -14085   -14096   -14107 
  -14115   -14115   -14110   -14107   -14106   -14107   -14116   -14134 
  -14154   -14175   -14189   -14197   -14204   -14203   -14189   -14162 
  -14130   -14085   -14030   -13971   -13918   -13872   -13832   -13798 
  -13772   -13749   -13730   -13717   -13706   -13705   -13713   -13733 
  -13770   -13811   -13849   -13882   -13900   -13909   -13917   -13921 
  -13913   -13892   -13865   -13834   -13791   -13745   -13711   -13684 
  -13659   -13639   -13624   -13606   -13587   -13568   -13555   -13563 
  -13582   -13620   -13689   -13776   -13876   -13991   -14119   -14251 
  -14382   -14511   -14634   -14746   -14851   -14943   -15017   -15078 
  -15125   -15149   -15147   -15122   -15083   -15024   -14944   -14864 
  -14785   -14704   -14628   -14551   -14477   -14418   -14361   -14305 
  -14255   -14207   -14161   -14121   -14095   -14085   -14080   -14087 
  -14107   -14127   -14149   -14179   -14219   -14269   -14327   -14389 
  -14454   -14513   -14570   -14625   -14667   -14704   -14743   -14775 
  -14801   -14835   -14875   -14910   -14951   -14995   -15028   -15045 
  -15059   -15060   -15045   -15031   -15024   -15002   -14975   -14952 
  -14925   -14897   -14864   -14823   -14778   -14728   -14671   -14611 
  -14547   -14492   -14450   -14420   -14399   -14392   -14396   -14407 
  -14420   -14438   -14457   -14478   -14503   -14529   -14563   -14611 
  -14661   -14714   -14763   -14794   -14817   -14846   -14864   -14866 
  -14864   -14852   -14832   -14809   -14782   -14747   -14709   -14671 
  -14634   -14593   -14544   -14492   -14442   -14400   -14364   -14335 
  -14323   -14324   -14335   -14361   -14403   -14458   -14536   -14643 
  -14766   -14898   -15037   -15178   -15314   -15445   -15566   -15670 
  -15754   -15819   -15863   -15889   -15905   -15916   -15908   -15881 
  -15844   -15792   -15720   -15638   -15549   -15447   -15337   -15225 
  -15113   -15005   -14905   -14817   -14743   -14675   -14615   -14569 
  -14534   -14505   -14482   -14473   -14482   -14499   -14529   -14575 
  -14628   -14688   -14747   -14802   -14850   -14883   -14912   -14939 
  -14952   -14958   -14965   -14970   -14975   -14979   -14978   -14980 
  -14980   -14970   -14955   -14931   -14889   -14851   -14816   -14774 
  -14747   -14736   -14723   -14708   -14708   -14720   -14736   -14760 
  -14793   -14825   -14855   -14885   -14924   -14963   -14998   -15034 
  -15067   -15090   -15110   -15126   -15138   -15155   -15167   -15175 
  -15188   -15203   -15219   -15237   -15257   -15277   -15294   -15302 
  -15296   -15277   -15250   -15221   -15175   -15118   -15066   -15014 
  -14959   -14902   -14846   -14789   -14727   -14663   -14600   -14531 
  -14465   -14412   -14377   -14349   -14331   -14327   -14327   -14345 
  -14388   -14445   -14513   -14602   -14701   -14810   -14932   -15051 
  -15155   -15256   -15350   -15427   -15489   -15539   -15583   -15616 
  -15637   -15646   -15658   -15669   -15669   -15665   -15660   -15647 
  -15634   -15615   -15587   -15556   -15518   -15479   -15441   -15402 
  -15361   -15323   -15282   -15239   -15194   -15144   -15099   -15061 
  -15025   -14988   -14955   -14917   -14875   -14835   -14782   -14714 
  -14644   -14572   -14504   -14446   -14399   -14358   -14323   -14295 
  -14278   -14274   -14277   -14288   -14308   -14326   -14347   -14378 
  -14411   -14446   -14489   -14529   -14566   -14604   -14642   -14683 
  -14737   -14806   -14871   -14928   -14983   -15030   -15067   -15102 
  -15136   -15161   -15184   -15206   -15221   -15217   -15199   -15175 
  -15140   -15090   -15028   -14959   -14887   -14823   -14763   -14701 
  -14648   -14615   -14586   -14558   -14557   -14575   -14592   -14608 
  -14632   -14654   -14671   -14700   -14736   -14778   -14831   -14895 
  -14970   -15049   -15125   -15199   -15268   -15331   -15388   -15446 
  -15508   -15573   -15634   -15696   -15757   -15820   -15884   -15944 
  -16002   -16056   -16100   -16131   -16159   -16182   -16198   -16202 
  -16190   -16162   -16121   -16075   -16013   -15938   -15862   -15780 
  -15688   -15593   -15490   -15373   -15250   -15130   -15014   -14904 
  -14801   -14709   -14621   -14538   -14462   -14401   -14351   -14324 
  -14319   -14319   -14327   -14347   -14366   -14395   -14442   -14486 
  -14517   -14547   -14574   -14604   -14640   -14673   -14694   -14717 
  -14746   -14763   -14767   -14763   -14756   -14754   -14744   -14724 
  -14698   -14670   -14638   -14612   -14593   -14578   -14567   -14561 
  -14565   -14581   -14609   -14655   -14724   -14820   -14941   -15082 
  -15226   -15375   -15526   -15672   -15809   -15948   -16081   -16208 
  -16325   -16426   -16509   -16575   -16619   -16645   -16649   -16629 
  -16590   -16540   -16474   -16379   -16274   -16155   -16021   -15885 
  -15747   -15611   -15479   -15342   -15205   -15072   -14944   -14818 
  -14694   -14578   -14473   -14376   -14281   -14195   -14108   -14019 
  -13938   -13864   -13802   -13748   -13702   -13667   -13641   -13614 
  -13587   -13563   -13552   -13554   -13568   -13594   -13631   -13674 
  -13720   -13784   -13865   -13956   -14057   -14166   -14280   -14393 
  -14500   -14604   -14712   -14813   -14909   -15003   -15087   -15151 
  -15198   -15229   -15246   -15256   -15256   -15249   -15241   -15232 
  -15218   -15202   -15176   -15148   -15129   -15115   -15086   -15052 
  -15025   -14993   -14952   -14917   -14894   -14881   -14875   -14885 
  -14898   -14906   -14914   -14916   -14901   -14872   -14845   -14823 
  -14802   -14778   -14760   -14751   -14743   -14733   -14731   -14740 
  -14762   -14794   -14844   -14917   -15003   -15103   -15215   -15327 
  -15437   -15546   -15653   -15750   -15838   -15911   -15974   -16027 
  -16063   -16081   -16077   -16048   -16001   -15932   -15849   -15764 
  -15674   -15583   -15503   -15430   -15358   -15294   -15237   -15192 
  -15160   -15140   -15144   -15168   -15210   -15269   -15342   -15424 
  -15511   -15599   -15682   -15764   -15846   -15908   -15946   -15972 
  -15989   -15993   -15979   -15951   -15909   -15850   -15785   -15723 
  -15655   -15583   -15515   -15457   -15404   -15353   -15310   -15279 
  -15261   -15261   -15272   -15299   -15334   -15368   -15395   -15422 
  -15445   -15457   -15468   -15484   -15503   -15523   -15553   -15592 
  -15638   -15698   -15758   -15804   -15855   -15905   -15939   -15963 
  -15985   -16009   -16027   -16032   -16042   -16059   -16071   -16083 
  -16116   -16157   -16204   -16270   -16340   -16403   -16470   -16533 
  -16586   -16629   -16676   -16717   -16742   -16754   -16748   -16713 
  -16667   -16610   -16526   -16431   -16332   -16212   -16078   -15942 
  -15800   -15654   -15504   -15354   -15205   -15049   -14904   -14762 
  -14615   -14488   -14382   -14291   -14215   -14162   -14133   -14110 
  -14108   -14131   -14164   -14211   -14281   -14361   -14440   -14534 
  -14646   -14755   -14852   -14953   -15057   -15147   -15229   -15311 
  -15380   -15437   -15485   -15527   -15546   -15545   -15538   -15523 
  -15502   -15488   -15480   -15473   -15475   -15475   -15480   -15502 
  -15527   -15561   -15610   -15660   -15709   -15758   -15800   -15836 
  -15870   -15903   -15925   -15934   -15938   -15927   -15894   -15863 
  -15836   -15803   -15759   -15714   -15658   -15597   -15526   -15449 
  -15376   -15303   -15223   -15149   -15080   -15025   -14983   -14947 
  -14917   -14895   -14868   -14843   -14828   -14813   -14793   -14779 
  -14774   -14773   -14773   -14773   -14769   -14755   -14729   -14702 
  -14674   -14638   -14601   -14561   -14519   -14480   -14445   -14426 
  -14419   -14409   -14407   -14424   -14451   -14489   -14539   -14604 
  -14688   -14790   -14895   -15005   -15126   -15245   -15358   -15468 
  -15569   -15650   -15712   -15754   -15780   -15795   -15797   -15793 
  -15795   -15796   -15792   -15793   -15795   -15784   -15780   -15790 
  -15804   -15820   -15839   -15853   -15859   -15865   -15865   -15855 
  -15840   -15824   -15805   -15782   -15754   -15728   -15708   -15687 
  -15668   -15661   -15639   -15599   -15561   -15518   -15457   -15392 
  -15325   -15250   -15160   -15047   -14926   -14797   -14661   -14538 
  -14420   -14319   -14249   -14166   -14079   -14045   -14047   -14045 
  -14064   -14107   -14148   -14197   -14264   -14330   -14397   -14476 
  -14562   -14647   -14733   -14823   -14904   -14971   -15034   -15107 
  -15173   -15234   -15299   -15352   -15381   -15410   -15434   -15454 
  -15487   -15490   -15469   -15464   -15452   -15423   -15396   -15358 
  -15319   -15286   -15237   -15194   -15156   -15093   -15037   -15001 
  -14948   -14893   -14854   -14820   -14790   -14769   -14746   -14721 
  -14701   -14686   -14674   -14652   -14624   -14612   -14601   -14577 
  -14557   -14539   -14517   -14499   -14490   -14488   -14492   -14499 
  -14508   -14529   -14557   -14588   -14640   -14712   -14797   -14906 
  -15028   -15149   -15282   -15414   -15527   -15637   -15742   -15830 
  -15908   -15978   -16038   -16087   -16128   -16156   -16156   -16141 
  -16129   -16100   -16050   -15998   -15934   -15853   -15774   -15682 
  -15568   -15444   -15310   -15172   -15044   -14913   -14787   -14689 
  -14604   -14528   -14469   -14422   -14389   -14374   -14370   -14369 
  -14368   -14366   -14369   -14377   -14385   -14396   -14412   -14422 
  -14422   -14420   -14423   -14426   -14439   -14457   -14465   -14470 
  -14482   -14496   -14512   -14539   -14575   -14615   -14652   -14683 
  -14717   -14754   -14785   -14800   -14802   -14797   -14775   -14750 
  -14725   -14694   -14667   -14652   -14644   -14651   -14675   -14701 
  -14727   -14751   -14777   -14808   -14833   -14854   -14872   -14887 
  -14887   -14875   -14859   -14833   -14796   -14755   -14719   -14683 
  -14661   -14656   -14665   -14675   -14685   -14694   -14700   -14696 
  -14685   -14670   -14644   -14601   -14555   -14504   -14440   -14376 
  -14311   -14243   -14177   -14115   -14049   -13984   -13948   -13929 
  -13902   -13872   -13848   -13824   -13795   -13768   -13755   -13755 
  -13753   -13743   -13734   -13716   -13686   -13670   -13656   -13629 
  -13609   -13603   -13588   -13579   -13594   -13618   -13644   -13676 
  -13710   -13751   -13805   -13844   -13871   -13909   -13938   -13953 
  -13971   -13995   -14017   -14040   -14062   -14087   -14118   -14154 
  -14199   -14245   -14301   -14377   -14458   -14539   -14635   -14731 
  -14810   -14882   -14947   -14998   -15034   -15057   -15064   -15054 
  -15040   -15025   -15010   -15003   -15005   -15001   -14986   -14972 
  -14955   -14913   -14863   -14809   -14742   -14669   -14601   -14531 
  -14453   -14384   -14328   -14274   -14224   -14188   -14161   -14137 
  -14122   -14115   -14116   -14123   -14135   -14156   -14176   -14193 
  -14219   -14250   -14295   -14345   -14391   -14436   -14496   -14553 
  -14602   -14659   -14708   -14747   -14798   -14846   -14878   -14897 
  -14904   -14899   -14883   -14839   -14787   -14744   -14685   -14617 
  -14555   -14490   -14426   -14368   -14301   -14220   -14135   -14053 
  -13967   -13878   -13796   -13740   -13703   -13676   -13656   -13644 
  -13640   -13637   -13636   -13640   -13656   -13683   -13717   -13755 
  -13787   -13803   -13810   -13806   -13791   -13775   -13765   -13760 
  -13760   -13765   -13786   -13817   -13849   -13886   -13927   -13968 
  -14007   -14049   -14096   -14138   -14160   -14173   -14196   -14216 
  -14230   -14250   -14277   -14305   -14339   -14370   -14393   -14412 
  -14430   -14447   -14454   -14454   -14453   -14442   -14427   -14409 
  -14382   -14350   -14326   -14300   -14260   -14211   -14172   -14134 
  -14083   -14030   -13990   -13950   -13905   -13864   -13829   -13792 
  -13755   -13725   -13697   -13674   -13656   -13637   -13614   -13591 
  -13578   -13571   -13575   -13593   -13620   -13647   -13672   -13702 
  -13738   -13778   -13821   -13868   -13932   -14013   -14099   -14184 
  -14276   -14373   -14455   -14520   -14581   -14638   -14678   -14710 
  -14744   -14773   -14794   -14808   -14812   -14804   -14786   -14757 
  -14723   -14689   -14665   -14638   -14605   -14571   -14535   -14496 
  -14465   -14428   -14392   -14357   -14326   -14298   -14274   -14257 
  -14245   -14241   -14249   -14262   -14287   -14330   -14386   -14453 
  -14527   -14609   -14696   -14779   -14858   -14928   -14987   -15034 
  -15079   -15121   -15147   -15163   -15175   -15183   -15188   -15192 
  -15195   -15198   -15202   -15211   -15225   -15248   -15279   -15311 
  -15340   -15379   -15430   -15485   -15533   -15573   -15603   -15626 
  -15647   -15665   -15677   -15688   -15703   -15705   -15709   -15712 
  -15692   -15657   -15614   -15552   -15475   -15392   -15300   -15203 
  -15110   -15013   -14902   -14785   -14663   -14534   -14407   -14293 
  -14177   -14077   -14000   -13940   -13891   -13863   -13856   -13871 
  -13902   -13946   -13988   -14026   -14076   -14129   -14172   -14211 
  -14246   -14276   -14298   -14311   -14318   -14323   -14312   -14292 
  -14274   -14249   -14220   -14200   -14181   -14164   -14141   -14113 
  -14092   -14075   -14065   -14071   -14080   -14095   -14123   -14156 
  -14192   -14234   -14265   -14285   -14311   -14331   -14339   -14339 
  -14346   -14350   -14339   -14323   -14316   -14303   -14273   -14239 
  -14206   -14162   -14118   -14083   -14046   -14010   -13987   -13968 
  -13952   -13946   -13952   -13961   -13979   -14007   -14046   -14100 
  -14164   -14241   -14323   -14401   -14480   -14566   -14650   -14731 
  -14813   -14886   -14941   -14988   -15021   -15040   -15051   -15059 
  -15068   -15082   -15087   -15075   -15063   -15054   -15040   -15021 
  -15009   -15005   -14995   -14978   -14959   -14939   -14910   -14872 
  -14840   -14806   -14773   -14755   -14740   -14725   -14721   -14720 
  -14714   -14710   -14713   -14725   -14737   -14747   -14767   -14787 
  -14805   -14823   -14844   -14868   -14895   -14921   -14945   -14972 
  -15003   -15034   -15059   -15079   -15101   -15117   -15130   -15153 
  -15179   -15202   -15229   -15255   -15268   -15282   -15307   -15329 
  -15346   -15375   -15410   -15434   -15454   -15475   -15487   -15492 
  -15493   -15492   -15490   -15487   -15485   -15489   -15488   -15487 
  -15490   -15495   -15495   -15500   -15503   -15506   -15515   -15529 
  -15545   -15569   -15606   -15641   -15676   -15718   -15757   -15790 
  -15834   -15870   -15894   -15919   -15936   -15946   -15957   -15971 
  -15985   -15996   -16001   -16004   -16005   -16001   -15990   -15981 
  -15966   -15954   -15952   -15954   -15951   -15949   -15951   -15951 
  -15951   -15961   -15971   -15978   -15985   -15990   -15997   -16005 
  -16015   -16017   -16009   -15996   -15977   -15955   -15931   -15904 
  -15873   -15844   -15807   -15757   -15716   -15684   -15641   -15601 
  -15587   -15576   -15565   -15566   -15576   -15584   -15592   -15608 
  -15626   -15641   -15660   -15685   -15697   -15698   -15707   -15720 
  -15734   -15754   -15778   -15797   -15820   -15850   -15880   -15903 
  -15925   -15944   -15949   -15947   -15943   -15927   -15908   -15890 
  -15865   -15838   -15811   -15786   -15764   -15750   -15746   -15747 
  -15749   -15754   -15766   -15772   -15778   -15796   -15809   -15813 
  -15822   -15835   -15846   -15855   -15861   -15863   -15865   -15855 
  -15838   -15819   -15793   -15770   -15757   -15738   -15714   -15693 
  -15668   -15643   -15616   -15581   -15549   -15520   -15493   -15471 
  -15450   -15424   -15396   -15373   -15345   -15309   -15277   -15248 
  -15214   -15176   -15142   -15111   -15078   -15052   -15028   -15003 
  -14991   -14987   -14983   -14982   -14986   -14991   -14995   -15002 
  -15012   -15021   -15036   -15067   -15107   -15157   -15221   -15291 
  -15365   -15452   -15538   -15615   -15692   -15772   -15843   -15909 
  -15971   -16021   -16055   -16079   -16101   -16116   -16116   -16116 
  -16121   -16112   -16093   -16081   -16062   -16025   -15992   -15952 
  -15905   -15859   -15809   -15754   -15700   -15653   -15607   -15561 
  -15523   -15496   -15471   -15444   -15421   -15402   -15377   -15348 
  -15329   -15310   -15287   -15269   -15260   -15250   -15239   -15234 
  -15236   -15238   -15246   -15260   -15279   -15296   -15313   -15329 
  -15348   -15371   -15391   -15412   -15435   -15450   -15457   -15466 
  -15475   -15475   -15469   -15461   -15444   -15421   -15392   -15367 
  -15337   -15300   -15265   -15232   -15195   -15156   -15114   -15071 
  -15034   -15001   -14968   -14943   -14920   -14895   -14878   -14860 
  -14841   -14827   -14820   -14813   -14810   -14817   -14823   -14820 
  -14818   -14823   -14827   -14828   -14831   -14836   -14844   -14843 
  -14837   -14851   -14858   -14839   -14823   -14806   -14789   -14797 
  -14805   -14798   -14785   -14762   -14744   -14736   -14713   -14696 
  -14698   -14689   -14665   -14647   -14634   -14619   -14623   -14634 
  -14629   -14624   -14634   -14647   -14652   -14651   -14652   -14652 
  -14648   -14647   -14655   -14669   -14688   -14717   -14747   -14777 
  -14810   -14845   -14877   -14902   -14926   -14951   -14968   -14983 
  -14998   -15009   -15007   -14998   -14990   -14975   -14952   -14921 
  -14889   -14854   -14823   -14789   -14752   -14716   -14673   -14621 
  -14572   -14523   -14469   -14420   -14370   -14316   -14265   -14218 
  -14172   -14131   -14108   -14098   -14096   -14115   -14149   -14184 
  -14218   -14249   -14276   -14310   -14354   -14405   -14446   -14488 
  -14539   -14592   -14632   -14662   -14693   -14725   -14754   -14777 
  -14800   -14818   -14827   -14829   -14829   -14817   -14798   -14779 
  -14757   -14733   -14714   -14694   -14665   -14629   -14594   -14559 
  -14531   -14506   -14476   -14449   -14432   -14423   -14416   -14426 
  -14440   -14449   -14459   -14484   -14509   -14532   -14561   -14590 
  -14612   -14642   -14674   -14694   -14716   -14737   -14744   -14752 
  -14762   -14759   -14751   -14739   -14721   -14709   -14704   -14704 
  -14713   -14712   -14704   -14709   -14716   -14708   -14698   -14701 
  -14694   -14674   -14659   -14655   -14642   -14620   -14594   -14566 
  -14534   -14499   -14466   -14436   -14416   -14405   -14401   -14407 
  -14422   -14446   -14477   -14516   -14561   -14607   -14648   -14686 
  -14729   -14775   -14821   -14868   -14917   -14958   -15002   -15059 
  -15113   -15160   -15217   -15268   -15291   -15310   -15346   -15364 
  -15354   -15348   -15341   -15321   -15294   -15256   -15215   -15175 
  -15126   -15074   -15026   -14980   -14935   -14889   -14848   -14806 
  -14769   -14742   -14719   -14694   -14670   -14647   -14624   -14605 
  -14589   -14572   -14559   -14555   -14554   -14554   -14561   -14575 
  -14594   -14620   -14651   -14693   -14743   -14794   -14851   -14913 
  -14967   -15017   -15067   -15115   -15160   -15203   -15241   -15275 
  -15305   -15329   -15341   -15353   -15368   -15381   -15399   -15429 
  -15450   -15460   -15469   -15480   -15484   -15485   -15480   -15457 
  -15430   -15412   -15388   -15358   -15330   -15290   -15233   -15186 
  -15147   -15097   -15034   -14978   -14935   -14885   -14829   -14789 
  -14752   -14710   -14681   -14658   -14642   -14635   -14638   -14646 
  -14661   -14681   -14709   -14746   -14786   -14833   -14886   -14935 
  -14987   -15044   -15099   -15152   -15202   -15246   -15282   -15318 
  -15348   -15368   -15385   -15402   -15403   -15394   -15385   -15369 
  -15341   -15317   -15282   -15223   -15180   -15136   -15064   -15006 
  -14945   -14868   -14810   -14743   -14656   -14596   -14547   -14486 
  -14430   -14385   -14350   -14310   -14253   -14206   -14176   -14135 
  -14085   -14047   -14027   -14002   -13973   -13953   -13938   -13926 
  -13922   -13925   -13936   -13954   -13986   -14018   -14050   -14088 
  -14130   -14166   -14204   -14247   -14291   -14331   -14380   -14430 
  -14476   -14516   -14566   -14627   -14681   -14731   -14780   -14827 
  -14867   -14908   -14940   -14965   -14991   -15013   -15025   -15029 
  -15028   -15020   -15009   -14990   -14963   -14940   -14920   -14893 
  -14867   -14848   -14833   -14820   -14805   -14790   -14779   -14766 
  -14747   -14731   -14714   -14696   -14677   -14658   -14640   -14627 
  -14617   -14602   -14589   -14581   -14574   -14566   -14562   -14571 
  -14586   -14607   -14635   -14666   -14698   -14740   -14787   -14835 
  -14889   -14945   -14998   -15049   -15097   -15140   -15184   -15219 
  -15249   -15277   -15300   -15314   -15321   -15322   -15315   -15303 
  -15288   -15271   -15248   -15219   -15188   -15155   -15122   -15101 
  -15087   -15074   -15063   -15052   -15041   -15049   -15072   -15078 
  -15082   -15101   -15106   -15122   -15148   -15145   -15161   -15191 
  -15165   -15142   -15145   -15129   -15144   -15157   -15094   -15056 
  -15091   -15101   -15084   -15080   -15084   -15106   -15124   -15126 
  -15145   -15168   -15179   -15198   -15222   -15244   -15263   -15282 
  -15299   -15313   -15325   -15338   -15348   -15357   -15376   -15395 
  -15406   -15418   -15441   -15465   -15473   -15477   -15498   -15512 
  -15515   -15525   -15531   -15534   -15541   -15539   -15530   -15531 
  -15538   -15552   -15568   -15573   -15581   -15606   -15628   -15646 
  -15670   -15695   -15715   -15731   -15745   -15749   -15746   -15736 
  -15721   -15700   -15670   -15631   -15584   -15537   -15490   -15433 
  -15371   -15319   -15264   -15203   -15156   -15113   -15061   -15013 
  -14972   -14931   -14885   -14843   -14808   -14775   -14750   -14733 
  -14714   -14700   -14692   -14681   -14671   -14673   -14675   -14677 
  -14683   -14701   -14720   -14737   -14757   -14778   -14798   -14823 
  -14844   -14859   -14874   -14889   -14908   -14918   -14926   -14932 
  -14932   -14928   -14922   -14913   -14902   -14895   -14889   -14875 
  -14862   -14851   -14835   -14813   -14796   -14775   -14755   -14733 
  -14717   -14706   -14696   -14689   -14685   -14678   -14678   -14686 
  -14694   -14704   -14720   -14742   -14760   -14773   -14785   -14798 
  -14809   -14821   -14833   -14843   -14850   -14852   -14846   -14845 
  -14850   -14848   -14848   -14848   -14836   -14813   -14798   -14782 
  -14769   -14767   -14756   -14731   -14719   -14723   -14717   -14710 
  -14709   -14708   -14710   -14719   -14733   -14750   -14764   -14783 
  -14808   -14831   -14860   -14893   -14917   -14943   -14976   -15001 
  -15013   -15028   -15044   -15053   -15053   -15049   -15045   -15037 
  -15029   -15016   -14998   -14982   -14965   -14948   -14937   -14932 
  -14925   -14921   -14913   -14904   -14895   -14885   -14872   -14864 
  -14850   -14833   -14823   -14806   -14789   -14782   -14771   -14756 
  -14750   -14743   -14728   -14716   -14708   -14698   -14694   -14694 
  -14694   -14698   -14704   -14717   -14729   -14743   -14757   -14769 
  -14778   -14790   -14806   -14817   -14827   -14839   -14852   -14860 
  -14874   -14895   -14910   -14926   -14948   -14972   -14991   -15009 
  -15030   -15056   -15079   -15103   -15129   -15151   -15175   -15203 
  -15226   -15245   -15265   -15280   -15295   -15305   -15311   -15309 
  -15299   -15288   -15279   -15263   -15233   -15199   -15167   -15132 
  -15097   -15063   -15029   -14998   -14972   -14941   -14905   -14874 
  -14841   -14812   -14777   -14727   -14681   -14651   -14620   -14578 
  -14542   -14515   -14482   -14450   -14430   -14412   -14397   -14391 
  -14386   -14384   -14389   -14399   -14409   -14428   -14447   -14467 
  -14488   -14505   -14524   -14546   -14563   -14585   -14604   -14624 
  -14648   -14673   -14693   -14714   -14739   -14759   -14773   -14787 
  -14808   -14831   -14855   -14877   -14891   -14899   -14906   -14908 
  -14902   -14895   -14889   -14885   -14874   -14862   -14855   -14848 
  -14831   -14818   -14818   -14812   -14793   -14777   -14759   -14736 
  -14712   -14693   -14675   -14659   -14642   -14615   -14594   -14575 
  -14553   -14529   -14513   -14505   -14496   -14493   -14490   -14486 
  -14486   -14489   -14488   -14486   -14489   -14493   -14494   -14494 
  -14492   -14492   -14496   -14492   -14484   -14477   -14465   -14451 
  -14440   -14430   -14423   -14422   -14427   -14430   -14435   -14440 
  -14440   -14440   -14449   -14462   -14476   -14492   -14512   -14532 
  -14554   -14578   -14604   -14634   -14663   -14690   -14713   -14732 
  -14750   -14764   -14771   -14777   -14780   -14782   -14777   -14767 
  -14763   -14754   -14744   -14744   -14743   -14744   -14752   -14760 
  -14762   -14766   -14770   -14767   -14766   -14769   -14771   -14771 
  -14779   -14790   -14798   -14801   -14802   -14801   -14794   -14783 
  -14770   -14756   -14743   -14731   -14716   -14689   -14667   -14656 
  -14634   -14597   -14569   -14547   -14523   -14503   -14488   -14469 
  -14454   -14453   -14449   -14442   -14445   -14450   -14451   -14451 
  -14459   -14472   -14477   -14484   -14496   -14511   -14521   -14535 
  -14550   -14565   -14577   -14589   -14602   -14617   -14638   -14656 
  -14666   -14678   -14690   -14697   -14696   -14694   -14696   -14694 
  -14692   -14688   -14679   -14673   -14673   -14673   -14673   -14677 
  -14683   -14689   -14702   -14720   -14729   -14742   -14760   -14775 
  -14786   -14801   -14818   -14827   -14832   -14840   -14844   -14851 
  -14851   -14845   -14864   -14872   -14852   -14867   -14886   -14879 
  -14913   -14932   -14889   -14893   -14936   -14940   -14940   -14951 
  -14959   -14980   -14990   -14982   -14995   -15006   -14994   -14990 
  -14991   -14988   -14983   -14974   -14971   -14978   -14980   -14983 
  -14995   -15005   -15014   -15034   -15054   -15067   -15079   -15094 
  -15109   -15128   -15142   -15149   -15159   -15171   -15178   -15183 
  -15192   -15203   -15214   -15225   -15234   -15242   -15256   -15267 
  -15272   -15284   -15292   -15296   -15302   -15302   -15302   -15305 
  -15303   -15298   -15300   -15302   -15300   -15300   -15303   -15299 
  -15298   -15307   -15307   -15305   -15307   -15303   -15298   -15298 
  -15290   -15280   -15268   -15250   -15239   -15234   -15233   -15229 
  -15218   -15206   -15205   -15201   -15194   -15194   -15192   -15187 
  -15184   -15188   -15195   -15205   -15213   -15223   -15238   -15259 
  -15279   -15295   -15314   -15340   -15364   -15381   -15400   -15422 
  -15438   -15453   -15468   -15477   -15484   -15489   -15492   -15498 
  -15510   -15518   -15525   -15541   -15556   -15570   -15587   -15599 
  -15608   -15616   -15622   -15626   -15627   -15624   -15618   -15608 
  -15597   -15584   -15569   -15553   -15538   -15526   -15511   -15496 
  -15480   -15465   -15452   -15444   -15444   -15433   -15421   -15429 
  -15433   -15422   -15423   -15438   -15442   -15437   -15444   -15450 
  -15439   -15431   -15439   -15431   -15412   -15414   -15422   -15414 
  -15407   -15399   -15392   -15387   -15376   -15361   -15352   -15342 
  -15327   -15313   -15298   -15282   -15261   -15245   -15234   -15218 
  -15202   -15192   -15176   -15159   -15149   -15133   -15109   -15088 
  -15072   -15056   -15040   -15026   -15018   -15014   -15009   -15006 
  -15009   -15016   -15025   -15037   -15056   -15079   -15103   -15126 
  -15148   -15169   -15187   -15203   -15219   -15234   -15246   -15252 
  -15252   -15253   -15256   -15250   -15238   -15225   -15199   -15165 
  -15151   -15137   -15105   -15079   -15063   -15024   -14975   -14945 
  -14925   -14887   -14837   -14801   -14769   -14732   -14701   -14671 
  -14638   -14609   -14590   -14567   -14542   -14523   -14512   -14500 
  -14489   -14480   -14473   -14476   -14480   -14481   -14482   -14492 
  -14503   -14511   -14517   -14532   -14548   -14561   -14571   -14589 
  -14607   -14619   -14634   -14656   -14677   -14689   -14702   -14723 
  -14740   -14752   -14767   -14786   -14804   -14821   -14841   -14860 
  -14878   -14889   -14899   -14916   -14932   -14941   -14951   -14959 
  -14967   -14971   -14972   -14980   -14993   -14998   -14997   -15002 
  -15010   -15017   -15021   -15026   -15029   -15029   -15030   -15033 
  -15039   -15048   -15054   -15063   -15082   -15094   -15106   -15128 
  -15147   -15161   -15187   -15211   -15226   -15242   -15265   -15282 
  -15290   -15300   -15304   -15299   -15290   -15282   -15268   -15245 
  -15219   -15194   -15163   -15134   -15103   -15066   -15028   -14991 
  -14948   -14901   -14855   -14813   -14782   -14750   -14717   -14693 
  -14675   -14658   -14640   -14624   -14617   -14615   -14600   -14586 
  -14586   -14581   -14567   -14562   -14559   -14551   -14547   -14548 
  -14554   -14554   -14555   -14569   -14581   -14582   -14588   -14601 
  -14612   -14613   -14617   -14621   -14620   -14628   -14636   -14634 
  -14636   -14650   -14655   -14654   -14661   -14671   -14675   -14679 
  -14686   -14685   -14678   -14673   -14667   -14658   -14642   -14625 
  -14604   -14572   -14546   -14519   -14478   -14447   -14434   -14404 
  -14361   -14342   -14331   -14305   -14292   -14283   -14254   -14239 
  -14242   -14235   -14222   -14222   -14234   -14246   -14251   -14257 
  -14265   -14272   -14284   -14304   -14323   -14342   -14370   -14399 
  -14422   -14449   -14473   -14492   -14512   -14535   -14547   -14559 
  -14578   -14593   -14607   -14629   -14651   -14663   -14675   -14694 
  -14713   -14727   -14735   -14743   -14750   -14751   -14752   -14757 
  -14759   -14759   -14757   -14754   -14752   -14756   -14759   -14762 
  -14766   -14770   -14777   -14790   -14802   -14813   -14823   -14827 
  -14832   -14837   -14839   -14835   -14835   -14832   -14825   -14820 
  -14813   -14810   -14812   -14813   -14809   -14810   -14820   -14827 
  -14833   -14836   -14840   -14856   -14872   -14881   -14891   -14901 
  -14906   -14908   -14906   -14905   -14895   -14881   -14867   -14854 
  -14835   -14813   -14800   -14783   -14769   -14762   -14752   -14744 
  -14744   -14747   -14755   -14766   -14775   -14785   -14801   -14818 
  -14833   -14843   -14851   -14858   -14864   -14868   -14872   -14875 
  -14877   -14879   -14878   -14878   -14883   -14879   -14871   -14875 
  -14877   -14872   -14868   -14868   -14868   -14864   -14863   -14864 
  -14864   -14871   -14874   -14862   -14856   -14862   -14856   -14851 
  -14858   -14859   -14855   -14858   -14872   -14887   -14899   -14913 
  -14932   -14948   -14964   -14987   -15007   -15026   -15052   -15075 
  -15087   -15097   -15110   -15118   -15120   -15115   -15114   -15109 
  -15099   -15093   -15080   -15061   -15048   -15037   -15021   -15006 
  -14998   -14988   -14975   -14972   -14968   -14964   -14971   -14974 
  -14974   -14983   -14993   -14993   -14998   -15010   -15013   -15013 
  -15020   -15030   -15039   -15040   -15036   -15031   -15029   -15028 
  -15026   -15021   -15024   -15029   -15030   -15025   -15021   -15024 
  -15028   -15036   -15047   -15057   -15070   -15083   -15091   -15101 
  -15114   -15120   -15126   -15134   -15142   -15156   -15171   -15183 
  -15192   -15198   -15202   -15205   -15198   -15188   -15183   -15179 
  -15167   -15155   -15148   -15138   -15125   -15113   -15107   -15103 
  -15097   -15097   -15099   -15094   -15087   -15084   -15082   -15079 
  -15079   -15082   -15086   -15087   -15087   -15088   -15088   -15080 
  -15074   -15078   -15080   -15078   -15082   -15083   -15078   -15072 
  -15063   -15054   -15052   -15052   -15048   -15041   -15039   -15037 
  -15030   -15020   -15016   -15012   -15002   -14998   -15005   -15001 
  -14983   -14972   -14964   -14948   -14935   -14926   -14920   -14913 
  -14901   -14889   -14877   -14862   -14850   -14832   -14810   -14797 
  -14783   -14764   -14750   -14739   -14724   -14713   -14704   -14694 
  -14694   -14701   -14701   -14712   -14743   -14771   -14786   -14806 
  -14833   -14851   -14871   -14902   -14929   -14945   -14955   -14959 
  -14958   -14953   -14955   -14959   -14949   -14943   -14945   -14939 
  -14925   -14922   -14926   -14924   -14924   -14928   -14929   -14939 
  -14952   -14955   -14959   -14970   -14978   -14979   -14982   -14991 
  -14995   -14998   -15006   -15009   -15012   -15021   -15029   -15034 
  -15041   -15049   -15061   -15074   -15084   -15093   -15099   -15106 
  -15111   -15114   -15121   -15128   -15132   -15137   -15138   -15140 
  -15140   -15138   -15137   -15142   -15142   -15137   -15136   -15133 
  -15124   -15115   -15111   -15105   -15097   -15093   -15093   -15090 
  -15084   -15087   -15086   -15082   -15083   -15090   -15093   -15094 
  -15094   -15088   -15082   -15076   -15074   -15067   -15059   -15049 
  -15036   -15024   -15013   -14998   -14986   -14978   -14967   -14947 
  -14931   -14920   -14904   -14885   -14878   -14866   -14846   -14846 
  -14854   -14846   -14850   -14859   -14864   -14872   -14887   -14898 
  -14909   -14922   -14936   -14949   -14962   -14974   -14980   -14982 
  -14987   -14988   -14980   -14976   -14978   -14972   -14960   -14953 
  -14949   -14943   -14937   -14931   -14920   -14912   -14909   -14902 
  -14891   -14887   -14887   -14877   -14864   -14860   -14858   -14851 
  -14846   -14852   -14854   -14848   -14851   -14862   -14863   -14862 
  -14868   -14867   -14859   -14864   -14877   -14877   -14877   -14886 
  -14891   -14887   -14887   -14889   -14889   -14891   -14897   -14895 
  -14886   -14883   -14887   -14883   -14879   -14878   -14874   -14871 
  -14867   -14860   -14851   -14844   -14840   -14833   -14821   -14813 
  -14812   -14801   -14790   -14790   -14783   -14777   -14775   -14771 
  -14767   -14764   -14762   -14757   -14760   -14771   -14775   -14778 
  -14786   -14797   -14806   -14813   -14821   -14833   -14844   -14850 
  -14862   -14874   -14881   -14887   -14895   -14901   -14908   -14916 
  -14921   -14928   -14937   -14949   -14959   -14963   -14970   -14976 
  -14978   -14985   -14988   -14982   -14979   -14985   -14979   -14967 
  -14958   -14955   -14955   -14948   -14937   -14931   -14922   -14906 
  -14889   -14871   -14859   -14846   -14827   -14805   -14796   -14785 
  -14767   -14760   -14759   -14752   -14747   -14751   -14754   -14751 
  -14756   -14764   -14769   -14777   -14786   -14783   -14780   -14785 
  -14787   -14785   -14786   -14785   -14777   -14771   -14774   -14771 
  -14764   -14763   -14762   -14754   -14750   -14750   -14746   -14740 
  -14742   -14744   -14744   -14746   -14747   -14751   -14747   -14743 
  -14740   -14736   -14733   -14732   -14727   -14723   -14720   -14717 
  -14720   -14724   -14728   -14733   -14737   -14742   -14750   -14762 
  -14771   -14777   -14780   -14786   -14793   -14794   -14785   -14777 
  -14773   -14764   -14754   -14747   -14742   -14732   -14731   -14732 
  -14731   -14735   -14743   -14751   -14759   -14766   -14773   -14785 
  -14801   -14823   -14846   -14864   -14886   -14912   -14935   -14958 
  -14985   -15002   -15014   -15034   -15056   -15066   -15076   -15090 
  -15095   -15097   -15099   -15101   -15097   -15090   -15083   -15074 
  -15066   -15057   -15047   -15036   -15024   -15003   -14982   -14968 
  -14955   -14940   -14926   -14916   -14902   -14886   -14875   -14870 
  -14862   -14855   -14852   -14852   -14848   -14843   -14841   -14844 
  -14852   -14868   -14886   -14899   -14920   -14947   -14970   -14987 
  -15013   -15043   -15067   -15086   -15105   -15126   -15147   -15160 
  -15168   -15179   -15190   -15192   -15198   -15205   -15209   -15215 
  -15213   -15202   -15198   -15192   -15183   -15176   -15161   -15148 
  -15152   -15147   -15133   -15121   -15097   -15093   -15101   -15080 
  -15072   -15084   -15074   -15061   -15061   -15044   -15030   -15044 
  -15037   -15001   -14986   -14985   -14955   -14924   -14922   -14913 
  -14879   -14855   -14836   -14816   -14800   -14779   -14752   -14735 
  -14724   -14716   -14704   -14689   -14685   -14693   -14694   -14692 
  -14700   -14716   -14725   -14732   -14751   -14773   -14786   -14801 
  -14827   -14850   -14864   -14889   -14916   -14935   -14955   -14983 
  -15003   -15017   -15039   -15061   -15079   -15094   -15113   -15130 
  -15142   -15151   -15159   -15163   -15172   -15179   -15179   -15179 
  -15186   -15187   -15180   -15173   -15161   -15144   -15133   -15118 
  -15097   -15079   -15066   -15047   -15031   -15020   -15007   -14998 
  -14994   -14990   -14991   -14991   -14990   -15001   -15009   -15006 
  -15009   -15018   -15021   -15021   -15029   -15031   -15036   -15044 
  -15047   -15045   -15052   -15060   -15060   -15063   -15072   -15075 
  -15074   -15075   -15074   -15070   -15070   -15070   -15066   -15067 
  -15074   -15075   -15076   -15084   -15090   -15088   -15091   -15094 
  -15093   -15094   -15095   -15095   -15093   -15090   -15087   -15084 
  -15082   -15079   -15072   -15061   -15053   -15052   -15047   -15031 
  -15021   -15020   -15006   -14988   -14976   -14963   -14948   -14935 
  -14920   -14906   -14898   -14887   -14871   -14860   -14854   -14843 
  -14832   -14821   -14813   -14813   -14813   -14816   -14817   -14823 
  -14829   -14837   -14848   -14862   -14875   -14887   -14902   -14916 
  -14926   -14936   -14947   -14953   -14959   -14965   -14972   -14978 
  -14976   -14971   -14968   -14962   -14951   -14944   -14940   -14932 
  -14926   -14922   -14918   -14908   -14898   -14893   -14886   -14874 
  -14868   -14863   -14851   -14843   -14835   -14820   -14809   -14798 
  -14785   -14777   -14769   -14756   -14752   -14752   -14752   -14750 
  -14750   -14756   -14763   -14769   -14773   -14782   -14796   -14809 
  -14823   -14839   -14855   -14868   -14882   -14893   -14904   -14918 
  -14929   -14932   -14944   -14962   -14970   -14968   -14974   -14980 
  -14982   -14982   -14980   -14975   -14971   -14967   -14962   -14955 
  -14949   -14941   -14932   -14924   -14920   -14914   -14906   -14901 
  -14899   -14894   -14886   -14886   -14889   -14893   -14891   -14894 
  -14905   -14909   -14913   -14926   -14937   -14944   -14958   -14967 
  -14967   -14975   -14987   -14994   -15005   -15020   -15030   -15041 
  -15057   -15071   -15082   -15099   -15110   -15115   -15125   -15137 
  -15145   -15152   -15157   -15163   -15165   -15168   -15172   -15169 
  -15163   -15163   -15163   -15155   -15147   -15140   -15134   -15129 
  -15124   -15115   -15105   -15102   -15103   -15101   -15097   -15097 
  -15101   -15102   -15106   -15109   -15107   -15111   -15120   -15124 
  -15126   -15136   -15142   -15137   -15134   -15148   -15156   -15152 
  -15155   -15171   -15178   -15175   -15186   -15201   -15205   -15213 
  -15223   -15225   -15229   -15241   -15242   -15237   -15239   -15246 
  -15245   -15246   -15250   -15250   -15249   -15249   -15252   -15252 
  -15248   -15249   -15252   -15244   -15237   -15239   -15238   -15229 
  -15228   -15226   -15225   -15226   -15226   -15225   -15229   -15236 
  -15237   -15237   -15245   -15252   -15255   -15257   -15261   -15260 
  -15257   -15252   -15244   -15233   -15223   -15215   -15206   -15198 
  -15191   -15182   -15168   -15159   -15156   -15147   -15129   -15115 
  -15103   -15090   -15080   -15071   -15054   -15043   -15031   -15014 
  -15003   -14998   -14985   -14968   -14953   -14940   -14935   -14922 
  -14901   -14886   -14878   -14864   -14848   -14833   -14820   -14806 
  -14790   -14777   -14770   -14759   -14744   -14739   -14742   -14740 
  -14732   -14735   -14742   -14746   -14752   -14764   -14774   -14785 
  -14802   -14821   -14836   -14851   -14871   -14894   -14910   -14924 
  -14939   -14959   -14972   -14982   -14997   -15010   -15018   -15021 
  -15026   -15024   -15017   -15016   -15007   -14991   -14978   -14964 
  -14951   -14936   -14916   -14894   -14872   -14854   -14837   -14818 
  -14796   -14780   -14773   -14766   -14757   -14747   -14742   -14737 
  -14731   -14724   -14720   -14727   -14746   -14747   -14735   -14747 
  -14774   -14782   -14786   -14797   -14805   -14816   -14827   -14835 
  -14843   -14846   -14852   -14862   -14868   -14868   -14867   -14867 
  -14871   -14877   -14877   -14870   -14863   -14859   -14851   -14840 
  -14831   -14823   -14813   -14804   -14793   -14783   -14770   -14756 
  -14754   -14751   -14736   -14724   -14721   -14714   -14706   -14702 
  -14704   -14704   -14698   -14697   -14704   -14704   -14704   -14706 
  -14702   -14704   -14713   -14719   -14723   -14721   -14724   -14736 
  -14743   -14740   -14751   -14766   -14766   -14766   -14775   -14782 
  -14790   -14798   -14802   -14805   -14812   -14813   -14813   -14813 
  -14813   -14810   -14810   -14805   -14793   -14786   -14780   -14771 
  -14763   -14755   -14743   -14732   -14721   -14709   -14697   -14681 
  -14666   -14656   -14646   -14631   -14620   -14611   -14597   -14586 
  -14578   -14567   -14563   -14570   -14569   -14566   -14572   -14582 
  -14589   -14602   -14617   -14632   -14648   -14663   -14673   -14689 
  -14704   -14712   -14723   -14740   -14751   -14757   -14770   -14777 
  -14777   -14786   -14796   -14790   -14789   -14790   -14786   -14777 
  -14773   -14767   -14757   -14742   -14728   -14717   -14700   -14679 
  -14662   -14642   -14620   -14604   -14589   -14574   -14562   -14551 
  -14539   -14532   -14535   -14534   -14531   -14536   -14547   -14551 
  -14562   -14577   -14588   -14600   -14615   -14625   -14638   -14654 
  -14667   -14681   -14694   -14704   -14713   -14727   -14737   -14744 
  -14756   -14767   -14771   -14775   -14782   -14782   -14775   -14773 
  -14774   -14767   -14759   -14752   -14747   -14743   -14733   -14727 
  -14727   -14720   -14713   -14716   -14712   -14709   -14713   -14714 
  -14714   -14720   -14728   -14732   -14742   -14756   -14762   -14766 
  -14774   -14783   -14796   -14810   -14816   -14821   -14831   -14837 
  -14844   -14851   -14855   -14867   -14878   -14878   -14885   -14899 
  -14909   -14917   -14926   -14936   -14947   -14955   -14960   -14964 
  -14968   -14971   -14978   -14980   -14979   -14979   -14976   -14968 
  -14960   -14953   -14944   -14932   -14922   -14909   -14899   -14889 
  -14872   -14860   -14856   -14848   -14837   -14832   -14833   -14829 
  -14823   -14825   -14832   -14837   -14843   -14852   -14862   -14872 
  -14891   -14908   -14918   -14932   -14955   -14970   -14980   -14997 
  -15007   -15014   -15029   -15037   -15031   -15034   -15040   -15034 
  -15025   -15026   -15025   -15013   -14998   -14995   -14990   -14972 
  -14959   -14951   -14936   -14920   -14910   -14898   -14882   -14867 
  -14854   -14843   -14831   -14816   -14802   -14793   -14790   -14783 
  -14769   -14763   -14762   -14755   -14752   -14755   -14747   -14739 
  -14742   -14743   -14733   -14727   -14731   -14728   -14728   -14737 
  -14744   -14747   -14759   -14767   -14770   -14775   -14779   -14785 
  -14793   -14790   -14787   -14790   -14789   -14785   -14775   -14763 
  -14756   -14751   -14743   -14733   -14728   -14724   -14716   -14708 
  -14702   -14693   -14686   -14681   -14674   -14670   -14669   -14669 
  -14666   -14662   -14658   -14654   -14656   -14663   -14667   -14673 
  -14683   -14696   -14704   -14709   -14717   -14729   -14739   -14754 
  -14771   -14775   -14782   -14801   -14816   -14823   -14831   -14841 
  -14848   -14852   -14862   -14872   -14877   -14878   -14885   -14889 
  -14889   -14895   -14906   -14909   -14909   -14917   -14922   -14928 
  -14932   -14932   -14939   -14951   -14960   -14964   -14974   -14985 
  -14991   -14998   -15010   -15018   -15028   -15039   -15048   -15056 
  -15066   -15078   -15091   -15105   -15114   -15132   -15149   -15163 
  -15179   -15198   -15210   -15221   -15236   -15249   -15256   -15260 
