Origin Time       2016/04/16 01:25:00
Lat.              32.753
Long.             130.762
Depth. (km)       12
Mag.              7.3
Station Code      IBR011
Station Lat.      36.1251
Station Long.     140.0903
Station Height(m) 26
Record Time       2016/04/16 01:29:40
Sampling Freq(Hz) 100Hz
Duration Time(s)  60
Dir.              E-W
Scale Factor      7845(gal)/8223790
Max. Acc. (gal)   0.700
Last Correction   2016/04/16 01:29:41
Memo.             
  -14955   -14953   -14953   -14955   -14955   -14960   -14964   -14962 
  -14962   -14964   -14967   -14972   -14972   -14972   -14976   -14980 
  -14980   -14979   -14980   -14987   -14994   -14993   -14994   -14995 
  -14998   -15003   -15005   -15003   -15007   -15014   -15014   -15014 
  -15013   -15014   -15021   -15021   -15020   -15021   -15026   -15031 
  -15031   -15028   -15031   -15036   -15036   -15037   -15040   -15040 
  -15040   -15039   -15041   -15043   -15041   -15044   -15048   -15049 
  -15047   -15040   -15047   -15054   -15049   -15044   -15047   -15049 
  -15049   -15048   -15049   -15049   -15047   -15051   -15051   -15047 
  -15048   -15052   -15048   -15043   -15044   -15048   -15052   -15053 
  -15049   -15045   -15048   -15054   -15054   -15049   -15051   -15054 
  -15052   -15051   -15052   -15048   -15047   -15053   -15056   -15053 
  -15051   -15052   -15052   -15052   -15051   -15047   -15049   -15057 
  -15056   -15047   -15047   -15052   -15052   -15045   -15039   -15039 
  -15044   -15045   -15044   -15045   -15040   -15033   -15034   -15037 
  -15031   -15031   -15034   -15026   -15017   -15016   -15016   -15020 
  -15021   -15013   -15003   -15005   -15006   -14998   -14994   -14998 
  -15001   -14993   -14986   -14985   -14983   -14979   -14978   -14976 
  -14974   -14968   -14967   -14965   -14959   -14958   -14960   -14958 
  -14955   -14953   -14949   -14948   -14945   -14941   -14940   -14941 
  -14940   -14937   -14935   -14932   -14931   -14928   -14928   -14931 
  -14931   -14925   -14922   -14925   -14925   -14924   -14924   -14924 
  -14924   -14922   -14922   -14924   -14924   -14926   -14928   -14928 
  -14929   -14931   -14932   -14932   -14931   -14932   -14931   -14928 
  -14928   -14929   -14932   -14943   -14941   -14932   -14931   -14937 
  -14944   -14947   -14944   -14944   -14945   -14945   -14949   -14953 
  -14951   -14952   -14953   -14951   -14955   -14963   -14960   -14955 
  -14959   -14963   -14965   -14972   -14978   -14978   -14974   -14975 
  -14985   -14987   -14986   -14990   -14997   -14997   -14995   -15001 
  -15002   -15003   -15007   -15010   -15012   -15017   -15017   -15016 
  -15018   -15021   -15024   -15026   -15029   -15026   -15018   -15021 
  -15031   -15034   -15029   -15029   -15034   -15037   -15036   -15034 
  -15029   -15021   -15028   -15037   -15039   -15037   -15034   -15028 
  -15029   -15036   -15033   -15030   -15031   -15033   -15033   -15030 
  -15030   -15034   -15030   -15030   -15036   -15033   -15028   -15029 
  -15030   -15029   -15029   -15029   -15028   -15028   -15026   -15024 
  -15029   -15034   -15034   -15030   -15029   -15031   -15034   -15033 
  -15034   -15039   -15036   -15033   -15036   -15037   -15039   -15041 
  -15036   -15034   -15043   -15048   -15044   -15043   -15041   -15041 
  -15045   -15051   -15051   -15047   -15048   -15052   -15052   -15049 
  -15051   -15052   -15047   -15044   -15048   -15049   -15044   -15039 
  -15040   -15036   -15031   -15036   -15037   -15029   -15021   -15017 
  -15014   -15014   -15007   -15005   -15012   -15013   -15007   -14995 
  -14987   -14986   -14983   -14979   -14979   -14978   -14972   -14967 
  -14968   -14964   -14955   -14952   -14955   -14952   -14943   -14936 
  -14931   -14932   -14932   -14921   -14916   -14921   -14918   -14909 
  -14901   -14894   -14891   -14889   -14887   -14885   -14881   -14882 
  -14881   -14875   -14868   -14862   -14860   -14859   -14851   -14843 
  -14843   -14841   -14836   -14828   -14827   -14829   -14823   -14818 
  -14817   -14810   -14808   -14808   -14802   -14797   -14790   -14790 
  -14790   -14783   -14774   -14769   -14769   -14770   -14762   -14756 
  -14760   -14763   -14756   -14747   -14747   -14746   -14740   -14742 
  -14743   -14737   -14733   -14737   -14740   -14735   -14729   -14733 
  -14735   -14733   -14736   -14733   -14729   -14733   -14735   -14735 
  -14739   -14740   -14736   -14732   -14735   -14740   -14742   -14740 
  -14739   -14736   -14737   -14743   -14747   -14746   -14744   -14750 
  -14752   -14751   -14750   -14750   -14744   -14746   -14755   -14756 
  -14754   -14755   -14755   -14754   -14752   -14752   -14756   -14756 
  -14754   -14752   -14752   -14755   -14760   -14759   -14757   -14760 
  -14762   -14763   -14763   -14757   -14755   -14760   -14769   -14770 
  -14763   -14762   -14766   -14766   -14771   -14777   -14774   -14771 
  -14773   -14780   -14786   -14782   -14785   -14790   -14790   -14796 
  -14800   -14801   -14806   -14810   -14809   -14820   -14828   -14827 
  -14828   -14833   -14843   -14848   -14845   -14845   -14852   -14862 
  -14871   -14871   -14872   -14881   -14885   -14889   -14899   -14902 
  -14905   -14916   -14921   -14922   -14925   -14931   -14939   -14943 
  -14939   -14943   -14949   -14955   -14963   -14963   -14964   -14975 
  -14978   -14976   -14983   -14986   -14987   -14990   -14990   -14995 
  -15003   -15002   -15005   -15007   -15007   -15013   -15017   -15012 
  -15014   -15020   -15025   -15025   -15016   -15016   -15021   -15026 
  -15030   -15030   -15026   -15028   -15028   -15030   -15039   -15037 
  -15029   -15029   -15036   -15041   -15039   -15036   -15041   -15041 
  -15034   -15036   -15037   -15036   -15039   -15043   -15044   -15044 
  -15047   -15045   -15043   -15043   -15044   -15045   -15048   -15051 
  -15047   -15043   -15041   -15045   -15048   -15044   -15045   -15051 
  -15051   -15049   -15045   -15043   -15048   -15049   -15044   -15047 
  -15053   -15052   -15049   -15047   -15044   -15045   -15047   -15048 
  -15049   -15045   -15047   -15049   -15043   -15037   -15036   -15036 
  -15040   -15043   -15041   -15037   -15033   -15034   -15034   -15034 
  -15039   -15037   -15034   -15039   -15037   -15030   -15030   -15029 
  -15025   -15025   -15026   -15030   -15030   -15021   -15021   -15025 
  -15018   -15014   -15013   -15009   -15010   -15013   -15007   -15002 
  -14997   -14991   -14990   -14991   -14993   -14988   -14985   -14986 
  -14983   -14976   -14974   -14975   -14975   -14971   -14967   -14967 
  -14967   -14960   -14958   -14958   -14958   -14959   -14960   -14955 
  -14948   -14947   -14948   -14948   -14947   -14945   -14944   -14944 
  -14944   -14937   -14935   -14941   -14943   -14940   -14939   -14937 
  -14937   -14939   -14932   -14929   -14932   -14935   -14932   -14926 
  -14926   -14932   -14932   -14935   -14932   -14928   -14928   -14931 
  -14929   -14928   -14926   -14929   -14935   -14931   -14926   -14931 
  -14936   -14936   -14936   -14939   -14939   -14935   -14936   -14936 
  -14932   -14931   -14935   -14940   -14941   -14935   -14932   -14936 
  -14937   -14931   -14926   -14928   -14932   -14931   -14931   -14932 
  -14928   -14920   -14918   -14921   -14922   -14922   -14916   -14910 
  -14912   -14910   -14902   -14899   -14899   -14897   -14895   -14893 
  -14889   -14887   -14882   -14878   -14879   -14881   -14882   -14878 
  -14872   -14872   -14872   -14870   -14867   -14867   -14868   -14868 
  -14866   -14860   -14858   -14864   -14870   -14864   -14860   -14866 
  -14870   -14868   -14868   -14871   -14871   -14870   -14872   -14874 
  -14872   -14877   -14882   -14882   -14882   -14882   -14882   -14886 
  -14893   -14894   -14891   -14893   -14899   -14897   -14894   -14901 
  -14908   -14908   -14908   -14912   -14917   -14921   -14925   -14925 
  -14925   -14926   -14929   -14935   -14939   -14937   -14939   -14944 
  -14948   -14952   -14955   -14958   -14964   -14967   -14967   -14975 
  -14976   -14974   -14975   -14979   -14982   -14985   -14988   -14995 
  -14995   -14995   -15002   -15007   -15012   -15016   -15016   -15014 
  -15017   -15025   -15029   -15029   -15034   -15041   -15043   -15043 
  -15052   -15057   -15057   -15061   -15067   -15068   -15070   -15071 
  -15076   -15083   -15087   -15091   -15097   -15099   -15097   -15097 
  -15102   -15109   -15109   -15109   -15117   -15126   -15128   -15128 
  -15132   -15136   -15140   -15145   -15144   -15144   -15151   -15153 
  -15151   -15148   -15149   -15153   -15159   -15163   -15165   -15167 
  -15171   -15175   -15172   -15169   -15173   -15175   -15172   -15173 
  -15175   -15176   -15178   -15178   -15178   -15186   -15188   -15182 
  -15182   -15186   -15184   -15183   -15190   -15188   -15180   -15179 
  -15186   -15184   -15176   -15176   -15182   -15184   -15184   -15182 
  -15176   -15171   -15171   -15176   -15176   -15172   -15169   -15165 
  -15163   -15161   -15160   -15156   -15152   -15152   -15149   -15144 
  -15142   -15140   -15137   -15133   -15128   -15124   -15121   -15114 
  -15110   -15106   -15101   -15099   -15102   -15097   -15088   -15079 
  -15079   -15084   -15079   -15068   -15066   -15064   -15056   -15047 
  -15047   -15049   -15044   -15034   -15033   -15031   -15021   -15018 
  -15014   -15007   -15006   -15007   -14998   -14990   -14985   -14980 
  -14979   -14975   -14965   -14955   -14951   -14955   -14952   -14937 
  -14932   -14932   -14926   -14921   -14918   -14910   -14902   -14897 
  -14894   -14889   -14885   -14885   -14885   -14877   -14868   -14862 
  -14855   -14856   -14858   -14850   -14845   -14846   -14839   -14831 
  -14832   -14831   -14827   -14823   -14821   -14817   -14813   -14813 
  -14810   -14806   -14802   -14801   -14798   -14793   -14790   -14794 
  -14790   -14787   -14787   -14783   -14778   -14779   -14785   -14782 
  -14774   -14770   -14773   -14777   -14774   -14771   -14770   -14767 
  -14767   -14767   -14767   -14767   -14767   -14769   -14770   -14766 
  -14764   -14767   -14770   -14770   -14771   -14771   -14774   -14775 
  -14777   -14778   -14778   -14778   -14783   -14789   -14786   -14787 
  -14794   -14798   -14797   -14797   -14800   -14808   -14810   -14806 
  -14810   -14818   -14823   -14823   -14823   -14827   -14836   -14840 
  -14840   -14845   -14854   -14855   -14855   -14855   -14858   -14866 
  -14874   -14879   -14882   -14883   -14886   -14889   -14895   -14897 
  -14897   -14905   -14912   -14914   -14917   -14922   -14926   -14931 
  -14936   -14940   -14943   -14949   -14953   -14955   -14960   -14963 
  -14964   -14968   -14976   -14985   -14983   -14983   -14993   -14997 
  -14995   -15002   -15010   -15013   -15014   -15018   -15021   -15021 
  -15024   -15026   -15028   -15033   -15040   -15039   -15043   -15053 
  -15053   -15054   -15060   -15061   -15057   -15060   -15071   -15075 
  -15070   -15070   -15075   -15078   -15076   -15076   -15075   -15079 
  -15087   -15091   -15088   -15087   -15091   -15091   -15088   -15091 
  -15094   -15088   -15087   -15091   -15090   -15087   -15091   -15094 
  -15088   -15083   -15086   -15087   -15082   -15082   -15086   -15083 
  -15082   -15079   -15075   -15074   -15076   -15074   -15068   -15067 
  -15066   -15060   -15059   -15061   -15059   -15054   -15057   -15054 
  -15047   -15044   -15045   -15044   -15040   -15037   -15039   -15040 
  -15036   -15033   -15026   -15020   -15020   -15020   -15021   -15021 
  -15017   -15009   -15005   -15003   -15002   -14998   -14998   -14998 
  -14987   -14982   -14980   -14976   -14975   -14972   -14972   -14972 
  -14965   -14958   -14955   -14949   -14947   -14947   -14947   -14944 
  -14936   -14928   -14928   -14931   -14926   -14921   -14917   -14913 
  -14909   -14905   -14901   -14901   -14895   -14889   -14887   -14887 
  -14889   -14886   -14878   -14875   -14872   -14871   -14870   -14868 
  -14864   -14856   -14854   -14858   -14858   -14850   -14844   -14845 
  -14844   -14840   -14835   -14833   -14837   -14836   -14829   -14823 
  -14817   -14816   -14820   -14823   -14823   -14821   -14820   -14820 
  -14816   -14812   -14812   -14813   -14817   -14813   -14812   -14816 
  -14816   -14810   -14810   -14810   -14808   -14810   -14813   -14817 
  -14817   -14812   -14806   -14810   -14816   -14816   -14813   -14816 
  -14818   -14813   -14813   -14818   -14818   -14816   -14818   -14827 
  -14828   -14823   -14823   -14827   -14828   -14832   -14829   -14827 
  -14832   -14836   -14833   -14837   -14843   -14843   -14840   -14840 
  -14843   -14841   -14844   -14850   -14850   -14850   -14851   -14851 
  -14852   -14859   -14862   -14860   -14863   -14868   -14872   -14868 
  -14863   -14864   -14868   -14874   -14882   -14879   -14872   -14879 
  -14883   -14878   -14878   -14881   -14882   -14886   -14886   -14885 
  -14885   -14883   -14885   -14887   -14883   -14883   -14882   -14881 
  -14883   -14886   -14883   -14879   -14877   -14875   -14878   -14885 
  -14887   -14881   -14871   -14872   -14879   -14882   -14885   -14883 
  -14879   -14877   -14875   -14878   -14878   -14875   -14878   -14879 
  -14871   -14871   -14881   -14886   -14883   -14874   -14864   -14867 
  -14875   -14877   -14872   -14871   -14874   -14870   -14864   -14870 
  -14872   -14870   -14866   -14859   -14859   -14862   -14860   -14858 
  -14855   -14855   -14850   -14845   -14848   -14848   -14840   -14836 
  -14833   -14832   -14831   -14829   -14829   -14829   -14827   -14823 
  -14818   -14816   -14818   -14817   -14813   -14813   -14816   -14817 
  -14818   -14813   -14808   -14806   -14809   -14812   -14809   -14805 
  -14806   -14805   -14804   -14804   -14804   -14808   -14812   -14806 
  -14802   -14805   -14809   -14809   -14808   -14806   -14808   -14809 
  -14813   -14813   -14809   -14808   -14816   -14818   -14817   -14817 
  -14821   -14821   -14821   -14827   -14827   -14827   -14831   -14832 
  -14832   -14837   -14843   -14843   -14844   -14850   -14851   -14850 
  -14858   -14863   -14858   -14859   -14870   -14874   -14874   -14877 
  -14883   -14886   -14885   -14887   -14891   -14897   -14908   -14910 
  -14909   -14909   -14914   -14924   -14929   -14931   -14932   -14939 
  -14944   -14951   -14953   -14952   -14955   -14965   -14970   -14970 
  -14972   -14979   -14982   -14985   -14988   -14990   -14991   -14998 
  -15002   -14998   -15003   -15012   -15016   -15021   -15021   -15020 
  -15021   -15026   -15031   -15031   -15030   -15036   -15037   -15039 
  -15045   -15051   -15052   -15053   -15057   -15061   -15066   -15067 
  -15064   -15066   -15072   -15078   -15078   -15079   -15082   -15082 
  -15087   -15097   -15094   -15086   -15090   -15101   -15105   -15102 
  -15101   -15102   -15106   -15110   -15111   -15109   -15110   -15111 
  -15109   -15110   -15117   -15118   -15115   -15114   -15111   -15110 
  -15109   -15110   -15111   -15109   -15106   -15109   -15107   -15102 
  -15102   -15103   -15099   -15094   -15091   -15091   -15091   -15093 
  -15088   -15086   -15084   -15076   -15068   -15070   -15068   -15066 
  -15066   -15060   -15051   -15044   -15043   -15045   -15040   -15030 
  -15024   -15021   -15018   -15013   -15005   -14998   -14988   -14985 
  -14985   -14980   -14970   -14958   -14949   -14949   -14947   -14936 
  -14928   -14924   -14917   -14908   -14901   -14895   -14889   -14885 
  -14877   -14868   -14864   -14858   -14846   -14841   -14835   -14825 
  -14818   -14817   -14813   -14805   -14797   -14793   -14793   -14790 
  -14778   -14770   -14769   -14766   -14759   -14752   -14750   -14752 
  -14750   -14740   -14735   -14733   -14731   -14728   -14725   -14724 
  -14723   -14719   -14717   -14713   -14710   -14717   -14721   -14716 
  -14712   -14713   -14712   -14708   -14708   -14712   -14709   -14712 
  -14717   -14717   -14716   -14719   -14720   -14721   -14725   -14731 
  -14732   -14731   -14735   -14739   -14740   -14744   -14747   -14750 
  -14751   -14754   -14759   -14760   -14764   -14770   -14770   -14773 
  -14783   -14786   -14783   -14789   -14793   -14790   -14790   -14801 
  -14805   -14805   -14809   -14816   -14813   -14817   -14827   -14831 
  -14829   -14831   -14837   -14846   -14855   -14855   -14851   -14852 
  -14862   -14867   -14868   -14874   -14882   -14886   -14887   -14889 
  -14889   -14897   -14912   -14918   -14917   -14917   -14925   -14937 
  -14941   -14943   -14948   -14953   -14958   -14964   -14972   -14979 
  -14985   -14987   -14995   -15003   -15010   -15021   -15030   -15034 
  -15040   -15048   -15060   -15068   -15075   -15082   -15093   -15101 
  -15107   -15117   -15130   -15140   -15142   -15148   -15160   -15173 
  -15184   -15192   -15201   -15210   -15222   -15233   -15241   -15249 
  -15255   -15261   -15272   -15284   -15294   -15300   -15310   -15322 
  -15334   -15342   -15350   -15358   -15363   -15369   -15381   -15394 
  -15404   -15410   -15414   -15427   -15435   -15437   -15449   -15464 
  -15471   -15472   -15477   -15485   -15493   -15502   -15506   -15511 
  -15520   -15527   -15529   -15531   -15537   -15539   -15542   -15546 
  -15553   -15556   -15558   -15561   -15560   -15556   -15566   -15574 
  -15564   -15558   -15565   -15566   -15564   -15564   -15565   -15564 
  -15560   -15554   -15550   -15546   -15546   -15543   -15537   -15534 
  -15531   -15525   -15518   -15511   -15503   -15495   -15490   -15489 
  -15483   -15472   -15468   -15462   -15454   -15445   -15435   -15427 
  -15424   -15417   -15404   -15394   -15387   -15381   -15377   -15369 
  -15358   -15348   -15341   -15334   -15326   -15315   -15304   -15298 
  -15294   -15282   -15271   -15263   -15253   -15249   -15246   -15238 
  -15229   -15221   -15213   -15203   -15192   -15186   -15184   -15179 
  -15171   -15161   -15151   -15145   -15138   -15124   -15118   -15120 
  -15115   -15105   -15095   -15090   -15080   -15068   -15067   -15064 
  -15053   -15047   -15043   -15036   -15030   -15021   -15012   -15005 
  -14998   -14991   -14985   -14980   -14976   -14967   -14955   -14953 
  -14951   -14943   -14931   -14920   -14913   -14909   -14904   -14894 
  -14886   -14883   -14877   -14863   -14852   -14850   -14845   -14837 
  -14828   -14816   -14804   -14798   -14793   -14783   -14771   -14766 
  -14762   -14752   -14742   -14731   -14721   -14716   -14712   -14702 
  -14692   -14683   -14675   -14666   -14659   -14654   -14643   -14634 
  -14625   -14615   -14612   -14609   -14602   -14589   -14580   -14571 
  -14566   -14559   -14554   -14547   -14542   -14534   -14527   -14520 
  -14517   -14515   -14508   -14500   -14496   -14488   -14480   -14480 
  -14482   -14478   -14467   -14462   -14459   -14453   -14451   -14457 
  -14457   -14453   -14449   -14445   -14443   -14440   -14439   -14440 
  -14438   -14436   -14438   -14434   -14432   -14435   -14432   -14432 
  -14438   -14430   -14423   -14427   -14428   -14427   -14424   -14424 
  -14428   -14426   -14419   -14416   -14416   -14420   -14424   -14420 
  -14416   -14418   -14415   -14412   -14413   -14413   -14411   -14412 
  -14413   -14413   -14405   -14399   -14405   -14411   -14407   -14405 
  -14404   -14404   -14405   -14401   -14397   -14397   -14397   -14396 
  -14395   -14397   -14396   -14391   -14385   -14386   -14385   -14384 
  -14388   -14388   -14381   -14382   -14384   -14378   -14373   -14376 
  -14384   -14385   -14380   -14377   -14378   -14378   -14376   -14376 
  -14378   -14382   -14381   -14380   -14388   -14397   -14397   -14393 
  -14396   -14403   -14407   -14409   -14413   -14419   -14427   -14434 
  -14436   -14442   -14449   -14455   -14461   -14469   -14477   -14486 
  -14496   -14506   -14513   -14516   -14528   -14542   -14554   -14566 
  -14574   -14584   -14596   -14608   -14624   -14640   -14651   -14662 
  -14675   -14689   -14704   -14721   -14736   -14750   -14763   -14777 
  -14794   -14813   -14828   -14840   -14856   -14877   -14891   -14905 
  -14925   -14947   -14959   -14968   -14985   -15009   -15033   -15049 
  -15063   -15078   -15097   -15114   -15129   -15145   -15163   -15173 
  -15190   -15213   -15229   -15242   -15256   -15269   -15286   -15299 
  -15310   -15327   -15341   -15353   -15365   -15375   -15388   -15402 
  -15410   -15426   -15445   -15452   -15456   -15462   -15472   -15484 
  -15495   -15504   -15513   -15519   -15530   -15539   -15542   -15549 
  -15558   -15565   -15572   -15579   -15583   -15592   -15603   -15607 
  -15610   -15615   -15618   -15624   -15631   -15637   -15645   -15645 
  -15642   -15650   -15658   -15660   -15661   -15668   -15673   -15672 
  -15676   -15681   -15678   -15680   -15688   -15685   -15685   -15691 
  -15688   -15684   -15688   -15688   -15680   -15678   -15684   -15680 
  -15672   -15673   -15673   -15665   -15661   -15664   -15661   -15649 
  -15641   -15639   -15635   -15630   -15622   -15618   -15612   -15601 
  -15589   -15583   -15577   -15572   -15564   -15553   -15543   -15534 
  -15525   -15518   -15510   -15498   -15480   -15473   -15472   -15462 
  -15446   -15434   -15423   -15411   -15399   -15385   -15371   -15364 
  -15357   -15348   -15331   -15314   -15298   -15287   -15282   -15272 
  -15259   -15241   -15228   -15214   -15201   -15186   -15171   -15157 
  -15140   -15130   -15121   -15105   -15088   -15075   -15063   -15051 
  -15041   -15030   -15018   -15002   -14988   -14978   -14967   -14953 
  -14941   -14929   -14921   -14910   -14897   -14887   -14881   -14870 
  -14856   -14843   -14829   -14817   -14810   -14804   -14794   -14782 
  -14773   -14763   -14754   -14747   -14737   -14725   -14719   -14712 
  -14701   -14690   -14685   -14681   -14670   -14658   -14648   -14642 
  -14636   -14631   -14620   -14613   -14609   -14600   -14588   -14582 
  -14582   -14575   -14565   -14557   -14550   -14544   -14542   -14536 
  -14528   -14521   -14517   -14512   -14508   -14504   -14496   -14490 
  -14486   -14480   -14473   -14473   -14465   -14458   -14455   -14453 
  -14446   -14442   -14442   -14439   -14428   -14422   -14423   -14422 
  -14416   -14411   -14407   -14407   -14407   -14405   -14405   -14404 
  -14404   -14407   -14407   -14404   -14404   -14405   -14407   -14412 
  -14416   -14418   -14419   -14420   -14424   -14428   -14434   -14439 
  -14443   -14450   -14458   -14462   -14472   -14480   -14481   -14488 
  -14503   -14509   -14513   -14523   -14535   -14546   -14557   -14569 
  -14580   -14588   -14598   -14612   -14620   -14627   -14642   -14658 
  -14671   -14681   -14689   -14701   -14716   -14727   -14736   -14747 
  -14762   -14775   -14783   -14790   -14805   -14817   -14825   -14835 
  -14850   -14863   -14871   -14881   -14889   -14894   -14905   -14918 
  -14928   -14937   -14949   -14958   -14960   -14965   -14975   -14985 
  -14995   -15006   -15010   -15014   -15025   -15031   -15037   -15047 
  -15054   -15057   -15066   -15078   -15087   -15088   -15091   -15102 
  -15113   -15115   -15120   -15126   -15132   -15140   -15148   -15155 
  -15167   -15178   -15182   -15184   -15187   -15190   -15198   -15213 
  -15226   -15229   -15232   -15237   -15244   -15256   -15267   -15272 
  -15280   -15295   -15303   -15305   -15310   -15318   -15330   -15344 
  -15353   -15358   -15365   -15376   -15383   -15390   -15399   -15407 
  -15417   -15427   -15434   -15444   -15454   -15464   -15472   -15480 
  -15492   -15503   -15506   -15513   -15527   -15535   -15537   -15542 
  -15554   -15561   -15562   -15570   -15579   -15583   -15588   -15601 
  -15606   -15599   -15604   -15612   -15615   -15618   -15622   -15627 
  -15631   -15632   -15631   -15631   -15634   -15639   -15641   -15639 
  -15642   -15641   -15634   -15630   -15634   -15637   -15632   -15630 
  -15632   -15631   -15622   -15619   -15619   -15614   -15608   -15607 
  -15603   -15596   -15591   -15583   -15579   -15579   -15570   -15560 
  -15554   -15550   -15543   -15535   -15530   -15526   -15518   -15510 
  -15506   -15499   -15489   -15480   -15475   -15468   -15457   -15445 
  -15437   -15431   -15421   -15408   -15399   -15391   -15381   -15373 
  -15365   -15354   -15341   -15330   -15325   -15317   -15302   -15287 
  -15280   -15271   -15256   -15246   -15238   -15223   -15213   -15202 
  -15190   -15183   -15171   -15156   -15145   -15133   -15122   -15113 
  -15102   -15091   -15080   -15067   -15057   -15047   -15026   -15016 
  -15014   -15003   -14990   -14980   -14962   -14948   -14944   -14935 
  -14922   -14914   -14904   -14894   -14882   -14868   -14858   -14845 
  -14837   -14832   -14821   -14808   -14796   -14785   -14774   -14764 
  -14757   -14750   -14737   -14725   -14716   -14706   -14696   -14681 
  -14670   -14662   -14652   -14640   -14632   -14627   -14615   -14605 
  -14601   -14593   -14582   -14570   -14557   -14551   -14548   -14536 
  -14527   -14524   -14517   -14508   -14500   -14492   -14485   -14478 
  -14472   -14467   -14461   -14451   -14443   -14440   -14440   -14434 
  -14426   -14423   -14422   -14416   -14411   -14409   -14407   -14399 
  -14395   -14396   -14399   -14393   -14382   -14381   -14388   -14389 
  -14388   -14386   -14382   -14381   -14380   -14381   -14384   -14382 
  -14385   -14388   -14386   -14389   -14393   -14388   -14388   -14396 
  -14399   -14400   -14405   -14407   -14403   -14405   -14419   -14420 
  -14416   -14422   -14428   -14432   -14440   -14443   -14440   -14447 
  -14459   -14461   -14462   -14469   -14470   -14472   -14481   -14493 
  -14505   -14508   -14508   -14511   -14517   -14526   -14536   -14543 
  -14544   -14548   -14557   -14563   -14571   -14581   -14590   -14596 
  -14604   -14612   -14620   -14627   -14634   -14643   -14651   -14662 
  -14673   -14679   -14692   -14701   -14702   -14709   -14728   -14746 
  -14754   -14757   -14766   -14775   -14785   -14798   -14810   -14817 
  -14825   -14841   -14859   -14862   -14860   -14871   -14887   -14902 
  -14914   -14921   -14925   -14932   -14945   -14955   -14964   -14972 
  -14982   -14988   -14994   -15003   -15013   -15021   -15031   -15037 
  -15043   -15056   -15070   -15074   -15080   -15091   -15099   -15102 
  -15107   -15115   -15126   -15133   -15136   -15136   -15142   -15155 
  -15163   -15168   -15172   -15179   -15183   -15190   -15198   -15201 
  -15201   -15205   -15210   -15219   -15223   -15225   -15229   -15234 
  -15236   -15237   -15239   -15242   -15246   -15249   -15249   -15249 
  -15249   -15246   -15249   -15250   -15248   -15248   -15252   -15259 
  -15261   -15256   -15252   -15257   -15259   -15253   -15250   -15249 
  -15246   -15242   -15245   -15245   -15237   -15237   -15239   -15237 
  -15237   -15234   -15228   -15225   -15218   -15214   -15217   -15213 
  -15206   -15201   -15198   -15203   -15201   -15184   -15176   -15179 
  -15175   -15163   -15156   -15153   -15149   -15140   -15137   -15132 
  -15118   -15110   -15109   -15107   -15097   -15086   -15075   -15070 
  -15068   -15061   -15051   -15041   -15031   -15021   -15016   -15013 
  -15002   -14985   -14975   -14972   -14968   -14958   -14947   -14936 
  -14928   -14920   -14914   -14905   -14891   -14887   -14882   -14870 
  -14864   -14858   -14848   -14841   -14833   -14827   -14821   -14813 
  -14806   -14790   -14779   -14782   -14779   -14767   -14759   -14756 
  -14750   -14746   -14744   -14739   -14729   -14723   -14721   -14723 
  -14720   -14712   -14701   -14701   -14706   -14704   -14704   -14704 
  -14696   -14689   -14692   -14696   -14696   -14686   -14681   -14692 
  -14694   -14690   -14689   -14690   -14693   -14694   -14693   -14693 
  -14694   -14690   -14689   -14692   -14696   -14697   -14697   -14701 
  -14704   -14701   -14704   -14709   -14710   -14709   -14708   -14713 
  -14717   -14714   -14719   -14725   -14724   -14725   -14732   -14740 
  -14746   -14743   -14740   -14746   -14755   -14759   -14757   -14756 
  -14763   -14770   -14775   -14785   -14790   -14785   -14787   -14800 
  -14808   -14810   -14810   -14816   -14820   -14823   -14829   -14835 
  -14840   -14845   -14852   -14859   -14867   -14868   -14868   -14877 
  -14883   -14885   -14887   -14894   -14899   -14906   -14913   -14922 
  -14925   -14929   -14937   -14945   -14945   -14945   -14949   -14959 
  -14965   -14968   -14974   -14982   -14987   -14990   -14991   -14995 
  -14998   -15001   -15005   -15012   -15014   -15020   -15021   -15021 
  -15028   -15031   -15031   -15030   -15033   -15036   -15034   -15036 
  -15039   -15037   -15039   -15043   -15043   -15040   -15037   -15036 
  -15036   -15034   -15031   -15031   -15029   -15024   -15024   -15025 
  -15021   -15020   -15017   -15009   -15001   -14998   -15002   -14998 
  -14995   -14991   -14982   -14968   -14964   -14968   -14967   -14964 
  -14960   -14952   -14944   -14940   -14939   -14932   -14924   -14920 
  -14916   -14906   -14897   -14889   -14881   -14881   -14882   -14868 
  -14856   -14858   -14856   -14846   -14843   -14839   -14831   -14825 
  -14823   -14816   -14808   -14802   -14798   -14794   -14793   -14793 
  -14789   -14779   -14775   -14770   -14767   -14771   -14773   -14766 
  -14763   -14763   -14760   -14757   -14762   -14764   -14763   -14763 
  -14766   -14767   -14766   -14767   -14769   -14771   -14774   -14774 
  -14778   -14785   -14787   -14790   -14793   -14794   -14800   -14810 
  -14816   -14823   -14829   -14828   -14829   -14839   -14845   -14851 
  -14859   -14868   -14875   -14877   -14881   -14894   -14904   -14910 
  -14918   -14925   -14931   -14936   -14943   -14953   -14965   -14976 
  -14982   -14990   -14998   -15005   -15014   -15026   -15033   -15040 
  -15054   -15066   -15071   -15080   -15093   -15107   -15118   -15121 
  -15128   -15138   -15149   -15161   -15172   -15178   -15183   -15188 
  -15205   -15223   -15228   -15225   -15232   -15244   -15253   -15261 
  -15272   -15282   -15284   -15291   -15300   -15305   -15310   -15317 
  -15322   -15329   -15336   -15340   -15348   -15353   -15353   -15358 
  -15364   -15368   -15373   -15377   -15385   -15394   -15391   -15388 
  -15395   -15403   -15406   -15410   -15414   -15414   -15414   -15417 
  -15412   -15412   -15417   -15423   -15424   -15421   -15418   -15419 
  -15417   -15414   -15412   -15408   -15407   -15406   -15404   -15402 
  -15396   -15394   -15392   -15384   -15377   -15371   -15365   -15361 
  -15353   -15342   -15340   -15334   -15323   -15319   -15318   -15305 
  -15294   -15287   -15277   -15264   -15256   -15250   -15244   -15236 
  -15219   -15205   -15201   -15196   -15184   -15169   -15156   -15144 
  -15132   -15124   -15117   -15103   -15086   -15071   -15063   -15053 
  -15040   -15028   -15014   -14998   -14982   -14968   -14958   -14947 
  -14931   -14913   -14899   -14889   -14877   -14860   -14841   -14827 
  -14816   -14805   -14790   -14773   -14752   -14743   -14735   -14719 
  -14701   -14686   -14671   -14659   -14648   -14636   -14620   -14605 
  -14597   -14582   -14566   -14555   -14542   -14531   -14528   -14520 
  -14505   -14486   -14473   -14470   -14465   -14453   -14442   -14430 
  -14416   -14415   -14416   -14403   -14385   -14376   -14376   -14377 
  -14369   -14358   -14354   -14354   -14354   -14351   -14346   -14343 
  -14339   -14335   -14334   -14334   -14330   -14327   -14328   -14337 
  -14339   -14341   -14345   -14342   -14342   -14353   -14362   -14368 
  -14373   -14376   -14377   -14382   -14391   -14399   -14407   -14418 
  -14426   -14436   -14449   -14454   -14461   -14472   -14484   -14499 
  -14511   -14517   -14529   -14543   -14558   -14569   -14580   -14594 
  -14607   -14619   -14640   -14656   -14663   -14673   -14688   -14702 
  -14721   -14743   -14755   -14762   -14771   -14790   -14816   -14831 
  -14840   -14854   -14870   -14886   -14904   -14918   -14929   -14944 
  -14960   -14975   -14990   -15005   -15018   -15029   -15043   -15057 
  -15074   -15088   -15103   -15117   -15128   -15140   -15152   -15163 
  -15176   -15190   -15205   -15214   -15223   -15238   -15248   -15260 
  -15272   -15279   -15280   -15295   -15315   -15321   -15321   -15329 
  -15338   -15346   -15360   -15367   -15365   -15369   -15380   -15390 
  -15394   -15395   -15400   -15406   -15410   -15414   -15414   -15419 
  -15427   -15429   -15422   -15422   -15429   -15431   -15433   -15439 
  -15439   -15433   -15431   -15435   -15434   -15431   -15430   -15427 
  -15424   -15426   -15429   -15426   -15421   -15417   -15411   -15408 
  -15410   -15404   -15399   -15398   -15394   -15384   -15380   -15381 
  -15377   -15369   -15368   -15365   -15357   -15344   -15340   -15337 
  -15333   -15326   -15317   -15313   -15314   -15305   -15298   -15291 
  -15282   -15282   -15282   -15269   -15260   -15252   -15249   -15252 
  -15245   -15233   -15226   -15222   -15218   -15214   -15206   -15202 
  -15199   -15192   -15188   -15184   -15176   -15175   -15172   -15167 
  -15168   -15163   -15149   -15144   -15147   -15145   -15142   -15142 
  -15138   -15130   -15124   -15125   -15125   -15121   -15117   -15117 
  -15113   -15107   -15105   -15106   -15110   -15106   -15097   -15097 
  -15097   -15094   -15091   -15091   -15090   -15084   -15076   -15078 
  -15079   -15076   -15074   -15070   -15066   -15064   -15063   -15059 
  -15054   -15054   -15053   -15051   -15051   -15047   -15037   -15033 
  -15031   -15033   -15031   -15026   -15024   -15018   -15014   -15014 
  -15007   -15002   -15002   -14998   -14993   -14991   -14988   -14985 
  -14985   -14979   -14972   -14968   -14964   -14963   -14962   -14959 
  -14955   -14951   -14949   -14951   -14948   -14939   -14925   -14917 
  -14924   -14931   -14926   -14924   -14918   -14914   -14914   -14909 
  -14909   -14912   -14904   -14897   -14899   -14898   -14897   -14897 
  -14893   -14895   -14901   -14897   -14897   -14898   -14893   -14891 
  -14891   -14897   -14902   -14906   -14908   -14906   -14906   -14912 
  -14914   -14918   -14921   -14917   -14921   -14929   -14931   -14931 
  -14937   -14944   -14947   -14944   -14945   -14952   -14953   -14952 
  -14962   -14971   -14975   -14980   -14979   -14980   -14990   -14991 
  -14988   -14997   -15002   -15003   -15007   -15013   -15014   -15013 
  -15017   -15025   -15028   -15034   -15041   -15039   -15034   -15034 
  -15034   -15041   -15045   -15043   -15044   -15049   -15049   -15049 
  -15048   -15047   -15051   -15049   -15043   -15043   -15041   -15036 
  -15039   -15037   -15030   -15028   -15030   -15028   -15016   -15001 
  -14993   -14994   -14994   -14983   -14974   -14967   -14952   -14943 
  -14939   -14932   -14921   -14910   -14904   -14899   -14883   -14863 
  -14852   -14846   -14845   -14835   -14813   -14804   -14798   -14783 
  -14769   -14763   -14756   -14746   -14729   -14716   -14708   -14698 
  -14686   -14677   -14666   -14654   -14644   -14635   -14625   -14615 
  -14604   -14593   -14582   -14577   -14571   -14559   -14551   -14547 
  -14536   -14527   -14521   -14509   -14504   -14511   -14508   -14496 
  -14490   -14484   -14480   -14473   -14470   -14467   -14462   -14457 
  -14454   -14453   -14451   -14449   -14447   -14450   -14453   -14453 
  -14449   -14443   -14445   -14442   -14439   -14446   -14451   -14447 
  -14449   -14453   -14454   -14454   -14454   -14455   -14459   -14459 
  -14466   -14476   -14470   -14466   -14473   -14482   -14485   -14490 
  -14499   -14505   -14513   -14519   -14517   -14520   -14531   -14532 
  -14534   -14548   -14558   -14558   -14559   -14565   -14572   -14584 
  -14592   -14602   -14612   -14617   -14625   -14632   -14638   -14654 
  -14666   -14671   -14678   -14690   -14702   -14716   -14724   -14731 
  -14739   -14752   -14763   -14774   -14787   -14801   -14810   -14823 
  -14835   -14852   -14871   -14882   -14894   -14913   -14925   -14937 
  -14948   -14959   -14976   -14993   -15007   -15020   -15031   -15047 
  -15063   -15080   -15099   -15114   -15122   -15134   -15152   -15171 
  -15187   -15201   -15215   -15229   -15245   -15261   -15272   -15286 
  -15299   -15313   -15329   -15340   -15346   -15357   -15367   -15379 
  -15396   -15412   -15422   -15427   -15435   -15450   -15462   -15469 
  -15475   -15484   -15493   -15500   -15506   -15508   -15512   -15522 
  -15530   -15530   -15535   -15545   -15546   -15543   -15546   -15550 
  -15552   -15550   -15552   -15553   -15550   -15556   -15556   -15549 
  -15546   -15549   -15546   -15549   -15546   -15535   -15529   -15530 
  -15529   -15526   -15520   -15512   -15503   -15498   -15498   -15492 
  -15480   -15476   -15468   -15457   -15450   -15444   -15437   -15430 
  -15421   -15412   -15404   -15394   -15379   -15364   -15357   -15353 
  -15340   -15330   -15323   -15309   -15295   -15284   -15271   -15263 
  -15250   -15232   -15215   -15203   -15194   -15187   -15176   -15160 
  -15148   -15132   -15114   -15106   -15094   -15074   -15054   -15041 
  -15029   -15014   -14994   -14976   -14967   -14955   -14941   -14925 
  -14908   -14898   -14883   -14860   -14845   -14835   -14821   -14808 
  -14790   -14773   -14755   -14740   -14733   -14720   -14697   -14685 
  -14673   -14652   -14634   -14621   -14613   -14600   -14584   -14570 
  -14557   -14546   -14539   -14527   -14511   -14494   -14484   -14478 
  -14469   -14455   -14446   -14439   -14430   -14420   -14407   -14401 
  -14396   -14376   -14362   -14364   -14366   -14362   -14357   -14351 
  -14342   -14337   -14337   -14338   -14334   -14327   -14321   -14320 
  -14321   -14319   -14315   -14321   -14330   -14331   -14331   -14328 
  -14330   -14334   -14331   -14339   -14347   -14347   -14353   -14364 
  -14369   -14377   -14384   -14392   -14407   -14415   -14420   -14428 
  -14432   -14438   -14451   -14472   -14486   -14486   -14490   -14505 
  -14523   -14539   -14550   -14558   -14571   -14586   -14597   -14611 
  -14631   -14650   -14661   -14674   -14692   -14704   -14720   -14732 
  -14750   -14770   -14782   -14794   -14812   -14828   -14845   -14866 
  -14883   -14895   -14913   -14932   -14953   -14964   -14976   -14997 
  -15017   -15031   -15043   -15057   -15078   -15099   -15114   -15126 
  -15148   -15167   -15178   -15195   -15210   -15221   -15239   -15260 
  -15276   -15288   -15300   -15318   -15329   -15341   -15364   -15380 
  -15388   -15402   -15414   -15426   -15446   -15466   -15475   -15480 
  -15488   -15499   -15513   -15531   -15543   -15549   -15550   -15558 
  -15573   -15579   -15587   -15599   -15604   -15615   -15624   -15622 
  -15627   -15635   -15642   -15651   -15651   -15653   -15661   -15658 
  -15654   -15654   -15654   -15668   -15678   -15669   -15664   -15664 
  -15670   -15673   -15662   -15650   -15650   -15654   -15658   -15649 
  -15634   -15627   -15622   -15620   -15622   -15615   -15603   -15589 
  -15579   -15576   -15566   -15554   -15542   -15529   -15513   -15500 
  -15498   -15495   -15477   -15450   -15434   -15427   -15418   -15400 
  -15379   -15365   -15358   -15345   -15325   -15303   -15286   -15272 
  -15259   -15239   -15218   -15195   -15178   -15160   -15134   -15122 
  -15115   -15095   -15071   -15045   -15024   -15012   -14995   -14975 
  -14959   -14940   -14921   -14895   -14868   -14858   -14848   -14827 
  -14804   -14783   -14764   -14742   -14717   -14698   -14683   -14671 
  -14659   -14635   -14608   -14596   -14586   -14572   -14553   -14529 
  -14516   -14508   -14490   -14465   -14447   -14446   -14442   -14420 
  -14393   -14377   -14372   -14364   -14354   -14343   -14331   -14326 
  -14315   -14300   -14288   -14287   -14280   -14270   -14261   -14254 
  -14255   -14255   -14249   -14239   -14237   -14239   -14239   -14238 
  -14233   -14229   -14234   -14233   -14224   -14230   -14238   -14238 
  -14242   -14249   -14246   -14250   -14255   -14254   -14268   -14281 
  -14280   -14287   -14295   -14296   -14307   -14320   -14327   -14335 
  -14342   -14346   -14354   -14364   -14373   -14384   -14397   -14407 
  -14416   -14422   -14430   -14440   -14449   -14459   -14470   -14473 
  -14478   -14496   -14513   -14520   -14528   -14542   -14548   -14554 
  -14566   -14584   -14596   -14596   -14600   -14615   -14624   -14638 
  -14654   -14659   -14669   -14683   -14688   -14690   -14704   -14716 
  -14725   -14733   -14742   -14744   -14754   -14782   -14805   -14805 
  -14808   -14820   -14835   -14845   -14845   -14848   -14866   -14883 
  -14893   -14899   -14910   -14926   -14944   -14951   -14953   -14963 
  -14985   -15005   -15005   -14995   -15007   -15041   -15063   -15066 
  -15063   -15072   -15095   -15117   -15120   -15115   -15122   -15142 
  -15161   -15176   -15184   -15188   -15203   -15225   -15237   -15236 
  -15232   -15238   -15256   -15272   -15276   -15279   -15286   -15288 
  -15292   -15313   -15334   -15338   -15329   -15329   -15340   -15350 
  -15361   -15367   -15360   -15356   -15361   -15371   -15379   -15381 
  -15379   -15380   -15385   -15388   -15388   -15388   -15387   -15387 
  -15392   -15399   -15402   -15398   -15390   -15380   -15379   -15385 
  -15383   -15376   -15375   -15373   -15371   -15371   -15369   -15361 
  -15354   -15356   -15358   -15354   -15344   -15340   -15331   -15318 
  -15314   -15318   -15321   -15311   -15295   -15288   -15290   -15288 
  -15280   -15271   -15264   -15259   -15252   -15245   -15241   -15237 
  -15222   -15210   -15206   -15203   -15198   -15190   -15175   -15163 
  -15155   -15148   -15149   -15148   -15140   -15126   -15115   -15111 
  -15102   -15084   -15078   -15076   -15066   -15051   -15041   -15043 
  -15040   -15025   -15013   -15006   -14995   -14990   -14986   -14972 
  -14965   -14959   -14947   -14943   -14940   -14929   -14920   -14912 
  -14901   -14889   -14879   -14874   -14870   -14860   -14855   -14851 
  -14841   -14836   -14833   -14825   -14816   -14812   -14804   -14790 
  -14783   -14775   -14769   -14769   -14769   -14764   -14757   -14751 
  -14742   -14731   -14727   -14732   -14729   -14720   -14712   -14706 
  -14702   -14701   -14694   -14689   -14689   -14689   -14681   -14673 
  -14675   -14675   -14665   -14662   -14663   -14656   -14654   -14661 
  -14665   -14659   -14648   -14644   -14648   -14646   -14642   -14642 
  -14643   -14647   -14647   -14642   -14644   -14650   -14650   -14648 
  -14648   -14650   -14650   -14648   -14656   -14662   -14661   -14667 
  -14677   -14675   -14673   -14679   -14688   -14685   -14681   -14683 
  -14689   -14692   -14697   -14704   -14708   -14713   -14720   -14724 
  -14731   -14735   -14731   -14729   -14733   -14735   -14739   -14751 
  -14756   -14755   -14757   -14764   -14775   -14785   -14783   -14780 
  -14785   -14790   -14800   -14801   -14800   -14804   -14809   -14817 
  -14827   -14827   -14827   -14832   -14836   -14841   -14844   -14844 
  -14846   -14848   -14854   -14863   -14867   -14871   -14874   -14871 
  -14871   -14875   -14881   -14885   -14887   -14887   -14887   -14887 
  -14894   -14899   -14901   -14908   -14910   -14906   -14904   -14908 
  -14916   -14918   -14913   -14914   -14922   -14936   -14939   -14929 
  -14926   -14937   -14941   -14939   -14939   -14941   -14943   -14944 
  -14951   -14962   -14963   -14959   -14964   -14970   -14967   -14965 
  -14970   -14971   -14974   -14975   -14972   -14971   -14975   -14980 
  -14983   -14987   -14990   -14988   -14988   -14990   -14988   -14985 
  -14988   -14988   -14978   -14978   -14991   -14995   -14987   -14982 
  -14978   -14974   -14974   -14971   -14968   -14974   -14970   -14958 
  -14955   -14959   -14962   -14958   -14948   -14943   -14941   -14937 
  -14936   -14931   -14925   -14920   -14912   -14912   -14909   -14899 
  -14901   -14901   -14889   -14879   -14870   -14864   -14870   -14871 
  -14864   -14859   -14855   -14851   -14846   -14839   -14832   -14829 
  -14823   -14823   -14825   -14823   -14823   -14827   -14813   -14802 
  -14804   -14809   -14805   -14804   -14806   -14804   -14802   -14805 
  -14808   -14809   -14816   -14816   -14812   -14809   -14808   -14808 
  -14816   -14821   -14823   -14827   -14828   -14832   -14839   -14844 
  -14852   -14856   -14854   -14858   -14859   -14860   -14868   -14875 
  -14878   -14886   -14891   -14898   -14908   -14913   -14910   -14913 
  -14924   -14931   -14932   -14935   -14940   -14952   -14962   -14962 
  -14963   -14971   -14978   -14985   -14991   -14997   -14998   -15001 
  -15007   -15014   -15014   -15013   -15020   -15031   -15040   -15044 
  -15047   -15051   -15052   -15054   -15059   -15068   -15076   -15078 
  -15080   -15086   -15090   -15091   -15093   -15091   -15097   -15102 
  -15101   -15105   -15113   -15109   -15107   -15114   -15118   -15121 
  -15125   -15128   -15126   -15122   -15129   -15138   -15140   -15137 
  -15134   -15136   -15147   -15153   -15152   -15149   -15148   -15148 
  -15155   -15159   -15159   -15160   -15160   -15167   -15173   -15169 
  -15169   -15176   -15176   -15176   -15182   -15186   -15187   -15187 
  -15183   -15184   -15194   -15201   -15203   -15201   -15201   -15206 
  -15209   -15206   -15210   -15214   -15214   -15217   -15222   -15222 
  -15219   -15217   -15215   -15222   -15228   -15229   -15225   -15221 
  -15222   -15226   -15229   -15237   -15238   -15232   -15226   -15228 
  -15228   -15228   -15229   -15225   -15223   -15232   -15234   -15225 
  -15218   -15222   -15225   -15222   -15221   -15221   -15219   -15219 
  -15221   -15218   -15213   -15213   -15210   -15206   -15209   -15213 
  -15209   -15206   -15206   -15202   -15194   -15192   -15201   -15202 
  -15195   -15190   -15187   -15184   -15183   -15186   -15188   -15186 
  -15180   -15172   -15163   -15160   -15165   -15169   -15171   -15171 
  -15163   -15155   -15153   -15155   -15152   -15142   -15140   -15144 
  -15134   -15126   -15130   -15137   -15138   -15132   -15120   -15114 
  -15115   -15114   -15107   -15101   -15097   -15102   -15099   -15088 
  -15084   -15079   -15072   -15075   -15074   -15070   -15067   -15063 
  -15057   -15052   -15045   -15044   -15041   -15037   -15031   -15031 
  -15031   -15020   -15007   -15005   -15001   -14997   -14995   -14991 
  -14986   -14983   -14978   -14971   -14964   -14963   -14955   -14945 
  -14939   -14932   -14925   -14929   -14932   -14924   -14912   -14913 
  -14910   -14898   -14889   -14886   -14889   -14882   -14870   -14862 
  -14852   -14851   -14859   -14859   -14852   -14843   -14832   -14829 
  -14833   -14835   -14828   -14818   -14816   -14813   -14809   -14809 
  -14808   -14800   -14794   -14796   -14797   -14797   -14793   -14790 
  -14789   -14785   -14783   -14787   -14793   -14790   -14785   -14782 
  -14783   -14783   -14782   -14782   -14789   -14793   -14790   -14786 
  -14790   -14797   -14798   -14796   -14796   -14797   -14796   -14794 
  -14789   -14790   -14797   -14802   -14808   -14812   -14810   -14808 
  -14805   -14802   -14805   -14812   -14818   -14823   -14823   -14821 
  -14818   -14818   -14823   -14831   -14837   -14835   -14833   -14837 
  -14836   -14835   -14839   -14844   -14854   -14856   -14848   -14848 
  -14852   -14855   -14860   -14866   -14868   -14871   -14874   -14874 
  -14875   -14877   -14879   -14886   -14897   -14901   -14899   -14901 
  -14904   -14905   -14913   -14921   -14925   -14931   -14935   -14932 
  -14941   -14955   -14958   -14965   -14979   -14983   -14982   -14982 
  -14986   -14995   -15003   -15017   -15030   -15030   -15026   -15034 
  -15047   -15053   -15059   -15074   -15087   -15093   -15093   -15093 
  -15102   -15117   -15125   -15132   -15140   -15147   -15152   -15160 
  -15168   -15176   -15183   -15192   -15202   -15203   -15205   -15210 
  -15219   -15229   -15232   -15233   -15242   -15245   -15246   -15257 
  -15265   -15272   -15279   -15276   -15280   -15288   -15291   -15294 
  -15295   -15290   -15290   -15294   -15302   -15305   -15303   -15307 
  -15311   -15307   -15309   -15310   -15309   -15311   -15309   -15304 
  -15305   -15300   -15294   -15294   -15292   -15291   -15290   -15287 
  -15284   -15277   -15272   -15272   -15272   -15265   -15255   -15242 
  -15239   -15239   -15238   -15232   -15219   -15210   -15205   -15196 
  -15191   -15187   -15176   -15168   -15160   -15147   -15138   -15133 
  -15125   -15118   -15106   -15095   -15093   -15080   -15063   -15056 
  -15043   -15030   -15028   -15017   -15005   -14998   -14993   -14983 
  -14967   -14955   -14949   -14937   -14929   -14924   -14908   -14895 
  -14889   -14878   -14864   -14863   -14862   -14851   -14835   -14821 
  -14810   -14805   -14800   -14790   -14775   -14770   -14769   -14755 
  -14740   -14735   -14727   -14716   -14713   -14704   -14692   -14685 
  -14679   -14673   -14666   -14655   -14652   -14651   -14638   -14625 
  -14615   -14611   -14608   -14601   -14590   -14582   -14578   -14572 
  -14563   -14558   -14555   -14551   -14539   -14535   -14534   -14524 
  -14517   -14515   -14505   -14500   -14501   -14499   -14494   -14489 
  -14482   -14481   -14477   -14473   -14477   -14476   -14470   -14465 
  -14454   -14454   -14462   -14459   -14459   -14461   -14455   -14453 
  -14454   -14455   -14458   -14458   -14458   -14461   -14466   -14470 
  -14470   -14472   -14473   -14477   -14480   -14482   -14488   -14492 
  -14493   -14496   -14504   -14512   -14521   -14528   -14532   -14535 
  -14539   -14553   -14562   -14569   -14580   -14589   -14596   -14601 
  -14605   -14613   -14629   -14642   -14646   -14652   -14667   -14679 
  -14688   -14697   -14708   -14720   -14733   -14747   -14754   -14760 
  -14778   -14798   -14809   -14813   -14823   -14835   -14850   -14862 
  -14868   -14881   -14898   -14909   -14921   -14936   -14947   -14955 
  -14964   -14980   -14994   -14998   -15006   -15021   -15039   -15053 
  -15063   -15074   -15087   -15099   -15110   -15124   -15133   -15142 
  -15151   -15157   -15169   -15182   -15184   -15191   -15206   -15219 
  -15228   -15237   -15248   -15256   -15261   -15271   -15280   -15286 
  -15290   -15294   -15300   -15314   -15321   -15319   -15326   -15337 
  -15342   -15344   -15350   -15360   -15364   -15368   -15373   -15375 
  -15371   -15373   -15383   -15390   -15394   -15396   -15396   -15399 
  -15400   -15398   -15399   -15403   -15402   -15398   -15398   -15399 
  -15398   -15391   -15392   -15395   -15390   -15388   -15391   -15384 
  -15380   -15380   -15375   -15369   -15365   -15365   -15363   -15352 
  -15345   -15344   -15341   -15331   -15322   -15317   -15315   -15314 
  -15307   -15292   -15282   -15280   -15277   -15269   -15263   -15255 
  -15244   -15238   -15237   -15228   -15215   -15210   -15203   -15194 
  -15180   -15169   -15167   -15161   -15152   -15140   -15132   -15129 
  -15122   -15107   -15097   -15097   -15091   -15080   -15067   -15053 
  -15047   -15043   -15039   -15031   -15020   -15007   -15002   -14994 
  -14985   -14979   -14972   -14964   -14958   -14948   -14939   -14928 
  -14918   -14913   -14909   -14904   -14893   -14885   -14882   -14875 
  -14863   -14856   -14852   -14844   -14831   -14823   -14823   -14823 
  -14816   -14798   -14783   -14785   -14786   -14780   -14773   -14767 
  -14764   -14759   -14752   -14744   -14739   -14736   -14733   -14727 
  -14723   -14721   -14716   -14709   -14704   -14700   -14697   -14697 
  -14698   -14694   -14690   -14692   -14693   -14685   -14681   -14683 
  -14681   -14681   -14688   -14690   -14686   -14683   -14681   -14679 
  -14681   -14689   -14694   -14694   -14694   -14694   -14692   -14692 
  -14702   -14708   -14710   -14719   -14723   -14719   -14719   -14723 
  -14727   -14727   -14731   -14743   -14746   -14744   -14752   -14757 
  -14755   -14759   -14769   -14777   -14782   -14783   -14786   -14789 
  -14796   -14802   -14804   -14806   -14817   -14825   -14828   -14832 
  -14840   -14848   -14852   -14856   -14862   -14860   -14863   -14878 
  -14886   -14886   -14889   -14895   -14906   -14914   -14918   -14928 
  -14940   -14947   -14945   -14948   -14962   -14972   -14976   -14983 
  -14991   -14995   -15002   -15013   -15020   -15021   -15026   -15039 
  -15049   -15052   -15054   -15070   -15084   -15090   -15094   -15097 
  -15106   -15121   -15128   -15129   -15140   -15151   -15156   -15160 
  -15163   -15168   -15175   -15182   -15191   -15196   -15199   -15206 
  -15214   -15215   -15219   -15223   -15229   -15239   -15245   -15246 
  -15248   -15252   -15253   -15257   -15267   -15272   -15271   -15271 
  -15272   -15275   -15280   -15282   -15282   -15282   -15279   -15279 
  -15286   -15288   -15282   -15275   -15276   -15280   -15282   -15282 
  -15276   -15272   -15271   -15272   -15277   -15275   -15271   -15269 
  -15265   -15255   -15252   -15255   -15253   -15250   -15244   -15234 
  -15234   -15234   -15226   -15222   -15225   -15225   -15222   -15213 
  -15203   -15203   -15202   -15199   -15195   -15186   -15179   -15176 
  -15172   -15165   -15161   -15161   -15159   -15156   -15155   -15148 
  -15140   -15140   -15137   -15130   -15128   -15126   -15118   -15110 
  -15107   -15109   -15106   -15097   -15097   -15095   -15091   -15090 
  -15088   -15086   -15082   -15076   -15071   -15070   -15070   -15066 
  -15063   -15063   -15057   -15053   -15051   -15053   -15052   -15047 
  -15047   -15052   -15051   -15043   -15039   -15039   -15039   -15039 
  -15041   -15037   -15029   -15026   -15029   -15031   -15034   -15031 
  -15028   -15029   -15030   -15028   -15025   -15030   -15036   -15033 
  -15029   -15024   -15020   -15021   -15026   -15028   -15029   -15034 
  -15036   -15033   -15031   -15030   -15033   -15039   -15040   -15036 
  -15031   -15034   -15039   -15033   -15029   -15037   -15037   -15033 
  -15037   -15041   -15041   -15045   -15045   -15040   -15040   -15044 
  -15047   -15051   -15052   -15048   -15047   -15043   -15041   -15043 
  -15040   -15045   -15057   -15056   -15043   -15039   -15041   -15044 
  -15043   -15039   -15040   -15044   -15043   -15037   -15031   -15031 
  -15034   -15030   -15025   -15024   -15021   -15021   -15016   -15006 
  -15005   -15007   -15005   -14995   -14985   -14980   -14976   -14968 
  -14960   -14955   -14951   -14945   -14939   -14932   -14924   -14910 
  -14908   -14910   -14901   -14886   -14879   -14878   -14867   -14851 
  -14840   -14837   -14837   -14827   -14813   -14806   -14802   -14794 
  -14789   -14782   -14773   -14760   -14751   -14744   -14740   -14733 
  -14725   -14724   -14729   -14727   -14710   -14700   -14698   -14690 
  -14681   -14681   -14681   -14675   -14666   -14663   -14661   -14655 
  -14655   -14661   -14659   -14654   -14650   -14643   -14640   -14643 
  -14643   -14643   -14650   -14647   -14638   -14638   -14644   -14643 
  -14642   -14643   -14646   -14644   -14643   -14651   -14655   -14650 
  -14651   -14661   -14659   -14650   -14655   -14665   -14659   -14663 
  -14674   -14673   -14673   -14681   -14685   -14681   -14683   -14689 
