Origin Time       2016/04/16 01:25:00
Lat.              32.753
Long.             130.762
Depth. (km)       12
Mag.              7.3
Station Code      IBR009
Station Lat.      36.1848
Station Long.     139.7037
Station Height(m) 17
Record Time       2016/04/16 01:29:44
Sampling Freq(Hz) 100Hz
Duration Time(s)  86
Dir.              N-S
Scale Factor      7845(gal)/8223790
Max. Acc. (gal)   1.758
Last Correction   2016/04/16 01:29:46
Memo.             
     826      827      828      823      816      818      820      819 
     818      819      816      812      819      830      830      824 
     826      830      837      841      841      843      849      850 
     847      846      851      857      861      866      870      876 
     880      884      885      889      893      900      909      912 
     913      923      931      929      931      938      945      950 
     958      965      969      973      974      976      982      990 
     994      999     1008     1013     1017     1021     1019     1017 
    1020     1026     1038     1047     1048     1048     1051     1053 
    1058     1067     1075     1078     1078     1073     1075     1086 
    1092     1088     1085     1089     1094     1097     1100     1098 
    1096     1096     1097     1096     1100     1109     1115     1116 
    1116     1113     1111     1111     1115     1116     1112     1113 
    1113     1107     1109     1113     1113     1115     1120     1124 
    1124     1124     1117     1112     1107     1104     1109     1116 
    1120     1124     1129     1125     1120     1120     1119     1119 
    1121     1121     1125     1128     1127     1128     1133     1132 
    1124     1119     1123     1129     1133     1139     1146     1142 
    1132     1131     1132     1133     1139     1142     1136     1138 
    1143     1142     1138     1139     1142     1139     1133     1133 
    1142     1146     1147     1151     1147     1140     1140     1139 
    1136     1140     1144     1143     1142     1138     1129     1131 
    1133     1129     1129     1132     1133     1136     1136     1131 
    1125     1121     1119     1123     1127     1123     1115     1113 
    1117     1119     1115     1112     1109     1109     1115     1112 
    1105     1100     1097     1097     1104     1111     1111     1107 
    1097     1088     1085     1088     1092     1090     1081     1074 
    1075     1085     1088     1081     1075     1069     1065     1069 
    1075     1075     1073     1069     1063     1063     1062     1059 
    1060     1065     1065     1060     1053     1043     1039     1043 
    1046     1046     1039     1032     1028     1020     1011     1008 
    1004      999      994      990      987      982      974      963 
     957      955      955      949      936      920      911      909 
     909      907      900      884      868      858      850      842 
     837      830      822      812      803      792      781      770 
     762      753      741      731      722      712      704      691 
     670      656      649      648      641      635      627      611 
     595      581      568      556      550      540      530      523 
     508      490      477      464      448      432      421      418 
     415      407      395      378      357      344      340      336 
     332      325      315      307      289      270      257      249 
     241      237      237      238      238      228      210      194 
     180      174      171      168      167      174      178      171 
     152      129      112      110      120      129      129      122 
     112      109      110      108       98       85       79       83 
      97      112      117      110      101       89       78       79 
      91      106      112      110      109      106      101       97 
      97      103      114      124      129      135      136      137 
     136      140      148      157      168      178      184      194 
     203      206      209      212      218      230      248      259 
     268      276      283      292      295      295      302      315 
     330      351      368      379      388      398      399      403 
     413      427      445      463      481      496      504      511 
     519      522      525      535      553      579      604      621 
     623      619      621      631      643      656      664      673 
     691      707      718      730      743      746      750      758 
     764      772      787      799      807      816      824      834 
     841      845      853      862      870      882      892      900 
     908      913      918      924      935      945      954      963 
     970      976      981      990     1000     1008     1015     1020 
    1034     1048     1058     1065     1078     1092     1101     1107 
    1112     1116     1128     1146     1159     1170     1179     1185 
    1192     1204     1210     1210     1216     1232     1255     1277 
    1294     1300     1296     1289     1289     1300     1317     1336 
    1356     1372     1382     1385     1385     1386     1393     1399 
    1410     1424     1436     1445     1456     1467     1468     1464 
    1463     1464     1468     1479     1491     1498     1501     1502 
    1501     1497     1491     1490     1497     1507     1517     1522 
    1518     1513     1512     1503     1495     1501     1506     1503 
    1505     1502     1493     1485     1478     1470     1464     1464 
    1467     1466     1462     1452     1440     1426     1418     1414 
    1410     1401     1387     1377     1364     1352     1340     1331 
    1324     1317     1306     1287     1269     1256     1244     1229 
    1217     1206     1197     1185     1167     1147     1129     1115 
    1105     1094     1086     1077     1055     1030     1012     1000 
     987      973      958      949      936      920      907      892 
     874      858      838      827      820      808      795      785 
     777      766      753      741      730      722      712      702 
     692      683      679      673      662      654      649      648 
     650      648      639      633      625      619      621      618 
     612      614      615      611      611      612      610      604 
     602      602      603      606      614      618      618      619 
     621      622      621      619      627      642      648      657 
     670      672      665      658      657      665      681      693 
     702      711      711      704      706      711      714      719 
     734      749      756      754      746      743      757      772 
     778      792      807      812      810      804      807      812 
     820      837      850      857      859      862      868      868 
     866      874      886      901      916      920      918      915 
     916      923      932      943      954      962      965      966 
     967      970      974      982      986      989      997     1007 
    1011     1015     1019     1019     1023     1026     1023     1032 
    1047     1053     1055     1058     1059     1058     1059     1065 
    1073     1075     1077     1073     1070     1075     1088     1096 
    1096     1092     1080     1067     1067     1078     1093     1098 
    1094     1084     1070     1060     1060     1065     1073     1081 
    1081     1074     1058     1044     1039     1043     1047     1047 
    1042     1034     1026     1020     1013     1007     1000      993 
     986      986      989      987      981      969      951      928 
     911      908      909      905      905      903      893      874 
     854      834      824      830      832      823      812      800 
     789      781      770      758      750      743      731      715 
     707      697      687      680      676      664      648      633 
     622      614      603      595      588      576      566      560 
     549      540      532      523      517      510      499      490 
     480      473      467      459      454      448      442      442 
     442      436      427      417      405      398      392      391 
     396      398      396      396      392      387      383      380 
     379      386      390      391      394      394      392      392 
     388      388      396      403      409      417      421      422 
     425      436      448      460      469      476      486      495 
     506      522      540      558      572      579      588      603 
     621      642      670      702      715      720      737      762 
     784      805      830      850      872      896      919      943 
     967      997     1026     1048     1069     1093     1116     1139 
    1166     1196     1219     1237     1262     1286     1312     1341 
    1367     1389     1410     1429     1448     1475     1503     1528 
    1554     1575     1583     1594     1617     1640     1660     1686 
    1710     1728     1737     1742     1750     1764     1781     1802 
    1818     1833     1848     1852     1856     1871     1890     1899 
    1906     1907     1907     1912     1919     1925     1930     1934 
    1929     1930     1935     1937     1938     1934     1927     1922 
    1915     1908     1904     1900     1892     1877     1859     1850 
    1842     1833     1826     1815     1796     1779     1761     1741 
    1723     1707     1691     1672     1649     1625     1598     1574 
    1548     1524     1498     1471     1444     1418     1394     1367 
    1334     1305     1278     1250     1221     1194     1166     1127 
    1085     1050     1021      993      966      939      908      869 
     831      795      758      731      711      685      656      626 
     592      560      530      500      468      441      417      395 
     376      352      319      291      270      249      232      214 
     194      174      155      133      117      105       86       64 
      45       35       29       18        5       -1       -5      -14 
     -23      -27      -31      -36      -37      -36      -39      -45 
     -47      -47      -47      -47      -41      -37      -35      -28 
     -20       -9        0        9       18       27       39       49 
      58       67       79       90       99      112      129      148 
     162      172      189      210      229      243      259      279 
     297      317      337      357      379      400      418      437 
     456      479      502      523      544      561      581      610 
     637      662      687      706      726      747      767      785 
     807      834      857      877      903      923      942      962 
     984     1007     1026     1048     1073     1096     1120     1144 
    1167     1183     1200     1219     1239     1255     1271     1285 
    1298     1318     1339     1352     1368     1385     1395     1408 
    1420     1431     1443     1459     1471     1478     1483     1491 
    1501     1513     1522     1524     1532     1540     1541     1551 
    1563     1567     1571     1575     1576     1580     1593     1595 
    1588     1587     1590     1594     1599     1606     1611     1615 
    1613     1609     1606     1606     1609     1614     1617     1615 
    1617     1620     1618     1618     1621     1620     1620     1625 
    1632     1632     1630     1628     1624     1625     1632     1638 
    1640     1641     1651     1655     1652     1651     1651     1652 
    1660     1668     1668     1664     1658     1661     1674     1686 
    1692     1690     1682     1679     1682     1687     1692     1695 
    1694     1699     1701     1698     1701     1705     1703     1703 
    1705     1702     1698     1698     1699     1701     1703     1706 
    1709     1710     1705     1691     1686     1688     1694     1695 
    1696     1694     1690     1686     1680     1674     1672     1672 
    1671     1665     1660     1655     1652     1649     1647     1641 
    1636     1629     1622     1615     1611     1609     1605     1598 
    1587     1576     1571     1568     1566     1563     1557     1549 
    1537     1528     1521     1509     1498     1493     1489     1482 
    1470     1459     1449     1440     1433     1428     1417     1399 
    1389     1386     1381     1375     1370     1358     1345     1333 
    1323     1318     1316     1308     1297     1286     1274     1266 
    1256     1243     1237     1235     1227     1220     1210     1197 
    1185     1178     1170     1165     1162     1155     1146     1139 
    1132     1127     1123     1116     1107     1102     1101     1094 
    1088     1088     1086     1081     1077     1067     1059     1053 
    1053     1059     1059     1051     1039     1026     1015     1012 
    1016     1019     1013     1005     1000      993      986      980 
     980      982      974      962      958      950      940      936 
     936      936      934      926      913      901      892      882 
     877      873      864      854      849      842      832      824 
     812      797      788      783      774      765      754      741 
     731      718      702      695      691      681      672      665 
     653      639      630      621      610      603      592      577 
     565      558      553      542      531      525      513      500 
     495      490      483      479      476      469      463      454 
     449      444      438      434      432      430      432      433 
     430      425      425      425      427      432      434      438 
     444      450      457      464      469      472      477      486 
     492      503      511      517      531      556      571      581 
     595      608      623      643      658      672      695      718 
     739      762      780      796      815      838      857      877 
     905      936      962      989     1017     1044     1069     1092 
    1117     1147     1179     1212     1243     1271     1298     1327 
    1355     1382     1412     1445     1476     1509     1544     1579 
    1611     1637     1656     1680     1711     1745     1780     1818 
    1849     1869     1888     1911     1935     1965     1999     2030 
    2053     2079     2106     2130     2157     2178     2203     2228 
    2249     2265     2285     2305     2326     2344     2361     2376 
    2386     2397     2412     2431     2448     2458     2461     2466 
    2477     2484     2489     2496     2501     2502     2504     2508 
    2511     2511     2505     2498     2497     2497     2498     2493 
    2482     2471     2461     2447     2438     2430     2416     2401 
    2390     2381     2365     2342     2315     2293     2278     2265 
    2245     2222     2200     2176     2149     2124     2102     2079 
    2050     2025     1996     1961     1927     1895     1868     1842 
    1815     1786     1755     1721     1684     1649     1620     1588 
    1551     1512     1471     1429     1394     1364     1331     1291 
    1252     1209     1169     1136     1104     1065     1031      990 
     945      903      869      838      803      764      728      695 
     657      616      575      535      500      471      438      399 
     353      315      284      252      220      184      144      106 
      81       60       28      -16      -58      -95     -126     -152 
    -180     -209     -238     -271     -299     -329     -359     -390 
    -419     -446     -468     -493     -523     -549     -569     -594 
    -621     -641     -658     -677     -695     -714     -731     -747 
    -765     -784     -796     -807     -818     -831     -843     -849 
    -854     -866     -880     -889     -897     -900     -899     -905 
    -913     -913     -905     -903     -905     -907     -909     -911 
    -900     -888     -884     -881     -874     -869     -864     -854 
    -841     -828     -815     -804     -795     -780     -762     -747 
    -738     -722     -704     -697     -689     -669     -654     -639 
    -615     -594     -579     -561     -545     -529     -508     -487 
    -469     -451     -430     -406     -387     -372     -355     -334 
    -314     -294     -274     -255     -233     -212     -193     -172 
    -153     -139     -118      -94      -72      -54      -32      -10 
       9       29       47       64       83      102      124      151 
     176      194      212      237      257      278      307      332 
     348      368      387      409      434      456      475      496 
     517      537      558      581      602      616      634      654 
     673      693      715      737      753      765      780      796 
     812      831      849      864      877      889      903      922 
     936      953      966      974      982      992     1000     1009 
    1017     1026     1031     1036     1046     1050     1053     1060 
    1065     1067     1073     1075     1073     1073     1075     1077 
    1075     1073     1071     1067     1062     1062     1058     1053 
    1051     1044     1038     1036     1030     1021     1017     1012 
    1003      996      987      977      966      957      947      940 
     936      929      922      915      903      889      882      873 
     864      864      864      851      842      835      823      815 
     811      801      793      787      780      774      770      764 
     760      754      747      745      739      730      726      726 
     720      718      715      710      704      704      704      700 
     697      697      695      692      689      688      687      685 
     683      687      693      693      691      691      687      681 
     676      675      680      687      692      692      688      688 
     688      687      689      693      697      697      696      693 
     691      692      695      695      695      695      695      693 
     693      696      702      702      700      700      702      704 
     704      704      706      707      708      711      710      707 
     704      702      704      706      706      708      711      711 
     710      708      708      712      712      708      706      704 
     706      708      707      711      718      718      718      720 
     718      715      715      718      724      734      738      739 
     741      745      745      738      737      745      747      754 
     760      756      756      758      761      765      767      765 
     765      765      760      761      766      770      774      774 
     772      772      769      762      760      760      758      749 
     741      743      746      746      750      746      734      720 
     708      702      702      700      697      689      681      684 
     684      675      661      650      642      634      626      622 
     618      615      618      612      596      584      579      569 
     565      560      548      544      544      540      529      515 
     508      503      495      490      487      479      467      453 
     446      450      453      446      434      429      425      414 
     409      406      403      400      399      400      405      403 
     398      386      372      370      380      390      394      392 
     391      392      390      386      383      390      396      402 
     402      406      411      418      423      427      436      442 
     444      449      457      467      484      499      506      511 
     519      526      533      545      557      565      576      591 
     599      608      625      639      648      658      673      689 
     706      715      727      743      757      769      787      801 
     815      831      842      854      877      892      897      911 
     928      938      950      963      976      992     1009     1021 
    1034     1048     1057     1065     1078     1092     1109     1129 
    1150     1165     1170     1173     1181     1190     1202     1215 
    1227     1237     1244     1252     1264     1275     1279     1282 
    1287     1297     1306     1313     1318     1321     1323     1324 
    1329     1337     1341     1343     1345     1347     1350     1355 
    1356     1358     1362     1367     1366     1368     1377     1381 
    1381     1382     1382     1379     1382     1386     1387     1391 
    1393     1393     1397     1399     1397     1398     1404     1401 
    1398     1401     1405     1405     1405     1409     1405     1404 
    1405     1408     1412     1418     1418     1416     1420     1424 
    1424     1428     1431     1433     1435     1436     1436     1441 
    1444     1444     1448     1449     1451     1456     1464     1470 
    1474     1478     1480     1482     1482     1483     1489     1491 
    1494     1495     1498     1502     1506     1512     1520     1528 
    1528     1526     1528     1530     1530     1537     1545     1548 
    1551     1553     1553     1556     1559     1554     1557     1563 
    1560     1566     1576     1576     1575     1575     1572     1574 
    1578     1580     1583     1584     1580     1579     1583     1579 
    1571     1572     1579     1583     1584     1584     1580     1575 
    1571     1571     1576     1580     1570     1563     1570     1570 
    1567     1570     1564     1557     1559     1563     1559     1554 
    1556     1553     1548     1551     1549     1544     1543     1535 
    1533     1532     1522     1518     1522     1518     1513     1513 
    1509     1505     1501     1495     1489     1483     1478     1471 
    1472     1472     1463     1455     1449     1441     1437     1437 
    1437     1435     1426     1420     1418     1417     1412     1404 
    1394     1387     1385     1379     1374     1371     1364     1355 
    1347     1339     1332     1318     1306     1302     1297     1289 
    1281     1269     1258     1246     1233     1225     1220     1213 
    1204     1197     1190     1175     1166     1158     1143     1133 
    1131     1123     1112     1101     1089     1080     1070     1055 
    1043     1031     1023     1019     1009     1000      990      970 
     955      947      938      928      923      919      907      893 
     884      876      869      862      853      845      837      828 
     823      823      814      800      796      800      795      791 
     788      781      778      776      772      774      780      777 
     773      774      776      776      776      781      785      788 
     793      796      796      800      808      818      823      826 
     832      843      853      862      873      885      899      908 
     918      928      939      955      973      987      999     1007 
    1017     1034     1050     1065     1080     1093     1107     1121 
    1129     1140     1158     1174     1183     1201     1221     1233 
    1247     1266     1281     1296     1310     1318     1334     1354 
    1366     1382     1401     1413     1425     1439     1451     1466 
    1482     1495     1507     1517     1528     1544     1553     1563 
    1578     1590     1601     1609     1618     1629     1636     1642 
    1653     1663     1668     1669     1674     1684     1692     1699 
    1706     1710     1715     1721     1723     1725     1729     1736 
    1742     1749     1752     1757     1760     1760     1764     1765 
    1763     1764     1765     1760     1760     1768     1769     1765 
    1769     1771     1761     1757     1755     1749     1748     1749 
    1746     1746     1752     1753     1746     1738     1729     1718 
    1713     1717     1723     1725     1722     1710     1696     1691 
    1686     1676     1669     1668     1663     1658     1652     1641 
    1632     1625     1610     1597     1593     1590     1584     1578 
    1567     1559     1553     1540     1526     1517     1506     1497 
    1490     1482     1476     1468     1455     1447     1439     1428 
    1421     1410     1397     1391     1387     1374     1360     1355 
    1348     1337     1325     1313     1302     1287     1278     1270 
    1258     1247     1236     1224     1213     1201     1185     1171 
    1158     1154     1152     1142     1124     1105     1084     1065 
    1053     1047     1039     1024     1008      996      982      969 
     958      940      923      911      897      885      874      857 
     835      814      797      787      774      762      750      734 
     718      707      693      675      654      641      630      622 
     611      596      577      558      546      538      529      517 
     504      493      480      469      463      454      442      429 
     422      419      411      398      386      378      370      361 
     356      351      338      328      322      318      314      309 
     303      301      295      286      280      279      275      270 
     265      259      253      253      252      248      248      248 
     244      241      237      229      225      224      225      225 
     222      216      211      209      206      202      206      210 
     207      203      201      198      194      193      195      195 
     195      197      193      186      189      193      194      194 
     198      199      197      193      187      189      195      203 
     210      211      210      207      203      201      202      210 
     217      220      222      224      224      222      225      230 
     237      246      256      265      271      272      270      266 
     268      278      291      303      309      315      321      324 
     330      334      337      346      356      363      373      388 
     399      400      405      413      417      425      436      444 
     451      468      481      487      491      500      511      521 
     537      556      568      573      577      588      602      616 
     633      643      654      666      673      681      695      710 
     724      739      750      757      769      785      799      810 
     819      831      845      861      877      892      899      903 
     913      926      940      959      976      981      987      999 
    1008     1016     1030     1043     1057     1067     1071     1078 
    1092     1102     1102     1109     1123     1132     1138     1151 
    1163     1166     1166     1171     1178     1181     1185     1200 
    1208     1205     1208     1213     1213     1213     1223     1228 
    1224     1223     1225     1228     1232     1236     1235     1232 
    1232     1228     1223     1224     1225     1221     1223     1224 
    1219     1209     1205     1204     1200     1194     1193     1185 
    1177     1181     1182     1173     1161     1150     1142     1136 
    1138     1143     1142     1133     1121     1111     1105     1097 
    1093     1093     1090     1084     1081     1078     1067     1055 
    1048     1042     1036     1034     1035     1034     1026     1019 
    1008      993      984      989      996      993      986      981 
     972      959      953      954      953      947      947      951 
     950      942      928      915      908      913      922      922 
     916      907      895      888      884      882      885      888 
     886      881      870      858      854      859      864      866 
     859      850      845      841      838      835      830      824 
     823      822      816      812      811      801      792      797 
     803      795      785      781      780      780      783      784 
     780      773      766      760      758      762      762      758 
     758      756      747      743      745      747      756      761 
     756      746      743      746      753      761      761      757 
     756      757      758      758      758      760      764      769 
     766      762      764      764      764      765      766      769 
     773      770      766      772      777      773      766      760 
     757      760      761      766      765      758      754      749 
     747      750      749      745      739      733      728      722 
     715      715      714      706      696      692      689      681 
     670      662      653      642      634      626      619      614 
     606      595      589      579      565      546      537      535 
     529      518      504      488      477      468      459      453 
     442      422      400      386      382      378      365      349 
     332      314      301      289      280      271      257      246 
     236      217      199      187      176      172      170      156 
     137      121      112      106       99       95       83       71 
      62       55       49       44       32       22       18       14 
       8        0       -9      -17      -22      -23      -18      -17 
     -23      -31      -36      -40      -39      -37      -32      -27 
     -18      -22      -36      -40      -28      -16       -5        5 
       8       -4       -5        1       11       32       54       60 
      56       52       60       81      102      120      136      143 
     141      147      160      180      206      232      246      246 
     245      259      282      313      340      349      353      367 
     382      405      432      451      473      495      513      525 
     540      564      581      595      615      638      657      673 
     687      702      722      743      762      777      788      797 
     816      841      859      870      884      903      922      934 
     945      958      978      997     1007     1012     1019     1028 
    1046     1065     1078     1084     1089     1097     1107     1111 
    1113     1123     1140     1158     1167     1166     1159     1156 
    1165     1175     1182     1189     1196     1201     1201     1194 
    1193     1202     1210     1213     1213     1212     1212     1210 
    1209     1209     1208     1206     1213     1219     1213     1208 
    1201     1194     1193     1197     1200     1198     1192     1179 
    1166     1162     1159     1155     1158     1156     1144     1133 
    1129     1124     1117     1112     1107     1102     1096     1089 
    1084     1073     1063     1059     1053     1043     1039     1039 
    1026     1008     1004     1004      999      993      985      977 
     965      951      950      953      947      936      924      913 
     909      908      905      901      892      884      880      880 
     880      877      877      873      861      853      854      864 
     869      864      858      847      838      841      845      849 
     851      853      853      849      842      845      850      851 
     855      864      864      868      868      864      872      884 
     890      893      899      907      915      923      928      931 
     938      949      957      959      961      966      980     1000 
    1015     1015     1017     1026     1034     1046     1059     1071 
    1090     1107     1115     1119     1128     1142     1158     1173 
    1185     1197     1209     1223     1236     1248     1263     1285 
    1298     1312     1331     1344     1354     1374     1393     1401 
    1409     1425     1440     1455     1472     1487     1498     1509 
    1525     1541     1561     1576     1586     1599     1617     1626 
    1634     1649     1669     1690     1706     1711     1715     1726 
    1741     1759     1775     1788     1798     1803     1811     1818 
    1826     1838     1852     1864     1872     1883     1887     1885 
    1888     1895     1904     1910     1914     1915     1917     1922 
    1922     1921     1930     1939     1937     1934     1937     1933 
    1925     1919     1918     1917     1914     1908     1903     1903 
    1904     1899     1884     1872     1863     1854     1852     1850 
    1849     1845     1830     1814     1798     1781     1768     1767 
    1768     1764     1757     1742     1715     1694     1680     1669 
    1665     1664     1655     1640     1618     1595     1578     1568 
    1556     1541     1533     1525     1509     1493     1476     1459 
    1444     1433     1418     1405     1398     1381     1360     1347 
    1334     1323     1308     1294     1282     1271     1263     1252 
    1232     1208     1188     1177     1173     1170     1162     1151 
    1139     1120     1098     1084     1078     1073     1071     1069 
    1059     1044     1030     1013     1000      992      986      982 
     984      981      966      951      940      927      920      923 
     926      923      915      897      881      877      881      881 
     885      886      877      862      851      847      849      851 
     850      851      855      854      846      838      834      831 
     831      835      843      851      849      835      827      828 
     835      851      864      864      862      858      853      857 
     866      877      892      907      913      912      911      912 
     918      928      943      961      974      980      984      989 
     992     1003     1017     1032     1053     1070     1080     1085 
    1092     1101     1113     1128     1156     1185     1204     1210 
    1213     1217     1228     1246     1269     1297     1325     1339 
    1339     1340     1352     1371     1389     1410     1436     1457 
    1470     1474     1478     1490     1507     1528     1552     1572 
    1583     1586     1587     1593     1605     1624     1648     1671 
    1683     1687     1687     1690     1695     1706     1723     1740 
    1750     1755     1757     1757     1755     1755     1761     1772 
    1787     1796     1798     1795     1790     1784     1787     1794 
    1800     1804     1802     1792     1787     1786     1780     1776 
    1777     1776     1775     1776     1771     1757     1745     1736 
    1722     1717     1722     1722     1715     1706     1692     1674 
    1663     1657     1652     1649     1644     1634     1624     1610 
    1593     1578     1567     1563     1559     1544     1528     1521 
    1509     1493     1480     1476     1466     1452     1443     1429 
    1413     1401     1389     1378     1371     1363     1348     1331 
    1314     1300     1286     1274     1263     1252     1243     1229 
    1217     1206     1192     1179     1166     1151     1146     1139 
    1121     1107     1101     1093     1081     1067     1059     1051 
    1036     1021     1012     1005      994      978      959      947 
     946      940      927      918      915      903      885      874 
     868      855      850      849      838      827      819      811 
     797      787      783      784      778      761      738      727 
     730      726      714      702      692      683      672      658 
     652      650      639      622      610      607      604      594 
     573      564      562      557      550      537      523      514 
     500      483      477      473      464      450      436      423 
     415      406      394      380      364      352      344      334 
     324      310      295      282      268      255      245      241 
     233      218      205      191      174      157      148      144 
     139      128      116      101       85       76       64       49 
      43       31       20       17       13       -2      -18      -35 
     -54      -65      -71      -67      -64      -75      -95     -112 
    -125     -135     -135     -131     -136     -141     -147     -160 
    -171     -176     -180     -183     -184     -190     -195     -203 
    -209     -211     -218     -228     -229     -229     -229     -228 
    -229     -233     -240     -248     -253     -246     -233     -225 
    -228     -237     -251     -253     -245     -238     -225     -212 
    -211     -222     -233     -237     -232     -220     -205     -194 
    -190     -193     -203     -211     -209     -197     -176     -155 
    -148     -153     -162     -175     -180     -168     -143     -112 
     -97     -103     -112     -125     -136     -124      -95      -70 
     -56      -60      -78      -90      -83      -70      -55      -28 
      -8      -11      -25      -40      -52      -40       -5       18 
      29       37       27        5       -8        0       32       67 
      74       60       52       44       40       52       82      110 
     118      101       86       85       83       94      133      170 
     174      155      133      125      133      156      195      229 
     232      212      195      189      197      218      245      271 
     284      282      272      266      274      289      314      340 
     353      353      346      346      357      376      400      417 
     419      421      432      440      445      454      472      487 
     495      504      519      535      550      556      560      568 
     576      589      612      627      635      642      645      646 
     656      679      702      715      722      726      724      728 
     745      767      789      805      810      808      810      815 
     834      864      885      892      892      892      899      913 
     932      953      967      974      969      969      978      992 
    1016     1036     1042     1039     1038     1038     1048     1069 
    1085     1100     1111     1119     1121     1123     1127     1132 
    1147     1170     1182     1185     1185     1183     1189     1208 
    1224     1235     1239     1235     1235     1248     1269     1278 
    1282     1291     1296     1293     1289     1298     1318     1333 
    1337     1341     1343     1341     1341     1347     1358     1364 
    1372     1383     1389     1387     1387     1381     1378     1387 
    1395     1402     1412     1412     1402     1397     1393     1389 
    1390     1398     1410     1416     1412     1404     1389     1372 
    1371     1385     1394     1395     1391     1381     1363     1352 
    1355     1360     1362     1362     1352     1333     1318     1316 
    1317     1318     1316     1301     1289     1282     1271     1264 
    1267     1264     1251     1236     1225     1217     1208     1202 
    1204     1198     1183     1169     1155     1146     1136     1131 
    1127     1121     1112     1100     1089     1080     1070     1063 
    1059     1048     1038     1031     1021     1005      997     1000 
    1004      999      989      977      961      951      950      953 
     953      949      945      939      927      913      908      912 
     918      920      918      911      901      892      893      905 
     916      920      918      912      911      915      916      919 
     931      949      954      950      950      951      949      958 
     977      997     1013     1020     1016     1015     1021     1036 
    1055     1075     1090     1098     1107     1117     1128     1139 
    1154     1175     1201     1220     1230     1242     1254     1264 
    1285     1310     1328     1341     1360     1375     1390     1409 
    1428     1441     1459     1482     1503     1517     1532     1543 
    1553     1572     1595     1613     1632     1649     1658     1665 
    1677     1698     1713     1721     1733     1748     1761     1768 
    1773     1790     1803     1803     1804     1821     1833     1833 
    1837     1842     1849     1854     1852     1852     1856     1856 
    1852     1857     1861     1852     1845     1846     1846     1841 
    1833     1826     1822     1822     1815     1804     1798     1788 
    1779     1777     1769     1750     1737     1734     1725     1713 
    1703     1691     1676     1663     1651     1640     1624     1610 
    1603     1591     1571     1552     1537     1521     1503     1491 
    1482     1472     1456     1433     1410     1394     1378     1364 
    1356     1348     1333     1312     1285     1264     1255     1243 
    1225     1219     1209     1189     1170     1155     1138     1123 
    1112     1098     1084     1063     1046     1039     1032     1016 
     997      985      974      954      939      931      919      913 
     911      900      884      866      851      847      847      842 
     832      824      811      797      791      788      784      776 
     776      778      762      746      747      747      743      743 
     739      728      720      718      715      711      711      718 
     720      714      702      697      700      702      706      706 
     702      697      697      700      706      711      712      712 
     711      707      707      714      724      734      739      733 
     723      724      733      750      765      760      753      761 
     769      770      774      781      788      795      800      801 
     803      812      820      826      832      838      846      853 
     855      854      862      873      880      890      897      897 
     901      911      916      915      916      932      951      961 
     963      959      947      942      949      966      985     1000 
    1007      999      980      970      981     1000     1011     1019 
    1023     1015     1004     1011     1021     1021     1020     1024 
    1020     1021     1032     1038     1039     1043     1032     1012 
    1008     1021     1032     1035     1034     1026     1013      999 
     993      999     1009     1019     1019      996      967      954 
     955      970      985      987      972      940      916      909 
     907      903      918      931      918      892      877      853 
     824      830      855      862      845      826      811      791 
     776      776      783      776      764      757      743      728 
     728      726      712      702      697      692      681      672 
     669      658      646      645      652      648      630      618 
     614      606      599      600      603      602      591      579 
     575      572      565      571      579      573      564      557 
     556      550      544      544      549      549      549      556 
     553      542      533      535      542      549      550      553 
     557      557      561      564      557      553      568      579 
     579      584      588      592      599      603      598      596 
     608      629      645      652      642      633      639      652 
     662      681      699      707      714      715      711      710 
     723      743      766      788      804      807      799      795 
     804      820      842      861      870      877      881      884 
     890      900      919      940      949      953      959      963 
     970      984     1000     1016     1024     1024     1024     1032 
    1046     1062     1070     1074     1077     1084     1093     1104 
    1116     1123     1123     1127     1136     1143     1152     1163 
    1167     1166     1165     1167     1177     1189     1198     1202 
    1205     1204     1200     1202     1212     1221     1227     1233 
    1236     1230     1224     1223     1230     1239     1243     1242 
    1242     1243     1243     1240     1239     1237     1233     1235 
    1236     1237     1236     1230     1228     1224     1217     1219 
    1224     1224     1216     1209     1206     1197     1189     1192 
    1194     1189     1182     1178     1166     1154     1148     1150 
    1152     1148     1139     1128     1112     1102     1104     1105 
    1100     1089     1075     1059     1047     1044     1050     1050 
    1042     1028     1005      985      978      978      980      976 
     963      951      938      919      903      900      893      888 
     885      874      855      841      830      820      814      800 
     787      780      769      749      734      731      726      722 
     719      706      680      652      634      635      642      642 
     641      633      606      576      558      548      542      544 
     549      552      544      525      502      477      461      460 
     471      476      472      460      438      415      400      396 
     398      396      392      390      383      370      352      341 
     337      326      322      333      333      314      301      297 
     286      276      283      288      283      272      265      257 
     246      244      256      263      253      240      233      225 
     221      225      233      232      225      218      210      206 
     209      209      207      209      206      202      206      205 
     197      194      197      203      209      211      211      203 
     194      194      203      216      228      238      237      229 
     222      224      232      246      259      266      268      268 
     275      282      284      288      295      306      319      333 
     349      360      364      363      365      375      392      413 
     430      441      449      457      472      493      510      518 
     523      531      545      569      594      615      634      641 
     646      661      681      707      737      762      778      784 
     787      799      827      862      888      908      927      946 
     970      989      999     1015     1043     1073     1104     1132 
    1147     1161     1181     1198     1215     1244     1279     1308 
    1331     1350     1367     1385     1402     1425     1449     1472 
    1497     1522     1547     1566     1583     1602     1617     1630 
    1653     1680     1705     1729     1752     1767     1777     1788 
    1800     1817     1845     1876     1891     1900     1908     1912 
    1922     1941     1964     1985     2000     2007     2012     2016 
    2022     2033     2050     2066     2072     2072     2070     2073 
    2085     2102     2111     2110     2100     2093     2101     2118 
    2128     2128     2123     2116     2111     2110     2111     2115 
    2116     2111     2102     2096     2095     2096     2093     2084 
    2070     2057     2052     2053     2047     2037     2030     2020 
    2004     1993     1985     1973     1961     1949     1941     1930 
    1915     1895     1878     1868     1857     1850     1840     1819 
    1800     1781     1763     1752     1737     1711     1695     1687 
    1671     1653     1642     1626     1606     1588     1563     1535 
    1522     1512     1498     1487     1470     1448     1429     1405 
    1382     1363     1341     1321     1314     1312     1296     1270 
    1240     1212     1190     1178     1169     1156     1143     1128 
    1109     1090     1070     1046     1031     1019     1000      985 
     974      962      950      938      918      889      868      858 
     851      849      841      824      808      791      777      766 
     756      743      734      728      726      719      707      693 
     677      664      657      657      654      652      650      646 
     638      633      627      619      608      599      599      607 
     610      611      616      615      606      602      602      606 
     608      604      606      618      625      629      637      641 
     638      641      649      660      666      672      679      681 
     684      699      712      724      738      749      761      767 
     765      767      774      785      810      826      837      854 
     862      854      851      869      901      929      942      943 
     939      939      950      970      992     1012     1028     1043 
    1053     1057     1060     1071     1081     1100     1128     1146 
    1150     1151     1150     1156     1177     1197     1209     1220 
    1230     1237     1242     1254     1267     1277     1287     1296 
    1300     1300     1304     1313     1320     1332     1350     1356 
    1356     1356     1355     1352     1363     1381     1391     1398 
    1397     1390     1383     1383     1390     1393     1394     1401 
    1408     1413     1413     1405     1394     1387     1383     1385 
    1387     1389     1389     1386     1382     1377     1367     1356 
    1348     1343     1340     1341     1343     1339     1329     1320 
    1310     1297     1286     1279     1275     1269     1259     1250 
    1237     1220     1208     1202     1194     1185     1175     1162 
    1151     1138     1123     1109     1096     1084     1073     1062 
    1053     1042     1026     1011      993      977      962      951 
     939      924      916      905      892      884      869      846 
     828      814      801      793      784      770      756      739 
     722      707      695      681      673      669      657      639 
     631      621      606      592      576      564      560      548 
     540      540      530      518      503      487      475      464 
     456      450      450      449      445      436      419      405 
     394      386      382      383      382      378      373      367 
     352      340      333      329      326      328      326      324 
     318      310      302      298      288      279      278      283 
     286      287      288      282      270      263      259      256 
     259      265      263      263      261      251      240      238 
     241      243      244      244      238      234      229      224 
     222      221      218      214      212      216      216      211 
     210      209      205      202      198      198      199      199 
     197      194      194      195      190      184      180      175 
     176      182      178      176      178      174      171      172 
     170      164      164      167      171      174      174      172 
     172      172      168      164      163      170      175      174 
     172      172      171      166      164      170      174      175 
     174      174      178      180      178      178      176      176 
     178      178      186      195      199      199      198      198 
     198      201      207      218      221      221      224      228 
     225      230      245      256      256      257      263      268 
     271      276      283      287      289      295      303      315 
     325      333      341      348      352      357      365      370 
     380      395      406      414      423      433      440      448 
     464      483      495      503      510      511      519      532 
     545      561      577      585      594      606      616      625 
     638      653      662      675      691      702      710      715 
     726      739      754      772      795      816      826      826 
     831      838      851      872      893      912      927      934 
     938      946      962      976      987     1007     1020     1028 
    1042     1058     1063     1069     1080     1088     1100     1115 
    1127     1142     1158     1167     1173     1181     1189     1198 
    1209     1221     1236     1248     1260     1271     1281     1287 
    1297     1305     1312     1324     1340     1351     1360     1370 
    1377     1379     1389     1401     1408     1416     1424     1431 
    1441     1447     1452     1464     1478     1485     1491     1498 
    1501     1507     1517     1525     1530     1539     1545     1545 
    1549     1554     1559     1561     1567     1572     1578     1579 
    1578     1578     1579     1580     1580     1583     1593     1597 
    1593     1591     1593     1595     1593     1588     1588     1587 
    1584     1583     1583     1580     1578     1575     1570     1564 
    1560     1554     1548     1545     1544     1537     1530     1522 
    1512     1503     1499     1493     1485     1478     1475     1471 
    1460     1451     1445     1435     1425     1414     1399     1387 
    1382     1374     1360     1348     1337     1327     1312     1298 
    1287     1277     1259     1246     1237     1225     1212     1200 
    1185     1169     1152     1138     1120     1107     1097     1085 
    1071     1060     1046     1028     1012      994      984      976 
     961      946      934      920      905      892      877      864 
     854      842      824      814      804      793      781      772 
     760      750      741      734      722      711      702      699 
     693      683      676      672      664      654      650      645 
     638      638      639      633      625      619      614      615 
     615      611      612      611      607      606      603      604 
     608      608      610      615      612      610      616      622 
     622      626      634      638      642      645      643      646 
     654      658      664      676      681      684      687      687 
     695      708      714      719      727      731      734      739 
     749      756      760      765      766      770      780      785 
     795      803      804      812      822      826      830      835 
     841      847      851      851      855      864      864      869 
     881      890      893      895      897      895      888      888 
     896      903      911      918      920      920      919      915 
     912      912      916      926      934      935      931      926 
     920      920      922      924      931      932      932      931 
     928      922      913      909      912      916      915      918 
     920      915      909      905      899      895      895      892 
     890      895      897      889      881      881      877      870 
     873      877      876      872      869      864      861      859 
     857      855      853      849      847      846      843      842 
     838      837      837      838      835      832      832      831 
     832      837      834      830      830      827      824      828 
     834      835      835      835      834      832      832      837 
     841      842      846      850      851      853      857      858 
     855      857      866      872      869      872      877      874 
     874      881      886      893      900      903      909      916 
     918      919      928      935      938      947      954      959 
     967      974      978      987      994     1000     1013     1026 
    1035     1044     1053     1062     1069     1077     1089     1102 
    1113     1121     1132     1144     1154     1158     1169     1183 
    1198     1210     1221     1235     1248     1260     1271     1281 
    1291     1302     1314     1329     1347     1360     1371     1381 
    1391     1405     1422     1436     1445     1455     1466     1476 
    1489     1501     1509     1524     1532     1539     1549     1560 
    1570     1578     1582     1588     1601     1609     1613     1621 
    1628     1630     1636     1644     1647     1651     1660     1669 
    1672     1672     1672     1677     1684     1684     1682     1684 
    1687     1687     1684     1684     1684     1682     1677     1674 
    1672     1672     1672     1672     1668     1658     1652     1648 
    1648     1645     1638     1630     1628     1622     1615     1610 
    1603     1598     1593     1583     1576     1572     1563     1552 
    1541     1530     1522     1516     1514     1509     1497     1486 
    1476     1466     1455     1445     1435     1428     1425     1417 
    1405     1395     1385     1374     1367     1360     1350     1344 
    1341     1333     1325     1314     1300     1290     1282     1278 
    1278     1274     1267     1260     1248     1235     1227     1223 
    1219     1210     1208     1201     1189     1178     1170     1159 
    1150     1147     1146     1140     1131     1123     1115     1109 
    1104     1102     1097     1090     1088     1081     1075     1073 
    1070     1063     1062     1062     1058     1050     1043     1039 
    1034     1028     1026     1026     1024     1016     1005      994 
     990      990      984      977      978      977      967      959 
     954      947      942      943      943      938      932      928 
     920      912      913      912      903      892      886      882 
     877      877      881      877      864      853      842      834 
     832      831      828      824      818      811      803      792 
     785      785      784      778      772      758      747      743 
     739      735      737      728      718      714      708      700 
     696      685      675      672      665      656      653      646 
     633      625      615      606      600      595      587      576 
     565      558      553      545      540      532      525      517 
     506      493      483      479      472      463      454      444 
     436      429      415      403      398      388      375      368 
     364      348      332      321      313      301      289      282 
     274      261      249      240      230      218      203      195 
     187      174      163      155      143      133      124      112 
     105       95       85       72       64       58       49       41 
      37       29       18       11        5       -1       -5       -9 
     -14      -23      -32      -35      -40      -45      -44      -47 
     -56      -60      -60      -62      -63      -71      -74      -76 
     -82      -76      -71      -76      -75      -68      -72      -75 
     -68      -64      -65      -59      -49      -49      -47      -37 
     -32      -32      -21       -8       -1        4       14       25 
      35       47       55       60       72       87       97      105 
     118      136      144      156      176      193      203      220 
     238      255      271      288      303      321      338      360 
     380      399      421      440      454      476      498      519 
     544      568      588      608      627      648      666      681 
     702      724      745      766      792      814      827      847 
     872      892      911      931      953      976     1000     1021 
    1038     1055     1071     1086     1107     1132     1151     1169 
    1185     1197     1208     1224     1243     1260     1277     1290 
    1304     1318     1329     1340     1355     1368     1378     1387 
    1398     1404     1414     1429     1437     1444     1453     1459 
    1462     1471     1480     1486     1491     1499     1499     1497 
    1502     1505     1505     1509     1514     1517     1514     1512 
    1509     1502     1498     1502     1502     1497     1491     1489 
    1480     1474     1471     1471     1466     1459     1455     1445 
    1435     1428     1422     1418     1412     1402     1394     1385 
    1377     1371     1362     1348     1339     1332     1324     1318 
    1310     1296     1282     1274     1262     1251     1247     1239 
    1224     1213     1206     1198     1190     1182     1175     1167 
    1158     1150     1142     1131     1121     1113     1109     1104 
    1094     1084     1077     1074     1070     1062     1059     1053 
    1044     1038     1036     1032     1030     1026     1015     1004 
    1000      994      990      989      985      981      977      970 
     966      967      962      957      959      958      955      957 
     955      951      951      950      947      947      951      953 
     949      945      940      935      932      931      929      929 
     928      926      919      916      920      916      909      909 
     909      911      909      905      905      903      897      896 
     901      905      907      903      896      890      890      889 
     890      892      888      877      876      874      868      864 
     866      861      855      857      853      847      845      842 
     841      842      841      838      838      838      834      831 
     832      834      834      835      834      828      826      826 
     824      828      831      826      820      819      812      812 
     816      814      812      815      811      808      812      814 
     812      814      816      818      818      819      823      827 
     830      830      828      832      837      838      843      846 
     843      845      851      851      851      858      866      868 
     870      872      868      868      874      882      888      893 
     896      897      900      903      907      913      919      924 
     931      935      939      947      954      958      959      965 
     970      972      974      980      987      999     1007     1012 
    1016     1017     1019     1023     1030     1039     1047     1050 
    1058     1063     1067     1074     1081     1089     1098     1102 
    1100     1102     1111     1117     1123     1132     1139     1144 
    1147     1151     1156     1163     1170     1177     1182     1183 
    1185     1193     1201     1206     1210     1216     1223     1229 
    1229     1228     1232     1237     1239     1243     1250     1255 
    1259     1266     1267     1267     1270     1273     1275     1282 
    1287     1290     1296     1298     1298     1300     1300     1301 
    1306     1308     1306     1308     1308     1306     1312     1316 
    1314     1313     1312     1306     1306     1312     1314     1317 
    1321     1317     1308     1305     1308     1316     1323     1327 
    1325     1321     1316     1312     1312     1314     1317     1323 
    1327     1321     1314     1310     1306     1306     1310     1313 
    1313     1310     1308     1302     1297     1296     1297     1297 
    1297     1297     1300     1293     1286     1286     1289     1290 
    1294     1298     1296     1290     1291     1294     1291     1290 
    1289     1286     1286     1285     1281     1279     1278     1277 
    1279     1279     1277     1278     1282     1282     1281     1281 
    1279     1278     1278     1279     1282     1286     1287     1289 
    1287     1289     1290     1291     1294     1297     1296     1297 
    1305     1305     1305     1306     1304     1301     1305     1310 
    1310     1306     1308     1308     1305     1306     1310     1312 
    1317     1320     1318     1320     1325     1324     1321     1321 
    1323     1321     1324     1327     1325     1323     1323     1323 
    1318     1316     1320     1318     1316     1314     1310     1308 
    1308     1305     1301     1302     1297     1293     1290     1286 
    1282     1277     1269     1260     1260     1260     1254     1250 
    1244     1232     1221     1216     1210     1205     1201     1192 
    1175     1162     1151     1142     1133     1124     1115     1101 
    1085     1067     1053     1043     1035     1021     1005      989 
     972      957      945      932      920      905      882      858 
     838      822      805      793      780      764      741      715 
     692      676      660      642      626      611      591      565 
     542      523      506      488      473      460      437      414 
     398      383      364      348      330      309      289      276 
     253      233      225      211      187      172      160      137 
     121      112      101       85       75       63       45       35 
      25       11        4       -5      -21      -28      -35      -45 
     -54      -60      -67      -74      -82      -90      -94      -94 
     -98     -108     -112     -118     -125     -128     -125     -125 
    -124     -125     -133     -139     -139     -139     -137     -135 
    -131     -129     -128     -125     -122     -121     -118     -116 
    -112     -108     -102      -99      -95      -89      -85      -82 
     -75      -68      -64      -58      -47      -40      -35      -32 
     -28      -20      -11       -4        8       17       20       25 
      35       39       44       59       72       81       93      102 
     105      116      129      136      143      160      171      176 
     184      193      202      217      228      236      249      263 
     270      278      294      306      318      333      342      353 
     367      373      387      410      423      429      444      461 
     471      481      500      518      535      550      562      577 
     595      612      627      646      664      679      696      715 
     728      743      765      784      801      823      841      855 
     876      897      913      931      950      969      990     1013 
    1036     1055     1073     1096     1120     1140     1158     1178 
    1198     1219     1239     1259     1282     1304     1317     1336 
    1362     1385     1399     1414     1437     1462     1479     1498 
    1517     1534     1551     1567     1584     1603     1621     1638 
    1657     1676     1692     1703     1715     1728     1741     1760 
    1775     1783     1795     1810     1821     1831     1846     1857 
    1863     1869     1877     1885     1895     1902     1907     1914 
    1918     1921     1929     1933     1930     1933     1938     1945 
    1952     1952     1945     1942     1944     1942     1941     1944 
    1942     1938     1933     1927     1922     1917     1910     1904 
    1902     1898     1888     1880     1872     1858     1848     1842 
    1833     1825     1818     1806     1791     1784     1773     1757 
    1750     1740     1721     1713     1707     1690     1679     1669 
    1653     1640     1630     1613     1601     1593     1579     1568 
    1554     1535     1517     1503     1489     1475     1463     1449 
    1437     1422     1405     1390     1377     1364     1354     1341 
    1328     1314     1302     1285     1271     1260     1248     1236 
    1229     1219     1201     1193     1188     1173     1158     1148 
    1138     1128     1121     1107     1098     1092     1080     1067 
    1062     1055     1047     1039     1031     1026     1024     1019 
    1008     1000      996      986      981      981      974      969 
     967      962      957      953      947      939      940      945 
     940      938      935      928      927      929      926      922 
     923      920      919      923      924      924      924      924 
     923      923      927      929      934      936      936      932 
     928      931      932      935      940      945      943      939 
     936      942      946      947      953      954      947      949 
     950      950      957      961      959      962      961      955 
     958      961      958      965      970      969      966      965 
     966      969      972      969      962      958      958      957 
     958      965      967      963      958      954      955      959 
     958      957      955      950      946      945      943      940 
     938      934      932      935      936      936      934      932 
     931      927      924      924      926      924      919      913 
     913      912      911      915      913      909      909      903 
     897      903      909      908      905      907      903      901 
     903      907      909      909      901      896      896      893 
     899      907      903      901      909      907      896      895 
     897      896      896      899      899      901      905      903 
     903      903      901      901      905      909      909      911 
     913      918      920      918      909      905      908      907 
     903      908      908      911      918      919      918      913 
     903      890      893      905      911      915      919      915 
     907      901      896      892      896      900      901      901 
     901      903      903      901      908      907      897      893 
     889      885      889      897      895      885      884      881 
     870      869      874      877      882      888      882      872 
     866      859      859      870      876      877      877      869 
     862      868      869      864      866      868      862      864 
     868      859      855      858      857      857      861      864 
     861      857      854      846      842      845      845      847 
     851      853      854      853      850      849      846      845 
     849      851      853      855      857      851      847      849 
     845      842      847      851      850      846      841      837 
     832      828      828      832      832      826      823      820 
     816      818      819      811      801      796      791      788 
     792      792      789      791      788      780      774      773 
     769      765      766      765      760      760      756      746 
     741      738      734      728      726      722      718      711 
     706      704      699      689      683      679      670      662 
     660      657      654      652      643      635      633      625 
     615      616      616      611      610      606      600      595 
     583      573      575      569      558      558      557      545 
     540      537      525      515      513      502      493      495 
     493      488      488      480      463      454      451      445 
     444      441      432      427      429      422      414      407 
     396      383      380      375      370      369      360      351 
     348      340      328      322      319      314      310      301 
     292      289      286      280      274      268      263      255 
     248      241      237      233      225      221      217      210 
     201      194      191      187      183      178      174      168 
     164      159      152      147      140      136      129      126 
     125      121      117      112      109      109      108      105 
      99       98       97       91       90       94       91       87 
      89       89       83       79       81       82       86       90 
      86       85       89       90       90       95       99       98 
      99      106      112      116      121      126      131      140 
     147      152      162      170      175      186      195      202 
     214      225      232      244      255      259      275      291 
     301      317      336      346      359      376      391      400 
     418      441      454      464      481      496      511      526 
     540      558      581      599      616      634      650      669 
     691      707      726      750      769      784      801      820 
     837      857      877      895      912      934      954      972 
     989     1007     1024     1042     1060     1075     1092     1111 
    1129     1144     1161     1178     1196     1209     1224     1243 
    1260     1274     1289     1308     1323     1333     1348     1362 
    1374     1389     1402     1413     1424     1437     1448     1460 
    1475     1485     1493     1503     1513     1521     1528     1535 
    1547     1559     1563     1568     1580     1588     1593     1599 
    1602     1599     1605     1614     1618     1626     1632     1629 
    1634     1642     1638     1637     1647     1648     1642     1647 
    1651     1648     1648     1652     1655     1653     1651     1645 
    1645     1647     1641     1636     1636     1632     1630     1629 
    1624     1617     1618     1615     1609     1606     1603     1595 
    1591     1593     1586     1579     1576     1570     1567     1567 
    1554     1545     1547     1540     1532     1532     1528     1520 
    1516     1512     1505     1497     1491     1489     1485     1479 
    1474     1471     1467     1460     1451     1447     1447     1440 
    1433     1431     1424     1418     1414     1405     1401     1399 
    1389     1385     1389     1382     1372     1368     1362     1354 
    1351     1350     1345     1343     1340     1332     1325     1321 
    1316     1312     1310     1306     1304     1304     1297     1289 
    1281     1275     1273     1271     1266     1258     1255     1254 
    1246     1243     1246     1237     1235     1239     1230     1223 
    1227     1228     1223     1219     1215     1210     1212     1210 
    1204     1204     1204     1202     1201     1198     1194     1193 
    1192     1185     1183     1185     1185     1185     1185     1185 
    1183     1179     1178     1177     1179     1183     1185     1185 
    1185     1185     1189     1192     1192     1194     1196     1196 
    1197     1201     1202     1204     1204     1204     1205     1208 
    1205     1202     1205     1210     1213     1215     1216     1217 
    1220     1220     1223     1229     1235     1235     1236     1243 
    1243     1240     1247     1252     1250     1251     1254     1252 
    1256     1260     1260     1264     1267     1264     1263     1267 
    1270     1270     1274     1277     1275     1282     1285     1281 
    1282     1291     1291     1293     1300     1302     1302     1306 
    1308     1308     1310     1312     1310     1313     1317     1320 
    1320     1323     1324     1324     1325     1327     1332     1334 
    1333     1339     1344     1339     1339     1347     1348     1348 
    1352     1354     1359     1367     1366     1362     1368     1374 
    1372     1371     1375     1375     1379     1387     1383     1382 
    1389     1386     1382     1386     1389     1389     1391     1397 
    1398     1398     1395     1395     1401     1404     1399     1398 
    1399     1395     1393     1397     1395     1391     1398     1398 
    1391     1389     1385     1378     1378     1377     1372     1372 
    1372     1367     1364     1363     1352     1345     1344     1337 
    1333     1333     1327     1318     1312     1301     1290     1282 
    1277     1269     1266     1262     1250     1243     1233     1216 
    1204     1201     1194     1185     1178     1163     1150     1139 
    1128     1117     1109     1100     1088     1080     1067     1050 
    1039     1028     1015     1008     1000      985      972      959 
     943      927      915      903      890      877      864      850 
     838      823      807      796      787      769      753      743 
     728      710      696      683      669      661      649      635 
     627      611      592      579      568      549      540      535 
     525      513      502      487      467      448      434      419 
     410      403      390      378      363      344      330      319 
     305      288      276      263      253      243      232      218 
     209      198      186      178      168      156      151      147 
     129      121      116      101       91       89       78       68 
      67       55       40       36       27       11        5        1 
      -8      -14      -22      -32      -36      -43      -54      -52 
     -51      -59      -63      -62      -67      -72      -74      -76 
     -79      -74      -75      -82      -78      -78      -85      -85 
     -83      -89      -87      -82      -81      -79      -78      -79 
     -79      -74      -70      -71      -72      -70      -64      -59 
     -56      -55      -51      -47      -44      -37      -29      -23 
     -17       -5       -1        0        9       17       18       23 
      32       40       49       56       63       76       85       89 
      97      103      109      121      133      140      148      155 
     157      166      182      193      198      211      220      222 
     233      245      253      265      278      289      303      314 
     318      328      338      344      357      370      380      392 
     406      414      425      440      448      457      471      480 
     487      498      508      523      540      549      553      571 
     584      589      600      618      629      639      652      661 
     675      688      696      704      715      724      735      749 
     758      767      783      793      800      810      819      827 
     838      847      855      870      881      885      895      908 
     918      924      934      945      953      961      972      981 
     990     1000     1005     1015     1023     1026     1032     1042 
    1047     1055     1065     1063     1069     1078     1081     1085 
    1093     1094     1097     1107     1112     1115     1123     1127 
    1129     1133     1138     1142     1147     1150     1148     1151 
    1155     1158     1162     1161     1156     1158     1156     1156 
    1159     1158     1152     1151     1151     1151     1150     1148 
    1148     1146     1143     1144     1143     1140     1139     1138 
    1138     1138     1132     1131     1132     1128     1123     1124 
    1125     1119     1115     1112     1104     1097     1092     1088 
    1088     1088     1080     1071     1070     1065     1058     1060 
    1062     1059     1055     1053     1051     1051     1053     1050 
    1044     1039     1038     1039     1044     1038     1032     1035 
    1036     1036     1035     1034     1036     1039     1038     1039 
    1042     1039     1042     1046     1051     1057     1058     1059 
    1062     1065     1070     1074     1077     1074     1075     1088 
    1094     1094     1104     1116     1119     1120     1128     1138 
    1144     1155     1166     1170     1178     1193     1200     1206 
    1219     1227     1236     1244     1251     1262     1274     1279 
    1287     1301     1308     1317     1328     1337     1345     1355 
    1366     1375     1387     1401     1410     1421     1431     1441 
    1455     1468     1476     1486     1501     1509     1520     1534 
    1548     1557     1568     1575     1582     1591     1602     1614 
    1626     1634     1644     1656     1664     1667     1672     1682 
    1691     1699     1707     1717     1726     1734     1738     1742 
    1752     1761     1764     1767     1772     1779     1784     1787 
    1791     1796     1796     1798     1803     1807     1809     1807 
    1811     1818     1821     1823     1823     1822     1825     1826 
