Origin Time       2016/04/16 01:25:00
Lat.              32.753
Long.             130.762
Depth. (km)       12
Mag.              7.3
Station Code      ISK002
Station Lat.      37.4443
Station Long.     137.2877
Station Height(m) 4
Record Time       2016/04/16 01:29:18
Sampling Freq(Hz) 100Hz
Duration Time(s)  76
Dir.              N-S
Scale Factor      7845(gal)/8223790
Max. Acc. (gal)   2.021
Last Correction   2016/04/16 01:29:20
Memo.             
    7168     7163     7160     7163     7164     7163     7160     7160 
    7164     7167     7168     7171     7172     7177     7184     7188 
    7190     7198     7209     7211     7214     7222     7231     7241 
    7250     7258     7268     7277     7288     7304     7315     7323 
    7335     7350     7366     7380     7395     7411     7430     7446 
    7457     7476     7500     7520     7537     7553     7573     7591 
    7608     7628     7649     7668     7688     7705     7722     7739 
    7755     7771     7786     7798     7812     7827     7843     7855 
    7865     7881     7893     7900     7909     7921     7929     7938 
    7947     7954     7962     7969     7977     7982     7986     7993 
    8001     8004     8005     8012     8017     8017     8020     8024 
    8025     8028     8032     8035     8037     8037     8039     8044 
    8046     8047     8051     8054     8055     8056     8063     8067 
    8070     8071     8075     8083     8093     8097     8098     8104 
    8116     8124     8129     8136     8144     8156     8166     8175 
    8186     8195     8208     8220     8228     8240     8255     8263 
    8272     8286     8298     8309     8322     8337     8348     8359 
    8368     8378     8390     8401     8411     8421     8428     8437 
    8446     8454     8460     8464     8471     8474     8479     8483 
    8487     8486     8486     8487     8490     8487     8483     8480 
    8480     8477     8469     8460     8454     8447     8437     8428 
    8418     8410     8401     8388     8376     8368     8356     8344 
    8329     8307     8295     8284     8270     8252     8236     8218 
    8203     8187     8168     8152     8136     8116     8097     8078 
    8056     8037     8021     8000     7974     7952     7931     7911 
    7886     7865     7846     7823     7799     7776     7753     7732 
    7711     7690     7670     7650     7630     7612     7593     7574 
    7555     7542     7526     7510     7497     7482     7469     7457 
    7444     7433     7422     7414     7406     7399     7392     7387 
    7381     7377     7373     7369     7368     7365     7364     7366 
    7369     7372     7372     7371     7376     7381     7387     7391 
    7396     7402     7408     7416     7427     7435     7442     7449 
    7458     7469     7481     7492     7503     7512     7523     7533 
    7542     7557     7572     7578     7591     7604     7614     7626 
    7639     7650     7659     7673     7685     7695     7704     7716 
    7726     7735     7747     7756     7769     7781     7789     7801 
    7812     7823     7835     7846     7855     7865     7873     7882 
    7893     7901     7911     7921     7927     7933     7942     7951 
    7960     7963     7967     7974     7979     7979     7981     7983 
    7986     7987     7986     7982     7978     7977     7973     7966 
    7958     7948     7943     7933     7920     7906     7894     7881 
    7865     7851     7832     7813     7798     7778     7756     7736 
    7715     7695     7672     7646     7626     7605     7578     7555 
    7534     7510     7489     7466     7442     7419     7399     7383 
    7361     7338     7319     7302     7288     7271     7253     7240 
    7229     7217     7203     7190     7182     7173     7165     7159 
    7152     7145     7141     7136     7127     7125     7123     7121 
    7119     7115     7111     7113     7113     7109     7109     7111 
    7111     7110     7111     7114     7118     7121     7126     7126 
    7126     7129     7134     7138     7142     7146     7155     7163 
    7163     7160     7179     7195     7190     7190     7206     7214 
    7217     7223     7238     7250     7254     7261     7275     7287 
    7296     7304     7315     7330     7344     7353     7364     7383 
    7402     7411     7423     7441     7460     7476     7488     7506 
    7533     7548     7562     7586     7609     7627     7649     7674 
    7699     7722     7746     7769     7793     7824     7851     7879 
    7909     7938     7967     8001     8031     8059     8094     8129 
    8160     8194     8228     8263     8299     8330     8360     8394 
    8428     8464     8494     8525     8557     8590     8621     8650 
    8679     8708     8741     8766     8791     8816     8841     8862 
    8887     8908     8924     8942     8962     8976     8989     9003 
    9016     9030     9036     9038     9046     9050     9051     9051 
    9050     9047     9045     9038     9032     9026     9018     9005 
    8991     8977     8964     8949     8932     8912     8888     8869 
    8851     8833     8808     8783     8757     8734     8708     8681 
    8660     8634     8604     8579     8559     8532     8503     8477 
    8456     8430     8401     8382     8359     8334     8311     8290 
    8268     8248     8228     8208     8189     8172     8155     8136 
    8121     8109     8094     8082     8071     8059     8048     8040 
    8032     8021     8012     8007     8002     7993     7989     7986 
    7985     7983     7979     7974     7978     7981     7977     7973 
    7974     7979     7981     7979     7978     7979     7982     7982 
    7978     7977     7979     7981     7977     7973     7971     7974 
    7973     7967     7962     7960     7960     7956     7950     7944 
    7938     7933     7933     7929     7920     7917     7915     7906 
    7898     7896     7896     7889     7881     7875     7871     7869 
    7865     7862     7858     7852     7848     7847     7840     7834 
    7832     7831     7825     7817     7813     7809     7804     7797 
    7789     7785     7781     7778     7769     7758     7751     7749 
    7742     7731     7720     7712     7705     7695     7682     7673 
    7665     7657     7645     7634     7626     7618     7609     7597 
    7581     7574     7568     7558     7547     7541     7535     7527 
    7519     7510     7500     7495     7492     7482     7474     7470 
    7466     7465     7461     7456     7452     7453     7454     7452 
    7447     7449     7452     7452     7449     7449     7454     7458 
    7460     7458     7461     7466     7468     7466     7470     7476 
    7480     7481     7482     7484     7488     7493     7496     7497 
    7504     7510     7515     7519     7522     7530     7541     7546 
    7553     7564     7576     7589     7600     7611     7626     7641 
    7657     7673     7689     7711     7731     7753     7776     7796 
    7816     7843     7871     7893     7916     7946     7977     8002 
    8027     8056     8087     8116     8143     8168     8198     8229 
    8256     8281     8310     8337     8364     8390     8413     8436 
    8461     8486     8507     8526     8550     8571     8587     8604 
    8621     8638     8654     8664     8673     8685     8695     8704 
    8710     8711     8715     8721     8723     8723     8721     8719 
    8716     8711     8706     8698     8692     8685     8677     8667 
    8657     8649     8635     8623     8612     8599     8588     8575 
    8559     8542     8530     8517     8506     8490     8472     8459 
    8444     8426     8413     8398     8385     8370     8351     8337 
    8326     8311     8294     8280     8267     8251     8237     8222 
    8205     8191     8177     8160     8144     8131     8116     8100 
    8089     8078     8058     8040     8031     8019     8004     7989 
    7977     7966     7952     7940     7929     7917     7906     7894 
    7882     7873     7862     7851     7842     7832     7821     7809 
    7801     7793     7781     7767     7756     7749     7736     7723 
    7709     7696     7682     7669     7654     7638     7627     7614 
    7596     7578     7562     7547     7528     7507     7489     7469 
    7453     7438     7416     7393     7376     7356     7333     7312 
    7292     7272     7249     7225     7203     7184     7167     7146 
    7121     7101     7084     7065     7047     7029     7011     6997 
    6984     6971     6955     6940     6928     6918     6905     6895 
    6890     6883     6876     6871     6863     6858     6860     6859 
    6853     6852     6858     6862     6863     6866     6872     6880 
    6890     6898     6906     6917     6932     6944     6956     6971 
    6987     7007     7029     7044     7063     7086     7106     7129 
    7150     7169     7192     7221     7244     7264     7290     7315 
    7339     7362     7385     7410     7437     7462     7482     7506 
    7534     7560     7580     7600     7623     7651     7677     7697 
    7717     7744     7770     7789     7811     7836     7859     7882 
    7905     7925     7944     7966     7989     8009     8028     8050 
    8070     8089     8108     8127     8144     8162     8179     8195 
    8212     8228     8241     8255     8268     8280     8294     8305 
    8314     8324     8334     8341     8347     8352     8357     8360 
    8367     8371     8368     8368     8370     8370     8370     8365 
    8363     8363     8357     8349     8345     8343     8337     8332 
    8322     8313     8306     8299     8291     8280     8271     8264 
    8257     8245     8233     8221     8210     8203     8197     8186 
    8177     8170     8162     8154     8144     8137     8135     8125 
    8116     8110     8109     8105     8100     8094     8090     8087 
    8086     8082     8078     8078     8082     8081     8075     8073 
    8075     8075     8075     8073     8073     8077     8078     8077 
    8075     8077     8078     8078     8077     8073     8073     8075 
    8077     8075     8073     8070     8070     8070     8066     8063 
    8062     8060     8059     8056     8054     8052     8050     8044 
    8040     8037     8035     8031     8025     8023     8020     8016 
    8010     8007     8005     8000     7994     7987     7982     7978 
    7973     7964     7959     7955     7950     7944     7939     7935 
    7925     7917     7913     7909     7901     7893     7888     7885 
    7879     7871     7863     7858     7855     7850     7842     7834 
    7827     7823     7816     7808     7799     7793     7786     7780 
    7770     7761     7755     7749     7740     7728     7719     7709 
    7700     7688     7676     7668     7657     7645     7632     7626 
    7618     7603     7589     7581     7570     7561     7550     7537 
    7524     7514     7504     7495     7482     7473     7465     7452 
    7442     7434     7425     7416     7408     7399     7389     7381 
    7373     7364     7356     7348     7342     7337     7327     7317 
    7307     7300     7292     7281     7271     7264     7258     7249 
    7238     7229     7223     7219     7213     7203     7196     7192 
    7188     7183     7177     7172     7172     7171     7165     7160 
    7160     7160     7160     7159     7159     7157     7159     7160 
    7160     7160     7165     7169     7171     7172     7173     7177 
    7180     7180     7180     7182     7186     7186     7183     7184 
    7187     7188     7187     7187     7187     7184     7186     7187 
    7183     7182     7183     7183     7180     7177     7176     7177 
    7177     7175     7173     7175     7177     7175     7173     7173 
    7173     7175     7177     7176     7175     7175     7177     7179 
    7176     7173     7175     7175     7172     7168     7168     7171 
    7169     7163     7159     7159     7157     7152     7145     7140 
    7137     7134     7125     7118     7114     7110     7105     7096 
    7088     7088     7087     7079     7072     7069     7065     7063 
    7060     7055     7051     7052     7051     7048     7047     7048 
    7051     7052     7049     7049     7052     7056     7056     7056 
    7060     7068     7072     7074     7074     7079     7088     7094 
    7099     7103     7109     7117     7122     7130     7137     7142 
    7150     7156     7160     7169     7179     7184     7192     7198 
    7206     7218     7227     7231     7240     7250     7258     7267 
    7277     7287     7296     7307     7321     7331     7339     7350 
    7364     7377     7387     7400     7416     7429     7439     7453 
    7466     7480     7495     7507     7518     7531     7543     7557 
    7569     7577     7589     7605     7614     7624     7638     7647 
    7657     7668     7677     7685     7697     7705     7713     7723 
    7731     7740     7751     7759     7763     7771     7780     7786 
    7789     7797     7805     7812     7817     7823     7827     7835 
    7843     7847     7850     7857     7865     7870     7874     7878 
    7884     7890     7897     7900     7901     7905     7908     7912 
    7917     7920     7919     7920     7927     7928     7928     7931 
    7931     7928     7925     7928     7927     7923     7919     7916 
    7912     7908     7902     7898     7893     7885     7879     7874 
    7865     7857     7851     7842     7830     7820     7809     7801 
    7793     7778     7767     7761     7747     7735     7722     7708 
    7699     7685     7672     7661     7650     7639     7627     7614 
    7605     7595     7584     7574     7565     7557     7548     7541 
    7534     7524     7515     7515     7510     7504     7500     7496 
    7493     7492     7488     7487     7489     7489     7488     7489 
    7491     7496     7500     7500     7503     7508     7510     7515 
    7522     7523     7530     7538     7542     7543     7548     7560 
    7566     7570     7573     7576     7584     7591     7592     7599 
    7607     7611     7614     7618     7622     7627     7631     7638 
    7642     7643     7649     7652     7655     7659     7662     7666 
    7670     7672     7673     7676     7678     7680     7678     7678 
    7678     7678     7677     7676     7673     7672     7670     7666 
    7659     7655     7652     7647     7639     7634     7630     7624 
    7619     7614     7604     7597     7599     7593     7584     7578 
    7576     7573     7568     7562     7558     7557     7558     7555 
    7551     7555     7560     7557     7557     7560     7566     7572 
    7574     7578     7584     7591     7599     7604     7608     7616 
    7627     7632     7638     7646     7655     7665     7672     7678 
    7685     7696     7704     7715     7722     7727     7738     7749 
    7756     7766     7771     7782     7794     7799     7805     7816 
    7827     7835     7840     7850     7859     7871     7878     7884 
    7893     7902     7915     7923     7925     7931     7940     7948 
    7955     7960     7967     7974     7978     7979     7985     7990 
    7993     7992     7990     7990     7993     7994     7990     7983 
    7983     7983     7978     7969     7962     7960     7955     7944 
    7938     7931     7923     7912     7905     7894     7882     7875 
    7865     7851     7839     7830     7819     7804     7786     7771 
    7758     7743     7728     7711     7695     7680     7661     7645 
    7628     7611     7596     7578     7561     7543     7524     7508 
    7492     7473     7458     7444     7431     7418     7399     7383 
    7373     7362     7349     7337     7329     7322     7312     7306 
    7300     7296     7294     7291     7288     7281     7281     7285 
    7290     7292     7295     7298     7302     7307     7312     7319 
    7327     7338     7345     7350     7360     7371     7384     7393 
    7402     7414     7427     7435     7447     7461     7472     7481 
    7492     7504     7515     7524     7533     7546     7558     7569 
    7577     7581     7591     7607     7616     7618     7624     7636 
    7645     7651     7657     7665     7670     7676     7681     7688 
    7695     7697     7703     7712     7717     7719     7723     7732 
    7738     7746     7754     7761     7769     7774     7782     7792 
    7803     7813     7825     7838     7846     7858     7875     7889 
    7902     7917     7933     7951     7969     7986     8001     8020 
    8040     8059     8077     8095     8114     8137     8159     8174 
    8194     8217     8235     8252     8270     8290     8311     8329 
    8345     8363     8379     8394     8410     8426     8440     8453 
    8467     8477     8487     8497     8507     8515     8520     8525 
    8530     8536     8540     8538     8536     8537     8537     8533 
    8527     8523     8519     8513     8505     8497     8487     8477 
    8467     8457     8441     8424     8411     8401     8385     8365 
    8345     8328     8309     8290     8270     8244     8224     8202 
    8176     8152     8129     8104     8077     8050     8023     7996 
    7966     7939     7911     7879     7850     7821     7789     7755 
    7726     7697     7665     7632     7601     7573     7546     7515 
    7482     7450     7420     7392     7364     7333     7304     7277 
    7250     7223     7196     7171     7146     7121     7101     7078 
    7055     7037     7017     6994     6978     6963     6947     6933 
    6919     6907     6898     6889     6878     6868     6864     6860 
    6853     6848     6848     6848     6848     6851     6852     6852 
    6855     6860     6866     6871     6878     6886     6898     6903 
    6910     6922     6934     6945     6956     6963     6974     6990 
    7001     7009     7022     7038     7049     7060     7068     7078 
    7092     7103     7111     7125     7138     7149     7156     7164 
    7177     7190     7198     7210     7222     7233     7245     7257 
    7269     7283     7298     7312     7326     7340     7354     7372 
    7395     7414     7427     7447     7470     7492     7515     7538 
    7564     7589     7614     7639     7665     7693     7722     7753 
    7786     7817     7847     7878     7911     7946     7979     8019 
    8058     8091     8127     8166     8208     8245     8281     8322 
    8363     8401     8441     8480     8522     8565     8604     8645 
    8681     8718     8758     8802     8839     8873     8908     8947 
    8986     9020     9054     9089     9124     9155     9186     9217 
    9250     9285     9312     9339     9370     9398     9423     9448 
    9474     9497     9524     9547     9566     9589     9612     9632 
    9652     9670     9686     9703     9722     9740     9755     9768 
    9782     9794     9806     9818     9828     9836     9844     9850 
    9857     9861     9864     9868     9871     9871     9869     9868 
    9865     9861     9856     9850     9844     9836     9825     9811 
    9801     9787     9771     9753     9737     9718     9697     9676 
    9652     9626     9602     9576     9549     9522     9489     9456 
    9427     9391     9355     9322     9283     9244     9207     9166 
    9126     9084     9042     8997     8949     8904     8860     8812 
    8762     8712     8664     8615     8564     8513     8464     8417 
    8365     8310     8260     8210     8158     8105     8052     8000 
    7948     7894     7842     7789     7740     7685     7635     7584 
    7531     7484     7437     7385     7335     7285     7238     7194 
    7148     7101     7056     7015     6975     6932     6890     6851 
    6815     6782     6744     6706     6675     6643     6613     6582 
    6555     6529     6501     6474     6454     6434     6412     6389 
    6370     6354     6339     6326     6311     6297     6288     6280 
    6269     6259     6255     6250     6245     6242     6241     6239 
    6239     6243     6246     6249     6257     6264     6272     6280 
    6289     6303     6316     6328     6343     6359     6376     6392 
    6411     6427     6446     6467     6489     6512     6535     6555 
    6578     6602     6628     6655     6681     6708     6733     6759 
    6786     6813     6839     6868     6899     6926     6952     6984 
    7015     7044     7071     7102     7130     7159     7188     7215 
    7244     7273     7302     7327     7352     7378     7406     7429 
    7450     7476     7500     7522     7546     7565     7578     7597 
    7619     7635     7651     7669     7678     7685     7703     7720 
    7728     7732     7744     7756     7761     7770     7778     7778 
    7782     7794     7799     7799     7805     7809     7809     7817 
    7825     7827     7831     7835     7838     7842     7848     7854 
    7859     7865     7871     7875     7884     7894     7900     7905 
    7916     7927     7939     7948     7958     7969     7983     7997 
    8007     8019     8035     8055     8067     8078     8094     8111 
    8129     8148     8164     8181     8199     8217     8233     8252 
    8271     8290     8309     8326     8347     8367     8383     8401 
    8421     8441     8459     8474     8490     8507     8527     8545 
    8560     8576     8590     8603     8619     8630     8640     8652 
    8662     8673     8683     8688     8692     8700     8704     8704 
    8704     8708     8707     8703     8702     8696     8691     8685 
    8675     8662     8653     8642     8629     8610     8592     8576 
    8557     8533     8510     8490     8467     8437     8410     8379 
    8351     8322     8290     8259     8225     8189     8152     8117 
    8081     8043     8002     7966     7927     7886     7848     7809 
    7766     7727     7688     7647     7608     7572     7531     7488 
    7452     7414     7376     7342     7306     7269     7236     7206 
    7175     7144     7119     7094     7067     7045     7023     7001 
    6984     6967     6948     6934     6924     6917     6910     6902 
    6897     6895     6895     6893     6895     6902     6906     6912 
    6924     6933     6941     6952     6971     6984     6999     7018 
    7036     7056     7079     7096     7119     7145     7165     7188 
    7214     7236     7261     7283     7307     7337     7362     7384 
    7406     7429     7456     7480     7501     7524     7545     7565 
    7588     7608     7626     7645     7663     7682     7700     7715 
    7730     7750     7761     7773     7786     7799     7815     7830 
    7835     7843     7852     7863     7874     7884     7889     7894 
    7902     7913     7919     7923     7931     7936     7939     7940 
    7944     7951     7954     7952     7955     7960     7964     7966 
    7963     7962     7964     7969     7969     7966     7967     7966 
    7964     7967     7963     7959     7960     7963     7962     7958 
    7952     7955     7958     7954     7948     7947     7948     7944 
    7938     7935     7931     7931     7928     7925     7921     7917 
    7911     7903     7898     7894     7892     7889     7878     7865 
    7858     7851     7843     7834     7820     7808     7798     7784 
    7770     7755     7738     7723     7707     7685     7669     7649 
    7627     7608     7586     7565     7543     7520     7495     7470 
    7449     7425     7399     7373     7349     7325     7295     7268 
    7241     7213     7190     7165     7134     7106     7082     7055 
    7026     6998     6971     6945     6919     6890     6864     6843 
    6820     6793     6770     6744     6721     6701     6682     6662 
    6640     6620     6605     6589     6569     6554     6542     6531 
    6520     6508     6498     6493     6488     6480     6474     6474 
    6473     6471     6471     6474     6481     6488     6493     6498 
    6508     6521     6535     6544     6559     6578     6597     6616 
    6633     6655     6677     6701     6729     6756     6781     6809 
    6839     6870     6901     6933     6968     7002     7033     7067 
    7102     7140     7179     7217     7253     7288     7329     7368 
    7404     7444     7484     7522     7561     7596     7632     7672 
    7712     7750     7786     7823     7858     7894     7931     7966 
    7998     8033     8066     8098     8128     8158     8189     8218 
    8245     8276     8303     8328     8352     8376     8401     8424 
    8446     8471     8490     8505     8525     8546     8563     8576 
    8594     8610     8622     8635     8649     8658     8667     8676 
    8687     8695     8702     8704     8708     8716     8719     8719 
    8723     8725     8721     8721     8719     8719     8718     8715 
    8711     8703     8698     8691     8684     8677     8669     8660 
    8650     8640     8629     8619     8604     8591     8579     8565 
    8550     8537     8522     8505     8490     8476     8457     8441 
    8428     8410     8391     8374     8356     8343     8326     8305 
    8286     8271     8256     8239     8221     8206     8191     8174 
    8159     8143     8127     8114     8104     8089     8078     8066 
    8052     8044     8037     8025     8014     8007     8002     7994 
    7985     7981     7978     7974     7971     7966     7962     7963 
    7962     7958     7958     7956     7955     7955     7954     7954 
    7954     7954     7952     7947     7946     7947     7944     7940 
    7938     7935     7933     7925     7916     7913     7912     7902 
    7890     7879     7870     7862     7850     7835     7823     7811 
    7794     7773     7754     7738     7719     7699     7678     7652 
    7628     7605     7578     7550     7523     7496     7469     7442 
    7408     7373     7344     7314     7280     7244     7210     7177 
    7145     7110     7076     7044     7010     6976     6945     6912 
    6879     6851     6818     6789     6760     6732     6705     6678 
    6652     6632     6610     6588     6569     6548     6531     6520 
    6505     6490     6477     6465     6457     6451     6448     6439 
    6420     6419     6447     6442     6404     6416     6444     6432 
    6427     6438     6446     6459     6465     6465     6475     6492 
    6507     6515     6524     6540     6559     6577     6588     6604 
    6627     6648     6669     6686     6706     6736     6763     6782 
    6806     6833     6863     6894     6919     6945     6976     7009 
    7038     7069     7102     7137     7172     7206     7238     7275 
    7312     7348     7384     7420     7460     7499     7537     7576 
    7614     7655     7700     7740     7780     7819     7859     7903 
    7946     7986     8028     8070     8113     8156     8195     8236 
    8279     8319     8359     8398     8440     8480     8519     8556 
    8591     8629     8667     8700     8735     8770     8802     8833 
    8862     8889     8920     8947     8969     8991     9018     9038 
    9057     9076     9094     9111     9126     9139     9150     9158 
    9166     9173     9175     9180     9184     9185     9185     9180 
    9174     9169     9166     9159     9147     9137     9127     9115 
    9103     9086     9071     9057     9038     9019     9001     8981 
    8959     8942     8923     8899     8876     8853     8830     8806 
    8783     8758     8735     8712     8687     8661     8635     8610 
    8586     8560     8532     8505     8479     8451     8426     8398 
    8372     8345     8318     8291     8266     8237     8209     8182 
    8156     8132     8104     8078     8054     8028     8001     7978 
    7955     7929     7903     7882     7862     7838     7813     7793 
    7776     7755     7735     7716     7697     7680     7661     7645 
    7630     7614     7600     7588     7573     7560     7548     7538 
    7527     7518     7510     7500     7491     7482     7476     7469 
    7465     7461     7456     7450     7447     7444     7443     7439 
    7437     7434     7431     7431     7431     7430     7430     7431 
    7431     7427     7427     7433     7435     7433     7430     7431 
    7433     7434     7435     7434     7435     7435     7435     7434 
    7434     7435     7435     7434     7433     7434     7434     7434 
    7431     7430     7429     7430     7431     7427     7427     7427 
    7426     7429     7427     7427     7434     7437     7435     7435 
    7435     7441     7444     7444     7450     7456     7460     7466 
    7470     7474     7482     7492     7497     7500     7510     7520 
    7528     7535     7543     7553     7565     7574     7581     7592 
    7603     7614     7627     7639     7650     7663     7678     7689 
    7701     7713     7723     7740     7755     7766     7777     7792 
    7809     7823     7832     7847     7863     7877     7890     7905 
    7920     7933     7947     7963     7977     7992     8009     8023 
    8035     8050     8064     8081     8097     8113     8125     8139 
    8156     8171     8186     8203     8220     8235     8248     8260 
    8279     8295     8309     8322     8337     8352     8368     8383 
    8398     8413     8426     8437     8449     8464     8480     8494 
    8507     8517     8529     8540     8556     8569     8579     8590 
    8600     8611     8621     8626     8637     8649     8655     8664 
    8669     8673     8683     8688     8688     8692     8695     8696 
    8698     8696     8695     8694     8692     8688     8683     8679 
    8673     8667     8660     8652     8642     8631     8617     8603 
    8590     8575     8560     8543     8523     8503     8484     8467 
    8447     8421     8397     8375     8355     8328     8299     8274 
    8247     8218     8189     8155     8125     8098     8068     8035 
    8005     7974     7942     7903     7869     7839     7809     7776 
    7739     7703     7670     7641     7607     7572     7541     7508 
    7476     7443     7410     7378     7350     7318     7287     7260 
    7233     7206     7177     7149     7125     7099     7076     7053 
    7028     7005     6983     6967     6949     6926     6906     6893 
    6876     6860     6845     6831     6820     6809     6795     6787 
    6782     6771     6763     6758     6751     6750     6750     6750 
    6747     6744     6744     6750     6752     6756     6762     6767 
    6774     6781     6790     6799     6810     6824     6835     6843 
    6855     6871     6889     6903     6917     6934     6952     6968 
    6987     7006     7023     7044     7065     7086     7106     7127 
    7150     7173     7192     7213     7240     7267     7290     7307 
    7329     7353     7380     7400     7422     7449     7473     7495 
    7515     7538     7562     7586     7608     7628     7651     7676 
    7696     7713     7735     7758     7777     7794     7811     7831 
    7847     7863     7879     7893     7908     7928     7942     7950 
    7962     7973     7983     7998     8009     8016     8028     8040 
    8044     8051     8063     8073     8081     8086     8090     8098 
    8108     8114     8122     8127     8133     8143     8149     8158 
    8164     8172     8185     8194     8197     8203     8213     8222 
    8230     8240     8245     8255     8266     8272     8279     8289 
    8299     8310     8317     8318     8329     8340     8347     8352 
    8359     8364     8371     8378     8383     8387     8394     8398 
    8398     8398     8403     8404     8403     8398     8397     8397 
    8395     8390     8382     8375     8370     8360     8347     8337 
    8332     8319     8301     8286     8270     8248     8233     8215 
    8191     8172     8154     8129     8104     8078     8052     8027 
    8001     7969     7942     7913     7882     7852     7819     7785 
    7755     7723     7688     7654     7619     7586     7550     7510 
    7477     7442     7404     7369     7333     7298     7263     7229 
    7194     7157     7122     7091     7056     7021     6987     6952 
    6919     6890     6859     6824     6793     6766     6735     6704 
    6675     6647     6620     6590     6562     6538     6515     6490 
    6465     6442     6419     6400     6381     6361     6339     6322 
    6307     6290     6277     6262     6246     6237     6226     6214 
    6203     6195     6191     6188     6184     6183     6183     6184 
    6185     6186     6189     6199     6211     6219     6230     6242 
    6257     6276     6295     6313     6335     6356     6381     6411 
    6438     6467     6501     6534     6564     6598     6633     6673 
    6711     6751     6794     6839     6881     6926     6970     7017 
    7065     7113     7160     7209     7261     7312     7361     7410 
    7460     7510     7562     7614     7665     7713     7763     7815 
    7862     7909     7956     8005     8054     8097     8139     8182 
    8224     8264     8305     8341     8380     8418     8453     8484 
    8515     8546     8575     8602     8630     8654     8676     8698 
    8721     8741     8757     8773     8787     8800     8814     8823 
    8833     8841     8845     8849     8854     8858     8861     8858 
    8854     8853     8853     8851     8845     8835     8824     8818 
    8810     8800     8789     8779     8765     8750     8735     8719 
    8703     8685     8668     8649     8629     8608     8588     8564 
    8542     8523     8503     8479     8451     8424     8398     8374 
    8348     8317     8290     8267     8239     8205     8175     8149 
    8122     8090     8058     8028     7997     7964     7931     7897 
    7865     7834     7801     7770     7739     7705     7672     7643 
    7609     7572     7542     7512     7479     7446     7414     7383 
    7356     7325     7292     7261     7233     7209     7177     7144 
    7118     7091     7061     7034     7011     6987     6961     6937 
    6914     6890     6868     6848     6829     6809     6791     6774 
    6754     6733     6720     6706     6691     6681     6669     6654 
    6644     6635     6625     6616     6609     6601     6596     6593 
    6589     6585     6583     6583     6586     6586     6589     6596 
    6600     6602     6609     6617     6623     6633     6648     6659 
    6670     6685     6700     6718     6736     6750     6767     6787 
    6808     6831     6855     6879     6902     6926     6952     6978 
    7003     7029     7053     7083     7111     7137     7163     7191 
    7219     7248     7275     7300     7327     7357     7384     7408 
    7435     7462     7485     7508     7534     7560     7585     7609 
    7628     7645     7665     7685     7708     7726     7742     7761 
    7780     7794     7809     7827     7842     7855     7870     7881 
    7890     7902     7916     7924     7931     7947     7955     7960 
    7973     7982     7989     7996     8001     8007     8013     8016 
    8021     8025     8029     8035     8039     8044     8047     8046 
    8051     8059     8060     8060     8063     8067     8070     8071 
    8075     8077     8077     8081     8083     8086     8087     8087 
    8090     8089     8089     8091     8095     8095     8095     8097 
    8095     8097     8102     8105     8102     8105     8108     8109 
    8109     8111     8114     8114     8116     8120     8121     8124 
    8127     8127     8131     8136     8139     8139     8144     8148 
    8152     8158     8160     8162     8168     8172     8172     8177 
    8182     8186     8190     8190     8194     8197     8198     8201 
    8202     8201     8202     8205     8206     8203     8202     8203 
    8199     8197     8195     8190     8185     8181     8174     8166 
    8159     8152     8144     8136     8125     8116     8106     8095 
    8082     8071     8060     8048     8035     8023     8009     7993 
    7979     7969     7954     7935     7923     7909     7894     7878 
    7862     7848     7836     7823     7809     7797     7785     7773 
    7759     7747     7735     7726     7717     7708     7697     7688 
    7681     7676     7668     7662     7657     7654     7652     7649 
    7645     7646     7647     7645     7643     7647     7649     7650 
    7654     7659     7666     7670     7673     7680     7689     7695 
    7699     7707     7715     7723     7731     7743     7756     7765 
    7773     7785     7799     7813     7823     7834     7848     7862 
    7871     7885     7901     7916     7931     7944     7959     7974 
    7990     8006     8019     8033     8054     8068     8082     8100 
    8120     8135     8154     8171     8185     8202     8221     8237 
    8252     8267     8284     8303     8317     8332     8345     8361 
    8379     8391     8401     8414     8430     8441     8454     8467 
    8476     8486     8497     8505     8510     8520     8526     8532 
    8536     8537     8542     8548     8546     8543     8543     8546 
    8545     8542     8537     8532     8526     8520     8513     8507 
    8497     8490     8480     8464     8447     8441     8428     8411 
    8395     8380     8365     8349     8332     8311     8293     8274 
    8253     8235     8212     8187     8170     8148     8124     8101 
    8078     8055     8031     8005     7982     7958     7931     7908 
    7879     7854     7831     7805     7777     7753     7728     7703 
    7674     7651     7627     7600     7574     7551     7524     7499 
    7477     7457     7430     7404     7381     7358     7333     7312 
    7292     7272     7249     7226     7206     7188     7171     7152 
    7132     7115     7099     7083     7068     7053     7038     7025 
    7010     6998     6985     6974     6966     6955     6944     6932 
    6924     6917     6910     6903     6897     6893     6889     6881 
    6878     6875     6872     6870     6866     6864     6866     6868 
    6870     6871     6874     6878     6881     6885     6893     6901 
    6909     6916     6925     6934     6945     6959     6974     6984 
    6999     7015     7032     7048     7068     7086     7105     7125 
    7146     7168     7192     7215     7240     7267     7290     7317 
    7345     7371     7398     7426     7456     7488     7519     7546 
    7576     7608     7642     7674     7704     7735     7767     7799 
    7831     7860     7896     7931     7963     7996     8028     8060 
    8093     8122     8155     8189     8220     8251     8281     8311 
    8343     8374     8406     8433     8460     8487     8517     8549 
    8576     8602     8627     8654     8681     8704     8726     8752 
    8776     8799     8822     8841     8860     8881     8904     8923 
    8941     8958     8972     8992     9007     9022     9038     9050 
    9062     9078     9093     9101     9111     9123     9132     9140 
    9153     9161     9167     9174     9182     9189     9196     9200 
    9204     9208     9212     9213     9215     9216     9219     9220 
    9219     9216     9215     9212     9208     9202     9198     9193 
    9186     9180     9171     9161     9153     9144     9135     9121 
    9108     9096     9081     9069     9051     9032     9019     9001 
    8980     8962     8942     8923     8904     8881     8857     8835 
    8811     8780     8753     8731     8706     8677     8648     8618 
    8587     8556     8525     8494     8460     8426     8391     8357 
    8322     8284     8251     8214     8175     8135     8095     8058 
    8019     7978     7938     7894     7851     7812     7769     7727 
    7685     7645     7604     7560     7514     7472     7433     7392 
    7348     7307     7271     7230     7188     7149     7110     7075 
    7040     7001     6964     6930     6899     6866     6833     6805 
    6775     6747     6721     6691     6666     6647     6627     6604 
    6583     6566     6550     6536     6524     6511     6497     6488 
    6480     6469     6460     6458     6457     6455     6454     6451 
    6453     6457     6458     6458     6463     6473     6481     6486 
    6496     6509     6519     6529     6544     6556     6569     6586 
    6597     6613     6632     6650     6667     6682     6697     6718 
    6739     6758     6774     6794     6814     6836     6855     6872 
    6895     6921     6937     6959     6980     6998     7021     7041 
    7056     7078     7098     7117     7136     7153     7175     7195 
    7211     7229     7246     7263     7280     7300     7317     7330 
    7348     7368     7381     7395     7410     7423     7441     7454 
    7465     7481     7497     7510     7526     7541     7551     7562 
    7577     7591     7603     7616     7628     7641     7652     7663 
    7677     7692     7705     7717     7727     7738     7755     7770 
    7782     7792     7805     7821     7835     7847     7862     7875 
    7889     7905     7921     7935     7951     7969     7981     7993 
    8012     8027     8040     8058     8073     8089     8104     8121 
    8135     8148     8168     8185     8199     8214     8230     8248 
    8263     8278     8293     8310     8324     8337     8349     8364 
    8376     8391     8403     8411     8421     8436     8444     8451 
    8460     8467     8474     8483     8486     8487     8492     8499 
    8497     8494     8497     8497     8496     8494     8487     8484 
    8483     8476     8469     8464     8457     8447     8437     8428 
    8417     8406     8391     8379     8367     8356     8344     8328 
    8314     8301     8281     8263     8248     8235     8217     8199 
    8182     8167     8149     8131     8114     8097     8082     8066 
    8047     8031     8014     7996     7977     7962     7950     7931 
    7913     7897     7881     7865     7851     7835     7820     7807 
    7794     7780     7763     7749     7735     7723     7713     7699 
    7681     7672     7665     7651     7636     7627     7618     7608 
    7597     7586     7577     7570     7561     7553     7543     7534 
    7530     7520     7507     7500     7495     7487     7481     7473 
    7464     7458     7452     7441     7435     7431     7425     7418 
    7411     7404     7400     7396     7388     7381     7376     7377 
    7373     7360     7354     7356     7350     7345     7339     7334 
    7330     7325     7321     7318     7315     7311     7310     7307 
    7302     7295     7295     7295     7291     7287     7284     7285 
    7285     7281     7280     7281     7280     7277     7275     7275 
    7276     7280     7280     7275     7275     7276     7277     7277 
    7273     7275     7280     7281     7279     7280     7281     7281 
    7281     7285     7287     7287     7288     7291     7292     7294 
    7294     7296     7295     7295     7299     7300     7302     7302 
    7302     7306     7307     7307     7310     7311     7315     7321 
    7322     7323     7326     7330     7335     7337     7340     7342 
    7348     7352     7353     7358     7368     7371     7376     7380 
    7385     7396     7404     7406     7414     7425     7430     7437 
    7446     7457     7465     7474     7482     7491     7503     7514 
    7523     7535     7543     7553     7566     7577     7586     7596 
    7608     7623     7632     7639     7652     7668     7677     7689 
    7700     7707     7715     7726     7732     7740     7750     7758 
    7767     7773     7777     7784     7789     7796     7799     7801 
    7805     7809     7811     7811     7809     7809     7811     7809 
    7805     7803     7803     7798     7792     7788     7781     7774 
    7769     7761     7754     7746     7735     7726     7716     7707 
    7695     7685     7677     7663     7651     7641     7628     7616 
    7607     7595     7581     7569     7557     7547     7537     7526 
    7515     7507     7499     7488     7477     7469     7464     7456 
    7444     7439     7435     7427     7420     7419     7416     7416 
    7414     7410     7408     7408     7411     7410     7410     7418 
    7420     7423     7427     7431     7439     7450     7458     7462 
    7470     7484     7495     7504     7515     7524     7537     7553 
    7568     7581     7595     7611     7630     7643     7659     7680 
    7700     7719     7735     7754     7777     7797     7816     7836 
    7858     7882     7902     7924     7946     7967     7990     8012 
    8032     8054     8077     8097     8117     8136     8156     8177 
    8198     8215     8233     8253     8275     8294     8309     8321 
    8336     8352     8367     8379     8391     8404     8414     8424 
    8434     8441     8447     8453     8459     8461     8463     8467 
    8467     8464     8463     8463     8459     8454     8449     8440 
    8433     8428     8417     8403     8391     8384     8372     8355 
    8340     8326     8311     8294     8274     8255     8239     8220 
    8197     8175     8154     8133     8110     8086     8062     8037 
    8014     7992     7966     7939     7915     7893     7869     7839 
    7812     7789     7767     7740     7713     7688     7665     7641 
    7616     7592     7569     7547     7526     7504     7482     7460 
    7439     7420     7399     7377     7360     7344     7326     7307 
    7291     7277     7264     7250     7234     7222     7210     7198 
    7186     7176     7168     7160     7150     7145     7137     7127 
    7121     7117     7113     7109     7106     7102     7099     7096 
    7094     7091     7094     7094     7094     7094     7096     7098 
    7096     7098     7101     7105     7110     7113     7119     7125 
    7127     7130     7137     7144     7153     7156     7157     7163 
    7172     7180     7188     7195     7198     7206     7215     7221 
    7225     7233     7238     7246     7254     7260     7267     7273 
    7281     7291     7296     7302     7307     7314     7323     7333 
    7338     7345     7353     7360     7368     7376     7384     7391 
    7400     7411     7419     7429     7437     7443     7453     7464 
    7474     7484     7495     7507     7515     7524     7537     7548 
    7560     7569     7581     7595     7604     7614     7623     7632 
    7646     7657     7669     7680     7688     7697     7708     7719 
    7727     7734     7744     7755     7763     7769     7774     7784 
    7794     7803     7809     7815     7823     7831     7834     7840 
    7848     7854     7863     7869     7871     7877     7882     7889 
    7893     7897     7901     7909     7916     7920     7924     7928 
    7933     7939     7943     7947     7954     7958     7963     7969 
    7974     7974     7982     7987     7990     7996     8001     8005 
    8010     8014     8019     8024     8029     8032     8037     8043 
    8050     8058     8062     8062     8070     8078     8082     8087 
    8095     8104     8109     8114     8122     8131     8139     8148 
    8155     8159     8166     8174     8182     8189     8197     8205 
    8213     8221     8226     8236     8243     8251     8257     8263 
    8270     8276     8280     8289     8293     8295     8303     8310 
    8311     8314     8318     8319     8324     8328     8329     8329 
    8332     8332     8326     8324     8324     8324     8321     8317 
    8317     8313     8306     8301     8295     8291     8286     8279 
    8270     8260     8255     8248     8235     8224     8214     8206 
    8195     8182     8170     8156     8143     8131     8118     8104 
    8091     8075     8058     8040     8025     8013     7997     7979 
    7964     7950     7936     7923     7901     7885     7873     7857 
    7842     7825     7809     7793     7780     7765     7750     7735 
    7723     7709     7693     7677     7666     7655     7639     7622 
    7608     7596     7585     7570     7553     7541     7530     7515 
    7497     7485     7476     7460     7444     7431     7415     7403 
    7389     7376     7365     7350     7338     7326     7311     7298 
    7287     7276     7263     7249     7240     7230     7218     7207 
    7195     7186     7176     7167     7157     7149     7141     7136 
    7126     7117     7113     7107     7103     7101     7096     7092 
    7092     7094     7092     7089     7092     7094     7096     7101 
    7102     7106     7111     7119     7126     7132     7144     7155 
    7163     7175     7190     7203     7218     7233     7246     7261 
    7277     7295     7312     7327     7346     7373     7395     7410 
    7433     7457     7480     7504     7527     7551     7577     7600 
    7627     7652     7674     7701     7730     7754     7780     7808 
    7834     7860     7889     7913     7935     7964     7994     8016 
    8040     8070     8093     8116     8139     8166     8191     8213 
    8235     8255     8274     8298     8322     8340     8352     8372 
    8391     8406     8424     8440     8453     8469     8482     8490 
    8505     8515     8526     8536     8540     8543     8552     8556 
    8559     8561     8563     8565     8565     8563     8561     8557 
    8550     8546     8540     8532     8527     8519     8505     8494 
    8484     8471     8457     8441     8424     8407     8391     8375 
    8355     8332     8311     8293     8271     8247     8220     8197 
    8174     8148     8125     8100     8070     8043     8014     7986 
    7960     7938     7909     7878     7851     7824     7798     7773 
    7746     7720     7697     7674     7646     7619     7599     7581 
    7558     7537     7518     7497     7479     7461     7444     7427 
    7415     7404     7391     7377     7364     7354     7348     7340 
    7333     7326     7322     7319     7314     7307     7307     7314 
    7315     7312     7311     7315     7319     7322     7329     7333 
    7337     7345     7354     7361     7368     7378     7392     7399 
    7406     7420     7433     7441     7450     7464     7479     7493 
    7507     7518     7530     7545     7562     7576     7586     7601 
    7616     7631     7647     7661     7673     7692     7709     7720 
    7735     7755     7769     7778     7793     7809     7827     7839 
    7850     7863     7877     7890     7905     7916     7924     7935 
    7951     7963     7971     7983     7994     8004     8012     8020 
    8031     8040     8050     8055     8060     8067     8077     8083 
    8085     8087     8095     8102     8104     8106     8108     8110 
    8113     8113     8110     8109     8109     8109     8105     8097 
    8095     8098     8094     8083     8075     8073     8067     8058 
    8047     8039     8031     8023     8012     8000     7989     7979 
    7966     7952     7940     7928     7917     7905     7889     7873 
    7857     7846     7834     7816     7801     7789     7778     7763 
    7749     7738     7727     7715     7700     7688     7677     7668 
    7657     7646     7636     7628     7619     7612     7607     7601 
    7593     7589     7584     7580     7578     7578     7576     7572 
    7569     7572     7574     7574     7576     7580     7585     7589 
    7592     7597     7604     7608     7614     7619     7626     7636 
    7647     7654     7661     7672     7681     7690     7699     7705 
    7715     7727     7739     7747     7756     7769     7778     7789 
    7799     7808     7820     7834     7842     7852     7863     7875 
    7888     7893     7901     7913     7924     7935     7944     7951 
    7960     7969     7978     7989     7997     8006     8016     8025 
    8031     8037     8050     8056     8059     8068     8075     8082 
    8090     8094     8098     8105     8114     8120     8121     8121 
    8125     8129     8133     8135     8136     8139     8141     8144 
    8144     8144     8144     8144     8147     8147     8147     8144 
    8144     8147     8147     8144     8141     8139     8139     8137 
    8135     8135     8133     8128     8127     8127     8127     8124 
    8121     8121     8120     8117     8118     8117     8116     8120 
    8118     8114     8111     8110     8113     8116     8111     8109 
    8108     8110     8111     8111     8111     8111     8114     8116 
    8114     8116     8117     8116     8116     8118     8120     8121 
    8122     8121     8117     8118     8125     8124     8120     8120 
    8121     8122     8122     8118     8114     8116     8118     8117 
    8111     8108     8108     8108     8102     8097     8097     8095 
    8093     8087     8078     8077     8073     8064     8058     8050 
    8046     8040     8035     8025     8013     8006     8000     7989 
    7979     7969     7958     7951     7936     7923     7915     7902 
    7889     7875     7860     7847     7836     7823     7803     7786 
    7773     7755     7738     7719     7699     7685     7670     7646 
    7626     7609     7589     7570     7548     7527     7510     7491 
    7468     7447     7429     7408     7388     7369     7346     7326 
    7310     7290     7264     7248     7230     7211     7190     7172 
    7155     7134     7119     7105     7086     7069     7056     7041 
    7023     7007     6995     6982     6970     6957     6943     6932 
    6924     6912     6897     6886     6880     6875     6867     6858 
    6848     6843     6837     6832     6826     6822     6820     6818 
    6812     6809     6810     6810     6809     6809     6808     6813 
    6820     6820     6821     6831     6839     6841     6845     6851 
    6862     6874     6886     6894     6902     6917     6934     6947 
    6959     6974     6988     7006     7023     7040     7056     7078 
    7098     7118     7138     7159     7182     7203     7227     7250 
    7275     7299     7321     7346     7373     7399     7425     7449 
    7476     7506     7531     7557     7585     7612     7639     7669 
    7697     7726     7754     7782     7811     7838     7865     7892 
    7917     7946     7974     8000     8023     8048     8075     8102 
    8125     8144     8170     8194     8214     8235     8256     8278 
    8298     8314     8330     8348     8364     8380     8398     8413 
    8424     8434     8446     8459     8467     8476     8487     8494 
    8497     8503     8509     8510     8513     8517     8517     8513 
    8515     8513     8510     8507     8502     8494     8490     8484 
    8473     8464     8456     8444     8433     8424     8411     8398 
    8384     8371     8356     8338     8322     8306     8289     8274 
    8257     8236     8218     8202     8181     8160     8143     8120 
    8100     8082     8062     8039     8017     7997     7974     7955 
    7931     7911     7893     7874     7851     7832     7813     7796 
    7776     7753     7732     7715     7699     7678     7657     7639 
    7624     7608     7591     7573     7555     7541     7527     7515 
    7501     7488     7476     7464     7452     7438     7430     7423 
    7411     7404     7399     7392     7388     7381     7372     7366 
    7362     7361     7357     7353     7350     7349     7348     7345 
    7345     7348     7349     7346     7345     7348     7353     7354 
    7353     7357     7360     7361     7365     7369     7372     7376 
    7383     7384     7384     7393     7400     7402     7403     7406 
    7410     7415     7422     7426     7429     7434     7439     7443 
    7444     7449     7453     7458     7461     7461     7464     7470 
    7472     7472     7476     7480     7481     7485     7482     7484 
    7491     7492     7487     7484     7484     7488     7489     7487 
    7484     7484     7481     7477     7474     7473     7472     7470 
    7465     7458     7458     7458     7453     7446     7442     7438 
    7438     7433     7426     7423     7422     7418     7411     7406 
    7406     7403     7404     7396     7388     7387     7385     7380 
    7375     7372     7369     7365     7361     7356     7353     7354 
    7352     7348     7339     7333     7333     7331     7327     7325 
    7322     7322     7319     7317     7315     7317     7317     7314 
    7310     7312     7317     7319     7318     7315     7319     7323 
    7326     7329     7333     7338     7346     7350     7352     7354 
    7362     7375     7381     7387     7393     7403     7411     7419 
    7426     7435     7444     7456     7466     7476     7485     7496 
    7508     7519     7527     7539     7553     7564     7573     7584 
    7599     7612     7623     7631     7643     7657     7668     7678 
    7690     7703     7712     7727     7738     7743     7758     7769 
    7777     7786     7797     7805     7815     7823     7831     7838 
    7847     7858     7865     7870     7877     7879     7885     7893 
    7902     7906     7906     7911     7913     7916     7923     7924 
    7923     7923     7924     7925     7925     7923     7921     7919 
    7917     7913     7909     7908     7902     7898     7896     7888 
    7878     7874     7870     7863     7854     7847     7839     7830 
    7823     7816     7807     7796     7786     7777     7767     7755 
    7746     7738     7728     7716     7704     7697     7689     7676 
    7663     7654     7645     7632     7623     7614     7601     7591 
    7581     7572     7564     7555     7547     7538     7527     7520 
    7514     7504     7496     7489     7482     7476     7470     7466 
    7460     7456     7452     7446     7441     7437     7434     7435 
    7431     7427     7426     7426     7427     7427     7426     7426 
    7427     7425     7425     7429     7433     7434     7435     7437 
    7439     7443     7446     7452     7454     7460     7469     7474 
    7476     7482     7489     7496     7504     7508     7514     7523 
    7531     7537     7543     7550     7562     7573     7580     7588 
    7600     7612     7622     7630     7639     7649     7663     7677 
    7684     7690     7707     7719     7726     7738     7754     7766 
    7780     7793     7804     7815     7831     7844     7852     7863 
    7877     7890     7903     7912     7923     7938     7951     7959 
    7967     7978     7989     8001     8010     8019     8029     8037 
    8044     8052     8060     8070     8077     8082     8089     8091 
    8098     8104     8108     8111     8114     8118     8124     8124 
    8121     8124     8129     8133     8129     8127     8128     8128 
    8125     8124     8122     8118     8118     8118     8114     8111 
    8106     8102     8101     8097     8094     8094     8090     8085 
    8085     8085     8081     8075     8071     8068     8068     8067 
    8063     8060     8062     8062     8060     8058     8055     8055 
    8056     8058     8055     8051     8055     8059     8059     8059 
    8059     8062     8066     8067     8070     8073     8075     8078 
    8078     8082     8089     8094     8095     8097     8101     8106 
    8110     8113     8116     8121     8127     8131     8131     8133 
    8139     8144     8149     8149     8151     8156     8159     8159 
    8162     8166     8166     8167     8168     8170     8171     8170 
    8170     8172     8172     8168     8167     8166     8164     8163 
    8163     8160     8156     8149     8144     8144     8143     8133 
    8129     8128     8120     8111     8106     8101     8095     8089 
    8081     8071     8063     8059     8050     8037     8028     8021 
    8014     8004     7992     7985     7974     7963     7952     7940 
    7929     7920     7908     7896     7879     7869     7859     7847 
    7832     7819     7807     7793     7777     7761     7749     7735 
    7720     7705     7688     7672     7655     7639     7623     7605 
    7591     7574     7557     7541     7523     7508     7493     7476 
    7458     7441     7422     7406     7392     7375     7358     7342 
    7325     7306     7292     7279     7264     7249     7233     7218 
    7206     7192     7180     7169     7155     7141     7132     7123 
    7111     7105     7098     7088     7083     7079     7071     7067 
    7065     7063     7059     7056     7056     7059     7061     7061 
    7064     7069     7074     7078     7086     7094     7105     7113 
    7119     7130     7146     7160     7173     7183     7200     7219 
    7233     7248     7267     7284     7302     7325     7344     7364 
    7384     7408     7431     7450     7473     7497     7522     7547 
    7572     7596     7619     7646     7676     7703     7727     7756 
    7785     7809     7831     7857     7888     7915     7938     7963 
    7993     8021     8046     8070     8094     8121     8147     8170 
    8193     8218     8244     8268     8291     8313     8334     8357 
    8383     8403     8418     8441     8467     8484     8499     8517 
    8536     8553     8571     8584     8600     8615     8629     8640 
    8650     8665     8677     8688     8698     8704     8712     8721 
    8727     8731     8734     8741     8746     8746     8748     8748 
    8749     8750     8746     8743     8741     8739     8734     8727 
    8721     8715     8710     8698     8684     8675     8665     8654 
    8642     8626     8612     8600     8586     8568     8550     8536 
    8520     8500     8479     8459     8441     8428     8407     8382 
    8360     8343     8322     8298     8275     8256     8235     8213 
    8186     8163     8144     8122     8098     8075     8051     8029 
    8010     7989     7963     7942     7923     7898     7875     7854 
    7832     7816     7796     7770     7750     7732     7712     7693 
    7672     7651     7635     7619     7603     7586     7568     7553 
    7535     7515     7499     7485     7473     7458     7441     7427 
    7416     7406     7392     7377     7371     7362     7352     7340 
    7331     7323     7318     7314     7307     7299     7294     7292 
    7290     7285     7284     7284     7283     7283     7287     7288 
    7290     7296     7300     7302     7312     7323     7330     7335 
    7344     7356     7369     7381     7391     7404     7420     7434 
    7446     7461     7480     7499     7512     7530     7548     7566 
    7584     7603     7622     7642     7659     7680     7703     7722 
    7739     7759     7780     7799     7820     7838     7855     7878 
    7898     7913     7935     7956     7973     7990     8009     8023 
    8040     8060     8073     8089     8109     8124     8135     8151 
    8162     8174     8190     8201     8209     8224     8235     8243 
    8251     8259     8270     8275     8281     8290     8295     8299 
    8306     8310     8311     8314     8318     8318     8318     8319 
    8318     8316     8317     8316     8310     8305     8302     8301 
    8294     8286     8281     8275     8266     8256     8247     8239 
    8232     8220     8205     8193     8185     8174     8158     8144 
    8129     8117     8106     8090     8073     8059     8044     8031 
    8013     7997     7982     7969     7954     7935     7917     7901 
    7886     7870     7854     7838     7823     7809     7796     7777 
    7759     7749     7736     7720     7707     7693     7681     7669 
    7655     7646     7636     7630     7622     7609     7600     7596 
    7592     7585     7577     7573     7572     7570     7566     7561 
    7562     7568     7568     7566     7569     7572     7574     7577 
    7580     7585     7589     7595     7599     7603     7609     7616 
    7624     7631     7632     7642     7652     7657     7662     7672 
    7680     7685     7690     7696     7703     7711     7717     7720 
    7726     7731     7740     7746     7744     7750     7755     7756 
    7761     7761     7761     7769     7771     7769     7769     7770 
    7771     7770     7767     7765     7761     7761     7759     7755 
    7751     7750     7749     7742     7734     7732     7728     7723 
    7719     7709     7703     7699     7695     7688     7674     7669 
    7669     7662     7651     7642     7636     7632     7626     7616 
    7607     7600     7596     7589     7578     7572     7569     7564 
    7555     7547     7541     7535     7530     7520     7514     7512 
    7506     7496     7491     7487     7482     7480     7473     7464 
    7458     7458     7456     7446     7443     7443     7438     7434 
    7430     7427     7426     7423     7419     7415     7414     7414 
    7414     7411     7410     7411     7414     7411     7411     7411 
    7414     7416     7415     7411     7415     7420     7425     7426 
    7429     7431     7435     7439     7439     7442     7450     7456 
    7457     7461     7462     7470     7477     7479     7482     7491 
    7495     7499     7504     7507     7510     7515     7522     7524 
    7530     7538     7543     7546     7550     7553     7558     7564 
    7570     7572     7574     7580     7585     7586     7588     7592 
    7597     7600     7601     7603     7608     7614     7614     7612 
    7616     7622     7624     7622     7622     7626     7628     7628 
    7630     7632     7632     7635     7639     7642     7645     7649 
    7650     7650     7651     7654     7655     7662     7666     7668 
    7673     7680     7684     7684     7685     7690     7697     7703 
    7707     7711     7715     7722     7726     7728     7735     7743 
    7747     7753     7759     7761     7763     7770     7777     7782 
    7786     7789     7792     7793     7796     7799     7801     7804 
    7808     7809     7811     7811     7809     7809     7805     7803 
    7805     7804     7797     7792     7793     7793     7782     7776 
    7776     7771     7763     7759     7755     7747     7739     7731 
    7722     7713     7704     7697     7692     7681     7672     7666 
    7652     7639     7631     7623     7614     7605     7593     7580 
    7570     7562     7551     7541     7528     7515     7507     7495 
    7484     7476     7466     7456     7444     7433     7425     7414 
    7402     7389     7380     7371     7360     7349     7338     7329 
    7322     7315     7304     7294     7284     7273     7264     7253 
    7245     7238     7233     7225     7213     7203     7200     7195 
    7188     7182     7169     7163     7163     7156     7145     7137 
    7134     7132     7126     7119     7115     7113     7109     7102 
    7094     7091     7091     7088     7082     7079     7078     7075 
    7075     7071     7067     7069     7072     7068     7065     7065 
    7069     7071     7071     7069     7068     7076     7079     7075 
    7079     7088     7091     7092     7094     7101     7109     7114 
    7118     7123     7130     7137     7146     7155     7159     7168 
    7179     7187     7195     7203     7213     7226     7234     7240 
    7250     7264     7279     7287     7295     7310     7325     7333 
    7345     7358     7371     7384     7398     7408     7418     7431 
    7447     7462     7472     7481     7499     7514     7523     7538 
    7551     7564     7580     7593     7603     7618     7634     7649 
    7657     7670     7689     7700     7712     7728     7740     7753 
    7766     7778     7789     7804     7819     7832     7840     7852 
    7870     7882     7889     7901     7916     7925     7939     7950 
    7956     7969     7981     7989     8000     8007     8019     8028 
    8035     8044     8054     8063     8070     8075     8083     8089 
    8095     8104     8108     8114     8120     8125     8129     8131 
    8133     8139     8144     8147     8144     8147     8151     8155 
    8155     8152     8154     8155     8154     8151     8149     8148 
    8151     8149     8143     8139     8139     8137     8135     8128 
    8125     8120     8113     8110     8106     8097     8093     8091 
    8086     8078     8071     8066     8062     8056     8050     8043 
    8035     8028     8023     8014     8005     8000     7998     7986 
    7977     7971     7960     7952     7944     7935     7927     7919 
    7909     7902     7896     7885     7873     7865     7854     7847 
    7843     7831     7817     7808     7799     7792     7780     7766 
    7756     7749     7739     7726     7713     7707     7700     7688 
    7674     7661     7654     7647     7635     7626     7616     7607 
    7597     7588     7578     7570     7561     7550     7545     7537 
    7526     7522     7515     7508     7503     7493     7488     7485 
    7479     7473     7470     7468     7464     7458     7456     7456 
    7453     7450     7447     7449     7449     7449     7447     7444 
    7449     7456     7456     7456     7460     7464     7470     7474 
    7476     7482     7487     7491     7499     7507     7512     7519 
    7527     7534     7539     7547     7560     7569     7577     7585 
    7595     7607     7614     7622     7632     7646     7657     7665 
    7674     7685     7696     7708     7719     7728     7740     7753 
    7761     7771     7782     7794     7804     7815     7827     7838 
    7846     7857     7867     7875     7884     7896     7905     7911 
