Origin Time       2016/04/16 01:25:00
Lat.              32.753
Long.             130.762
Depth. (km)       12
Mag.              7.3
Station Code      KGS011
Station Lat.      31.5896
Station Long.     130.3490
Station Height(m) 18
Record Time       2016/04/16 01:25:30
Sampling Freq(Hz) 100Hz
Duration Time(s)  94
Dir.              N-S
Scale Factor      3920(gal)/6182761
Max. Acc. (gal)   28.879
Last Correction   2016/04/16 01:25:30
Memo.             
   -4580    -4591    -4584    -4582    -4580    -4576    -4595    -4599 
   -4578    -4571    -4584    -4596    -4586    -4577    -4588    -4596 
   -4589    -4576    -4572    -4587    -4596    -4583    -4573    -4581 
   -4587    -4591    -4590    -4586    -4591    -4584    -4581    -4587 
   -4582    -4587    -4589    -4579    -4590    -4594    -4584    -4586 
   -4585    -4587    -4586    -4577    -4583    -4585    -4586    -4590 
   -4584    -4590    -4589    -4577    -4587    -4586    -4579    -4595 
   -4594    -4584    -4575    -4575    -4591    -4591    -4583    -4582 
   -4584    -4590    -4580    -4584    -4601    -4584    -4573    -4586 
   -4589    -4588    -4587    -4577    -4584    -4604    -4601    -4580 
   -4575    -4579    -4581    -4589    -4586    -4572    -4590    -4601 
   -4582    -4576    -4584    -4593    -4591    -4584    -4584    -4576 
   -4580    -4595    -4587    -4585    -4588    -4587    -4590    -4582 
   -4577    -4586    -4592    -4589    -4581    -4579    -4580    -4586 
   -4587    -4588    -4597    -4587    -4567    -4579    -4603    -4593 
   -4570    -4583    -4602    -4585    -4570    -4591    -4597    -4579 
   -4593    -4599    -4575    -4584    -4590    -4566    -4581    -4607 
   -4587    -4572    -4586    -4597    -4596    -4580    -4574    -4584 
   -4577    -4584    -4597    -4581    -4589    -4601    -4578    -4579 
   -4589    -4578    -4586    -4601    -4584    -4564    -4582    -4602 
   -4584    -4578    -4593    -4592    -4586    -4584    -4585    -4592 
   -4588    -4577    -4578    -4587    -4590    -4583    -4581    -4586 
   -4593    -4590    -4580    -4585    -4584    -4573    -4583    -4586 
   -4580    -4588    -4590    -4590    -4584    -4577    -4587    -4588 
   -4589    -4593    -4581    -4584    -4592    -4582    -4581    -4588 
   -4585    -4584    -4594    -4595    -4584    -4580    -4581    -4585 
   -4585    -4592    -4595    -4573    -4572    -4594    -4592    -4582 
   -4581    -4587    -4591    -4582    -4583    -4589    -4596    -4593 
   -4576    -4581    -4584    -4575    -4589    -4586    -4577    -4593 
   -4584    -4575    -4591    -4591    -4592    -4595    -4576    -4576 
   -4588    -4582    -4583    -4592    -4593    -4581    -4579    -4594 
   -4588    -4581    -4587    -4575    -4579    -4600    -4582    -4572 
   -4594    -4598    -4586    -4575    -4577    -4593    -4593    -4589 
   -4585    -4581    -4599    -4601    -4569    -4567    -4592    -4598 
   -4586    -4575    -4586    -4598    -4585    -4573    -4578    -4586 
   -4596    -4598    -4578    -4580    -4598    -4578    -4572    -4594 
   -4589    -4585    -4588    -4584    -4585    -4582    -4588    -4597 
   -4577    -4575    -4604    -4592    -4569    -4590    -4591    -4575 
   -4588    -4591    -4578    -4582    -4593    -4588    -4573    -4579 
   -4595    -4591    -4592    -4598    -4577    -4575    -4599    -4592 
   -4577    -4582    -4578    -4576    -4591    -4595    -4589    -4583 
   -4579    -4590    -4583    -4563    -4588    -4603    -4574    -4572 
   -4595    -4594    -4583    -4589    -4592    -4584    -4590    -4594 
   -4581    -4576    -4590    -4597    -4583    -4582    -4589    -4584 
   -4582    -4590    -4589    -4580    -4585    -4589    -4577    -4575 
   -4588    -4597    -4592    -4580    -4579    -4583    -4590    -4591 
   -4582    -4583    -4587    -4585    -4582    -4577    -4585    -4598 
   -4584    -4581    -4592    -4578    -4574    -4596    -4590    -4586 
   -4597    -4575    -4579    -4604    -4579    -4567    -4592    -4592 
   -4584    -4592    -4589    -4579    -4581    -4593    -4592    -4568 
   -4571    -4604    -4596    -4570    -4585    -4590    -4572    -4585 
   -4599    -4587    -4580    -4585    -4589    -4583    -4592    -4606 
   -4580    -4562    -4591    -4593    -4567    -4585    -4610    -4589 
   -4568    -4575    -4586    -4591    -4587    -4578    -4587    -4600 
   -4591    -4578    -4574    -4584    -4599    -4596    -4579    -4578 
   -4592    -4589    -4579    -4586    -4593    -4585    -4583    -4588 
   -4579    -4580    -4599    -4599    -4579    -4575    -4597    -4596 
   -4574    -4575    -4581    -4578    -4586    -4596    -4597    -4584 
   -4579    -4596    -4589    -4567    -4588    -4601    -4575    -4580 
   -4592    -4581    -4590    -4589    -4577    -4591    -4591    -4569 
   -4578    -4603    -4595    -4570    -4577    -4595    -4583    -4576 
   -4588    -4598    -4601    -4591    -4579    -4579    -4589    -4591 
   -4578    -4575    -4576    -4584    -4598    -4585    -4581    -4601 
   -4597    -4585    -4576    -4571    -4588    -4588    -4577    -4590 
   -4600    -4597    -4585    -4573    -4583    -4595    -4587    -4578 
   -4583    -4584    -4572    -4576    -4585    -4592    -4602    -4590 
   -4580    -4585    -4579    -4586    -4594    -4583    -4582    -4587 
   -4590    -4588    -4594    -4593    -4570    -4582    -4604    -4574 
   -4572    -4596    -4576    -4575    -4599    -4592    -4585    -4588 
   -4582    -4580    -4588    -4586    -4582    -4582    -4578    -4589 
   -4600    -4591    -4586    -4581    -4577    -4589    -4588    -4575 
   -4581    -4593    -4583    -4574    -4577    -4577    -4590    -4590 
   -4582    -4601    -4596    -4575    -4584    -4584    -4569    -4575 
   -4596    -4591    -4576    -4594    -4599    -4587    -4590    -4574 
   -4566    -4583    -4580    -4573    -4581    -4592    -4596    -4585 
   -4580    -4599    -4599    -4577    -4577    -4582    -4580    -4592 
   -4590    -4568    -4576    -4601    -4588    -4570    -4578    -4591 
   -4594    -4584    -4587    -4592    -4575    -4573    -4583    -4584 
   -4585    -4583    -4586    -4587    -4587    -4600    -4594    -4571 
   -4569    -4585    -4588    -4579    -4593    -4600    -4575    -4578 
   -4588    -4580    -4588    -4588    -4586    -4598    -4575    -4560 
   -4588    -4590    -4581    -4596    -4592    -4582    -4585    -4576 
   -4578    -4588    -4585    -4589    -4582    -4571    -4578    -4584 
   -4594    -4595    -4580    -4582    -4582    -4580    -4592    -4584 
   -4572    -4586    -4589    -4575    -4585    -4597    -4581    -4577 
   -4589    -4583    -4580    -4590    -4595    -4589    -4580    -4586 
   -4591    -4578    -4583    -4591    -4577    -4585    -4596    -4590 
   -4584    -4581    -4584    -4585    -4588    -4591    -4574    -4573 
   -4599    -4595    -4582    -4584    -4583    -4585    -4584    -4583 
   -4587    -4586    -4587    -4587    -4593    -4599    -4583    -4575 
   -4587    -4582    -4577    -4590    -4586    -4581    -4587    -4584 
   -4583    -4590    -4594    -4590    -4582    -4581    -4593    -4588 
   -4572    -4587    -4602    -4590    -4585    -4583    -4582    -4584 
   -4582    -4588    -4585    -4577    -4589    -4589    -4580    -4595 
   -4595    -4568    -4578    -4603    -4588    -4583    -4594    -4574 
   -4580    -4607    -4583    -4572    -4585    -4583    -4602    -4602 
   -4569    -4580    -4593    -4573    -4579    -4594    -4582    -4579 
   -4597    -4592    -4575    -4582    -4588    -4580    -4581    -4595 
   -4597    -4578    -4579    -4590    -4580    -4585    -4597    -4587 
   -4583    -4580    -4581    -4588    -4580    -4579    -4588    -4593 
   -4598    -4587    -4576    -4585    -4598    -4593    -4576    -4575 
   -4584    -4582    -4578    -4581    -4596    -4607    -4588    -4579 
   -4588    -4578    -4578    -4593    -4581    -4579    -4592    -4588 
   -4584    -4585    -4586    -4594    -4582    -4566    -4580    -4591 
   -4585    -4587    -4584    -4586    -4597    -4592    -4582    -4580 
   -4586    -4587    -4582    -4592    -4596    -4582    -4580    -4585 
   -4584    -4588    -4592    -4580    -4575    -4584    -4585    -4586 
   -4587    -4584    -4584    -4587    -4591    -4584    -4588    -4598 
   -4588    -4582    -4585    -4586    -4581    -4573    -4582    -4585 
   -4583    -4596    -4591    -4584    -4591    -4584    -4578    -4582 
   -4585    -4581    -4575    -4594    -4602    -4572    -4571    -4597 
   -4593    -4583    -4596    -4591    -4571    -4574    -4590    -4587 
   -4580    -4590    -4591    -4588    -4589    -4578    -4579    -4590 
   -4585    -4582    -4581    -4584    -4596    -4585    -4583    -4603 
   -4589    -4577    -4587    -4583    -4589    -4593    -4583    -4578 
   -4580    -4591    -4587    -4572    -4579    -4594    -4589    -4576 
   -4586    -4596    -4580    -4577    -4589    -4584    -4579    -4594 
   -4598    -4577    -4582    -4604    -4587    -4579    -4585    -4570 
   -4585    -4594    -4575    -4583    -4584    -4581    -4605    -4597 
   -4570    -4587    -4593    -4579    -4584    -4578    -4586    -4608 
   -4587    -4569    -4591    -4593    -4576    -4581    -4587    -4585 
   -4580    -4571    -4587    -4597    -4588    -4593    -4579    -4575 
   -4603    -4588    -4572    -4590    -4586    -4585    -4591    -4576 
   -4584    -4598    -4581    -4578    -4594    -4586    -4575    -4591 
   -4589    -4571    -4586    -4600    -4594    -4585    -4577    -4587 
   -4603    -4590    -4571    -4581    -4595    -4584    -4572    -4580 
   -4588    -4588    -4591    -4583    -4574    -4587    -4591    -4582 
   -4584    -4585    -4583    -4582    -4595    -4603    -4584    -4578 
   -4586    -4581    -4589    -4598    -4593    -4589    -4575    -4576 
   -4593    -4582    -4577    -4589    -4582    -4572    -4585    -4603 
   -4590    -4578    -4593    -4585    -4565    -4581    -4596    -4588 
   -4585    -4590    -4588    -4588    -4585    -4582    -4584    -4586 
   -4589    -4579    -4574    -4591    -4588    -4572    -4586    -4595 
   -4586    -4591    -4584    -4573    -4592    -4597    -4574    -4570 
   -4581    -4587    -4597    -4588    -4565    -4582    -4599    -4577 
   -4576    -4590    -4587    -4581    -4578    -4589    -4600    -4596 
   -4596    -4586    -4572    -4578    -4578    -4575    -4587    -4586 
   -4588    -4611    -4593    -4564    -4589    -4585    -4562    -4592 
   -4601    -4579    -4587    -4587    -4576    -4584    -4586    -4587 
   -4598    -4585    -4577    -4595    -4590    -4577    -4587    -4582 
   -4573    -4591    -4591    -4579    -4583    -4580    -4588    -4604 
   -4585    -4574    -4592    -4589    -4581    -4582    -4581    -4591 
   -4593    -4583    -4591    -4595    -4582    -4578    -4582    -4586 
   -4584    -4571    -4574    -4596    -4602    -4586    -4569    -4581 
   -4601    -4588    -4582    -4593    -4587    -4582    -4589    -4586 
   -4582    -4586    -4581    -4580    -4590    -4590    -4591    -4585 
   -4574    -4583    -4590    -4581    -4585    -4589    -4582    -4586 
   -4589    -4584    -4590    -4597    -4584    -4578    -4581    -4580 
   -4596    -4604    -4581    -4568    -4579    -4589    -4587    -4579 
   -4579    -4594    -4588    -4573    -4585    -4596    -4588    -4585 
   -4585    -4588    -4594    -4588    -4580    -4577    -4584    -4601 
   -4594    -4578    -4583    -4583    -4581    -4589    -4587    -4585 
   -4594    -4581    -4566    -4587    -4603    -4598    -4594    -4579 
   -4582    -4585    -4561    -4574    -4591    -4585    -4607    -4609 
   -4583    -4586    -4584    -4569    -4577    -4592    -4590    -4590 
   -4586    -4578    -4580    -4574    -4577    -4599    -4592    -4581 
   -4593    -4589    -4580    -4584    -4583    -4587    -4598    -4587 
   -4568    -4578    -4597    -4590    -4577    -4591    -4607    -4595 
   -4567    -4564    -4579    -4573    -4579    -4604    -4597    -4594 
   -4606    -4595    -4578    -4573    -4582    -4589    -4587    -4598 
   -4606    -4594    -4589    -4588    -4593    -4600    -4596    -4600 
   -4606    -4593    -4594    -4601    -4592    -4587    -4589    -4585 
   -4592    -4589    -4569    -4583    -4588    -4565    -4574    -4577 
   -4563    -4565    -4557    -4554    -4572    -4576    -4573    -4579 
   -4578    -4580    -4609    -4621    -4606    -4613    -4626    -4620 
   -4611    -4601    -4599    -4610    -4593    -4557    -4539    -4526 
   -4524    -4522    -4503    -4511    -4538    -4539    -4536    -4557 
   -4577    -4585    -4602    -4610    -4594    -4586    -4586    -4574 
   -4563    -4565    -4573    -4573    -4554    -4523    -4515    -4522 
   -4515    -4508    -4491    -4461    -4443    -4410    -4369    -4351 
   -4329    -4297    -4267    -4253    -4253    -4256    -4286    -4343 
   -4395    -4422    -4446    -4502    -4579    -4670    -4760    -4812 
   -4855    -4891    -4899    -4893    -4875    -4855    -4858    -4846 
   -4805    -4787    -4804    -4837    -4878    -4902    -4911    -4925 
   -4894    -4758    -4559    -4374    -4231    -4151    -4081    -3986 
   -3943    -3929    -3853    -3738    -3648    -3636    -3718    -3803 
   -3773    -3685    -3753    -4025    -4333    -4552    -4675    -4708 
   -4617    -4389    -4161    -4176    -4511    -4985    -5379    -5637 
   -5818    -5964    -6069    -6057    -5928    -5776    -5607    -5440 
   -5316    -5275    -5395    -5613    -5743    -5711    -5570    -5430 
   -5346    -5288    -5210    -5126    -5046    -4850    -4475    -4064 
   -3792    -3742    -3796    -3731    -3529    -3305    -3102    -2968 
   -2946    -3052    -3343    -3765    -4081    -4147    -4049    -3903 
   -3765    -3723    -3830    -4060    -4385    -4763    -5062    -5164 
   -5141    -5205    -5425    -5600    -5602    -5634    -5898    -6276 
   -6522    -6592    -6620    -6669    -6736    -6792    -6777    -6671 
   -6518    -6444    -6530    -6645    -6730    -6868    -6892    -6502 
   -5722    -4880    -4330    -4093    -3901    -3768    -3886    -4075 
   -4008    -3556    -2800    -2099    -1758    -1557    -1130     -545 
    -221     -438     -936    -1215    -1320    -1655    -2144    -2455 
   -2638    -2939    -3445    -4017    -4508    -4983    -5536    -6113 
   -6638    -7114    -7410    -7219    -6594    -5996    -5666    -5632 
   -6028    -6796    -7686    -8672    -9666   -10254   -10186    -9641 
   -8934    -8269    -7718    -7297    -7102    -7130    -7002    -6337 
   -5251    -4247    -3614    -3008    -2109    -1280     -933     -964 
   -1113    -1242    -1335    -1572    -1867    -1508     -134     1488 
    2251     1806      715     -392    -1323    -1934    -2202    -2345 
   -2498    -2878    -3564    -4147    -4456    -4845    -5657    -6894 
   -8087    -8836    -9254    -9491    -9590    -9861   -10445   -10711 
   -9984    -8535    -7277    -7097    -8498   -11115   -13614   -14622 
  -13905   -12426   -10993    -9598    -8376    -7508    -6452    -4929 
   -3489    -2698    -2918    -4095    -5110    -4504    -2217      411 
    2364     3671     4640     5199     5421     5920     6926     7822 
    7802     6556     4726     3512     3436     3764     3548     2710 
    1427     -227    -1840    -3202    -4475    -5501    -5853    -5500 
   -5265    -6151    -8293   -11283   -14459   -16445   -16074   -13896 
  -11341    -9410    -8955    -9988   -11112   -11284   -10902   -11056 
  -12191   -13676   -14815   -15142   -14208   -11893    -8241    -3812 
    -379      236    -1908    -4481    -4847    -2636      706     3821 
    5694     6260     6388     5914     4029     1298    -1074    -2390 
   -2115     -166     3108     7373    11476    13568    12589     8530 
    2225    -4381    -9126   -11044   -10272    -7310    -3231      161 
    1363       32    -3197    -7227   -11174   -14922   -18773   -22268 
  -24574   -25521   -24162   -19256   -12432    -7221    -5784    -8129 
  -13109   -19032   -23302   -23836   -20762   -15009    -7716     -898 
    4040     6457     5724     2851     -409    -3689    -6436    -7565 
   -6334    -1844     5354    12162    15283    13851     9983     6285 
    3775     2365     1461      955     1526     3738     7352    10369 
   10412     7403     2602    -3237    -9299   -14288   -17353   -17992 
  -15756   -11751    -7974    -5168    -4098    -6400   -12519   -20204 
  -25375   -25971   -24518   -23790   -22517   -19176   -15479   -13721 
  -14487   -16612   -18094   -17585   -14928   -10742    -5535      863 
    8419    14726    16125    12831     8174     3108    -2375    -6414 
   -7853    -6582    -2192     4471    11130    15787    17109    14427 
    8514     1612    -4074    -7590    -8711    -6968    -1919     5256 
   10947    12298    10333     6195     -748    -8895   -16334   -23000 
  -26560   -24173   -17707   -11100    -5967    -3090    -3327    -6203 
  -10713   -15509   -18911   -20086   -19061   -16518   -13356   -10172 
   -7007    -3463     -228      978        1    -1541    -2607    -3054 
   -2100     1542     7597    13071    14892    13515    10988     7555 
    3117    -1411    -4614    -4914    -2274     1627     5026     6349 
    5092     1811    -3119    -8439   -12266   -14164   -14629   -13826 
  -11174    -5995      487     4890     4323     -806    -7250   -12826 
  -17423   -19652   -17733   -13360    -9289    -6092    -4309    -4361 
   -4890    -5447    -7274   -10410   -12924   -13222   -11938   -10066 
   -7119    -2923     1091     3348     3826     3795     3973     3945 
    3572     3356     3477     3676     3661     3350     2796     1785 
    -239    -3752    -8457   -13183   -16654   -17515   -14789    -9917 
   -5624    -2338      717     2791     2645      214    -3645    -8107 
  -12526   -15863   -16656   -14659   -11859    -9304    -5934    -2295 
    -436    -1540    -5851   -12062   -18022   -21663   -20546   -14625 
   -7237     -848     4172     7698     9059     7542     4251     1423 
     -20     -286      155      606      792     1358     2568     3129 
    1410    -2638    -7270   -11014   -13617   -14165   -11697    -7886 
   -4918    -2766    -1664    -2856    -5887    -8725   -10285   -11512 
  -13178   -13935   -12430    -9040    -5214    -2635    -2289    -4003 
   -6813   -10040   -13602   -15870   -14198    -9515    -5362    -2482 
     112     1318     -204    -3101    -5164    -6239    -7206    -7660 
   -6437    -3115     1922     7630    12270    14228    12659     7754 
    1346    -4415    -8791   -10973    -9650    -5163      334     4325 
    5165     2948     -958    -5209    -9209   -12923   -16016   -17533 
  -16842   -14221   -10252    -5829    -2507    -1582    -3231    -6606 
  -10628   -14477   -16296   -14317    -9941    -5228     -112     4608 
    6222     3513    -1651    -6866   -11466   -14782   -15135   -12214 
   -7844    -3763     -177     2784     4197     3692     1435    -2427 
   -6792    -9928   -11231   -10879    -9137    -6972    -4592     -688 
    4432     7949     8048     5962     3642     1182    -1998    -5567 
   -9011   -11967   -13533   -12528    -9187    -5351    -1961     1188 
    3671     5250     5872     4213     -482    -6541   -11745   -15266 
  -16403   -13776    -8353    -3482     -591      351    -1377    -5482 
  -10499   -15237   -18158   -17931   -15509   -12698    -9322    -4835 
    -314     2794     3844     3372     2005     -646    -4289    -7775 
  -10955   -13465   -13690   -11335    -8324    -5586    -1902     2696 
    5788     6002     4757     3555     1814     -997    -3606    -4804 
   -4916    -4550    -3090      280     4480     6990     6444     3595 
    -100    -3343    -5382    -6811    -8618   -11007   -13718   -15404 
  -14421   -11745    -9600    -8303    -7369    -6928    -7575   -10090 
  -13760   -16122   -15492   -12111    -7530    -3760    -1912    -1820 
   -2982    -4758    -6647    -8613    -9781    -8613    -5084     -531 
    3586     6191     7456     7880     6853     4006       44    -4124 
   -7240    -8177    -6845    -3547     1142     5720     8241     7274 
    2601    -4332   -10943   -15675   -18485   -18431   -15030   -10641 
   -6936    -4007    -3058    -4487    -7041    -9846   -12313   -13806 
  -13618   -11410    -8062    -4648    -1625      687     2066     2257 
    1138     -463    -1315    -1484    -2015    -2799    -2533     -458 
    3208     7101     9005     7966     5144     2321      106    -2368 
   -5348    -7682    -8531    -7853    -6554    -5961    -5729    -4856 
   -3994    -4389    -6599   -10383   -14545   -17491   -18306   -17345 
  -15376   -12710   -10354    -9772   -10598   -11485   -12074   -11984 
  -10493    -8049    -5709    -3705    -2133    -1377    -1298    -1640 
   -2821    -5194    -7518    -7558    -4739     -321     4491     8536 
   10698    11059     9887     6548     1354    -4236    -9423   -13760 
  -16425   -16171   -12301    -6624    -1571     2291     3899     1949 
   -2433    -7689   -13466   -19013   -22274   -21390   -17373   -12856 
   -8912    -6002    -4898    -5942    -9559   -16000   -23967   -30239 
  -31846   -28144   -19876    -8962     1465     9503    14345    14789 
   11474     6865     2612      437     1574     4913     8980    12831 
   15721    17134    15750    11108     5382      520    -3587    -6687 
   -7425    -5477    -1914     1718     4047     4175     1273    -4470 
  -11185   -17220   -21261   -21017   -15504    -7467     -565     3494 
    3985     1142    -3491    -8980   -15727   -23118   -28268   -29089 
  -26522   -22171   -16751   -11255    -6838    -4092    -3024    -3097 
   -3827    -4464    -3586     -301     5245    12099    18472    22535 
   23154    19947    13597     5541    -2261    -7426    -8749    -6950 
   -3824    -1174      113      -97    -1358    -2917    -4503    -5777 
   -5899    -4505    -2026      544     2264     3401     4595     4867 
    3007     -221    -3782    -7718   -11747   -15243   -17518   -17745 
  -16708   -16077   -15750   -15415   -15912   -17210   -18410   -18929 
  -18243   -15900   -12050    -7738    -4051    -1174      933     2063 
    2119     1155     -558    -2396    -3617    -4010    -4083    -4237 
   -4380    -4653    -5573    -6996    -7795    -7080    -5251    -3298 
   -1343      774     1827      661    -1679    -3327    -3158     -796 
    3256     8170    12887    15606    15335    12738     8453     2979 
   -2413    -6768   -10020   -12145   -13067   -12826   -11858   -11187 
  -11426   -12406   -14312   -17486   -21046   -23131   -22044   -17233 
  -10083    -2837     3241     7164     7075     2692    -3281    -8746 
  -13522   -17008   -17984   -16082   -12735    -9562    -6952    -5491 
   -5310    -5701    -6756    -8346    -9400    -8763    -5318     1199 
    9230    16260    20628    21840    19589    14209     7719     2721 
     430      143      483      899     1614     2586     2924     1855 
    -367    -3505    -7650   -12279   -16211   -17612   -14873    -9247 
   -4009     -399     1582      773    -2583    -5931    -7818    -8619 
   -8742    -8587    -8870   -10101   -12528   -16053   -19864   -22747 
  -23921   -23391   -21389   -17938   -13170    -7687    -2223     2762 
    6453     7799     6861     4507     1901      656     1299     3057 
    5127     6184     5258     2944     -142    -3794    -7527   -11141 
  -14460   -16525   -16231   -13409    -8560    -2235     4258     8657 
    9147     5876      843    -4078    -7422    -7729    -5035     -672 
    3455     5040     3575      542    -3220    -7458   -11276   -14214 
  -16116   -16039   -13835   -10434    -6284    -1824     2201     4661 
    4059      888    -2826    -6355    -9190   -10387    -9739    -7313 
   -4011    -1496     -173       36    -1194    -3108    -4736    -6423 
   -8858   -12232   -15597   -16926   -15788   -14126   -13158   -12900 
  -13815   -15162   -15050   -13358   -10958    -7875    -3743     1271 
    5702     7812     7677     6695     5567     4139     2390      467 
   -1523    -3333    -4616    -5311    -5733    -5780    -5010    -3524 
   -1692       18     1175     2039     2925     3752     4624     5629 
    6575     6931     5905     3336       -7    -2847    -4066    -3839 
   -3274    -3025    -3380    -4563    -6412    -8555   -10689   -12428 
  -12998   -11732    -9482    -7992    -7838    -8738   -10425   -12117 
  -12666   -11351    -8274    -4361    -1057      222     -780    -2831 
   -4860    -6799    -8321    -8193    -5641    -1896      537      581 
    -451    -1429    -3120    -5707    -7407    -7035    -4816    -1050 
    3533     7617    10414    11609    10655     7588     3788      399 
   -2943    -6663    -9909   -11550   -11362    -9821    -7887    -6708 
   -6786    -7932    -9915   -12405   -14447   -14624   -12331    -8794 
   -5817    -3932    -2975    -3205    -4810    -7140    -8784    -8809 
   -7716    -6583    -6022    -6170    -6857    -7575    -7668    -7137 
   -6900    -7533    -8592    -9737   -11035   -11854   -11033    -8153 
   -3949      226     3333     5134     5823     5759     5472     5260 
    4707     3244     1142     -751    -1628     -842     1374     3659 
    4674     4000     1919    -1268    -5032    -8088    -9534    -9676 
   -9178    -8527    -7736    -6516    -5156    -4183    -3688    -3610 
   -3910    -4653    -5969    -7581    -8740    -8863    -8279    -7953 
   -8501    -9993   -11975   -13743   -15321   -16836   -17243   -15397 
  -11612    -7337    -3717    -1039      368        1    -1767    -3825 
   -5355    -5826    -4710    -2059     1167     3959     6104     7548 
    7439     5225     1916    -1155    -3586    -5345    -6350    -6653 
   -6266    -5087    -3305    -1568     -837    -1793    -3813    -5434 
   -6054    -5997    -5347    -3886    -1775      234     1193      596 
   -1353    -3972    -6675    -9304   -11654   -13325   -14221   -14609 
  -14583   -13565   -11262    -8851    -7599    -7416    -7673    -7683 
   -6801    -5323    -4359    -4411    -4854    -4607    -3120    -1127 
     132      189    -1031    -3341    -5722    -7410    -8351    -8025 
   -6005    -3131     -837      -63     -625    -1553    -2462    -3487 
   -4239    -4412    -4539    -5288    -6498    -7216    -6892    -5793 
   -4252    -3052    -3403    -5309    -7492    -8904    -9198    -8307 
   -6307    -3797    -1729     -503     -241    -1351    -3483    -5288 
   -5996    -5812    -4981    -3570    -1713      386     2591     4639 
    5843     5620     3985     1122    -2610    -6069    -8085    -8838 
   -9160    -9212    -8867    -8062    -6679    -5242    -4781    -5495 
   -6660    -7649    -8294    -8733    -9054    -8966    -8174    -6803 
   -5353    -4441    -4361    -5120    -6635    -8206    -8790    -8065 
   -6261    -3749    -1260      352      486     -954    -3382    -5884 
   -7545    -7656    -6301    -4494    -3210    -2335    -1261     -407 
    -664    -1949    -3786    -5891    -7734    -8896    -9211    -8365 
   -6407    -4105    -2377    -1792    -2338    -3573    -5172    -7006 
   -8806    -9959    -9836    -8682    -7672    -7712    -8616    -9549 
  -10020   -10192   -10138    -9351    -7640    -5536    -3365    -1304 
     224     1274     2292     3435     4591     5211     4681     3234 
    1597      213     -825    -1644    -2468    -3447    -4596    -5840 
   -7084    -8194    -8846    -8531    -6877    -4241    -1985    -1461 
   -2741    -4945    -7296    -9187   -10055    -9990    -9789   -10221 
  -11340   -12313   -12344   -11519   -10346    -9297    -8692    -8551 
   -9094   -10718   -12877   -14067   -13044    -9763    -5477    -1769 
     439     1082     1030     1677     3712     6715     9378    10070 
    8522     5828     2922      494    -1105    -1865    -1734    -1310 
   -1607    -2923    -4859    -6661    -7778    -8383    -8657    -8519 
   -8640    -9864   -11817   -13501   -14192   -13672   -12521   -11759 
  -11807   -12054   -11693   -10560    -8985    -7589    -7115    -8032 
  -10125   -12305   -13427   -13117   -11546    -8932    -5447    -1450 
    2738     6711     9304     9674     8527     6973     5560     4684 
    4549     4965     5649     6522     7727     8969     9195     7738 
    5107     2280     -175    -2156    -3528    -3942    -2991     -719 
    1999     3940     4319     3131      690    -2678    -6343    -9726 
  -12506   -14277   -14786   -14321   -13930   -14497   -15461   -16114 
  -16823   -17621   -17937   -17527   -16422   -15038   -13856   -12696 
  -11369   -10168    -9500    -9507    -9551    -8940    -8106    -7782 
   -7761    -7194    -5520    -2953     -388     1109      900     -783 
   -3139    -5830    -8921   -11746   -12946   -11762    -8942    -5775 
   -2438     1163     4073     5527     5635     4211      977    -3101 
   -6598    -9153   -10653   -10657    -9461    -8129    -7425    -7484 
   -8119    -8856    -9267    -9182    -8230    -6327    -4058    -1658 
    1098     4132     7058     9248    10186    10286    10514    11117 
   11377    10785     9965     9770    10110    10221     9531     8254 
    6946     5468     3432     1073    -1191    -3061    -4266    -4868 
   -5232    -5745    -6940    -9268   -12657   -16787   -20864   -23236 
  -22986   -20926   -18156   -15702   -14714   -15288   -16692   -18589 
  -20967   -23779   -26849   -29661   -31475   -31904   -30925   -28450 
  -24652   -20020   -14942   -10000    -5727    -1771     2555     7318 
   12097    16190    18818    19798    19433    17811    15096    12110 
   10011     9274     9249     9048     8770     9555    12157    15818 
   18950    20487    20214    18225    14913    11259     7974     4843 
    1590    -1750    -5072    -7953    -9901   -10809   -10886   -10598 
  -10536   -11329   -13629   -18093   -25172   -34242   -43214   -49186 
  -50139   -47068   -41549   -33105   -23507   -15433    -8701    -4752 
   -4529    -5952    -8741   -12075   -13366   -13029   -12618   -11630 
   -9589    -6242     -807     6170    13085    18941    23168    25472 
   26020    25064    23123    21223    20424    21339    23681    26446 
   28917    30675    30797    28554    24534    19841    15068    10496 
    6260     2000    -2972    -8584   -14273   -20138   -25661   -28874 
  -28794   -26701   -24138   -21547   -19148   -17322   -16561   -17586 
  -20425   -24384   -28841   -32566   -33558   -31763   -29503   -26673 
  -21848   -16957   -12846    -8434    -5563    -6390   -11204   -18679 
  -25296   -28085   -26546   -20871   -11073     1103    13291    24759 
   33693    37451    36009    30583    21981    12127     4343      655 
     404     3009     8396    14196    17740    18602    16420    10980 
    4095    -2021    -6568    -9479   -10649   -10046    -8043    -5503 
   -3295    -2247    -3394    -6985   -12074   -17761   -23249   -27103 
  -28558   -28426   -27434   -25654   -23052   -19227   -14148    -8569 
   -3681    -1224    -2459    -7105   -13848   -21390   -28619   -33890 
  -35444   -32462   -25531   -16852    -8840    -2647     1173     2398 
    1905      888     -442    -1795    -1690      450     3454     6610 
    9353    10332     9279     6999     3871      476    -2106    -3281 
   -2856     -697     2583     5607     7631     9186    10654    11457 
   11391    10674     8717     4763     -622    -5528    -8177    -8328 
   -7027    -5481    -4848    -6063    -9436   -14988   -22126   -29001 
  -33904   -36332   -35528   -31277   -26491   -23066   -19411   -16669 
  -16488   -16770   -17297   -18198   -17159   -13847    -9328    -4067 
    1879     8481    14475    18007    18303    16025    12280     7806 
    3549      787      523     3249     8336    13620    16857    17064 
   14060     8649     3204       31     -412     1027     3213     4954 
    5701     5767     5361     4374     2864      882    -1579    -4258 
   -7025    -9973   -12518   -13801   -13884   -13565   -13624   -14435 
  -16375   -19856   -24163   -27670   -29076   -27313   -22570   -17880 
  -15128   -12429    -9832    -9112    -9483   -10599   -12483   -14079 
  -15152   -15284   -13682   -10076    -4705     1338     6957    11432 
   13865    13807    11933     9698     8708     9606    11516    13049 
   13245    11975     9785     7061     3828      367    -2392    -3433 
   -2370      597     4575     7813     8550     5944      173    -7463 
  -15081   -21642   -26531   -28310   -26563   -23032   -19090   -15882 
  -14536   -13953   -13836   -15294   -16616   -16021   -14084   -11177 
   -7452    -3451      393     3760     6023     6310     4748     2537 
     603     -681    -1416    -1951    -1868     -150     3385     7741 
   12019    16043    19196    20382    19375    16689    12927     8975 
    5924     4498     4643     5742     7003     7182     5328     1949 
   -2292    -7397   -12926   -18564   -24487   -29989   -33368   -33440 
  -31714   -30700   -29522   -27599   -27248   -28100   -28681   -28832 
  -27597   -25467   -23430   -21113   -18636   -16202   -13514   -10657 
   -8563    -7201    -5503    -4238    -3825    -2638     -155     3274 
    7237    10878    13982    16571    18507    19977    21094    21759 
   21878    21268    19530    16553    12874     8792     4052    -1251 
   -6591   -11345   -14786   -16421   -16279   -15045   -14076   -14569 
  -16650   -19853   -24003   -28652   -32237   -32907   -30855   -27390 
  -21880   -15252   -10737    -7984    -5912    -5519    -6519    -8075 
   -9307    -9383    -8179    -5162     -103     6316    12922    18171 
   20867    20450    17234    12670     8365     5239     3308     1788 
     480      161     1101     2744     4379     5595     6315     6539 
    6535     6582     6475     5970     5481     5816     6805     7242 
    6366     4031      539    -2983    -5454    -6633    -6967    -7573 
   -9565   -13172   -18096   -23689   -28409   -30811   -30856   -28423 
  -23272   -17364   -12302    -7726    -4662    -3905    -4377    -5780 
   -8084   -10833   -13889   -16461   -17072   -15129   -11075    -5898 
    -980     3555     7548     8652     6457     3167     -496    -4129 
   -6472    -7278    -7058    -5631    -2380     2404     7407    11300 
   13396    13456    11443     8103     4777     2168      444      -77 
     583     1698     2675     3625     4583     4981     4063     1324 
   -2827    -7136   -10734   -13633   -16329   -19170   -21999   -24535 
  -26415   -27230   -27006   -25411   -22485   -20190   -18607   -16112 
  -14098   -12763   -10916   -10400   -11004   -10824   -10636   -10672 
  -10559   -10763   -11015   -10513    -8557    -5125     -757     4230 
    9256    13458    16487    18403    18933    18221    17140    15783 
   14184    12841    11208     8448     4350     -689    -5126    -7554 
   -8070    -7483    -6745    -6901    -8349   -10544   -13047   -16033 
  -19244   -21763   -23032   -22992   -21970   -20489   -18378   -15598 
  -13233   -11857   -11383   -12172   -14018   -15941   -17266   -17593 
  -16759   -15081   -13087   -11203    -9791    -9265    -9790   -10662 
  -10647    -9022    -5736    -1036     4529     9869    13864    16078 
   16414    14974    12540    10403     9617    10164    11193    12206 
   12842    12395    10718     8206     5124     1740    -1801    -5368 
   -8322   -10116   -10977   -11393   -11470   -11150   -10764   -10830 
  -11838   -14462   -18747   -23574   -27540   -29604   -29522   -27847 
  -25188   -21987   -18617   -15797   -14631   -15320   -16934   -18345 
  -18503   -16912   -13630    -8680    -2617     3537     9172    13600 
   16301    17731    18195    17489    16090    14944    14700    15740 
   18065    21309    24986    28471    30832    31040    28403    22749 
   14652     5469    -3294   -10752   -16620   -20813   -23382   -24350 
  -23944   -22884   -21506   -19766   -18372   -18175   -18983   -19979 
  -20616   -20560   -19447   -17355   -14582   -11179    -7829    -5817 
   -5458    -6080    -7123    -8152    -9091   -10217   -11165   -11243 
  -10280    -8437    -5888    -2656     1267     5839    10661    14776 
   17668    19521    20421    20512    19929    18536    16364    13531 
   10225     6935     3972     1339     -966    -3117    -5338    -7559 
   -9586   -11537   -13943   -17154   -20797   -24577   -28660   -32405 
  -34616   -34995   -33400   -29366   -23234   -16124    -9283    -3816 
    -392      814      -31    -2512    -5949    -9938   -14554   -19023 
  -21674   -21734   -19360   -14609    -7895     -220     7479    13725 
   16615    16309    14608    11988     8894     6926     6562     7631 
   10195    13305    15617    16449    15610    13224     9698     5761 
    2141     -983    -4188    -8022   -12230   -16477   -20328   -22608 
  -22899   -22183   -20896   -18575   -15304   -11747    -8506    -6143 
   -5191    -5834    -7657   -10156   -12928   -15089   -15664   -14400 
  -11624    -8006    -4458    -1857     -998    -2132    -4481    -7165 
   -9870   -12382   -14537   -16266   -17210   -16606   -14180   -10726 
   -6934    -2916      728     3192     4483     5182     5866     6991 
    8782    10801    11854    10891     7748     3133    -1720    -5837 
   -8955   -11117   -12471   -13095   -12637   -11108    -9226    -7474 
   -6387    -6607    -7772    -9150   -10601   -12037   -13117   -13522 
  -13116   -12169   -11446   -11440   -11757   -11884   -11794   -11335 
  -10083    -7983    -5226    -1944     1067     2726     2966     2422 
    1838     1893     2672     3966     5753     7815     9895    11918 
   13397    13636    12506    10308     7508     4778     2628     1117 
      86     -565     -959    -1299    -1626    -2028    -2825    -3932 
   -4833    -5387    -5891    -6725    -8238   -10443   -12970   -15478 
  -17620   -18998   -19422   -18855   -17653   -16517   -15520   -14055 
  -11829    -9294    -7191    -5699    -4347    -2838    -1398     -236 
     754     1664     2383     2975     3873     5095     6127     6751 
    6895     6364     5064     2987      298    -2584    -4893    -5815 
   -5345    -4047    -2379     -797      382     1133     1299      478 
   -1435    -4024    -6837    -9430   -11359   -12475   -12458   -10838 
   -7974    -4751    -1883     -126      -23    -1466    -3875    -6360 
   -8112    -8934    -8927    -7895    -6063    -4496    -3910    -4295 
   -5605    -7656    -9955   -11964   -13102   -12973   -11848   -10240 
   -8324    -6427    -5152    -4533    -4084    -3543    -2824    -1825 
    -897     -663     -908     -752       90     1212     2144     2431 
    1719     -126    -3058    -6489    -9425   -11089   -10965    -8960 
   -5910    -3146    -1329     -724    -1947    -4727    -7599    -9708 
  -11128   -11830   -11505   -10118    -7945    -5232    -2258      603 
    2763     3551     3011     1834      373    -1255    -2567    -3160 
   -3114    -2526    -1256      590     2104     2110      244    -2878 
   -6146    -8573    -9925   -10526   -10655   -10456    -9951    -9100 
   -8100    -7195    -6197    -4866    -3524    -2643    -2417    -2842 
   -3654    -4498    -4936    -4359    -2627     -445     1269     1822 
     838    -1221    -3166    -4354    -5071    -5683    -6234    -6523 
   -6263    -5448    -4214    -2690    -1373     -799     -879    -1375 
   -2498    -4436    -6673    -8269    -8693    -8040    -6802    -5729 
   -5270    -5232    -5157    -4644    -3720    -2775    -1912    -1110 
    -576     -408     -524     -850    -1146     -852      312     1852 
    3244     4561     5935     7205     8087     8491     8654     8464 
    7263     4777     1438    -2045    -4915    -6551    -6895    -6501 
   -5858    -5061    -4137    -3292    -2876    -3194    -4336    -6092 
   -8139   -10338   -12314   -13322   -13104   -11953   -10299    -8908 
   -8576    -9510   -11280   -13084   -14102   -13954   -13012   -11972 
  -11205   -10769   -10505   -10092    -9509    -8850    -7683    -5702 
   -3451    -1557     -147      898     1841     2937     4161     5286 
    6008     6061     5501     4515     3147     1497     -246    -1876 
   -3130    -3625    -2935    -1377      -25      547      432     -383 
   -1911    -3748    -5349    -6538    -7477    -8247    -8626    -8449 
   -7906    -7148    -6255    -5683    -5856    -6707    -8105   -10083 
  -12439   -14674   -16334   -17314   -17791   -17866   -17539   -16841 
  -15779   -14395   -12732   -10786    -8675    -6705    -5293    -4601 
   -4221    -3692    -2956    -2015     -965      -54      737     1611 
    2555     3372     4085     5010     6215     7314     7986     8121 
    7557     6251     4260     1678     -964    -3108    -4837    -6473 
   -8053    -9411   -10502   -11438   -12289   -13211   -14640   -16908 
  -19582   -21844   -23415   -24278   -24218   -23196   -21440   -19266 
  -17079   -15167   -13538   -12084   -10686    -9268    -7966    -6961 
   -6149    -5314    -4373    -3283    -2162    -1433    -1343    -1727 
   -2462    -3488    -4335    -4331    -3157     -770     2729     6821 
   10558    12990    13623    12559    10361     7744     5160     2736 
     436    -1888    -4198    -6243    -7849    -8922    -9561   -10202 
  -11320   -13179   -15817   -18996   -22122   -24441   -25296   -24303 
  -21670   -17989   -13766    -9721    -6672    -5027    -4882    -5959 
   -7718    -9816   -11805   -12959   -12864   -11655    -9498    -6418 
   -2854      215     1902     2078     1449      794      460      708 
    1676     3271     5408     7778     9817    11141    11562    11044 
    9808     8116     6122     3919     1433    -1240    -3583    -5298 
   -6525    -7475    -8536   -10124   -12155   -13975   -14759   -14211 
  -12640   -10354    -7936    -6362    -5919    -6138    -6541    -6740 
   -6630    -6364    -5970    -5405    -4766    -4400    -4655    -5292 
   -5566    -5024    -3867    -2761    -2414    -2924    -3759    -4287 
   -4124    -3271    -1897     -359      599      503     -330    -1294 
   -1949    -2117    -1870    -1406     -954     -745     -988    -1783 
   -3079    -4633    -6087    -7479    -9243   -11365   -13239   -14265 
  -14172   -13171   -11642    -9688    -7418    -5218    -3522    -2570 
   -2190    -1926    -1496     -835      -18      589      644      164 
    -767    -2066    -3490    -4893    -6260    -7227    -7266    -6291 
   -4654    -2957    -1624     -572      306     1000     1555     1995 
    2513     3248     3882     4035     3614     2791     1812      706 
    -611    -2243    -4334    -6862    -9670   -12606   -15358   -17283 
  -17771   -17098   -16038   -14706   -13177   -11846   -10626    -9465 
   -8440    -7369    -6330    -5285    -4113    -3082    -2073     -769 
     566     1545     2007     1844     1062      -10     -853    -1118 
    -712      246     1507     2801     3792     4140     3714     2716 
    1579      681      163      -82     -240     -249        2      276 
     183     -530    -1997    -4157    -6676    -9240   -11822   -14376 
  -16399   -17140   -16389   -14570   -12070    -9479    -7778    -7446 
   -8208    -9490   -10688   -11175   -10322    -8038    -4848    -1344 
    1671     3196     2959     1729      298    -1137    -2491    -3752 
   -5053    -6108    -6436    -5851    -4262    -1847      734     2840 
    4218     4873     4898     4461     3860     3380     3027     2615 
    2034     1134     -322    -2310    -4460    -6384    -8050    -9720 
  -11443   -12846   -13438   -13015   -11998   -11287   -11409   -12337 
  -13987   -15937   -17472   -18128   -17548   -15682   -12972    -9822 
   -6606    -3899    -1980     -706     -245     -891    -2259    -3670 
   -4704    -5083    -4823    -4149    -3171    -2119    -1363    -1157 
   -1572    -2501    -3560    -4058    -3636    -2617    -1361     -205 
     335       56     -819    -2050    -3614    -5605    -7980   -10489 
  -12740   -14245   -14631   -13955   -12521   -10538    -8427    -6795 
   -5944    -6068    -7244    -9075   -11058   -12794   -13656   -13047 
  -10894    -7529    -3332     1310     5619     8426     9043     7523 
    4243      100    -3753    -6737    -8710    -9572    -9303    -7997 
   -5938    -3540    -1013     1429     3061     3258     2211      372 
   -1806    -3649    -4711    -4979    -4645    -4012    -3421    -3146 
   -3239    -3438    -3529    -3510    -3322    -3065    -3098    -3559 
   -4355    -5319    -6227    -6977    -7547    -7821    -7706    -7222 
   -6383    -5150    -3611    -2125    -1162    -1117    -2085    -3760 
   -5771    -7805    -9357    -9850    -9007    -7090    -4874    -3130 
   -2073    -1635    -1834    -2609    -3953    -5791    -7576    -8823 
   -9396    -9112    -7836    -5736    -3296    -1222     -224     -572 
   -1763    -3099    -4236    -4874    -4843    -4261    -3246    -1987 
    -864     -224     -131     -410    -1088    -2364    -4046    -5480 
   -5903    -4755    -2011     1626     5116     7665     8858     8582 
    6978     4395     1429    -1219    -3080    -4002    -4016    -3312 
   -2306    -1576    -1585    -2573    -4556    -7216   -10056   -12695 
  -14673   -15262   -14174   -12073    -9698    -7390    -5559    -4354 
   -3683    -3821    -4814    -6086    -7113    -7658    -7502    -6396 
   -4373    -1949       95     1123     1013      160     -966    -2142 
   -3384    -4620    -5316    -5002    -3875    -2305     -473     1271 
    2453     2760     2119      715    -1250    -3493    -5297    -6174 
   -6385    -6269    -6086    -6250    -6927    -7890    -8866    -9702 
  -10354   -10777   -10914   -10818   -10540   -10075    -9651    -9535 
   -9653    -9773    -9752    -9545    -9224    -8844    -8351    -7711 
   -6936    -6069    -5231    -4516    -3953    -3600    -3443    -3387 
   -3370    -3226    -2657    -1581     -320      726     1398     1681 
    1518     1019      381     -378    -1145    -1737    -2207    -2596 
   -2852    -3031    -3205    -3518    -4165    -5023    -5846    -6639 
   -7257    -7344    -6836    -5749    -4130    -2497    -1529    -1556 
   -2536    -4249    -6529    -9253   -12206   -14801   -16059   -15595 
  -14095   -12081    -9519    -6738    -4157    -1935     -441      -66 
    -703    -1887    -3209    -4324    -4908    -4822    -4046    -2747 
   -1345     -213      466      555       38     -718    -1297    -1734 
   -2185    -2619    -2989    -3160    -3000    -2574    -2095    -1944 
   -2358    -3246    -4625    -6479    -8282    -9348    -9270    -7906 
   -5589    -3228    -1688    -1324    -1966    -3045    -4087    -4928 
   -5407    -5540    -5674    -6078    -6830    -7788    -8493    -8664 
   -8506    -8226    -7864    -7546    -7443    -7581    -7652    -7186 
   -6098    -4657    -3148    -1879    -1059     -721     -965    -1869 
   -3167    -4412    -5363    -6060    -6584    -6819    -6615    -5996 
   -5122    -4238    -3603    -3374    -3552    -4003    -4513    -4802 
   -4635    -4058    -3345    -2661    -1999    -1386     -867     -331 
     270      603      329     -544    -1944    -3717    -5404    -6596 
   -7236    -7421    -7223    -6832    -6554    -6504    -6541    -6448 
   -6131    -5719    -5385    -5177    -5052    -4885    -4478    -3811 
   -3192    -2968    -3289    -4214    -5683    -7337    -8644    -9291 
   -9253    -8617    -7595    -6489    -5468    -4499    -3480    -2342 
   -1161     -171      445      651      507      228      -22     -431 
   -1249    -2503    -4133    -5983    -7717    -8972    -9575    -9659 
   -9468    -9160    -8728    -7983    -6808    -5403    -4216    -3651 
   -3837    -4606    -5740    -7125    -8569    -9823   -10857   -11730 
  -12466   -13180   -13878   -14335   -14320   -13774   -12823   -11642 
  -10394    -9407    -9039    -9267    -9671    -9785    -9357    -8389 
   -7061    -5640    -4326    -3166    -2008     -583     1078     2577 
    3716     4615     5364     5850     5901     5588     5056     4301 
    3486     2891     2590     2504     2463     2262     1712      712 
    -614    -2081    -3598    -5014    -6148    -6969    -7578    -8136 
   -8830    -9800   -11029   -12235   -13077   -13513   -13712   -13758 
  -13664   -13506   -13351   -13130   -12805   -12495   -12227   -11914 
  -11461   -10752    -9771    -8526    -7052    -5541    -4080    -2661 
   -1452     -635     -243     -203     -265       -1      875     2237 
    3663     4806     5597     6088     6281     6246     6087     5768 
    5221     4576     3987     3396     2763     2152     1533      949 
     502       25     -789    -2043    -3558    -5014    -6262    -7384 
   -8406    -9370   -10507   -11913   -13401   -14792   -16061   -17153 
  -17848   -18103   -18090   -17886   -17668   -17513   -17070   -16017 
  -14396   -12571   -10881    -9459    -8495    -8050    -7842    -7540 
   -6954    -6041    -4811    -3296    -1601      207     1922     3235 
    4206     5152     6149     7000     7504     7744     7982     8238 
    8297     7973     7195     6059     4763     3432     1983      246 
   -1671    -3527    -5244    -6771    -8105    -9220    -9944   -10201 
  -10082    -9770    -9573    -9681   -10074   -10779   -11802   -12897 
  -13738   -14127   -13963   -13322   -12377   -11267   -10155    -9209 
   -8601    -8428    -8472    -8399    -8117    -7707    -7202    -6500 
   -5445    -3999    -2259     -323     1643     3367     4669     5619 
    6426     7209     7958     8708     9373     9679     9522     8935 
    7960     6846     5872     5092     4294     3113     1421     -493 
   -2189    -3390    -4090    -4475    -4799    -5178    -5643    -6323 
   -7380    -8853   -10561   -12235   -13611   -14380   -14542   -14442 
  -14274   -14081   -13884   -13543   -12968   -12217   -11403   -10756 
  -10405   -10152    -9691    -8856    -7658    -6270    -4942    -3711 
   -2446    -1194     -102      800     1585     2379     3191     3905 
    4426     4674     4653     4554     4453     4168     3572     2709 
    1623      342    -1056    -2455    -3688    -4622    -5252    -5659 
   -5944    -6168    -6388    -6688    -7122    -7691    -8305    -8783 
   -9022    -9064    -8974    -8754    -8379    -7913    -7482    -7138 
   -6936    -6962    -7195    -7536    -7808    -7769    -7307    -6435 
   -5245    -3930    -2668    -1578     -727     -127      290      622 
     891     1114     1358     1587     1625     1336      708     -184 
   -1167    -2044    -2735    -3222    -3507    -3666    -3727    -3689 
   -3641    -3682    -3902    -4303    -4776    -5237    -5550    -5567 
   -5397    -5148    -4744    -4250    -3813    -3531    -3578    -4033 
   -4774    -5645    -6511    -7297    -7954    -8408    -8701    -8983 
   -9319    -9693    -9985    -9924    -9306    -8266    -7153    -6154 
   -5240    -4403    -3678    -3058    -2616    -2437    -2433    -2507 
   -2662    -2892    -3143    -3300    -3232    -2882    -2315    -1730 
   -1288    -1034    -1052    -1413    -2095    -3009    -3955    -4697 
   -5089    -5047    -4538    -3675    -2738    -1974    -1535    -1559 
   -2088    -2972    -4060    -5260    -6436    -7481    -8345    -8925 
   -9104    -8817    -8153    -7399    -6878    -6729    -6797    -6848 
   -6739    -6349    -5683    -4850    -3910    -2962    -2118    -1415 
    -945     -822    -1000    -1361    -1766    -2035    -2094    -1988 
   -1777    -1599    -1642    -2002    -2639    -3364    -3991    -4510 
   -4949    -5328    -5755    -6236    -6649    -7003    -7382    -7773 
   -8082    -8221    -8317    -8570    -8932    -9209    -9191    -8739 
   -8034    -7482    -7314    -7411    -7480    -7386    -7221    -7081 
   -7011    -7046    -7141    -7187    -7068    -6592    -5611    -4174 
   -2423     -678      559     1093     1121      860      506      235 
      93       83      202      319      289      109     -220     -751 
   -1431    -2094    -2645    -3126    -3669    -4325    -4937    -5396 
   -5785    -6153    -6462    -6644    -6609    -6376    -6098    -5946 
   -5993    -6199    -6525    -7002    -7612    -8223    -8650    -8754 
   -8586    -8322    -8099    -8014    -8041    -8016    -7847    -7567 
   -7237    -6879    -6492    -6087    -5656    -5143    -4520    -3805 
   -2981    -2049    -1223     -829     -948    -1358    -1776    -2040 
   -2190    -2413    -2777    -3164    -3482    -3754    -4028    -4306 
   -4520    -4662    -4828    -5088    -5410    -5732    -6060    -6453 
   -6862    -7118    -7164    -7148    -7253    -7541    -7902    -8136 
   -8215    -8371    -8784    -9326    -9766    -9976    -9848    -9278 
   -8282    -7045    -5847    -4889    -4145    -3468    -2868    -2553 
   -2667    -3137    -3734    -4225    -4541    -4768    -4917    -4890 
   -4632    -4236    -3934    -3873    -4050    -4470    -5093    -5832 
   -6653    -7450    -8095    -8616    -9065    -9396    -9526    -9400 
   -9131    -8897    -8758    -8704    -8734    -8929    -9347    -9845 
  -10231   -10474   -10589   -10523   -10273    -9890    -9456    -9091 
   -8794    -8419    -7842    -7071    -6230    -5365    -4492    -3742 
   -3143    -2628    -2210    -1891    -1634    -1412    -1224    -1131 
   -1181    -1374    -1722    -2185    -2605    -2848    -3023    -3288 
   -3676    -4241    -4905    -5461    -5831    -6064    -6279    -6571 
   -6905    -7254    -7631    -7933    -7976    -7738    -7414    -7263 
   -7426    -7842    -8351    -8751    -8870    -8707    -8354    -7876 
   -7376    -6993    -6817    -6861    -6946    -6781    -6275    -5541 
   -4666    -3750    -2899    -2131    -1525    -1261    -1390    -1765 
   -2255    -2807    -3339    -3729    -3834    -3703    -3679    -3951 
   -4407    -4911    -5334    -5560    -5621    -5637    -5706    -5788 
   -5724    -5454    -5054    -4612    -4184    -3775    -3453    -3360 
   -3452    -3517    -3421    -3136    -2715    -2322    -2157    -2334 
   -2793    -3329    -3756    -3982    -4014    -3959    -3858    -3696 
   -3475    -3086    -2477    -1798    -1230     -969    -1153    -1728 
   -2538    -3376    -4090    -4690    -5202    -5545    -5653    -5520 
   -5172    -4727    -4332    -4047    -3914    -3941    -4002    -3971 
   -3788    -3374    -2690    -1785     -867     -298     -263     -649 
   -1238    -1729    -1970    -2041    -1961    -1789    -1654    -1472 
   -1151     -814     -648     -789    -1270    -2021    -2950    -3907 
   -4594    -4820    -4687    -4345    -3939    -3642    -3490    -3466 
   -3580    -3810    -4122    -4473    -4839    -5187    -5394    -5355 
   -5083    -4643    -4151    -3724    -3447    -3440    -3736    -4210 
   -4704    -5010    -4946    -4554    -3962    -3232    -2434    -1748 
   -1417    -1473    -1681    -1896    -2065    -2098    -2022    -1916 
   -1811    -1794    -1946    -2230    -2545    -2810    -2982    -3078 
   -3096    -2979    -2749    -2518    -2472    -2771    -3321    -3937 
   -4531    -5078    -5617    -6087    -6326    -6302    -6093    -5825 
   -5725    -5938    -6412    -7057    -7760    -8346    -8654    -8579 
   -8122    -7361    -6368    -5258    -4183    -3280    -2694    -2550 
   -2791    -3171    -3484    -3597    -3409    -2928    -2238    -1515 
    -944     -562     -379     -438     -728    -1237    -1958    -2800 
   -3554    -4013    -4122    -3916    -3486    -3036    -2840    -3088 
   -3727    -4531    -5372    -6253    -7118    -7853    -8411    -8812 
   -9110    -9322    -9385    -9306    -9165    -9016    -8961    -9066 
   -9253    -9451    -9581    -9541    -9309    -8916    -8392    -7788 
   -7164    -6523    -5829    -5134    -4533    -4085    -3845    -3766 
   -3652    -3332    -2798    -2123    -1400     -784     -347      -92 
     -73     -270     -607    -1051    -1563    -2113    -2673    -3215 
   -3693    -4019    -4216    -4385    -4587    -4901    -5348    -5868 
   -6450    -7109    -7826    -8475    -8883    -9011    -8928    -8720 
   -8480    -8256    -8046    -7893    -7838    -7770    -7601    -7376 
   -7102    -6766    -6389    -5987    -5592    -5205    -4837    -4549 
   -4365    -4248    -4086    -3772    -3403    -3141    -2997    -2933 
   -2950    -3081    -3442    -4064    -4792    -5428    -5835    -5954 
   -5784    -5356    -4730    -3958    -3167    -2604    -2447    -2742 
   -3440    -4365    -5297    -6138    -6856    -7379    -7671    -7694 
   -7423    -6961    -6494    -6219    -6255    -6566    -7072    -7694 
   -8310    -8739    -8802    -8482    -7914    -7200    -6406    -5658 
   -5103    -4799    -4699    -4722    -4762    -4769    -4761    -4701 
   -4559    -4379    -4209    -4087    -4071    -4143    -4196    -4225 
   -4295    -4450    -4774    -5256    -5727    -6004    -5961    -5656 
   -5239    -4793    -4508    -4546    -4819    -5217    -5630    -5907 
   -5989    -5840    -5500    -5176    -4965    -4810    -4670    -4533 
   -4395    -4258    -4088    -3925    -3916    -4069    -4249    -4360 
   -4366    -4279    -4177    -4084    -3971    -3890    -3917    -4007 
   -4104    -4256    -4532    -4901    -5255    -5503    -5589    -5520 
   -5369    -5129    -4733    -4250    -3820    -3569    -3577    -3753 
   -3906    -3954    -3915    -3819    -3676    -3490    -3280    -3102 
   -3000    -3008    -3147    -3341    -3496    -3573    -3489    -3163 
   -2662    -2159    -1740    -1408    -1221    -1217    -1378    -1706 
   -2152    -2524    -2656    -2595    -2397    -2079    -1757    -1520 
   -1469    -1710    -2162    -2710    -3300    -3828    -4220    -4467 
   -4570    -4545    -4420    -4239    -4024    -3742    -3441    -3259 
   -3209    -3198    -3186    -3206    -3315    -3553    -3876    -4208 
   -4518    -4766    -4905    -4903    -4728    -4427    -4062    -3617 
   -3110    -2572    -2084    -1766    -1589    -1513    -1613    -1886 
   -2257    -2608    -2795    -2720    -2404    -1998    -1601    -1222 
    -928     -782     -829    -1104    -1475    -1736    -1887    -2027 
   -2178    -2358    -2532    -2632    -2667    -2653    -2661    -2817 
   -3072    -3280    -3464    -3733    -4056    -4384    -4734    -5037 
   -5238    -5321    -5170    -4823    -4505    -4361    -4413    -4590 
   -4765    -4845    -4797    -4664    -4443    -4142    -3867    -3679 
   -3609    -3642    -3649    -3548    -3344    -3058    -2731    -2361 
   -1966    -1666    -1498    -1415    -1447    -1612    -1899    -2270 
   -2650    -3016    -3295    -3432    -3546    -3660    -3697    -3651 
   -3553    -3506    -3569    -3711    -3945    -4274    -4706    -5264 
   -5891    -6447    -6780    -6878    -6833    -6680    -6493    -6369 
   -6295    -6241    -6194    -6165    -6209    -6282    -6254    -6090 
   -5834    -5543    -5317    -5241    -5327    -5513    -5717    -5883 
   -5954    -5922    -5848    -5746    -5650    -5628    -5641    -5677 
   -5835    -6118    -6437    -6680    -6765    -6764    -6709    -6501 
   -6141    -5648    -5033    -4474    -4181    -4192    -4473    -4984 
   -5597    -6152    -6563    -6784    -6803    -6704    -6595    -6545 
   -6613    -6806    -7026    -7143    -7125    -6998    -6767    -6463 
   -6123    -5782    -5525    -5432    -5515    -5698    -5875    -5984 
   -6019    -5958    -5770    -5500    -5217    -4982    -4854    -4887 
   -5146    -5586    -6057    -6513    -6913    -7140    -7151    -6935 
   -6466    -5865    -5349    -5111    -5266    -5783    -6478    -7153 
   -7702    -8056    -8173    -8060    -7740    -7278    -6789    -6379 
   -6151    -6162    -6364    -6641    -6848    -6885    -6730    -6374 
   -5808    -5134    -4516    -4063    -3869    -3944    -4190    -4539 
   -4929    -5253    -5408    -5332    -5072    -4716    -4281    -3840 
   -3622    -3812    -4390    -5136    -5786    -6226    -6445    -6431 
   -6249    -6015    -5802    -5641    -5532    -5423    -5235    -4961 
   -4680    -4460    -4334    -4310    -4299    -4183    -3983    -3805 
   -3764    -3969    -4358    -4739    -5063    -5327    -5486    -5526 
   -5428    -5234    -5122    -5221    -5504    -5876    -6238    -6514 
   -6657    -6609    -6395    -6130    -5873    -5612    -5296    -4870 
   -4346    -3817    -3412    -3280    -3513    -4017    -4571    -5032 
   -5375    -5599    -5723    -5777    -5789    -5758    -5630    -5423 
   -5200    -4935    -4649    -4456    -4416    -4490    -4578    -4597 
   -4532    -4380    -4124    -3771    -3379    -3087    -3018    -3089 
   -3125    -3079    -2971    -2777    -2483    -2127    -1727    -1288 
    -917     -748     -775     -886    -1031    -1256    -1523    -1701 
   -1732    -1638    -1529    -1492    -1549    -1768    -2140    -2570 
   -3027    -3491    -3953    -4417    -4803    -5033    -5106    -5060 
   -5034    -5202    -5576    -6075    -6620    -7083    -7325    -7248 
   -6854    -6267    -5643    -5116    -4756    -4507    -4303    -4178 
   -4151    -4177    -4235    -4325    -4416    -4468    -4451    -4296 
   -3961    -3519    -3082    -2759    -2597    -2536    -2496    -2407 
   -2251    -2064    -1886    -1726    -1562    -1441    -1438    -1513 
   -1618    -1748    -1931    -2257    -2721    -3173    -3519    -3804 
   -4152    -4668    -5317    -5995    -6577    -6934    -7125    -7309 
   -7492    -7648    -7798    -7961    -8110    -8132    -8009    -7848 
   -7644    -7361    -7050    -6773    -6614    -6630    -6751    -6818 
   -6695    -6381    -5969    -5509    -5006    -4532    -4178    -3930 
   -3692    -3450    -3264    -3129    -3047    -3044    -3082    -3149 
   -3247    -3331    -3383    -3417    -3501    -3731    -4100    -4526 
   -4930    -5278    -5597    -5910    -6245    -6640    -7091    -7535 
   -7897    -8187    -8463    -8701    -8872    -9009    -9150    -9275 
   -9238    -8908    -8299    -7475    -6542    -5679    -4996    -4514 
   -4242    -4171    -4264    -4433    -4576    -4630    -4556    -4339 
   -4033    -3749    -3610    -3648    -3792    -3974    -4128    -4198 
   -4169    -3992    -3676    -3288    -2850    -2434    -2141    -1991 
   -1992    -2099    -2213    -2301    -2414    -2624    -2938    -3308 
   -3718    -4164    -4588    -4954    -5276    -5558    -5825    -6134 
   -6471    -6741    -6840    -6675    -6228    -5611    -5017    -4607 
   -4447    -4532    -4778    -5073    -5380    -5644    -5754    -5679 
   -5472    -5155    -4705    -4159    -3647    -3260    -3030    -2974 
   -3039    -3177    -3384    -3589    -3687    -3618    -3375    -3040 
   -2679    -2356    -2217    -2283    -2406    -2539    -2727    -2962 
   -3164    -3246    -3202    -3046    -2824    -2664    -2611    -2688 
   -2984    -3441    -3870    -4193    -4380    -4417    -4398    -4393 
   -4403    -4428    -4422    -4396    -4397    -4393    -4429    -4600 
   -4830    -4988    -5022    -4903    -4674    -4479    -4438    -4551 
   -4746    -4961    -5170    -5317    -5319    -5190    -5006    -4787 
   -4558    -4384    -4236    -4064    -3906    -3801    -3752    -3758 
   -3840    -4020    -4220    -4368    -4484    -4562    -4628    -4746 
   -4940    -5236    -5613    -5987    -6264    -6394    -6423    -6394 
   -6311    -6213    -6155    -6118    -6046    -5900    -5608    -5167 
   -4725    -4409    -4234    -4147    -4092    -4043    -4031    -4110 
   -4256    -4413    -4572    -4719    -4802    -4750    -4525    -4198 
   -3875    -3661    -3634    -3754    -3928    -4107    -4214    -4165 
   -3981    -3769    -3641    -3670    -3856    -4180    -4630    -5107 
   -5528    -5896    -6152    -6240    -6184    -5987    -5695    -5396 
   -5120    -4895    -4710    -4527    -4367    -4262    -4259    -4360 
   -4486    -4596    -4679    -4740    -4827    -4896    -4871    -4769 
   -4622    -4463    -4350    -4335    -4459    -4713    -5021    -5259 
   -5348    -5313    -5193    -5011    -4783    -4498    -4214    -4026 
   -3898    -3757    -3661    -3708    -3879    -4068    -4251    -4464 
   -4670    -4876    -5091    -5210    -5239    -5264    -5262    -5228 
   -5235    -5315    -5421    -5510    -5545    -5447    -5209    -4873 
   -4437    -3982    -3586    -3258    -3081    -3059    -3104    -3218 
   -3452    -3808    -4205    -4580    -4942    -5253    -5451    -5517 
   -5467    -5366    -5303    -5313    -5360    -5373    -5328    -5235 
   -5111    -4986    -4885    -4815    -4756    -4670    -4547    -4390 
   -4175    -3923    -3720    -3601    -3537    -3482    -3359    -3172 
   -3004    -2866    -2740    -2684    -2752    -2871    -2932    -2908 
   -2745    -2475    -2270    -2148    -2080    -2140    -2282    -2404 
   -2497    -2560    -2645    -2851    -3135    -3392    -3649    -3923 
   -4156    -4370    -4605    -4809    -4952    -5065    -5133    -5150 
   -5133    -5069    -4956    -4816    -4664    -4558    -4545    -4574 
   -4583    -4586    -4616    -4634    -4560    -4401    -4212    -4005 
   -3855    -3848    -3931    -4037    -4196    -4427    -4687    -4915 
   -5066    -5110    -5067    -5028    -5025    -5019    -5051    -5165 
   -5317    -5444    -5477    -5446    -5445    -5434    -5305    -5047 
   -4737    -4446    -4212    -4093    -4100    -4234    -4492    -4764 
   -4923    -4958    -4907    -4779    -4603    -4456    -4379    -4378 
   -4439    -4473    -4400    -4260    -4123    -4024    -3984    -3983 
   -3994    -3973    -3887    -3763    -3597    -3408    -3295    -3310 
   -3482    -3808    -4187    -4545    -4855    -5091    -5237    -5254 
   -5155    -5073    -5080    -5131    -5201    -5322    -5524    -5752 
   -5914    -6038    -6142    -6181    -6176    -6157    -6105    -5986 
   -5762    -5386    -4892    -4449    -4172    -4028    -3941    -3855 
   -3769    -3653    -3447    -3208    -3049    -2989    -2981    -2941 
   -2839    -2718    -2608    -2527    -2492    -2541    -2707    -2920 
   -3086    -3167    -3187    -3266    -3506    -3858    -4255    -4672 
   -5056    -5404    -5692    -5843    -5855    -5757    -5582    -5412 
   -5337    -5396    -5502    -5550    -5559    -5494    -5275    -4969 
   -4668    -4412    -4252    -4218    -4284    -4366    -4366    -4254 
   -4057    -3789    -3476    -3197    -3001    -2856    -2764    -2754 
   -2752    -2704    -2656    -2633    -2663    -2787    -2953    -3075 
   -3155    -3239    -3361    -3507    -3613    -3684    -3756    -3831 
   -3970    -4226    -4561    -4934    -5298    -5594    -5767    -5759 
   -5575    -5295    -5036    -4887    -4860    -4909    -5013    -5153 
   -5252    -5269    -5219    -5046    -4745    -4430    -4140    -3916 
   -3820    -3833    -3940    -4075    -4150    -4115    -3915    -3524 
   -2965    -2334    -1832    -1644    -1800    -2171    -2576    -2895 
   -3091    -3210    -3321    -3400    -3390    -3292    -3162    -3061 
   -3058    -3249    -3696    -4411    -5263    -6019    -6528    -6710 
   -6593    -6363    -6174    -6072    -6037    -6030    -6012    -5934 
   -5816    -5707    -5603    -5506    -5417    -5295    -5117    -4890 
   -4624    -4381    -4229    -4156    -4142    -4201    -4280    -4326 
   -4380    -4406    -4320    -4167    -3999    -3833    -3771    -3847 
   -4012    -4297    -4639    -4933    -5249    -5629    -6043    -6466 
   -6793    -6972    -7054    -7048    -7042    -7143    -7268    -7357 
   -7460    -7524    -7485    -7371    -7145    -6809    -6442    -6040 
   -5619    -5259    -4948    -4687    -4552    -4542    -4591    -4664 
   -4740    -4806    -4814    -4700    -4507    -4292    -4043    -3799 
   -3621    -3488    -3378    -3276    -3183    -3118    -3031    -2891 
   -2789    -2790    -2900    -3130    -3470    -3903    -4393    -4833 
   -5146    -5320    -5376    -5417    -5567    -5845    -6193    -6548 
   -6845    -7076    -7263    -7387    -7458    -7483    -7445    -7381 
   -7310    -7212    -7126    -7076    -6983    -6831    -6697    -6587 
   -6460    -6319    -6180    -6005    -5770    -5517    -5264    -5014 
   -4777    -4487    -4132    -3809    -3568    -3441    -3433    -3484 
   -3560    -3601    -3528    -3371    -3174    -2981    -2944    -3145 
   -3510    -3973    -4480    -4941    -5269    -5445    -5561    -5679 
   -5773    -5870    -6021    -6248    -6568    -6941    -7298    -7566 
   -7693    -7682    -7551    -7297    -6950    -6602    -6343    -6223 
   -6285    -6495    -6720    -6838    -6770    -6508    -6098    -5599 
   -5120    -4726    -4434    -4315    -4354    -4483    -4665    -4781 
   -4780    -4670    -4365    -3893    -3382    -2951    -2731    -2700 
   -2785    -2969    -3183    -3382    -3598    -3830    -4044    -4239 
   -4455    -4645    -4769    -4925    -5138    -5296    -5340    -5293 
   -5213    -5158    -5182    -5259    -5296    -5244    -5121    -4971 
   -4831    -4734    -4733    -4809    -4901    -4991    -5035    -5034 
   -5041    -5036    -5013    -4984    -4912    -4806    -4680    -4543 
   -4420    -4323    -4279    -4260    -4183    -4048    -3881    -3653 
   -3381    -3124    -2928    -2812    -2808    -2987    -3317    -3658 
   -3942    -4168    -4276    -4223    -4050    -3802    -3529    -3322 
   -3282    -3428    -3657    -3860    -3986    -3981    -3821    -3504 
   -3054    -2629    -2364    -2228    -2242    -2457    -2809    -3279 
   -3796    -4172    -4381    -4446    -4291    -3998    -3786    -3753 
   -3891    -4168    -4483    -4720    -4848    -4859    -4704    -4380 
   -3994    -3680    -3513    -3501    -3644    -3948    -4332    -4688 
   -4982    -5154    -5106    -4842    -4434    -3964    -3565    -3349 
   -3331    -3493    -3755    -4011    -4238    -4426    -4568    -4660 
   -4647    -4519    -4315    -4032    -3708    -3447    -3329    -3377 
   -3555    -3795    -4008    -4154    -4263    -4318    -4333    -4393 
   -4510    -4653    -4821    -4956    -5022    -5059    -5081    -5094 
   -5112    -5117    -5085    -4993    -4836    -4664    -4547    -4528 
   -4607    -4768    -4977    -5173    -5299    -5336    -5281    -5116 
   -4854    -4559    -4295    -4093    -3959    -3932    -4038    -4230 
   -4456    -4657    -4777    -4822    -4835    -4827    -4798    -4758 
   -4660    -4479    -4301    -4189    -4171    -4263    -4467    -4792 
   -5195    -5602    -5920    -6032    -5928    -5675    -5336    -4999 
   -4731    -4525    -4381    -4327    -4354    -4448    -4592    -4735 
   -4860    -4959    -4948    -4842    -4717    -4587    -4478    -4395 
   -4328    -4299    -4287    -4291    -4321    -4309    -4230    -4102 
   -3904    -3680    -3483    -3302    -3205    -3270    -3458    -3710 
   -4005    -4339    -4699    -5030    -5261    -5370    -5381    -5279 
   -5088    -4921    -4839    -4913    -5170    -5516    -5895    -6215 
   -6355    -6328    -6177    -5962    -5723    -5464    -5275    -5232 
   -5324    -5518    -5718    -5834    -5832    -5651    -5259    -4714 
   -4120    -3582    -3148    -2823    -2642    -2607    -2627    -2634 
   -2606    -2535    -2484    -2552    -2692    -2772    -2815    -2857 
   -2863    -2940    -3162    -3425    -3702    -4021    -4288    -4478 
   -4687    -4887    -5031    -5171    -5302    -5425    -5564    -5683 
   -5831    -6056    -6279    -6474    -6640    -6727    -6716    -6614 
   -6442    -6210    -5946    -5701    -5460    -5234    -5046    -4878 
   -4763    -4690    -4587    -4457    -4292    -4087    -3872    -3595 
   -3216    -2796    -2425    -2176    -2065    -2085    -2204    -2322 
   -2389    -2400    -2343    -2259    -2210    -2259    -2443    -2732 
   -3091    -3508    -3934    -4341    -4722    -5061    -5365    -5636 
   -5868    -6101    -6300    -6403    -6498    -6629    -6772    -6971 
   -7175    -7261    -7216    -7054    -6793    -6504    -6233    -5969 
   -5683    -5372    -5049    -4708    -4372    -4078    -3848    -3710 
   -3643    -3625    -3616    -3550    -3417    -3240    -3066    -2925 
   -2810    -2754    -2792    -2928    -3153    -3409    -3668    -3954 
   -4269    -4573    -4819    -4975    -5075    -5180    -5298    -5442 
   -5594    -5713    -5849    -6032    -6243    -6490    -6776    -7054 
   -7255    -7378    -7443    -7432    -7353    -7220    -7035    -6858 
   -6732    -6606    -6450    -6275    -6059    -5795    -5513    -5262 
   -5040    -4802    -4552    -4317    -4107    -3924    -3779    -3672 
   -3547    -3397    -3271    -3144    -3026    -3003    -3093    -3229 
   -3376    -3579    -3847    -4152    -4515    -4892    -5193    -5396 
   -5474    -5432    -5325    -5199    -5159    -5262    -5421    -5611 
   -5874    -6177    -6495    -6804    -7043    -7179    -7226    -7202 
   -7086    -6888    -6720    -6619    -6511    -6380    -6229    -5978 
   -5617    -5230    -4881    -4624    -4469    -4366    -4275    -4161 
   -4013    -3859    -3734    -3667    -3653    -3713    -3858    -3979 
   -4022    -4096    -4223    -4355    -4535    -4764    -4962    -5089 
   -5138    -5062    -4869    -4649    -4456    -4311    -4256    -4309 
   -4443    -4609    -4786    -4922    -4979    -4999    -4977    -4886 
   -4781    -4719    -4752    -4927    -5205    -5473    -5637    -5693 
   -5682    -5592    -5391    -5124    -4886    -4726    -4655    -4655 
   -4675    -4708    -4757    -4782    -4767    -4707    -4626    -4546 
   -4439    -4332    -4302    -4358    -4459    -4570    -4628    -4603 
   -4545    -4400    -4111    -3765    -3449    -3231    -3187    -3314 
   -3540    -3791    -4028    -4200    -4285    -4321    -4325    -4331 
   -4398    -4541    -4740    -4969    -5223    -5453    -5584    -5628 
   -5616    -5534    -5371    -5148    -4939    -4807    -4775    -4851 
   -4999    -5120    -5112    -4963    -4713    -4389    -4069    -3826 
   -3645    -3502    -3430    -3442    -3510    -3623    -3760    -3858 
   -3885    -3869    -3828    -3710    -3508    -3300    -3136    -3058 
   -3139    -3400    -3781    -4156    -4443    -4571    -4484    -4280 
   -4055    -3838    -3690    -3622    -3615    -3672    -3772    -3887 
   -4020    -4163    -4313    -4464    -4548    -4549    -4532    -4473 
   -4345    -4227    -4143    -4086    -4090    -4130    -4167    -4230 
   -4311    -4393    -4486    -4565    -4609    -4610    -4573    -4561 
   -4614    -4706    -4810    -4890    -4923    -4902    -4830    -4726 
   -4620    -4549    -4512    -4502    -4522    -4512    -4409    -4231 
   -4005    -3780    -3641    -3594    -3638    -3800    -4020    -4229 
   -4429    -4607    -4735    -4761    -4656    -4496    -4340    -4202 
   -4178    -4257    -4315    -4326    -4280    -4168    -4028    -3866 
   -3724    -3653    -3593    -3495    -3402    -3362    -3435    -3634 
   -3855    -3996    -4055    -4052    -3952    -3754    -3541    -3358 
   -3249    -3310    -3508    -3751    -4014    -4223    -4319    -4318 
   -4212    -4010    -3775    -3535    -3324    -3203    -3185    -3275 
   -3483    -3727    -3907    -3998    -3997    -3933    -3859    -3802 
   -3818    -3919    -4052    -4213    -4420    -4641    -4867    -5088 
   -5233    -5297    -5313    -5302    -5308    -5317    -5322    -5374 
   -5452    -5508    -5509    -5420    -5277    -5117    -4940    -4766 
   -4593    -4392    -4196    -4075    -4066    -4172    -4371    -4591 
   -4758    -4852    -4870    -4838    -4759    -4631    -4504    -4386 
   -4282    -4245    -4251    -4266    -4338    -4460    -4603    -4741 
   -4777    -4737    -4736    -4780    -4885    -5067    -5276    -5499 
   -5693    -5773    -5763    -5733    -5698    -5709    -5772    -5804 
   -5830    -5885    -5913    -5888    -5804    -5634    -5387    -5127 
   -4879    -4611    -4364    -4211    -4146    -4154    -4202    -4226 
   -4182    -4036    -3806    -3572    -3396    -3286    -3258    -3346 
   -3545    -3809    -4062    -4215    -4300    -4370    -4402    -4425 
   -4449    -4435    -4443    -4528    -4646    -4774    -4928    -5052 
   -5104    -5115    -5101    -5066    -5073    -5121    -5165    -5245 
   -5347    -5400    -5405    -5358    -5285    -5220    -5143    -5072 
   -5014    -4938    -4845    -4734    -4635    -4606    -4635    -4697 
   -4760    -4759    -4656    -4472    -4242    -3989    -3765    -3653 
   -3687    -3834    -4049    -4279    -4453    -4531    -4532    -4490 
   -4408    -4292    -4189    -4151    -4184    -4286    -4460    -4652 
   -4788    -4891    -4992    -5014    -4932    -4834    -4741    -4631 
   -4540    -4487    -4453    -4442    -4437    -4415    -4342    -4192 
   -4026    -3909    -3803    -3727    -3737    -3812    -3952    -4091 
   -4101    -4042    -4018    -3981    -3916    -3852    -3798    -3788 
   -3807    -3842    -3918    -4001    -4090    -4220    -4340    -4415 
   -4457    -4423    -4306    -4171    -4036    -3926    -3911    -3983 
   -4092    -4235    -4375    -4479    -4573    -4648    -4686    -4721 
   -4773    -4832    -4882    -4921    -4947    -4946    -4946    -4935 
   -4852    -4710    -4559    -4392    -4223    -4110    -4065    -4057 
   -4077    -4135    -4224    -4304    -4326    -4301    -4243    -4156 
   -4100    -4109    -4179    -4317    -4509    -4725    -4914    -5022 
   -5032    -4926    -4714    -4465    -4251    -4121    -4092    -4138 
   -4190    -4208    -4232    -4284    -4343    -4399    -4424    -4410 
   -4412    -4472    -4589    -4740    -4908    -5031    -5034    -4923 
   -4765    -4606    -4404    -4160    -3983    -3899    -3897    -4037 
   -4276    -4485    -4626    -4694    -4683    -4621    -4557    -4524 
   -4532    -4598    -4745    -4936    -5132    -5313    -5421    -5430 
   -5405    -5355    -5239    -5049    -4777    -4480    -4257    -4138 
   -4130    -4222    -4352    -4440    -4429    -4330    -4193    -4034 
   -3885    -3803    -3806    -3889    -4004    -4104    -4215    -4333 
   -4400    -4426    -4454    -4474    -4472    -4443    -4396    -4360 
   -4350    -4374    -4404    -4420    -4460    -4487    -4436    -4364 
   -4316    -4305    -4378    -4537    -4736    -4975    -5234    -5435 
   -5561    -5636    -5643    -5617    -5577    -5458    -5291    -5148 
   -5039    -4983    -4989    -5045    -5143    -5258    -5367    -5411 
   -5330    -5147    -4919    -4729    -4641    -4632    -4681    -4797 
   -4920    -4991    -5047    -5076    -5087    -5128    -5136    -5075 
   -4988    -4862    -4711    -4595    -4542    -4593    -4779    -5018 
   -5200    -5285    -5260    -5167    -5071    -5004    -5005    -5075 
   -5151    -5197    -5200    -5149    -5090    -5091    -5111    -5073 
   -4982    -4846    -4683    -4589    -4579    -4607    -4671    -4726 
   -4745    -4712    -4576    -4369    -4169    -4059    -4116    -4312 
   -4550    -4803    -5080    -5332    -5525    -5680    -5764    -5763 
   -5728    -5645    -5522    -5422    -5358    -5333    -5345    -5379 
   -5407    -5397    -5333    -5229    -5144    -5101    -5094    -5151 
   -5239    -5309    -5371    -5386    -5339    -5290    -5228    -5119 
   -5003    -4878    -4702    -4493    -4308    -4207    -4177    -4129 
   -4035    -3933    -3837    -3757    -3707    -3697    -3714    -3785 
   -3942    -4096    -4179    -4227    -4247    -4256    -4273    -4286 
   -4310    -4363    -4472    -4652    -4834    -5003    -5196    -5398 
   -5591    -5733    -5807    -5847    -5842    -5822    -5830    -5849 
   -5886    -5954    -6034    -6085    -6066    -5996    -5896    -5761 
   -5621    -5496    -5381    -5292    -5232    -5167    -5034    -4845 
   -4677    -4539    -4405    -4269    -4108    -3948    -3835    -3739 
   -3649    -3614    -3646    -3715    -3750    -3751    -3783    -3810 
   -3847    -3967    -4116    -4296    -4566    -4838    -5015    -5115 
   -5202    -5304    -5408    -5494    -5544    -5556    -5556    -5556 
   -5566    -5617    -5708    -5796    -5851    -5845    -5775    -5687 
   -5614    -5529    -5424    -5359    -5377    -5472    -5580    -5626 
   -5606    -5543    -5430    -5298    -5135    -4896    -4601    -4304 
   -4038    -3801    -3631    -3584    -3637    -3803    -4058    -4261 
   -4396    -4531    -4648    -4767    -4896    -4965    -4976    -4983 
   -5026    -5121    -5226    -5334    -5445    -5508    -5501    -5436 
   -5354    -5295    -5253    -5222    -5193    -5166    -5155    -5135 
   -5116    -5139    -5194    -5282    -5365    -5369    -5292    -5196 
   -5131    -5063    -4969    -4875    -4740    -4525    -4236    -3899 
   -3583    -3350    -3229    -3184    -3164    -3178    -3224    -3253 
   -3266    -3295    -3342    -3395    -3463    -3544    -3626    -3732 
   -3885    -4074    -4292    -4494    -4607    -4637    -4615    -4556 
   -4503    -4498    -4546    -4605    -4639    -4689    -4766    -4810 
   -4765    -4617    -4420    -4241    -4126    -4087    -4119    -4206 
   -4300    -4372    -4382    -4302    -4193    -4078    -3943    -3842 
   -3769    -3717    -3730    -3751    -3718    -3645    -3540    -3419 
   -3300    -3207    -3176    -3195    -3248    -3337    -3441    -3584 
   -3774    -3952    -4092    -4179    -4194    -4166    -4114    -4006 
   -3858    -3733    -3629    -3554    -3538    -3544    -3551    -3559 
   -3552    -3558    -3541    -3465    -3388    -3327    -3295    -3318 
   -3404    -3567    -3767    -3952    -4097    -4182    -4245    -4268 
   -4189    -4066    -3963    -3857    -3745    -3654    -3587    -3553 
   -3578    -3626    -3662    -3694    -3713    -3733    -3763    -3767 
   -3791    -3900    -4060    -4250    -4463    -4638    -4748    -4800 
   -4758    -4628    -4470    -4300    -4158    -4088    -4036    -3985 
   -3973    -3960    -3926    -3886    -3806    -3696    -3585    -3477 
   -3445    -3502    -3592    -3718    -3850    -3977    -4151    -4281 
   -4268    -4159    -3974    -3737    -3515    -3333    -3246    -3272 
   -3376    -3559    -3788    -4027    -4251    -4399    -4452    -4439 
   -4398    -4313    -4175    -4072    -4059    -4130    -4272    -4408 
   -4504    -4564    -4576    -4572    -4570    -4563    -4558    -4556 
   -4546    -4501    -4416    -4332    -4267    -4213    -4159    -4127 
   -4153    -4211    -4297    -4428    -4550    -4656    -4795    -4921 
   -4987    -5048    -5136    -5217    -5238    -5141    -4970    -4831 
   -4736    -4657    -4593    -4558    -4580    -4659    -4757    -4842 
   -4912    -4987    -5101    -5249    -5385    -5489    -5586    -5685 
   -5747    -5787    -5825    -5820    -5749    -5647    -5543    -5405 
   -5199    -4967    -4740    -4505    -4292    -4151    -4087    -4086 
   -4119    -4121    -4108    -4119    -4109    -4091    -4114    -4148 
   -4175    -4217    -4323    -4495    -4634    -4679    -4659    -4593 
   -4485    -4366    -4259    -4174    -4134    -4129    -4162    -4251 
   -4364    -4495    -4659    -4831    -5024    -5223    -5370    -5460 
   -5529    -5597    -5711    -5895    -6053    -6120    -6126    -6047 
   -5847    -5549    -5205    -4892    -4628    -4392    -4208    -4108 
   -4104    -4135    -4132    -4104    -4050    -3967    -3889    -3798 
   -3664    -3519    -3414    -3383    -3428    -3505    -3555    -3567 
   -3572    -3573    -3579    -3641    -3762    -3879    -3985    -4115 
   -4253    -4405    -4598    -4769    -4859    -4930    -5057    -5206 
   -5331    -5462    -5600    -5712    -5799    -5852    -5891    -5948 
   -6022    -6119    -6183    -6122    -5972    -5799    -5616    -5463 
   -5365    -5306    -5271    -5230    -5132    -4976    -4829    -4723 
   -4637    -4565    -4507    -4487    -4515    -4570    -4615    -4598 
   -4539    -4486    -4396    -4233    -4076    -4014    -4020    -4066 
   -4179    -4319    -4438    -4536    -4604    -4616    -4578    -4550 
   -4564    -4603    -4724    -4962    -5239    -5506    -5765    -5950 
   -6013    -5985    -5906    -5814    -5689    -5502    -5323    -5237 
   -5287    -5457    -5615    -5618    -5422    -5084    -4738    -4485 
   -4363    -4379    -4503    -4699    -4927    -5151    -5370    -5564 
   -5665    -5627    -5495    -5286    -4975    -4660    -4430    -4299 
   -4280    -4280    -4220    -4148    -4028    -3859    -3758    -3740 
   -3811    -4030    -4334    -4602    -4793    -4929    -5013    -5037 
   -5037    -5018    -4953    -4876    -4817    -4793    -4856    -5018 
   -5240    -5433    -5513    -5482    -5384    -5273    -5227    -5300 
   -5485    -5712    -5913    -6069    -6168    -6200    -6178    -6128 
   -6028    -5865    -5714    -5617    -5553    -5538    -5535    -5486 
   -5380    -5183    -4918    -4681    -4475    -4331    -4325    -4407 
   -4532    -4681    -4753    -4697    -4573    -4442    -4338    -4272 
   -4213    -4142    -4083    -4071    -4124    -4210    -4311    -4446 
   -4578    -4634    -4571    -4373    -4106    -3900    -3831    -3898 
   -4070    -4324    -4613    -4843    -5018    -5202    -5363    -5496 
   -5643    -5768    -5858    -5976    -6159    -6385    -6629    -6872 
   -7082    -7216    -7235    -7130    -6953    -6769    -6583    -6361 
   -6114    -5872    -5616    -5331    -5066    -4876    -4819    -4932 
   -5131    -5285    -5349    -5317    -5210    -5060    -4884    -4732 
   -4615    -4492    -4373    -4277    -4146    -3947    -3749    -3597 
   -3487    -3435    -3405    -3355    -3311    -3285    -3344    -3587 
   -3942    -4290    -4570    -4738    -4826    -4898    -4986    -5086 
   -5188    -5307    -5454    -5644    -5826    -5888    -5847    -5747 
   -5597    -5464    -5367    -5260    -5138    -5041    -4990    -4967 
   -4983    -5028    -5062    -5062    -5033    -5001    -4942    -4831 
   -4728    -4675    -4665    -4671    -4650    -4549    -4334    -4072 
   -3838    -3623    -3439    -3289    -3137    -2993    -2894    -2882 
   -2948    -3008    -3049    -3101    -3119    -3101    -3116    -3210 
   -3383    -3543    -3638    -3746    -3893    -4044    -4159    -4207 
