Origin Time       2016/04/16 01:25:00
Lat.              32.753
Long.             130.762
Depth. (km)       12
Mag.              7.3
Station Code      KGW007
Station Lat.      34.2271
Station Long.     134.4009
Station Height(m) 2
Record Time       2016/04/16 01:26:20
Sampling Freq(Hz) 100Hz
Duration Time(s)  109
Dir.              N-S
Scale Factor      7845(gal)/8223790
Max. Acc. (gal)   4.118
Last Correction   2016/04/16 01:26:21
Memo.             
     666      676      681      684      683      676      673      675 
     677      680      680      676      666      668      675      675 
     675      675      670      665      658      652      648      653 
     661      661      653      642      634      631      630      627 
     629      639      653      662      668      661      648      646 
     654      665      676      681      683      681      673      670 
     673      676      681      687      689      688      685      679 
     669      661      654      648      642      635      633      637 
     637      635      637      642      650      650      642      639 
     637      635      633      633      639      650      661      668 
     665      666      666      660      660      662      661      664 
     669      673      673      676      684      692      695      692 
     685      683      676      662      660      664      666      669 
     669      669      669      664      653      642      634      634 
     641      645      642      646      656      657      656      658 
     665      670      665      658      657      660      661      654 
     648      652      658      664      664      652      643      646 
     653      658      661      664      672      673      673      680 
     688      691      689      680      665      657      652      645 
     646      653      660      673      683      685      688      684 
     669      656      649      657      673      687      693      695 
     696      702      706      702      700      696      688      675 
     664      657      653      649      642      639      642      643 
     645      652      658      661      662      664      666      666 
     664      657      654      658      661      664      670      684 
     702      720      727      724      715      695      673      661 
     656      656      660      666      673      675      673      676 
     681      683      672      656      639      629      631      642 
     654      668      685      693      691      688      691      692 
     692      692      693      695      700      702      697      689 
     679      664      657      660      661      658      661      668 
     675      675      672      668      660      646      629      614 
     604      610      621      633      650      670      685      695 
     696      688      679      668      660      658      657      657 
     657      653      652      658      668      677      687      695 
     700      697      683      673      664      657      660      662 
     670      683      692      695      687      675      669      665 
     661      650      638      637      635      631      637      642 
     645      649      653      653      652      657      666      670 
     670      665      658      658      656      649      650      658 
     666      675      679      683      680      676      679      681 
     680      675      661      650      649      652      657      661 
     673      692      711      726      734      738      739      733 
     714      696      681      669      664      662      662      665 
     664      660      664      672      677      673      661      650 
     642      630      612      598      589      591      606      633 
     664      684      689      680      668      658      648      641 
     648      665      679      685      687      688      684      677 
     672      668      666      666      664      662      661      657 
     654      657      664      669      675      679      676      670 
     664      656      646      639      639      648      654      660 
     662      656      650      654      653      646      641      645 
     652      653      642      619      599      595      599      608 
     619      629      641      660      673      673      666      661 
     660      668      679      681      681      683      684      687 
     691      693      695      695      689      685      687      691 
     689      685      675      660      646      635      627      622 
     615      612      615      619      621      614      603      596 
     594      598      602      598      600      608      619      634 
     649      660      669      679      688      696      696      691 
     684      688      700      712      727      749      764      770 
     772      764      750      737      727      724      720      711 
     702      695      677      661      652      646      641      634 
     623      603      577      548      518      502      498      493 
     490      483      473      469      471      473      473      479 
     493      511      530      548      557      560      557      553 
     556      569      589      610      634      660      685      704 
     715      728      746      760      764      761      753      743 
     734      730      728      727      735      750      762      773 
     778      772      757      734      702      675      648      623 
     603      585      576      576      579      577      569      561 
     561      573      599      638      676      700      715      715 
     707      687      658      635      627      638      664      683 
     689      689      672      641      603      565      538      519 
     510      506      508      522      545      564      583      598 
     608      615      608      592      572      564      579      611 
     650      695      731      760      787      808      822      820 
     805      774      728      692      670      657      650      643 
     635      625      615      606      595      584      583      579 
     573      572      577      581      581      579      581      592 
     606      623      642      665      695      724      750      777 
     800      818      826      827      823      808      796      791 
     783      774      764      749      738      727      712      696 
     676      646      606      550      486      422      368      334 
     321      324      336      353      375      403      440      475 
     510      545      577      608      634      658      685      707 
     727      757      799      850      908      967     1021     1053 
    1062     1047     1008      950      888      822      749      684 
     638      602      568      537      518      503      486      464 
     434      405      382      360      356      370      388      409 
     432      456      491      537      587      623      649      672 
     688      693      697      693      689      692      702      720 
     743      757      756      746      737      728      724      726 
     728      726      710      687      673      677      695      720 
     746      761      766      765      761      758      751      746 
     743      739      743      749      751      751      747      745 
     746      749      751      745      720      684      641      594 
     550      519      503      503      521      546      573      599 
     615      626      634      639      643      650      654      658 
     666      670      679      688      696      714      733      741 
     750      751      745      741      741      734      722      712 
     704      699      702      710      711      707      700      692 
     683      676      673      665      662      668      666      657 
     648      637      633      630      629      629      626      623 
     618      606      596      587      577      571      569      575 
     583      585      584      576      561      546      537      531 
     531      537      544      549      561      583      608      637 
     661      679      689      696      706      711      720      741 
     764      785      814      838      850      850      846      843 
     847      864      889      911      929      939      931      913 
     886      854      824      799      773      750      728      704 
     669      630      595      565      540      517      504      506 
     517      531      544      552      558      561      562      564 
     562      566      576      591      608      621      637      666 
     702      735      776      820      862      895      918      935 
     949      950      940      927      908      885      866      857 
     843      823      799      762      723      687      646      603 
     553      495      430      355      282      230      201      195 
     214      259      322      396      471      533      591      638 
     673      707      750      792      838      888      940      993 
    1039     1071     1098     1116     1117     1107     1075     1020 
     954      873      783      700      625      564      530      515 
     510      511      508      503      500      498      492      490 
     496      510      529      549      569      591      615      639 
     660      676      689      707      730      760      795      831 
     870      907      935      967     1003     1035     1060     1073 
    1071     1062     1050     1038     1023     1009      993      969 
     931      888      841      791      741      693      648      604 
     557      506      460      418      378      342      315      291 
     266      253      252      259      278      299      326      361 
     395      433      472      502      526      546      556      562 
     573      592      623      657      685      708      723      727 
     726      727      726      723      722      711      692      677 
     666      665      669      677      688      695      700      707 
     708      702      692      669      638      612      594      584 
     585      595      607      618      629      635      643      657 
     670      675      670      657      643      638      645      652 
     652      652      648      643      645      641      630      625 
     619      616      622      629      635      641      642      642 
     646      656      660      654      641      616      591      572 
     557      556      565      572      572      568      569      579 
     585      595      604      608      614      622      629      633 
     641      649      654      660      672      685      699      715 
     730      741      757      773      797      838      885      935 
     992     1044     1085     1107     1101     1073     1023      959 
     889      814      737      665      595      529      472      421 
     373      336      299      275      263      248      225      203 
     178      162      157      166      184      212      257      318 
     394      479      562      641      720      791      853      903 
     947      992     1026     1039     1034     1019      996      970 
     949      939      934      920      899      869      826      767 
     700      625      544      461      382      306      240      180 
     133      103       99      122      167      229      306      383 
     450      506      557      606      657      708      758      815 
     882      947     1003     1053     1096     1127     1159     1192 
    1213     1217     1209     1185     1147     1105     1062     1020 
     980      940      903      864      819      772      715      650 
     576      493      411      334      259      191      137       94 
      64       54       59       79      109      143      175      214 
     266      329      399      480      564      643      724      808 
     897      985     1053     1093     1096     1065     1008      938 
     864      787      707      629      552      480      418      363 
     310      261      221      187      167      167      187      230 
     295      383      491      604      723      843      955     1065 
    1171     1275     1375     1459     1522     1556     1561     1543 
    1509     1467     1408     1334     1247     1140     1023      897 
     764      627      500      388      284      190      108       40 
     -17      -59      -79      -81      -55        1       82      171 
     263      356      445      532      619      712      814      918 
    1012     1089     1142     1169     1179     1178     1163     1136 
    1097     1046      982      901      801      693      576      453 
     338      240      160      102       58       23        4       -5 
       0       29       79      144      225      328      451      592 
     743      896     1046     1192     1329     1455     1559     1636 
    1684     1698     1679     1632     1572     1505     1435     1347 
    1232     1093      932      757      575      398      240      105 
      -5      -93     -160     -212     -251     -271     -283     -286 
    -268     -230     -171      -91        0      108      232      364 
     513      676      841     1004     1156     1293     1405     1485 
    1537     1571     1583     1579     1561     1524     1463     1378 
    1271     1150     1009      854      692      530      370      212 
      67      -59     -167     -246     -295     -315     -306     -268 
    -210     -136      -45       55      155      259      376      502 
     633      769      899     1020     1128     1221     1298     1363 
    1412     1439     1439     1414     1367     1296     1210     1124 
    1031      935      845      766      700      642      599      569 
     544      517      481      437      388      342      309      294 
     303      336      383      444      513      577      634      688 
     733      765      792      815      830      835      830      822 
     812      805      801      803      811      815      810      789 
     743      681      608      523      436      351      271      207 
     155      110       79       70       81      102      139      187 
     238      288      332      365      395      417      434      463 
     504      558      625      702      791      881      961     1021 
    1060     1071     1065     1048     1023     1008     1011     1030 
    1065     1102     1140     1170     1189     1198     1193     1178 
    1154     1113     1048      962      854      733      604      473 
     341      210       97        0      -81     -143     -184     -205 
    -201     -178     -141      -91      -32       44      137      244 
     361      479      591      702      815      929     1047     1156 
    1252     1324     1366     1374     1354     1313     1258     1181 
    1084      966      838      702      564      432      310      203 
     112       31      -44     -105     -149     -175     -175     -155 
    -118      -71      -16       45      122      220      330      444 
     558      669      773      862      939     1011     1071     1127 
    1181     1228     1270     1306     1324     1318     1291     1235 
    1150     1042      916      788      664      546      449      375 
     326      307      309      330      376      433      492      544 
     575      588      592      595      610      642      691      750 
     819      892      961     1026     1081     1119     1136     1125 
    1096     1055     1003      943      892      845      800      774 
     760      745      734      714      677      638      591      535 
     480      427      378      332      288      253      234      228 
     234      261      301      349      410      481      557      627 
     691      751      808      864      922      969     1011     1047 
    1075     1104     1132     1156     1169     1167     1154     1124 
    1078     1020      955      895      838      791      756      727 
     702      693      693      695      699      707      720      733 
     738      738      734      734      734      724      707      684 
     652      610      566      518      468      423      386      359 
     341      329      319      319      326      336      356      390 
     425      460      500      544      591      643      704      769 
     832      890      949     1008     1060     1107     1158     1201 
    1239     1279     1318     1351     1378     1391     1397     1391 
    1364     1323     1262     1175     1070      950      818      676 
     526      382      240      106      -16     -128     -221     -291 
    -340     -367     -372     -359     -321     -261     -178      -63 
      81      251      440      637      832     1017     1189     1348 
    1489     1610     1703     1767     1804     1819     1807     1773 
    1721     1640     1528     1393     1236     1059      864      660 
     449      243       47     -126     -270     -388     -486     -561 
    -622     -660     -672     -669     -638     -583     -511     -415 
    -302     -172      -17      157      352      564      783     1003 
    1209     1390     1545     1675     1780     1857     1914     1948 
    1958     1941     1890     1807     1698     1561     1401     1217 
    1021      814      598      378      157      -51     -241     -411 
    -553     -666     -743     -783     -791     -766     -712     -631 
    -529     -407     -272     -128       25      189      356      519 
     685      849      996     1129     1244     1337     1416     1474 
    1514     1532     1528     1503     1464     1413     1359     1305 
    1252     1190     1112     1023      922      811      696      579 
     464      357      265      190      129       85       54       37 
      36       40       45       51       62       79      101      128 
     162      206      259      314      372      432      487      533 
     573      607      638      666      691      707      715      718 
     719      720      722      731      751      774      799      820 
     837      849      864      877      885      885      884      881 
     880      886      907      935      958      973      973      958 
     929      890      834      764      692      627      573      532 
     508      500      503      510      519      529      538      544 
     544      544      540      540      560      591      638      702 
     776      850      915      962      990     1000      990      962 
     919      869      814      747      676      602      525      456 
     394      336      282      228      170      112       56       10 
     -20      -32      -32      -14       21       74      141      221 
     306      395      487      577      669      776      896     1019 
    1139     1250     1350     1443     1525     1593     1649     1692 
    1717     1726     1726     1710     1672     1618     1553     1470 
    1370     1269     1167     1067      966      857      731      604 
     486      369      266      183      110       40      -23      -81 
    -129     -166     -189     -195     -186     -159     -116      -60 
      11      101      201      311      430      556      687      824 
     963     1100     1232     1359     1476     1575     1657     1719 
    1761     1776     1760     1722     1668     1595     1509     1413 
    1310     1202     1086      965      843      722      603      491 
     387      288      205      135       72       28        1      -16 
     -17       -8        4       18       32       45       70      105 
     153      222      301      379      464      552      639      728 
     823      916     1000     1067     1116     1154     1181     1201 
    1215     1217     1206     1185     1143     1081     1015      945 
     877      820      765      710      653      594      530      464 
     400      341      289      243      198      151      102       65 
      43       31       29       37       62       97      144      209 
     283      373      483      594      706      819      927     1023 
    1101     1163     1198     1210     1219     1221     1210     1189 
    1154     1101     1030      935      830      724      618      510 
     405      301      203      125       68       35       27       40 
      76      141      222      311      405      499      589      666 
     739      820      907      994     1078     1146     1197     1232 
    1243     1236     1217     1189     1156     1117     1074     1031 
     990      954      919      884      850      818      778      730 
     676      616      549      483      411      340      280      225 
     175      140      117      106      109      117      122      129 
     147      168      199      240      286      338      395      454 
     518      581      650      726      793      841      877      912 
     939      958      973      978      965      946      920      889 
     859      832      808      783      758      739      722      700 
     669      627      573      514      457      407      367      334 
     306      282      266      257      257      263      274      282 
     288      301      326      361      402      449      492      532 
     575      607      631      650      661      666      672      676 
     676      681      695      715      743      773      803      828 
     849      864      873      873      869      872      885      905 
     928      955      986     1013     1036     1053     1055     1039 
    1012      967      913      855      792      724      669      622 
     579      540      503      468      434      391      344      299 
     256      218      187      172      170      175      191      217 
     243      275      317      364      418      481      548      615 
     688      758      820      881      939      986     1023     1048 
    1065     1077     1086     1089     1081     1067     1057     1038 
    1012      987      959      919      874      822      761      704 
     653      595      535      484      437      391      356      325 
     292      266      248      232      217      207      201      195 
     195      201      217      252      302      365      442      519 
     587      652      715      770      819      872      919      962 
    1005     1039     1065     1081     1096     1107     1112     1112 
    1102     1081     1053     1012      955      899      842      787 
     737      691      646      600      550      496      438      379 
     322      275      245      225      216      217      220      229 
     252      280      314      355      399      448      498      546 
     595      648      702      764      831      905      989     1077 
    1154     1216     1267     1306     1337     1362     1372     1370 
    1348     1305     1246     1173     1088      990      886      784 
     689      604      529      461      405      352      305      259 
     216      178      155      131      117      112      116      136 
     178      240      317      405      503      604      699      783 
     861      934      994     1050     1101     1147     1181     1205 
    1219     1220     1219     1216     1206     1178     1132     1074 
    1011      947      882      823      770      715      658      606 
     560      521      487      461      445      438      444      460 
     488      535      596      662      724      781      838      889 
     935      980     1013     1039     1065     1093     1127     1159 
    1182     1196     1192     1171     1142     1104     1055      999 
     940      888      831      770      707      642      579      522 
     468      418      380      349      319      297      283      275 
     275      289      318      357      403      446      484      521 
     553      589      629      680      735      793      854      908 
     950      985     1013     1036     1047     1047     1031      993 
     938      869      795      727      666      611      566      523 
     475      425      378      332      291      261      253      259 
     272      309      365      434      518      618      728      841 
     951     1051     1125     1177     1210     1223     1224     1223 
    1219     1209     1194     1171     1138     1090     1031      959 
     874      780      676      562      446      334      232      143 
      71       20       -8      -14       -5       10       32       67 
     109      149      195      249      301      360      427      493 
     568      646      723      803      882      945      992     1021 
    1038     1039     1030     1009      981      940      896      846 
     791      735      683      638      607      584      573      575 
     575      579      591      602      612      631      658      685 
     708      733      754      770      785      795      796      793 
     781      760      727      680      626      561      490      422 
     363      317      284      257      233      214      195      182 
     182      193      220      259      302      346      392      438 
     491      553      631      723      828      939     1044     1138 
    1212     1260     1291     1304     1289     1255     1194     1112 
    1028      947      866      788      708      616      514      403 
     289      170       47      -64     -166     -252     -318     -363 
    -379     -365     -328     -259     -167      -67       41      148 
     245      337      425      514      608      708      818      926 
    1021     1107     1175     1217     1240     1246     1233     1200 
    1152     1097     1038      974      901      819      731      638 
     533      436      346      266      195      131       72       28 
       5        5       22       59      116      178      241      311 
     388      473      565      660      761      864      955     1039 
    1111     1178     1235     1274     1298     1306     1297     1266 
    1213     1140     1039      927      819      706      589      476 
     359      240      126       22      -63     -128     -175     -203 
    -214     -203     -166     -110      -35       56      164      289 
     432      598      780      959     1128     1281     1405     1513 
    1599     1664     1711     1740     1755     1765     1765     1755 
    1725     1667     1579     1460     1312     1142      953      760 
     566      382      207       47      -93     -209     -306     -380 
    -436     -481     -522     -565     -602     -621     -622     -598 
    -542     -453     -332     -195      -47      116      294      473 
     645      803      946     1067     1166     1236     1278     1291 
    1279     1250     1213     1163     1107     1047      982      923 
     870      820      773      714      641      557      464      373 
     287      212      160      124      108      112      143      197 
     268      344      430      521      603      680      750      807 
     858      909      973     1047     1120     1188     1250     1293 
    1314     1318     1305     1275     1235     1178     1102     1020 
     936      857      792      745      702      665      631      592 
     545      495      445      398      356      329      319      321 
     336      356      382      427      491      568      654      739 
     819      888      938      970      992     1004     1007     1007 
    1009     1012     1019     1026     1020     1000      970      924 
     868      800      718      626      533      440      349      272 
     212      171      144      129      136      166      210      268 
     338      409      479      549      616      676      723      762 
     791      805      820      841      864      892      918      936 
     953      963      978      996     1007     1008      999      981 
     959      936      912      881      847      814      778      749 
     734      731      733      739      747      749      749      750 
     749      746      751      760      776      805      843      877 
     907      926      926      908      893      876      855      845 
     834      812      785      757      723      693      672      656 
     642      630      618      602      581      556      529      508 
     496      493      503      522      545      565      581      595 
     615      638      670      707      737      764      785      800 
     816      841      869      903      951     1000     1044     1075 
    1094     1094     1075     1042      999      951      899      845 
     800      761      723      692      666      641      608      565 
     517      464      409      356      310      271      241      222 
     210      206      209      210      220      237      256      274 
     292      305      319      352      402      464      545      630 
     718      803      874      931      980     1019     1050     1074 
    1090     1104     1113     1116     1111     1100     1086     1071 
    1051     1026      994      947      882      810      735      666 
     610      560      517      480      438      392      348      307 
     270      245      240      249      271      307      348      388 
     430      473      526      592      670      760      847      929 
    1008     1084     1161     1232     1291     1339     1372     1390 
    1390     1377     1356     1329     1298     1264     1224     1177 
    1128     1075     1023      962      890      816      741      666 
     588      515      451      390      337      292      252      224 
     212      212      218      222      234      252      266      284 
     313      344      387      438      493      553      615      676 
     722      758      793      815      827      835      834      830 
     823      815      818      830      842      853      858      855 
     841      816      792      774      767      762      756      749 
     737      719      699      680      658      629      588      540 
     486      423      363      307      259      211      166      126 
      91       67       58       62       75      102      144      203 
     266      334      409      477      544      606      658      707 
     757      812      872      934     1000     1070     1140     1210 
    1275     1333     1375     1391     1385     1356     1302     1228 
    1138     1035      928      822      726      643      572      511 
     460      411      355      295      237      187      144      112 
      90       74       58       47       44       47       62       90 
     121      152      184      214      240      265      291      317 
     346      383      430      480      526      572      618      665 
     715      773      837      903      961     1011     1055     1081 
    1101     1107     1097     1078     1051     1013      966      909 
     857      808      762      730      714      704      700      696 
     688      679      670      661      653      649      646      648 
     654      668      688      712      739      767      793      810 
     814      808      797      788      780      770      762      760 
     758      758      764      761      750      739      727      706 
     672      630      587      545      506      476      457      444 
     433      438      448      451      459      460      457      456 
     446      434      423      407      388      376      372      373 
     383      405      434      460      481      499      503      495 
     476      453      432      415      410      403      398      400 
     410      425      454      492      535      579      616      642 
     649      642      618      573      522      467      417      383 
     359      348      344      346      351      352      352      357 
     359      359      363      372      391      422      469      530 
     596      672      750      820      884      934      965      987 
    1003     1017     1042     1065     1086     1104     1107     1102 
    1088     1065     1046     1021      990      957      922      889 
     851      819      801      777      750      728      699      664 
     629      594      560      526      502      484      477      481 
     491      499      510      522      533      548      571      607 
     649      696      758      818      873      929      974     1007 
    1030     1038     1032     1016      987      947      903      857 
     814      770      723      666      604      538      467      392 
     322      256      197      144      102       72       44       21 
      16       21       37       74      118      164      218      283 
     353      430      510      595      681      772      859      942 
    1026     1113     1192     1260     1308     1337     1348     1337 
    1306     1256     1189     1111     1021      924      831      749 
     672      600      537      484      436      386      340      310 
     294      283      279      288      302      319      346      380 
     411      434      445      453      459      457      460      472 
     498      542      603      675      754      834      908      978 
    1044     1113     1182     1240     1290     1333     1370     1395 
    1416     1441     1455     1459     1463     1459     1441     1409 
    1355     1289     1202     1090      978      870      765      669 
     579      498      422      356      299      249      201      162 
     126       97       81       71       72       95      135      190 
     263      351      446      548      650      745      832      911 
     984     1051     1112     1165     1208     1236     1254     1266 
    1266     1254     1236     1210     1175     1131     1078     1015 
     943      870      799      735      680      631      589      550 
     519      503      492      491      498      508      530      558 
     599      648      696      741      787      826      864      901 
     936      970      997     1011     1015     1011     1007     1000 
     993      981      965      949      927      897      873      854 
     837      823      815      804      781      756      724      685 
     646      615      589      565      540      526      517      506 
     500      502      506      518      532      549      568      585 
     599      607      607      595      579      569      564      566 
     579      595      616      645      672      695      714      727 
     734      730      723      710      691      677      665      660 
     666      681      702      719      726      734      733      724 
     719      712      704      708      719      738      777      827 
     881      943     1005     1053     1088     1104     1104     1092 
    1071     1038      999      961      923      893      874      854 
     831      805      772      738      702      664      635      614 
     596      595      606      621      642      668      689      706 
     718      726      727      720      708      693      677      661 
     648      638      631      630      630      627      626      616 
     600      583      561      540      529      518      518      523 
     532      550      566      583      603      621      633      648 
     668      688      707      731      766      810      857      913 
     967     1009     1050     1088     1113     1138     1166     1192 
    1210     1229     1246     1258     1260     1254     1236     1205 
    1165     1120     1073     1030      986      935      880      819 
     743      660      575      488      405      329      259      193 
     141       99       70       60       65       78      101      139 
     187      241      303      379      460      549      648      750 
     854      957     1053     1139     1213     1274     1324     1367 
    1395     1405     1395     1355     1282     1189     1073      943 
     811      672      526      383      244      112       -5     -108 
    -191     -255     -297     -317     -313     -278     -222     -151 
     -55       63      197      346      504      661      812      953 
    1075     1179     1260     1325     1371     1398     1399     1378 
    1340     1281     1202     1115     1013      905      792      664 
     526      388      249      118        5      -86     -151     -193 
    -212     -207     -183     -143      -83      -11       81      189 
     305      437      576      702      826      943     1053     1151 
    1239     1312     1364     1395     1401     1383     1347     1289 
    1209     1120     1020      908      792      669      546      425 
     306      187       81      -14      -97     -164     -217     -255 
    -274     -280     -276     -257     -222     -178     -121      -52 
      22       98      174      255      346      446      556      677 
     796      903      999     1081     1138     1170     1178     1163 
    1131     1077     1003      924      838      743      654      572 
     498      433      375      319      266      217      176      147 
     129      129      149      193      255      338      445      562 
     684      814      945     1065     1173     1269     1343     1398 
    1433     1452     1459     1455     1444     1429     1405     1363 
    1297     1206     1100      982      858      734      615      511 
     421      341      278      228      184      152      125      106 
     102      116      144      180      225      282      342      414 
     506      612      728      855      977     1084     1178     1259 
    1325     1377     1409     1420     1413     1391     1358     1318 
    1285     1247     1204     1162     1116     1058      997      935 
     869      801      741      685      630      579      540      503 
     477      467      464      469      487      515      542      557 
     566      560      532      504      471      432      400      370 
     349      344      342      342      346      344      334      317 
     289      259      233      218      216      233      272      322 
     383      451      519      587      653      722      788      850 
     915      973     1020     1065     1105     1132     1158     1181 
    1194     1202     1202     1190     1159     1116     1065     1004 
     938      866      787      704      622      535      456      387 
     330      284      243      201      159      120       85       59 
      47       56       87      140      205      278      355      429 
     502      576      648      712      766      811      846      869 
     885      897      899      889      869      832      783      726 
     658      584      514      448      383      324      278      245 
     229      232      241      255      279      315      363      419 
     481      545      604      661      719      776      831      881 
     928      977     1020     1053     1081     1101     1116     1131 
    1147     1167     1183     1193     1196     1190     1173     1147 
    1117     1085     1051     1012      970      929      890      850 
     808      757      697      633      556      468      379      286 
     193      114       49       -1      -37      -60      -75      -94 
    -117     -135     -147     -148     -129      -99      -55        4 
      74      156      251      349      445      538      618      673 
     712      741      753      753      751      747      741      733 
     718      693      660      621      577      531      486      437 
     392      355      324      306      303      311      341      386 
     432      475      517      550      576      598      619      637 
     650      668      692      719      746      773      800      826 
     851      864      859      845      816      766      706      638 
     564      499      446      398      364      349      344      346 
     355      365      383      403      421      444      472      504 
     545      598      657      722      792      858      918      966 
    1000     1026     1038     1032     1020      997      966      939 
     912      890      864      831      791      737      662      577 
     488      402      321      246      176      112       55       20 
       8       13       47      102      163      230      297      356 
     410      461      521      594      676      766      864      959 
    1051     1133     1204     1263     1298     1313     1312     1289 
    1247     1192     1127     1062      996      931      868      804 
     738      666      589      514      433      353      286      224 
     175      144      124      116      120      129      152      190 
     243      310      387      464      549      633      714      789 
     857      909      950      974      980      969      947      911 
     861      808      753      697      639      581      526      471 
     425      390      353      328      315      302      292      288 
     283      287      302      329      372      422      477      542 
     606      665      712      745      765      770      762      747 
     730      712      692      677      672      664      657      657 
     658      661      662      657      648      629      603      576 
     546      522      506      500      503      513      523      533 
     545      558      579      603      633      672      720      778 
     845      919      994     1075     1165     1258     1347     1439 
    1525     1601     1660     1698     1713     1705     1676     1626 
    1560     1485     1394     1285     1167     1039      903      769 
     639      508      383      270      156       47      -49     -129 
    -198     -252     -283     -305     -311     -297     -266     -225 
    -167      -99      -23       59      153      251      353      464 
     571      672      772      866      954     1035     1111     1181 
    1240     1291     1329     1351     1359     1355     1339     1314 
    1282     1246     1208     1169     1124     1074     1021      965 
     903      847      805      770      743      731      730      735 
     750      772      795      822      850      877      911      940 
     969      999     1036     1080     1121     1158     1196     1229 
    1254     1270     1278     1274     1256     1230     1200     1161 
    1111     1059     1005      943      873      801      734      673 
     622      579      545      522      502      486      477      467 
     449      437      425      417      414      410      413      423 
     438      464      496      530      568      600      630      657 
     676      685      688      676      645      604      556      499 
     441      394      353      318      289      266      251      238 
     228      220      212      212      218      221      222      225 
     225      225      232      248      268      292      318      338 
     352      355      344      326      301      271      238      207 
     182      157      133      110       87       71       62       49 
      37       25        9       -8      -18      -23      -22      -16 
      -8        4       16       29       40       44       43       40 
      32       22       10       -1      -11      -27      -47      -70 
     -91     -112     -129     -144     -159     -170     -178     -184 
    -176     -156     -121      -68       -1       68      141      211 
     270      317      349      368      378      376      367      353 
     337      324      306      289      279      270      259      248 
     240      238      232      224      220      217      224      244 
     279      329      387      457      540      618      693      770 
     842      913      985     1053     1127     1205     1282     1360 
    1436     1499     1548     1583     1610     1628     1636     1640 
    1636     1629     1617     1597     1571     1539     1503     1472 
    1436     1399     1366     1329     1297     1281     1271     1267 
    1282     1314     1352     1401     1452     1499     1548     1598 
    1641     1680     1714     1736     1749     1753     1746     1733 
    1713     1687     1663     1640     1620     1599     1576     1554 
    1534     1518     1506     1499     1502     1506     1512     1518 
    1522     1528     1534     1543     1560     1586     1613     1649 
    1690     1728     1761     1794     1819     1837     1846     1846 
    1833     1818     1794     1761     1725     1684     1637     1584 
    1526     1463     1393     1317     1235     1147     1062      981 
     895      807      724      643      572      510      459      422 
     400      394      403      418      444      486      535      592 
     656      718      774      826      870      903      935      963 
     981      996     1011     1020     1026     1034     1031     1024 
    1009      989      962      924      877      831      776      711 
     648      587      526      475      425      375      326      275 
     217      162      110       59       14      -25      -62      -89 
    -102     -108     -101      -76      -41       -8       31       78 
     117      143      163      178      186      186      174      148 
     121       97       78       63       55       55       63       75 
      87       97      108      118      136      159      187      224 
     265      317      380      449      517      583      638      681 
     710      707      677      623      540      432      303      159 
       9     -148     -311     -464     -610     -743     -862     -961 
   -1046    -1123    -1185    -1240    -1286    -1317    -1334    -1333 
   -1308    -1270    -1216    -1148    -1070     -984     -896     -807 
    -722     -641     -568     -504     -446     -396     -360     -337 
    -322     -321     -333     -360     -394     -436     -486     -542 
    -608     -681     -753     -831     -912     -984    -1051    -1101 
   -1124    -1131    -1117    -1084    -1039     -985     -919     -850 
    -778     -704     -625     -529     -422     -314     -197      -71 
      45      164      282      382      467      526      552      544 
     500      423      314      180       27     -140     -318     -506 
    -689     -869    -1055    -1242    -1420    -1594    -1761    -1912 
   -2041    -2138    -2201    -2226    -2201    -2130    -2015    -1854 
   -1653    -1413    -1142     -842     -522     -194      140      476 
     797     1107     1405     1687     1949     2191     2400     2578 
    2720     2821     2889     2925     2922     2889     2830     2748 
    2656     2565     2478     2403     2340     2286     2246     2215 
    2188     2172     2162     2153     2155     2163     2165     2163 
    2162     2161     2166     2172     2178     2189     2203     2214 
    2223     2239     2255     2259     2262     2267     2273     2280 
    2289     2300     2316     2332     2343     2353     2359     2359 
    2354     2346     2330     2311     2290     2259     2220     2178 
    2126     2066     2006     1935     1857     1779     1695     1610 
    1530     1457     1393     1340     1298     1258     1220     1182 
    1138     1090     1048     1013      990      987      999     1023 
    1063     1111     1166     1228     1296     1366     1439     1512 
    1580     1642     1703     1760     1811     1865     1917     1960 
    1996     2019     2034     2037     2022     1991     1944     1880 
    1806     1725     1637     1552     1471     1397     1324     1246 
    1161     1070      980      886      789      695      606      526 
     460      407      370      352      338      326      313      295 
     275      255      221      172      105       18      -82     -207 
    -351     -506     -679     -864    -1053    -1256    -1470    -1690 
   -1917    -2150    -2381    -2601    -2814    -3014    -3194    -3350 
   -3480    -3577    -3639    -3658    -3630    -3554    -3431    -3267 
   -3075    -2866    -2639    -2397    -2146    -1884    -1610    -1336 
   -1059     -778     -500     -237       10      230      413      556 
     657      714      731      710      652      568      464      344 
     217       79      -58     -187     -311     -419     -514     -595 
    -654     -697     -730     -739     -724     -683     -611     -513 
    -383     -230      -67      108      287      461      630      788 
     931     1060     1173     1266     1339     1389     1414     1414 
    1386     1328     1247     1146     1023      889      756      623 
     502      398      303      225      172      136      108       94 
      91      103      129      167      214      276      344      422 
     500      575      642      711      774      835      886      923 
     946      959      961      959      961      962      967      974 
     972      962      947      927      905      885      872      864 
     870      897      950     1026     1129     1254     1391     1537 
    1679     1811     1933     2038     2128     2203     2263     2307 
    2324     2316     2281     2205     2097     1964     1795     1588 
    1350     1081      788      472      147     -166     -463     -745 
   -1000    -1224    -1425    -1594    -1719    -1813    -1878    -1910 
   -1910    -1891    -1849    -1779    -1684    -1561    -1408    -1227 
   -1023     -797     -564     -338     -128       63      225      360 
     461      530      566      575      560      521      460      378 
     278      170       47      -90     -237     -400     -579     -758 
    -940    -1111    -1255    -1370    -1440    -1464    -1447    -1383 
   -1275    -1123     -927     -689     -413     -106      225      581 
     951     1327     1701     2064     2412     2735     3019     3261 
    3456     3604     3708     3774     3802     3794     3757     3694 
    3601     3488     3352     3187     2999     2798     2583     2359 
    2133     1907     1691     1498     1333     1202     1111     1055 
    1024     1011     1012     1023     1031     1036     1038     1035 
    1038     1042     1055     1080     1113     1156     1208     1263 
    1314     1356     1386     1397     1382     1341     1273     1189 
    1100     1009      929      859      803      765      745      730 
     724      723      724      718      704      692      676      662 
     660      668      685      718      751      784      815      845 
     870      892      915      931      934      924      907      882 
     846      815      803      795      785      780      770      758 
     746      724      695      661      626      589      552      515 
     480      444      411      383      359      338      328      319 
     313      306      298      284      263      241      216      189 
     166      152      149      159      182      220      265      318 
     383      460      540      638      751      868      993     1129 
    1278     1431     1591     1761     1933     2107     2286     2461 
    2631     2783     2910     3009     3075     3109     3109     3076 
    3010     2911     2781     2629     2457     2265     2066     1865 
    1671     1491     1316     1147      981      814      641      468 
     305      149       -2     -143     -261     -357     -429     -473 
    -491     -486     -464     -430     -390     -348     -310     -279 
    -251     -225     -197     -153      -98      -27       62      160 
     256      342      414      464      486      473      429      351 
     245      124       -2     -126     -243     -341     -427     -508 
    -585     -662     -754     -855     -961    -1075    -1196    -1312 
   -1414    -1499    -1564    -1603    -1615    -1601    -1564    -1517 
   -1453    -1378    -1304    -1227    -1140    -1053     -955     -842 
    -715     -575     -415     -243      -64      112      278      425 
     565      693      805      903      989     1058     1119     1178 
    1243     1304     1355     1397     1425     1436     1431     1414 
    1395     1377     1360     1347     1343     1348     1362     1387 
    1424     1475     1541     1617     1695     1777     1863     1953 
    2046     2146     2251     2353     2452     2542     2617     2681 
    2731     2762     2768     2745     2691     2602     2481     2326 
    2130     1902     1640     1348     1034      699      349       -9 
    -365     -711    -1044    -1359    -1638    -1884    -2089    -2250 
   -2363    -2432    -2447    -2409    -2322    -2187    -2008    -1788 
   -1528    -1227     -885     -515     -121      292      708     1116 
    1502     1857     2173     2432     2639     2790     2882     2937 
    2955     2944     2910     2849     2771     2677     2558     2424 
    2276     2107     1934     1753     1567     1385     1210     1050 
     903      772      665      584      533      526      553      612 
     696      803      927     1063     1213     1383     1564     1755 
    1964     2176     2388     2594     2789     2970     3123     3248 
    3348     3415     3447     3462     3457     3424     3372     3303 
    3219     3126     3026     2925     2822     2724     2628     2535 
    2450     2376     2312     2261     2219     2189     2173     2165 
    2166     2182     2209     2245     2290     2344     2407     2474 
    2539     2601     2655     2708     2759     2808     2849     2887 
    2918     2947     2974     3003     3029     3044     3052     3052 
    3038     3015     2983     2936     2879     2814     2740     2656 
    2575     2493     2415     2346     2285     2220     2150     2064 
    1965     1857     1736     1611     1483     1351     1223     1101 
     997      916      862      837      837      859      901      958 
    1035     1127     1236     1364     1507     1661     1825     1993 
    2169     2344     2517     2686     2843     2990     3121     3231 
    3325     3387     3414     3410     3368     3288     3176     3040 
    2880     2705     2520     2334     2144     1956     1779     1606 
    1445     1294     1148     1017      903      808      745      706 
     696      728      796      901     1051     1233     1441     1669 
    1904     2137     2358     2554     2728     2882     3007     3109 
    3184     3225     3227     3196     3130     3017     2863     2673 
    2442     2172     1859     1513     1142      751      352      -47 
    -445     -822    -1163    -1464    -1719    -1918    -2056    -2141 
   -2172    -2144    -2068    -1952    -1796    -1603    -1386    -1148 
    -889     -623     -351      -74      202      476      733      963 
    1163     1325     1444     1512     1534     1517     1462     1375 
    1259     1113      953      774      579      380      175      -29 
    -234     -438     -634     -819     -992    -1146    -1278    -1379 
   -1440    -1468    -1463    -1420    -1345    -1242    -1107     -951 
    -773     -577     -370     -153       78      325      577      822 
    1057     1279     1486     1663     1802     1907     1979     2011 
    2011     1985     1929     1844     1734     1597     1437     1270 
    1085      889      696      493      280       70     -135     -329 
    -504     -660     -789     -888     -958     -997    -1007     -990 
    -953     -892     -812     -715     -603     -475     -328     -166 
       9      194      380      571      772      980     1189     1398 
    1597     1781     1956     2110     2238     2336     2408     2454 
    2474     2469     2438     2382     2308     2212     2097     1975 
    1842     1705     1572     1440     1304     1174     1050      923 
     807      715      637      575      532      506      495      490 
     499      522      552      594      652      714      781      857 
     931      999     1069     1144     1221     1293     1363     1431 
    1491     1548     1603     1653     1695     1733     1771     1798 
    1818     1836     1845     1846     1844     1833     1818     1794 
    1761     1722     1677     1632     1587     1533     1475     1417 
    1352     1275     1189     1096     1004      912      823      739 
     664      600      548      506      481      464      460      468 
     477      488      502      513      518      523      537      562 
     598      648      704      765      828      884      932      976 
    1004     1019     1023     1008      974      928      872      801 
     724      641      546      437      310      168       14     -162 
    -349     -545     -749     -949    -1142    -1324    -1485    -1626 
   -1746    -1833    -1898    -1930    -1938    -1930    -1904    -1867 
   -1830    -1783    -1718    -1641    -1548    -1439    -1313    -1182 
   -1058     -936     -818     -708     -610     -522     -441     -370 
    -314     -259     -207     -157     -105      -55       -8       28 
      49       63       68       67       63       56       43       29 
      10       -9      -22      -39      -55      -58      -56      -62 
     -71      -87     -116     -155     -206     -266     -337     -417 
    -506     -607     -712     -823     -940    -1059    -1175    -1290 
   -1402    -1505    -1595    -1675    -1740    -1786    -1809    -1809 
   -1786    -1745    -1686    -1610    -1518    -1404    -1274    -1129 
    -967     -793     -612     -430     -251      -75       90      241 
     376      491      579      645      685      707      708      697 
     679      648      612      575      525      469      410      341 
     268      187       99       10      -75     -156     -230     -299 
    -357     -406     -448     -487     -526     -568     -611     -652 
    -684     -711     -731     -737     -730     -711     -680     -646 
    -607     -565     -523     -475     -419     -361     -297     -224 
    -148      -64       27      124      228      332      433      526 
     606      669      727      770      799      818      830      832 
     824      814      801      784      762      731      695      649 
     589      526      459      383      306      225      149       76 
      14      -27      -55      -75      -86      -89      -85      -78 
     -74      -65      -59      -63      -67      -63      -54      -27 
      21       87      174      282      402      526      656      787 
     912     1026     1125     1212     1285     1343     1393     1444 
    1487     1522     1557     1583     1601     1606     1590     1560 
    1513     1451     1386     1310     1228     1142     1043      940 
     835      722      614      510      405      311      225      149 
      87       31      -10      -41      -72      -97     -114     -124 
    -117      -98      -62        0       75      167      271      386 
     510      631      746      855      958     1048     1127     1192 
    1243     1279     1294     1290     1269     1217     1147     1059 
     949      824      687      533      368      191        9     -171 
    -349     -521     -670     -800     -909     -999    -1057    -1078 
   -1067    -1023     -940     -830     -693     -538     -369     -201 
     -39      118      272      406      521      623      708      777 
     827      857      868      851      811      741      643      525 
     380      221       60     -110     -275     -425     -568     -687 
    -778     -851     -897     -924     -938     -932     -909     -872 
    -828     -772     -693     -600     -490     -363     -229      -82 
      72      225      376      517      648      769      873      959 
    1026     1069     1100     1116     1116     1107     1089     1065 
    1039     1005      966      919      857      789      710      619 
     523      421      310      191       72      -37     -147     -244 
    -321     -383     -437     -477     -508     -530     -546     -553 
    -549     -540     -515     -479     -434     -375     -299     -210 
    -102       14      143      282      417      545      662      766 
     854      924      987     1051     1109     1162     1216     1258 
    1281     1289     1285     1259     1215     1161     1096     1020 
     931      832      735      649      573      517      477      457 
     460      473      495      525      557      598      645      695 
     758      842      934     1031     1133     1248     1367     1476 
    1582     1676     1749     1803     1830     1819     1779     1718 
    1629     1513     1387     1255     1117      977      831      679 
     523      373      229       89      -41     -157     -255     -325 
    -372     -398     -391     -349     -286     -199      -94       22 
     147      270      388      500      602      693      772      841 
     901      946      974      989      985      965      929      870 
     789      687      571      450      325      199       81      -32 
    -137     -225     -305     -361     -396     -407     -398     -379 
    -344     -292     -238     -183     -120      -54       17       94 
     178      259      344      434      523      600      675      747 
     814      873      922      953      967      965      945      915 
     870      818      761      696      621      537      450      369 
     295      221      148       81       14      -43      -82     -102 
    -102      -78      -40        8       74      147      228      318 
     411      514      625      737      849      963     1077     1185 
    1289     1387     1467     1528     1574     1595     1588     1567 
    1526     1474     1416     1354     1289     1221     1151     1081 
    1012      942      876      812      749      683      616      553 
     502      460      432      423      438      472      526      598 
     684      778      876      969     1051     1121     1182     1228 
    1263     1298     1332     1366     1405     1455     1509     1570 
    1628     1680     1719     1744     1749     1734     1694     1630 
    1545     1444     1339     1230     1117     1012      915      820 
     733      649      566      484      396      310      228      151 
      86       29      -10      -28      -28       -1       55      133 
     234      349      469      594      714      830      938     1038 
    1128     1216     1301     1381     1448     1509     1567     1610 
    1637     1651     1651     1634     1595     1537     1467     1386 
    1294     1200     1097      986      869      749      631      510 
     388      274      153       35      -75     -182     -280     -367 
    -438     -495     -535     -553     -556     -540     -504     -451 
    -391     -318     -238     -155      -64       27      112      201 
     286      356      418      473      521      561      596      616 
     623      616      592      558      517      461      396      328 
     253      183      122       68       28        0      -13      -10 
       0       21       54       91      129      170      217      263 
     303      348      394      441      495      550      606      664 
     724      780      827      868      895      903      896      877 
     843      797      754      711      662      618      579      546 
     522      510      510      518      523      537      550      553 
     560      576      589      603      621      639      657      680 
     706      730      758      785      804      816      822      820 
     815      803      787      770      756      741      735      739 
     756      780      812      855      903      955     1008     1065 
    1127     1193     1259     1333     1410     1486     1568     1657 
    1748     1848     1949     2052     2150     2245     2327     2396 
    2452     2496     2519     2525     2515     2493     2463     2432 
    2401     2373     2350     2324     2300     2278     2250     2215 
    2182     2141     2092     2046     1999     1948     1900     1857 
    1822     1798     1777     1764     1755     1750     1749     1746 
    1737     1722     1707     1687     1663     1637     1618     1606 
    1601     1606     1629     1661     1703     1755     1810     1868 
    1926     1982     2034     2081     2118     2147     2172     2192 
    2203     2204     2201     2195     2178     2147     2107     2060 
    2003     1948     1892     1833     1775     1722     1668     1611 
    1566     1525     1485     1453     1431     1410     1397     1394 
    1397     1408     1426     1448     1475     1507     1547     1595 
    1647     1699     1753     1796     1830     1856     1871     1878 
    1887     1895     1895     1892     1888     1881     1872     1864 
    1854     1838     1814     1776     1733     1691     1642     1593 
    1548     1499     1453     1405     1363     1328     1297     1278 
    1270     1267     1274     1282     1294     1317     1336     1345 
    1360     1371     1370     1366     1356     1337     1316     1297 
    1277     1254     1233     1210     1185     1163     1135     1105 
    1084     1062     1039     1020     1007      997      993      994 
    1000     1011     1026     1043     1065     1094     1129     1167 
    1210     1250     1285     1316     1334     1348     1354     1350 
    1339     1320     1294     1267     1236     1205     1173     1133 
    1093     1048      996      939      876      805      731      660 
     602      550      506      477      451      436      430      423 
     422      427      429      427      430      434      448      472 
     504      550      604      664      727      793      862      929 
     996     1057     1115     1169     1213     1247     1275     1297 
    1310     1320     1323     1313     1293     1262     1220     1166 
    1096     1012      924      831      733      631      530      436 
     356      288      229      184      153      131      125      136 
     159      187      222      259      305      357      418      477 
     537      595      646      687      714      730      738      730 
     704      666      616      546      464      378      287      194 
     101        8      -83     -170     -249     -322     -394     -456 
    -506     -550     -579     -594     -600     -596     -583     -564 
    -532     -490     -434     -368     -291     -203     -118      -40 
      36      108      172      234      294      344      390      436 
     471      500      530      552      560      561      548      513 
     464      403      326      238      144       51      -39     -129 
    -216     -299     -383     -453     -513     -572     -623     -666 
    -702     -733     -754     -767     -769     -758     -733     -692 
    -643     -589     -526     -459     -396     -333     -268     -212 
    -159     -109      -65      -25        5       35       59       78 
      91       99       98       90       70       44       11      -28 
     -67     -105     -144     -187     -229     -270     -301     -326 
    -353     -376     -398     -425     -457     -492     -529     -569 
    -611     -654     -699     -739     -783     -834     -882     -920 
    -958     -992    -1011    -1019    -1021    -1016    -1004     -984 
    -955     -915     -866     -816     -761     -702     -642     -585 
    -538     -492     -450     -418     -391     -369     -355     -346 
    -348     -359     -380     -409     -442     -484     -530     -579 
    -626     -672     -715     -751     -778     -796     -801     -799 
    -787     -764     -735     -697     -646     -585     -517     -434 
    -344     -253     -159      -60       39      139      236      330 
     418      502      581      652      710      761      801      831 
     853      864      861      850      830      804      773      733 
     684      631      571      502      433      364      291      218 
     149       79       10      -47     -102     -149     -183     -211 
    -237     -253     -263     -272     -276     -274     -271     -268 
    -261     -246     -234     -218     -193     -164     -136     -106 
     -74      -43      -13       14       37       56       79      101 
     116      121      126      128      122      112      101       85 
      67       43        8      -32      -81     -135     -190     -246 
    -306     -365     -422     -469     -513     -556     -592     -619 
    -642     -657     -664     -665     -657     -642     -621     -587 
    -542     -492     -430     -353     -270     -180      -87        8 
     103      199      291      380      464      540      606      666 
     722      765      801      831      851      861      862      858 
     846      823      796      765      724      681      633      584 
     542      498      460      436      415      400      395      402 
     417      436      456      476      499      521      538      557 
     584      607      630      658      687      714      737      750 
     757      762      756      738      715      691      653      616 
     581      544      506      477      453      432      413      395 
     373      352      330      307      288      278      271      272 
     284      310      348      395      454      523      603      695 
     795      899     1004     1116     1228     1331     1426     1517 
    1599     1674     1733     1781     1819     1842     1852     1852 
    1841     1817     1784     1745     1698     1644     1584     1524 
    1462     1402     1351     1310     1277     1250     1242     1248 
    1263     1300     1351     1408     1476     1556     1640     1729 
    1825     1922     2019     2118     2215     2307     2388     2461 
    2531     2586     2627     2655     2664     2659     2635     2590 
    2533     2461     2377     2282     2184     2079     1965     1852 
    1746     1638     1540     1455     1375     1308     1256     1215 
    1193     1189     1198     1224     1263     1321     1393     1472 
    1561     1658     1761     1869     1979     2083     2173     2251 
    2323     2380     2424     2455     2473     2478     2474     2459 
    2435     2400     2353     2299     2235     2166     2093     2014 
    1935     1858     1783     1710     1641     1576     1517     1466 
    1420     1381     1347     1318     1294     1274     1256     1240 
    1229     1228     1230     1236     1247     1263     1282     1304 
    1325     1354     1389     1421     1452     1485     1516     1549 
    1583     1613     1642     1671     1699     1726     1746     1760 
    1769     1777     1777     1768     1755     1733     1702     1657 
    1603     1544     1474     1399     1323     1244     1166     1090 
    1021      963      912      870      841      822      814      818 
     835      858      896      945     1000     1065     1142     1219 
    1297     1377     1457     1533     1597     1653     1701     1734 
    1755     1765     1761     1742     1705     1656     1595     1526 
    1448     1362     1273     1181     1084      987      899      815 
     741      677      625      579      540      513      493      481 
     480      487      498      519      546      576      611      653 
     700      747      789      827      859      886      903      905 
     896      882      858      823      780      728      675      619 
     556      492      427      364      305      246      191      144 
     102       70       40       17        5       -2        1       10 
      23       47       72      101      133      163      190      214 
     237      256      266      268      266      259      244      225 
     210      187      164      147      129      117      109      103 
     101       98      101      110      121      131      149      171 
     195      224      253      283      317      348      373      395 
     405      407      405      392      373      352      325      294 
     263      230      194      160      129       97       63       37 
      14       -5      -20      -28      -31      -25      -17       -1 
      25       52       87      133      178      224      271      321 
     368      410      449      483      514      546      569      591 
     614      629      639      645      642      637      623      595 
     562      526      484      441      395      351      311      274 
     244      221      202      194      193      193      195      202 
     211      222      230      241      253      263      274      287 
     301      310      315      317      313      305      288      263 
     236      202      163      129       94       60       35       17 
       4       -2       -5       -5        5       20       36       55 
      75      103      139      180      229      280      334      395 
     457      521      581      639      692      737      776      803 
     823      841      853      854      849      838      826      816 
     804      789      773      751      730      708      680      656 
     638      623      611      606      607      622      642      668 
     704      749      800      850      900      953     1000     1036 
    1067     1092     1113     1129     1139     1140     1140     1140 
    1135     1131     1128     1116     1100     1084     1063     1042 
    1026     1009      994      989      996     1009     1030     1062 
    1101     1147     1201     1255     1308     1368     1424     1472 
    1520     1564     1601     1636     1668     1692     1711     1725 
    1732     1732     1725     1710     1692     1664     1629     1591 
    1545     1494     1448     1405     1358     1316     1279     1244 
    1210     1179     1147     1119     1093     1069     1053     1035 
    1021     1015     1012     1012     1021     1034     1048     1067 
    1089     1111     1128     1146     1162     1173     1182     1188 
    1188     1185     1185     1177     1163     1144     1120     1089 
    1053     1008      958      903      846      784      720      660 
     599      540      480      421      365      309      252      199 
     152      108       62       23       -5      -36      -59      -70 
     -79      -90      -91      -82      -71      -64      -47      -20 
      10       45       90      141      194      251      315      380 
     442      506      565      615      661      695      720      746 
     766      781      797      811      818      820      824      822 
     807      781      746      702      650      589      522      451 
     383      318      252      191      141       99       60       28 
       4      -16      -28      -35      -36      -31      -21      -10 
       9       31       49       74       99      125      155      180 
     205      228      244      253      259      261      259      251 
     243      228      206      186      164      135      103       74 
      40        5      -28      -64      -98     -129     -159     -191 
    -218     -240     -263     -283     -297     -306     -310     -314 
    -315     -313     -306     -297     -284     -265     -241     -211 
    -178     -141     -102      -60      -18       20       60       98 
     129      155      182      198      205      211      212      211 
     212      212      207      197      191      186      174      163 
     155      144      139      137      131      129      135      137 
     147      163      178      197      218      240      255      270 
     283      292      298      298      294      289      283      271 
     259      238      214      190      159      129      102       64 
      29       -4      -41      -78     -108     -135     -153     -168 
    -178     -186     -186     -180     -172     -160     -144     -128 
    -110      -90      -70      -47      -25        0       23       44 
      64       83       99      116      129      136      147      156 
     159      162      167      168      172      176      178      175 
     170      160      148      133      121      106       95       89 
      79       71       74       78       83       94      110      128 
     144      167      184      209      240      263      287      313 
     336      363      391      418      444      469      496      525 
     548      569      595      621      643      664      683      702 
     720      739      757      773      788      804      822      838 
     849      862      877      892      908      922      932      947 
     958      969      985      997     1005     1015     1017     1015 
    1013     1012     1009     1003      992      986      978      969 
     963      965      972      978      987     1000     1013     1024 
    1039     1053     1073     1094     1119     1146     1175     1208 
    1240     1274     1305     1334     1364     1394     1418     1439 
    1460     1475     1483     1493     1502     1505     1506     1509 
    1513     1509     1503     1497     1487     1472     1455     1436 
    1413     1385     1358     1334     1306     1279     1260     1246 
    1235     1229     1223     1220     1221     1227     1233     1240 
    1251     1262     1270     1281     1293     1305     1321     1341 
    1363     1389     1414     1440     1463     1485     1505     1518 
    1526     1532     1532     1528     1521     1506     1485     1466 
    1448     1426     1402     1382     1359     1334     1310     1286 
    1263     1240     1216     1189     1162     1138     1113     1092 
    1077     1067     1058     1053     1055     1063     1074     1092 
    1113     1135     1156     1181     1206     1235     1262     1296 
    1329     1358     1390     1431     1468     1503     1539     1570 
    1594     1611     1624     1629     1629     1628     1625     1618 
    1610     1599     1587     1575     1561     1549     1537     1522 
    1507     1487     1463     1441     1420     1402     1387     1377 
    1366     1354     1347     1339     1328     1323     1317     1304 
    1286     1267     1250     1230     1215     1201     1185     1174 
    1169     1162     1155     1150     1143     1135     1123     1109 
    1097     1085     1074     1063     1047     1036     1031     1026 
    1024     1021     1020     1017     1008     1000      997      989 
     978      974      972      969      967      969      972      974 
     981      989      992      993     1000     1005     1009     1016 
    1024     1031     1032     1039     1051     1053     1058     1063 
    1060     1053     1044     1032     1016      999      976      949 
     918      877      831      785      734      673      615      556 
     490      427      365      302      245      193      141       97 
      62       32        5      -10      -18      -21      -17       -4 
      17       47       82      126      176      228      283      336 
     388      444      492      535      571      596      619      633 
     634      627      612      591      561      525      484      444 
     405      363      314      268      220      168      116       65 
      16      -37      -91     -141     -189     -233     -271     -306 
    -340     -369     -392     -410     -429     -444     -459     -471 
    -477     -483     -487     -484     -483     -477     -467     -454 
    -438     -414     -383     -352     -315     -272     -229     -184 
    -139      -90      -40        8       55      103      147      183 
     216      244      265      280      283      276      263      240 
     199      148       90       22      -52     -125     -201     -284 
    -361     -429     -500     -565     -616     -664     -700     -722 
    -733     -731     -714     -683     -645     -595     -532     -459 
    -378     -291     -194      -93        5      101      194      283 
     370      450      518      579      629      662      687      700 
     700      689      666      633      587      530      469      398 
     321      249      175       98       28      -40     -103     -156 
    -199     -234     -257     -268     -270     -263     -245     -216 
    -178     -136      -86      -25       36       98      159      220 
     279      337      390      434      475      508      529      538 
     540      533      522      502      476      449      417      383 
     353      326      302      284      268      255      246      246 
     248      253      268      289      318      355      395      441 
     492      548      606      665      727      791      849      907 
     967     1026     1081     1135     1183     1229     1273     1305 
    1332     1354     1366     1374     1375     1368     1359     1344 
    1323     1296     1263     1224     1182     1133     1085     1038 
     987      936      896      858      822      797      780      767 
     767      777      789      812      845      880      918      965 
    1019     1074     1131     1185     1244     1305     1359     1409 
    1456     1495     1528     1553     1566     1567     1566     1556 
    1534     1503     1467     1426     1379     1329     1279     1225 
    1165     1109     1059     1005      954      911      864      823 
     793      769      750      741      738      743      760      781 
     815      854      896      943      996     1053     1109     1167 
    1224     1277     1324     1370     1408     1437     1466     1480 
    1491     1497     1485     1464     1441     1405     1364     1317 
    1264     1206     1146     1085     1024      962      903      845 
     793      747      707      676      649      629      616      608 
     608      619      631      652      683      718      760      807 
     853      901      949      993     1036     1073     1102     1124 
    1139     1151     1155     1152     1142     1123     1093     1062 
    1024      981      931      876      824      772      719      668 
     622      583      548      522      503      491      487      490 
     496      513      532      553      576      603      626      652 
     677      696      715      735      747      756      758      750 
     737      718      692      660      622      579      531      481 
     432      380      326      274      225      182      141      109 
      82       58       40       32       28       27       31       41 
      55       67       79       97      117      137      153      168 
     186      202      218      234      246      257      270      276 
     279      283      287      289      295      303      314      328 
     342      361      386      411      438      468      493      515 
     537      562      583      602      621      637      650      662 
     675      691      702      711      719      722      718      712 
     707      697      683      666      649      634      618      603 
     594      584      576      576      579      581      585      589 
     594      598      606      619      630      642      660      679 
     692      707      723      734      741      747      745      737 
     731      715      696      676      657      635      608      579 
     549      522      493      459      425      394      363      336 
     310      288      274      261      255      257      261      266 
     275      284      302      322      341      361      380      403 
     429      453      479      504      529      552      565      573 
     579      583      579      572      561      542      519      495 
     464      433      410      382      348      321      299      278 
     263      249      243      240      237      237      245      253 
     266      286      305      326      348      372      399      423 
     445      469      492      511      526      544      557      571 
     581      588      594      595      594      588      584      579 
     571      562      558      553      549      546      548      552 
     556      564      573      587      603      618      634      654 
     675      696      720      747      776      797      820      847 
     868      882      896      907      913      913      909      907 
     903      899      895      886      880      876      876      877 
     877      886      899      912      929      950      976     1000 
    1028     1053     1078     1105     1125     1142     1161     1175 
    1183     1189     1197     1202     1205     1202     1202     1202 
    1197     1192     1189     1182     1173     1166     1162     1159 
    1159     1162     1165     1167     1169     1170     1174     1175 
    1171     1174     1175     1170     1170     1166     1158     1152 
    1148     1142     1132     1119     1105     1090     1073     1055 
    1039     1021     1004      987      972      957      942      926 
     908      890      873      857      841      823      810      800 
     791      785      784      784      789      792      792      797 
     797      793      796      797      796      795      796      800 
     804      805      814      826      834      837      841      850 
     855      858      864      869      873      877      884      893 
     903      912      924      940      957      973      989     1007 
    1023     1042     1063     1078     1088     1100     1109     1116 
    1119     1119     1116     1109     1102     1097     1086     1069 
    1050     1028     1004      981      955      929      905      877 
     851      834      818      801      792      789      788      789 
     799      810      822      838      858      876      889      903 
     922      938      953      966      974      977      980      974 
     966      955      942      920      899      877      853      826 
     800      770      743      719      689      658      631      604 
     579      556      531      506      487      467      448      429 
     414      402      390      376      367      360      355      352 
     351      351      356      364      373      386      400      417 
     433      448      461      477      490      503      519      531 
     544      557      568      573      579      587      591      594 
     598      594      584      581      576      561      552      540 
     526      514      500      490      476      464      461      454 
     438      427      422      410      394      383      376      367 
     359      355      352      351      349      346      351      355 
     360      368      376      387      399      413      429      446 
     464      486      503      517      531      546      553      560 
     562      561      557      556      550      537      529      517 
     495      479      464      444      425      407      388      375 
     365      357      351      346      346      349      355      360 
     368      382      396      413      430      448      467      490 
     514      532      549      572      588      598      607      615 
     614      610      603      588      569      546      522      495 
     464      434      405      369      338      309      278      255 
     236      217      203      199      194      190      197      210 
     225      244      266      289      311      337      363      386 
     405      423      438      446      450      450      445      432 
     414      392      367      338      305      266      229      191 
     155      120       85       44       13       -5      -29      -49 
     -62      -65      -64      -62      -52      -32      -13       10 
      44       76      109      147      187      232      278      325 
     370      417      459      502      540      575      608      638 
     658      675      688      696      699      702      700      692 
     680      670      662      652      639      629      614      598 
     585      572      557      546      538      526      519      514 
     511      513      522      531      542      558      577      594 
     612      633      657      684      710      737      765      789 
     814      838      864      882      900      916      928      939 
     949      958      963      967      970      974      974      973 
     970      966      965      963      959      954      951      950 
     947      947      953      959      969      981      999     1017 
    1035     1057     1077     1092     1107     1120     1132     1143 
    1150     1155     1162     1163     1158     1151     1146     1133 
    1119     1102     1081     1060     1039     1013      989      970 
     949      926      911      896      877      866      859      854 
     849      843      842      842      838      837      835      831 
     826      820      819      818      814      811      808      805 
     803      799      793      788      781      778      773      767 
     764      758      754      751      750      747      745      745 
     743      741      741      737      733      735      734      728 
     728      730      730      735      741      741      747      758 
     767      774      781      789      797      805      812      814 
     815      820      824      823      822      820      816      808 
     801      793      783      772      754      734      715      697 
     679      657      635      619      603      589      579      573 
     568      565      565      568      572      577      585      598 
     611      623      633      642      649      657      666      672 
     673      675      672      668      666      662      654      645 
     637      630      616      600      589      576      560      542 
     526      511      495      481      471      459      450      446 
     440      442      448      451      460      469      477      490 
     500      514      530      546      564      583      604      626 
     645      662      681      699      712      722      733      741 
     741      735      727      718      710      696      680      666 
     653      639      626      614      599      584      573      562 
     549      542      533      522      514      506      498      493 
     492      490      484      481      479      473      473      471 
     463      460      461      461      461      464      473      484 
     493      506      519      532      548      558      571      587 
     598      610      627      645      660      677      692      708 
     727      743      758      773      788      800      808      815 
     820      823      827      834      838      843      843      845 
     846      842      838      835      828      827      828      824 
     822      824      827      835      846      857      870      886 
     907      924      938      953      970      990     1009     1026 
    1046     1067     1088     1112     1135     1155     1177     1196 
    1210     1227     1237     1246     1254     1258     1255     1252 
    1250     1243     1229     1215     1198     1177     1152     1129 
    1101     1067     1036     1005      972      938      907      877 
     851      824      801      785      769      751      739      737 
     738      738      741      750      762      774      789      807 
     824      843      864      877      890      903      915      922 
     926      927      926      922      912      896      877      854 
     830      801      769      739      708      676      643      611 
     583      556      533      517      498      481      469      460 
     453      451      451      454      459      467      476      487 
     499      514      523      533      546      553      561      569 
     576      581      583      579      575      565      556      548 
     535      518      502      488      468      449      436      422 
     407      396      390      383      382      380      383      387 
     391      402      415      432      449      467      484      503 
     522      545      566      585      604      621      637      652 
     664      672      679      684      687      687      688      691 
     691      685      677      669      661      654      645      634 
     621      608      598      583      572      565      557      553 
     550      544      542      540      535      530      525      522 
     515      511      511      510      510      514      514      513 
     515      519      521      522      526      526      526      523 
     519      518      514      508      506      504      498      495 
     488      480      473      467      459      451      449      445 
     438      433      430      425      418      415      414      411 
     409      409      407      403      409      414      414      418 
     421      419      423      429      434      442      448      449 
     456      464      469      473      480      488      495      504 
     513      517      522      530      533      540      552      557 
     561      568      571      573      579      577      576      575 
     568      562      560      553      548      542      537      530 
     521      511      504      498      490      483      476      473 
     471      464      463      464      464      464      464      468 
     467      464      464      464      467      464      461      461 
     460      459      457      457      459      464      467      475 
     483      491      506      521      533      553      576      595 
     618      642      665      689      714      738      764      788 
     810      826      843      858      872      877      882      886 
     889      886      884      881      876      870      866      859 
     854      851      846      841      838      837      835      831 
     831      835      837      838      841      843      847      854 
     858      861      861      857      854      851      847      841 
     837      831      826      819      807      795      785      773 
     754      743      733      712      699      685      670      661 
     652      641      634      626      618      615      614      612 
     611      611      612      614      618      622      622      625 
     626      625      623      621      616      614      606      595 
     579      566      552      531      511      492      471      451 
     432      409      391      378      364      355      346      338 
     341      344      344      351      361      370      383      400 
     419      437      454      472      490      506      525      538 
     552      566      575      581      591      595      598      600 
     604      607      611      616      614      611      616      619 
     618      622      626      630      637      646      658      665 
     673      687      699      710      724      743      758      773 
     788      799      811      828      837      842      850      854 
     857      858      855      854      849      838      830      820 
     808      800      791      778      769      761      753      747 
     747      747      747      751      758      766      774      784 
     792      801      810      818      826      832      838      847 
     850      847      847      849      846      842      838      831 
     820      808      796      785      776      765      754      745 
     733      723      715      708      702      699      696      693 
     688      684      684      679      675      670      661      654 
     648      637      629      623      612      603      594      589 
     585      576      566      562      562      561      560      562 
     565      566      573      581      589      604      618      629 
     642      654      664      673      684      691      699      710 
     718      722      728      734      739      746      747      746 
     750      750      741      735      728      723      715      704 
     697      691      684      680      677      675      675      669 
     664      662      662      658      656      656      653      654 
     660      660      660      665      672      673      675      679 
     680      677      673      669      662      656      649      639 
     630      619      610      600      592      581      566      553 
     545      533      522      506      492      483      472      464 
     460      454      453      453      457      463      469      479 
     490      496      503      515      530      542      557      577 
     592      608      627      639      652      668      679      684 
     689      687      683      681      672      661      652      637 
     619      599      575      553      533      506      483      464 
     442      419      402      386      369      365      367      367 
     372      382      394      409      423      445      468      487 
     513      540      562      584      610      633      650      665 
     680      687      689      688      685      679      666      648 
     629      610      589      568      542      518      498      475 
     454      441      425      411      402      394      390      383 
     383      388      396      405      417      429      444      463 
     480      498      522      548      569      592      618      645 
     666      691      715      735      753      773      789      797 
     807      816      820      820      820      818      814      808 
     799      784      772      760      746      731      715      702 
     693      679      669      664      654      650      650      649 
     650      658      668      679      692      706      719      735 
     751      766      778      787      799      811      815      820 
     826      823      822      820      812      799      785      769 
     750      730      711      691      670      653      635      619 
     607      598      588      584      584      584      588      595 
     603      615      631      646      661      681      702      720 
     741      760      777      792      807      819      826      830 
     838      843      841      841      841      835      828      819 
     808      799      787      773      760      745      733      722 
     712      702      695      692      693      693      696      697 
     699      704      707      708      714      715      718      720 
     720      722      723      719      720      723      719      714 
     710      707      700      693      689      681      680      683 
     683      689      700      711      724      741      754      773 
     797      820      838      855      880      897      912      935 
     953      961      974      984      986      990      996      997 
     993      990      986      980 
