Origin Time       2016/04/16 01:25:00
Lat.              32.753
Long.             130.762
Depth. (km)       12
Mag.              7.3
Station Code      KOC009
Station Lat.      33.5742
Station Long.     133.1718
Station Height(m) 105
Record Time       2016/04/16 01:25:52
Sampling Freq(Hz) 100Hz
Duration Time(s)  106
Dir.              E-W
Scale Factor      7845(gal)/8223790
Max. Acc. (gal)   3.846
Last Correction   2016/04/16 01:25:53
Memo.             
    6547     6551     6550     6548     6550     6550     6550     6548 
    6546     6547     6551     6551     6550     6547     6548     6551 
    6550     6547     6550     6551     6548     6547     6550     6550 
    6548     6551     6552     6547     6546     6550     6551     6548 
    6548     6551     6548     6548     6552     6550     6547     6550 
    6548     6547     6552     6554     6548     6543     6547     6552 
    6547     6546     6551     6552     6548     6547     6548     6551 
    6550     6550     6548     6546     6551     6554     6548     6544 
    6547     6550     6548     6546     6548     6550     6546     6547 
    6552     6550     6543     6548     6552     6547     6548     6552 
    6551     6550     6550     6550     6550     6551     6551     6548 
    6547     6548     6548     6548     6546     6547     6551     6552 
    6551     6551     6547     6546     6550     6552     6548     6547 
    6548     6551     6551     6547     6546     6551     6552     6547 
    6547     6550     6551     6554     6551     6551     6552     6548 
    6547     6551     6551     6550     6552     6552     6550     6547 
    6547     6550     6550     6546     6547     6554     6551     6547 
    6547     6550     6551     6548     6547     6550     6550     6547 
    6547     6548     6550     6548     6548     6550     6550     6550 
    6550     6548     6547     6551     6551     6546     6546     6551 
    6550     6547     6550     6551     6544     6546     6554     6550 
    6544     6552     6554     6544     6544     6551     6550     6546 
    6551     6552     6547     6548     6551     6550     6547     6547 
    6550     6548     6547     6550     6552     6550     6547     6550 
    6550     6548     6548     6548     6546     6546     6548     6548 
    6546     6550     6552     6546     6547     6552     6551     6551 
    6552     6550     6548     6551     6551     6548     6547     6548 
    6552     6550     6544     6548     6551     6548     6547     6550 
    6548     6546     6550     6551     6544     6546     6554     6547 
    6543     6551     6550     6542     6547     6554     6550     6546 
    6548     6552     6552     6548     6550     6552     6548     6546 
    6550     6550     6546     6547     6550     6550     6547     6548 
    6550     6550     6550     6548     6547     6550     6550     6546 
    6547     6550     6546     6544     6551     6551     6547     6547 
    6546     6547     6552     6550     6547     6550     6550     6547 
    6548     6548     6550     6552     6552     6551     6550     6548 
    6548     6548     6548     6548     6550     6552     6551     6548 
    6548     6548     6550     6550     6550     6551     6550     6551 
    6551     6548     6548     6550     6551     6552     6548     6547 
    6548     6550     6554     6552     6548     6548     6550     6547 
    6548     6550     6548     6548     6551     6550     6546     6546 
    6550     6551     6550     6548     6551     6552     6548     6547 
    6551     6552     6550     6550     6551     6547     6550     6554 
    6550     6544     6547     6554     6551     6548     6550     6550 
    6548     6550     6550     6548     6548     6551     6550     6546 
    6550     6554     6551     6548     6550     6548     6548     6550 
    6552     6550     6546     6550     6551     6547     6548     6548 
    6548     6550     6550     6548     6550     6548     6548     6548 
    6546     6546     6552     6551     6546     6548     6551     6548 
    6550     6552     6550     6548     6551     6550     6551     6550 
    6547     6551     6552     6547     6547     6551     6551     6547 
    6548     6551     6550     6547     6547     6548     6550     6547 
    6548     6550     6548     6548     6550     6550     6547     6544 
    6550     6552     6548     6548     6551     6548     6548     6548 
    6547     6548     6548     6552     6555     6550     6546     6547 
    6550     6551     6550     6548     6551     6552     6550     6550 
    6548     6548     6551     6551     6548     6547     6547     6548 
    6550     6551     6550     6550     6548     6548     6550     6548 
    6551     6554     6550     6546     6548     6550     6548     6548 
    6551     6550     6546     6547     6551     6554     6551     6544 
    6548     6554     6550     6544     6548     6552     6547     6547 
    6552     6551     6547     6548     6548     6547     6550     6552 
    6552     6550     6548     6547     6546     6548     6554     6551 
    6547     6546     6546     6547     6547     6550     6550     6544 
    6546     6550     6548     6547     6548     6546     6546     6550 
    6548     6543     6544     6551     6551     6546     6546     6551 
    6548     6546     6547     6546     6544     6547     6548     6547 
    6550     6550     6546     6544     6547     6550     6548     6546 
    6547     6551     6544     6543     6550     6548     6544     6548 
    6551     6544     6543     6550     6551     6543     6542     6547 
    6547     6546     6547     6547     6547     6550     6548     6547 
    6550     6551     6550     6546     6547     6551     6548     6547 
    6550     6550     6548     6550     6550     6548     6548     6547 
    6551     6550     6546     6548     6548     6546     6550     6552 
    6548     6547     6550     6551     6551     6552     6551     6550 
    6551     6554     6554     6552     6551     6555     6556     6554 
    6554     6554     6551     6551     6555     6554     6551     6552 
    6555     6551     6554     6556     6554     6554     6556     6552 
    6551     6552     6547     6547     6551     6550     6550     6552 
    6554     6552     6551     6551     6552     6552     6552     6548 
    6546     6548     6550     6547     6547     6552     6551     6548 
    6547     6547     6547     6548     6546     6546     6551     6550 
    6550     6551     6547     6547     6551     6550     6548     6550 
    6550     6551     6551     6548     6546     6543     6547     6554 
    6552     6547     6550     6556     6555     6548     6547     6550 
    6548     6550     6551     6554     6556     6558     6552     6547 
    6544     6540     6536     6542     6548     6551     6552     6552 
    6554     6555     6550     6543     6544     6548     6547     6543 
    6543     6544     6540     6534     6531     6535     6535     6538 
    6542     6542     6544     6550     6547     6540     6536     6531 
    6529     6529     6527     6529     6536     6536     6531     6527 
    6524     6524     6519     6515     6519     6525     6534     6543 
    6544     6539     6536     6531     6525     6523     6524     6523 
    6524     6531     6539     6538     6534     6535     6535     6528 
    6517     6513     6512     6515     6516     6515     6515     6517 
    6519     6516     6513     6512     6519     6523     6521     6519 
    6519     6515     6511     6512     6515     6512     6517     6529 
    6534     6535     6535     6529     6519     6511     6505     6501 
    6504     6511     6519     6529     6535     6529     6523     6520 
    6516     6507     6500     6505     6517     6528     6534     6539 
    6542     6536     6528     6521     6521     6519     6516     6517 
    6520     6521     6525     6527     6527     6525     6521     6521 
    6525     6527     6521     6517     6519     6523     6527     6531 
    6531     6525     6513     6508     6507     6504     6508     6516 
    6513     6509     6511     6509     6504     6500     6502     6508 
    6509     6513     6520     6520     6515     6512     6505     6497 
    6494     6485     6475     6477     6481     6492     6502     6502 
    6501     6501     6493     6489     6496     6500     6508     6519 
    6524     6527     6528     6516     6494     6482     6480     6478 
    6480     6484     6488     6489     6493     6497     6493     6480 
    6467     6462     6465     6478     6500     6509     6507     6500 
    6482     6459     6443     6436     6432     6439     6459     6481 
    6488     6485     6486     6478     6457     6446     6451     6460 
    6471     6482     6488     6492     6498     6494     6480     6462 
    6447     6443     6454     6470     6481     6482     6481     6482 
    6480     6478     6485     6489     6488     6488     6488     6482 
    6473     6470     6477     6482     6482     6485     6490     6494 
    6493     6492     6497     6500     6497     6500     6498     6489 
    6478     6467     6458     6460     6470     6477     6475     6467 
    6460     6459     6457     6453     6451     6450     6447     6444 
    6439     6427     6423     6430     6448     6465     6473     6484 
    6498     6505     6502     6488     6467     6462     6470     6478 
    6481     6485     6496     6511     6517     6519     6521     6521 
    6520     6525     6531     6525     6512     6497     6485     6469 
    6457     6455     6463     6475     6477     6471     6471     6475 
    6478     6481     6480     6475     6478     6484     6489     6497 
    6502     6501     6500     6486     6458     6435     6427     6424 
    6434     6453     6465     6465     6462     6454     6447     6440 
    6436     6439     6440     6432     6424     6417     6411     6407 
    6407     6405     6415     6446     6473     6488     6498     6508 
    6513     6516     6512     6505     6509     6525     6547     6571 
    6592     6598     6602     6612     6615     6601     6581     6573 
    6581     6589     6586     6581     6574     6566     6556     6539 
    6508     6474     6450     6442     6448     6458     6460     6467 
    6477     6481     6480     6475     6471     6470     6460     6436 
    6416     6415     6430     6459     6493     6527     6559     6583 
    6589     6573     6551     6542     6548     6571     6601     6623 
    6633     6642     6646     6648     6644     6629     6617     6608 
    6600     6609     6643     6685     6716     6727     6721     6709 
    6690     6662     6632     6613     6616     6637     6662     6673 
    6673     6669     6659     6644     6627     6621     6627     6635 
    6647     6651     6639     6616     6598     6598     6627     6675 
    6728     6771     6798     6795     6756     6687     6604     6527 
    6481     6470     6490     6540     6602     6652     6686     6679 
    6606     6493     6384     6318     6313     6369     6467     6601 
    6741     6833     6840     6774     6663     6544     6457     6424 
    6451     6536     6662     6793     6894     6936     6912     6836 
    6736     6640     6563     6505     6469     6458     6463     6484 
    6519     6552     6574     6594     6623     6654     6673     6686 
    6682     6642     6574     6501     6426     6358     6327     6349 
    6416     6508     6592     6640     6635     6577     6480     6369 
    6264     6191     6161     6169     6208     6269     6332     6363 
    6353     6305     6238     6188     6184     6219     6280     6361 
    6462     6559     6625     6644     6615     6569     6543     6558 
    6605     6673     6771     6885     6974     7015     7006     6941 
    6855     6787     6750     6731     6724     6727     6727     6706 
    6664     6623     6600     6608     6647     6693     6709     6678 
    6602     6502     6421     6380     6369     6393     6460     6551 
    6633     6682     6686     6640     6544     6436     6356     6313 
    6312     6350     6401     6443     6475     6515     6575     6652 
    6741     6837     6907     6924     6886     6814     6736     6677 
    6660     6696     6777     6890     7007     7096     7126     7091 
    7023     6955     6891     6835     6787     6772     6801     6855 
    6891     6874     6805     6723     6655     6613     6604     6627 
    6673     6717     6748     6774     6795     6814     6833     6835 
    6797     6743     6709     6702     6706     6720     6741     6762 
    6771     6752     6682     6563     6442     6372     6377     6453 
    6567     6673     6739     6759     6741     6709     6689     6687 
    6705     6748     6798     6825     6818     6782     6717     6631 
    6531     6439     6382     6363     6363     6338     6266     6154 
    6033     5922     5814     5725     5691     5718     5787     5868 
    5918     5929     5942     5991     6068     6138     6174     6180 
    6169     6134     6073     6029     6035     6083     6126     6154 
    6193     6262     6351     6427     6459     6451     6444     6477 
    6555     6670     6802     6947     7105     7252     7352     7395 
    7403     7400     7402     7399     7362     7285     7188     7094 
    7028     6999     6980     6933     6863     6797     6752     6737 
    6767     6847     6952     7038     7061     7001     6881     6754 
    6678     6705     6820     6951     7028     7017     6918     6758 
    6574     6394     6254     6204     6266     6397     6527     6597 
    6597     6566     6554     6585     6650     6718     6755     6751 
    6725     6683     6616     6552     6550     6637     6777     6890 
    6934     6912     6851     6789     6739     6682     6619     6586 
    6629     6751     6902     7013     7040     6983     6871     6737 
    6615     6544     6558     6635     6727     6781     6767     6689 
    6569     6450     6376     6351     6356     6386     6423     6421 
    6350     6200     5998     5792     5660     5655     5775     5980 
    6219     6467     6696     6864     6934     6922     6899     6903 
    6901     6852     6751     6609     6486     6443     6501     6640 
    6817     6971     7047     7017     6912     6791     6682     6582 
    6527     6575     6768     7075     7389     7605     7676     7636 
    7553     7447     7307     7148     7023     6974     6994     7036 
    7037     6975     6875     6785     6711     6651     6615     6647 
    6782     6998     7210     7335     7342     7245     7080     6871 
    6652     6465     6354     6343     6408     6500     6585     6624 
    6567     6401     6165     5900     5634     5422     5339     5431 
    5671     5980     6252     6407     6412     6305     6156     6010 
    5899     5845     5860     5927     5981     5968     5914     5888 
    5940     6076     6261     6467     6683     6886     7032     7082 
    7045     6970     6903     6860     6810     6736     6691     6760 
    6941     7165     7348     7439     7437     7356     7198     6993 
    6804     6698     6709     6829     6985     7064     6997     6822 
    6627     6467     6372     6335     6316     6284     6258     6278 
    6343     6408     6431     6415     6381     6326     6234     6106 
    5954     5821     5753     5764     5817     5871     5926     5992 
    6072     6162     6249     6315     6380     6477     6610     6764 
    6930     7129     7354     7561     7693     7735     7705     7668 
    7676     7739     7825     7916     8005     8073     8068     7958 
    7753     7480     7164     6847     6581     6397     6300     6268 
    6252     6191     6054     5876     5701     5560     5483     5481 
    5544     5647     5771     5892     5977     5995     5927     5767 
    5530     5267     5030     4887     4904     5082     5374     5726 
    6075     6349     6515     6582     6581     6544     6515     6515 
    6534     6531     6469     6356     6226     6075     5892     5684 
    5467     5283     5150     5054     5004     5059     5267     5582 
    5902     6196     6501     6789     6956     6933     6747     6500 
    6320     6268     6316     6407     6500     6597     6704     6772 
    6768     6725     6728     6847     7059     7248     7323     7298 
    7206     7084     7011     7056     7231     7492     7754     7933 
    7986     7890     7641     7319     7063     6925     6886     6928 
    6995     6997     6886     6686     6446     6203     5996     5876 
    5854     5898     5976     6079     6210     6359     6481     6489 
    6349     6124     5917     5773     5687     5651     5660     5689 
    5719     5737     5718     5686     5699     5811     6039     6323 
    6551     6683     6754     6785     6772     6717     6646     6606 
    6640     6713     6770     6787     6766     6716     6681     6670 
    6656     6601     6480     6332     6232     6199     6219     6299 
    6448     6681     6945     7149     7246     7217     7034     6705 
    6285     5886     5636     5616     5809     6115     6404     6581 
    6606     6465     6191     5888     5715     5760     5989     6265 
    6455     6544     6604     6682     6764     6813     6806     6750 
    6662     6538     6328     6019     5702     5521     5540     5694 
    5880     6025     6095     6099     6064     6018     5996     6049 
    6189     6378     6542     6615     6596     6562     6581     6650 
    6733     6802     6848     6871     6859     6793     6678     6597 
    6635     6795     6993     7105     7082     7001     6972     6998 
    6988     6906     6814     6802     6902     7056     7169     7209 
    7219     7246     7290     7330     7373     7435     7499     7501 
    7384     7171     6972     6898     6993     7207     7414     7500 
    7442     7226     6856     6416     6035     5833     5881     6143 
    6498     6847     7141     7334     7375     7223     6891     6471 
    6110     5923     5915     5989     6029     5981     5879     5755 
    5623     5519     5479     5529     5661     5798     5842     5783 
    5692     5668     5748     5860     5926     5958     6030     6189 
    6415     6656     6886     7094     7258     7335     7291     7176 
    7113     7177     7346     7530     7669     7758     7831     7892 
    7892     7809     7720     7753     7979     8321     8603     8727 
    8706     8567     8303     7916     7485     7159     7042     7137 
    7344     7493     7437     7118     6605     6034     5583     5414 
    5583     5987     6409     6664     6686     6520     6264     6030 
    5926     6003     6247     6619     7026     7342     7495     7510 
    7431     7248     6918     6492     6124     5985     6169     6629 
    7195     7657     7881     7840     7570     7160     6771     6540 
    6531     6705     6947     7132     7200     7140     6982     6779 
    6564     6343     6138     6004     5988     6110     6369     6728 
    7068     7252     7233     7067     6878     6766     6759     6840 
    6987     7164     7323     7435     7510     7581     7646     7651 
    7572     7415     7223     7075     7026     7082     7190     7244 
    7153     6924     6635     6388     6285     6384     6608     6802 
    6840     6694     6411     6064     5727     5491     5431     5574 
    5884     6281     6654     6871     6844     6594     6237     5908 
    5741     5795     6069     6504     6974     7356     7586     7622 
    7450     7138     6791     6528     6463     6639     6985     7364 
    7614     7642     7443     7082     6640     6203     5848     5644 
    5593     5630     5694     5736     5706     5621     5535     5481 
    5464     5499     5583     5698     5802     5864     5902     5922 
    5899     5817     5709     5617     5548     5483     5424     5367 
    5285     5152     4969     4795     4729     4812     5011     5275 
    5568     5863     6150     6413     6608     6704     6718     6714 
    6744     6829     6939     7033     7071     7047     6982     6879 
    6728     6551     6416     6394     6504     6679     6813     6825 
    6685     6426     6148     5965     5933     6048     6261     6516 
    6731     6815     6766     6652     6544     6465     6412     6370 
    6335     6309     6301     6318     6355     6408     6469     6485 
    6378     6133     5826     5579     5489     5582     5796     6043 
    6252     6381     6393     6315     6214     6173     6249     6434 
    6627     6696     6594     6392     6184     6011     5895     5856 
    5908     6029     6139     6156     6042     5838     5620     5463 
    5406     5456     5602     5793     5977     6114     6173     6173 
    6173     6183     6148     6057     5949     5886     5918     6062 
    6281     6489     6604     6623     6589     6505     6380     6272 
    6227     6231     6259     6293     6305     6278     6214     6115 
    6010     5921     5872     5890     5984     6153     6380     6623 
    6841     7010     7105     7127     7132     7155     7168     7114 
    6971     6781     6635     6582     6573     6546     6459     6323 
    6205     6148     6142     6161     6193     6251     6351     6490 
    6671     6895     7136     7334     7442     7449     7385     7300 
    7236     7222     7249     7291     7302     7260     7167     7041 
    6936     6907     6939     6960     6949     6936     6913     6855 
    6766     6685     6639     6596     6498     6351     6185     6011 
    5848     5715     5611     5555     5590     5707     5854     5968 
    6015     6022     6012     5968     5900     5846     5836     5899 
    6052     6259     6475     6664     6782     6777     6650     6427 
    6156     5944     5918     6131     6523     6924     7184     7281 
    7283     7268     7280     7288     7236     7129     7030     6961 
    6889     6790     6718     6735     6809     6825     6720     6556 
    6436     6409     6434     6427     6361     6282     6270     6361 
    6496     6586     6631     6702     6809     6840     6708     6453 
    6214     6124     6214     6408     6605     6744     6789     6710 
    6498     6195     5902     5741     5755     5877     6000     6058 
    6081     6099     6099     6104     6173     6320     6498     6646 
    6724     6729     6681     6606     6529     6465     6435     6471 
    6577     6718     6839     6885     6829     6663     6407     6122 
    5894     5811     5937     6246     6609     6844     6851     6643 
    6297     5942     5715     5694     5886     6243     6643     6944 
    7076     7034     6863     6639     6430     6252     6122     6075 
    6119     6214     6276     6243     6138     6033     6000     6066 
    6219     6447     6713     6966     7164     7250     7165     6948 
    6718     6578     6555     6619     6725     6848     6956     6982 
    6883     6728     6633     6659     6815     7072     7348     7551 
    7624     7530     7272     6912     6542     6251     6127     6177 
    6300     6401     6453     6454     6427     6397     6354     6288 
    6207     6148     6161     6257     6417     6596     6732     6793 
    6772     6685     6578     6525     6574     6714     6879     6974 
    6932     6754     6494     6274     6197     6278     6465     6701 
    6910     7032     7056     6988     6859     6733     6667     6669 
    6691     6698     6686     6671     6671     6678     6673     6648 
    6627     6643     6687     6724     6739     6754     6758     6739 
    6678     6558     6399     6247     6145     6115     6139     6208 
    6322     6438     6494     6446     6274     6016     5756     5559 
    5481     5571     5817     6126     6385     6527     6534     6417 
    6242     6088     5996     5967     5983     6033     6118     6241 
    6373     6485     6573     6643     6706     6779     6870     6985 
    7096     7159     7165     7152     7138     7136     7172     7263 
    7369     7458     7506     7484     7377     7209     7029     6917 
    6907     6943     6943     6885     6799     6744     6767     6829 
    6829     6709     6516     6354     6303     6367     6508     6677 
    6841     6964     6980     6843     6583     6313     6124     6042 
    6062     6178     6336     6474     6540     6490     6358     6241 
    6186     6169     6142     6108     6100     6147     6239     6331 
    6389     6430     6502     6670     6906     7102     7182     7165 
    7094     6997     6903     6862     6897     6995     7119     7233 
    7302     7300     7218     7080     6906     6717     6564     6508 
    6535     6581     6601     6588     6554     6527     6500     6442 
    6340     6219     6137     6124     6158     6203     6247     6307 
    6404     6527     6629     6696     6736     6766     6782     6767 
    6717     6656     6602     6571     6564     6579     6644     6781 
    6968     7150     7258     7250     7165     7045     6891     6720 
    6578     6504     6511     6579     6690     6825     6961     7048 
    7026     6868     6617     6369     6222     6208     6295     6427 
    6556     6642     6655     6583     6447     6327     6295     6350 
    6435     6485     6447     6332     6188     6053     5954     5923 
    5999     6189     6451     6706     6859     6848     6710     6512 
    6292     6073     5910     5875     5977     6145     6285     6338 
    6293     6197     6085     5977     5881     5796     5741     5721 
    5715     5738     5805     5906     6025     6120     6146     6080 
    5949     5829     5751     5707     5717     5790     5896     5977 
    5984     5919     5829     5767     5765     5815     5886     5958 
    6048     6180     6359     6546     6697     6795     6844     6840 
    6787     6732     6717     6747     6806     6874     6924     6930 
    6867     6725     6540     6370     6281     6301     6405     6508 
    6538     6485     6389     6281     6169     6069     6014     6012 
    6048     6103     6164     6219     6243     6178     6030     5880 
    5813     5879     6069     6296     6459     6512     6469     6380 
    6272     6151     6035     5972     6016     6146     6268     6316 
    6297     6250     6219     6230     6270     6308     6313     6296 
    6293     6308     6304     6285     6278     6289     6303     6315 
    6331     6354     6377     6392     6384     6338     6272     6223 
    6193     6170     6184     6268     6386     6477     6511     6507 
    6498     6511     6524     6523     6523     6543     6577     6602 
    6613     6620     6647     6704     6760     6795     6824     6836 
    6821     6789     6744     6702     6664     6644     6650     6658 
    6666     6691     6744     6831     6924     6993     7005     6940 
    6814     6686     6597     6551     6535     6563     6646     6739 
    6810     6852     6878     6916     6980     7060     7119     7137 
    7118     7082     7040     6987     6906     6791     6675     6597 
    6552     6547     6586     6642     6705     6779     6855     6924 
    6979     7020     7041     7045     7055     7080     7101     7099 
    7059     6972     6867     6771     6704     6675     6682     6700 
    6731     6786     6853     6910     6945     6960     6997     7072 
    7148     7190     7223     7280     7354     7410     7422     7388 
    7302     7177     7045     6944     6924     7002     7130     7234 
    7275     7280     7302     7362     7462     7574     7663     7705 
    7688     7592     7420     7218     7040     6914     6831     6779 
    6772     6804     6859     6936     7021     7101     7183     7272 
    7354     7408     7416     7385     7327     7261     7192     7113 
    7038     6990     6982     7028     7082     7065     6948     6764 
    6562     6380     6264     6255     6354     6501     6621     6660 
    6613     6509     6412     6373     6399     6455     6520     6598 
    6683     6748     6750     6678     6588     6542     6571     6659 
    6755     6835     6902     6979     7053     7049     6921     6723 
    6547     6486     6575     6760     6975     7164     7273     7279 
    7187     7036     6893     6814     6820     6899     7020     7132 
    7213     7245     7211     7109     6967     6824     6720     6671 
    6658     6650     6637     6625     6624     6654     6716     6786 
    6843     6874     6878     6867     6829     6756     6673     6620 
    6602     6616     6640     6640     6620     6623     6694     6847 
    7032     7198     7342     7439     7466     7408     7264     7088 
    6960     6912     6914     6919     6914     6921     6971     7082 
    7203     7263     7222     7123     7023     6952     6897     6841 
    6802     6798     6808     6794     6718     6574     6411     6276 
    6178     6112     6054     6006     5989     6018     6079     6151 
    6231     6300     6323     6288     6207     6147     6174     6295 
    6443     6542     6562     6521     6453     6401     6396     6438 
    6547     6694     6793     6760     6574     6305     6070     5946 
    5953     6076     6268     6450     6538     6480     6281     6006 
    5759     5626     5623     5701     5800     5917     6060     6207 
    6318     6367     6349     6293     6254     6239     6218     6183 
    6154     6169     6235     6311     6366     6407     6462     6550 
    6619     6610     6524     6409     6320     6257     6192     6124 
    6044     5976     5996     6135     6323     6513     6697     6821 
    6831     6737     6619     6556     6569     6640     6736     6828 
    6925     7003     7036     7026     6966     6875     6775     6627 
    6411     6172     5985     5931     6025     6214     6415     6547 
    6577     6509     6361     6176     5976     5784     5638     5556 
    5521     5543     5652     5845     6073     6284     6460     6600 
    6685     6700     6651     6604     6627     6687     6727     6774 
    6859     6957     7042     7084     7076     7079     7140     7238 
    7295     7273     7229     7222     7240     7210     7080     6876 
    6689     6554     6431     6299     6197     6157     6164     6177 
    6170     6178     6247     6369     6496     6571     6590     6629 
    6752     6928     7071     7117     7071     6995     6941     6934 
    6974     7036     7119     7222     7307     7334     7257     7068 
    6841     6660     6556     6493     6436     6412     6446     6535 
    6650     6729     6744     6736     6731     6732     6747     6777 
    6813     6809     6702     6504     6293     6153     6130     6203 
    6312     6421     6539     6656     6714     6664     6502     6258 
    6010     5837     5746     5753     5880     6100     6353     6569 
    6678     6671     6609     6521     6389     6237     6135     6138 
    6265     6438     6505     6426     6290     6186     6124     6079 
    6027     6014     6123     6359     6597     6691     6616     6488 
    6442     6507     6627     6724     6770     6802     6844     6860 
    6805     6667     6486     6312     6131     5925     5718     5566 
    5540     5656     5821     5931     5954     5896     5786     5645 
    5491     5341     5238     5238     5343     5489     5621     5744 
    5890     6029     6044     5877     5625     5439     5420     5579 
    5838     6089     6265     6403     6571     6739     6839     6875 
    6885     6870     6810     6704     6616     6610     6700     6847 
    7010     7141     7171     7038     6791     6558     6409     6342 
    6299     6210     6068     5958     5977     6115     6258     6342 
    6419     6538     6608     6484     6138     5732     5474     5439 
    5543     5665     5756     5841     5965     6103     6176     6172 
    6174     6273     6444     6558     6505     6312     6104     5938 
    5803     5759     5879     6127     6399     6548     6448     6127 
    5775     5601     5684     5940     6207     6404     6563     6678 
    6659     6450     6104     5773     5603     5644     5826     5976 
    5987     5938     5923     5913     5864     5792     5757     5834 
    6008     6141     6102     5937     5787     5709     5703     5768 
    5890     6089     6369     6632     6775     6777     6690     6569 
    6455     6370     6301     6239     6218     6259     6358     6498 
    6643     6750     6793     6756     6648     6490     6293     6099 
    5975     5937     5984     6096     6234     6365     6442     6413 
    6296     6204     6247     6426     6652     6824     6860     6786 
    6706     6683     6685     6625     6478     6299     6151     6060 
    6014     5989     5962     5925     5917     5980     6085     6184 
    6257     6285     6269     6232     6207     6216     6254     6247 
    6139     5994     5930     5994     6103     6178     6212     6195 
    6135     6091     6080     6087     6130     6218     6309     6351 
    6303     6147     5940     5780     5736     5793     5910     6034 
    6124     6162     6137     6070     6035     6092     6250     6485 
    6727     6917     7040     7103     7123     7087     7020     6998 
    7042     7114     7177     7206     7182     7102     6961     6799 
    6669     6554     6413     6262     6170     6212     6423     6781 
    7171     7443     7551     7528     7392     7173     6937     6748 
    6662     6702     6843     6979     7023     7017     7033     7071 
    7098     7111     7129     7202     7346     7510     7603     7557 
    7369     7110     6874     6710     6627     6629     6731     6889 
    7029     7109     7101     7006     6876     6771     6721     6758 
    6875     7014     7130     7198     7198     7157     7115     7048 
    6934     6814     6739     6737     6791     6837     6853     6843 
    6767     6613     6442     6322     6285     6326     6416     6517 
    6583     6606     6613     6608     6582     6546     6525     6558 
    6647     6754     6860     6982     7094     7177     7244     7321 
    7398     7427     7366     7230     7092     7023     7023     7052 
    7036     6902     6700     6551     6507     6544     6609     6656 
    6675     6651     6562     6417     6281     6246     6361     6598 
    6875     7086     7130     7002     6786     6581     6465     6511 
    6709     6937     7038     6951     6717     6469     6370     6454 
    6586     6656     6648     6596     6569     6594     6627     6646 
    6670     6716     6754     6701     6523     6300     6138     6089 
    6158     6261     6285     6193     6029     5872     5768     5721 
    5763     5923     6150     6338     6408     6349     6223     6129 
    6127     6189     6262     6327     6393     6485     6601     6656 
    6610     6547     6548     6592     6589     6500     6381     6331 
    6427     6628     6831     7010     7215     7442     7624     7677 
    7548     7300     7082     6990     6999     7038     7079     7109 
    7096     7011     6875     6724     6592     6519     6496     6475 
    6448     6434     6426     6421     6421     6408     6385     6381 
    6389     6394     6397     6427     6513     6652     6787     6859 
    6867     6835     6763     6652     6531     6467     6509     6639 
    6781     6886     6926     6875     6754     6627     6571     6629 
    6804     7042     7246     7322     7261     7130     7005     6925 
    6906     6967     7126     7366     7596     7704     7642     7480 
    7306     7121     6894     6673     6562     6606     6728     6804 
    6777     6658     6493     6332     6193     6072     5994     6034 
    6211     6415     6508     6439     6284     6156     6112     6134 
    6196     6315     6515     6766     6966     7014     6914     6750 
    6605     6519     6484     6490     6562     6716     6910     7045 
    7048     6925     6727     6492     6255     6068     5977     5987 
    6068     6211     6374     6470     6467     6427     6411     6436 
    6489     6556     6612     6617     6551     6427     6295     6192 
    6131     6134     6219     6382     6589     6785     6913     6939 
    6881     6798     6714     6628     6554     6516     6539     6633 
    6741     6755     6640     6447     6243     6072     5945     5879 
    5930     6126     6385     6585     6652     6594     6489     6393 
    6319     6281     6296     6380     6536     6723     6867     6928 
    6898     6815     6731     6651     6575     6524     6512     6544 
    6631     6767     6914     7044     7144     7188     7156     7087 
    7044     7048     7094     7165     7217     7236     7240     7223 
    7177     7129     7094     7061     7015     6932     6794     6619 
    6436     6293     6201     6151     6148     6196     6262     6296 
    6234     6079     5921     5810     5725     5661     5643     5692 
    5796     5891     5907     5838     5727     5641     5598     5580 
    5599     5678     5795     5910     5979     6002     6023     6093 
    6211     6312     6342     6290     6200     6118     6083     6106 
    6185     6319     6478     6589     6596     6490     6296     6065 
    5868     5745     5702     5738     5849     6010     6200     6382 
    6527     6632     6702     6739     6770     6831     6929     7053 
    7173     7264     7337     7391     7402     7338     7179     6970 
    6797     6705     6709     6794     6913     7048     7187     7280 
    7307     7276     7190     7064     6939     6858     6832     6845 
    6872     6898     6930     6987     7032     7026     6955     6809 
    6629     6504     6486     6593     6798     7047     7271     7392 
    7348     7169     6970     6848     6829     6862     6912     6959 
    6978     6966     6948     6945     6974     7052     7157     7223 
    7206     7125     7030     6948     6875     6812     6752     6682 
    6601     6535     6474     6401     6327     6276     6265     6295 
    6334     6351     6322     6242     6143     6065     6048     6093 
    6172     6266     6356     6407     6376     6264     6138     6099 
    6156     6245     6301     6274     6142     5952     5805     5790 
    5938     6204     6484     6683     6762     6716     6571     6393 
    6284     6327     6511     6747     6933     7022     7052     7096 
    7177     7248     7257     7227     7222     7260     7312     7350 
    7369     7389     7430     7480     7512     7527     7534     7530 
    7482     7352     7127     6858     6606     6404     6270     6255 
    6376     6586     6804     6948     6990     6955     6893     6868 
    6886     6901     6871     6828     6853     6995     7223     7480 
    7693     7774     7655     7333     6835     6234     5661     5256 
    5090     5150     5336     5518     5590     5522     5354     5147 
    5003     5004     5164     5445     5753     5976     6066     6052 
    5995     5967     6011     6126     6272     6399     6474     6474 
    6396     6270     6168     6134     6131     6070     5887     5616 
    5375     5273     5313     5443     5585     5655     5617     5513 
    5391     5275     5198     5198     5287     5436     5590     5705 
    5760     5775     5779     5778     5787     5846     5958     6093 
    6252     6439     6631     6805     6922     6947     6894     6822 
    6772     6731     6651     6490     6257     6012     5833     5748 
    5772     5908     6126     6382     6629     6831     6999     7183 
    7393     7609     7774     7797     7623     7307     6949     6654 
    6496     6498     6667     6998     7419     7824     8113     8235 
    8217     8139     8044     7936     7799     7604     7322     6976 
    6628     6338     6183     6230     6462     6808     7184     7497 
    7713     7831     7846     7792     7720     7642     7576     7545 
    7522     7482     7454     7456     7468     7495     7543     7595 
    7614     7589     7533     7497     7501     7515     7510     7472 
    7381     7260     7153     7103     7142     7277     7480     7696 
    7843     7825     7591     7146     6554     5906     5339     4965 
    4824     4869     4988     5057     5016     4900     4781     4726 
    4808     5065     5481     5979     6431     6744     6921     6990 
    6976     6914     6836     6768     6708     6648     6609     6615 
    6677     6821     7063     7385     7719     7967     8077     8037 
    7847     7541     7213     6987     6940     7038     7188     7299 
    7280     7078     6724     6284     5845     5517     5377     5436 
    5663     5994     6361     6714     7034     7298     7464     7535 
    7547     7518     7473     7441     7422     7411     7411     7377 
    7264     7061     6789     6502     6288     6205     6249     6346 
    6420     6426     6345     6208     6073     5984     5954     5973 
    6025     6099     6165     6158     6058     5902     5751     5644 
    5621     5705     5895     6197     6585     7002     7377     7652 
    7807     7844     7820     7827     7950     8190     8477     8679 
    8637     8298     7792     7353     7165     7311     7755     8364 
    8978     9474     9747     9738     9499     9161     8854     8623 
    8424     8225     8066     7974     7924     7839     7654     7404 
    7209     7149     7231     7422     7661     7865     7962     7900 
    7636     7206     6747     6407     6249     6243     6297     6330 
    6315     6250     6100     5829     5472     5138     4920     4852 
    4881     4908     4893     4864     4858     4893     4997     5228 
    5647     6245     6910     7470     7788     7827     7652     7389 
    7163     7053     7060     7117     7156     7125     6997     6810 
    6644     6531     6454     6384     6280     6133     6000     5957 
    6070     6388     6852     7306     7578     7543     7184     6620 
    6057     5663     5501     5541     5711     5902     6037     6079 
    6025     5904     5776     5705     5740     5875     6070     6284 
    6489     6651     6723     6670     6502     6276     6092     6029 
    6050     6066     6014     5867     5643     5386     5155     4976 
    4841     4743     4699     4739     4939     5341     5925     6629 
    7366     8025     8506     8760     8806     8730     8657     8679 
    8808     8993     9135     9146     9004     8761     8484     8230 
    8017     7815     7586     7296     6921     6500     6118     5857 
    5759     5807     5919     6012     6048     6015     5915     5764 
    5603     5459     5339     5265     5273     5387     5589     5830 
    6070     6292     6477     6600     6663     6732     6851     7005 
    7122     7106     6906     6550     6106     5659     5275     4985 
    4799     4733     4795     4958     5177     5402     5590     5713 
    5779     5784     5725     5653     5623     5637     5668     5649 
    5524     5293     4994     4673     4380     4171     4122     4268 
    4568     4927     5235     5448     5610     5773     5944     6084 
    6145     6131     6108     6122     6184     6293     6465     6729 
    7071     7437     7777     8060     8260     8345     8272     8019 
    7604     7094     6579     6135     5819     5684     5725     5872 
    6016     6073     6023     5899     5753     5618     5518     5481 
    5501     5524     5513     5452     5367     5325     5370     5475 
    5607     5749     5898     6052     6224     6419     6632     6844 
    7013     7082     7029     6886     6727     6652     6733     6944 
    7187     7340     7318     7102     6772     6475     6343     6436 
    6739     7159     7553     7811     7896     7843     7727     7643 
    7661     7767     7890     7989     8060     8131     8210     8267 
    8262     8208     8177     8247     8467     8858     9383     9937 
   10376    10579    10525    10293    10025     9859     9868    10015 
   10222    10401    10482    10438    10280    10060     9841     9655 
    9497     9336     9147     8929     8683     8397     8035     7584 
    7074     6562     6110     5784     5618     5607     5726     5913 
    6075     6139     6110     6031     5934     5811     5634     5401 
    5177     5040     5004     5009     5003     4974     4942     4918 
    4899     4860     4787     4712     4677     4679     4685     4664 
    4618     4567     4504     4401     4217     3931     3561     3183 
    2917     2866     3046     3420     3910     4383     4745     4978 
    5109     5189     5259     5308     5320     5294     5212     5073 
    4923     4828     4834     4909     5001     5065     5077     5066 
    5088     5159     5290     5489     5748     6050     6340     6527 
    6539     6396     6181     5976     5822     5730     5694     5702 
    5746     5814     5853     5825     5722     5574     5440     5387 
    5456     5661     5946     6208     6378     6412     6282     6018 
    5680     5324     4980     4671     4426     4261     4190     4238 
    4406     4650     4900     5073     5124     5053     4893     4739 
    4715     4899     5258     5675     6018     6199     6189     6022 
    5767     5501     5279     5146     5111     5131     5146     5136 
    5113     5101     5103     5098     5088     5070     5036     4988 
    4956     4997     5136     5355     5614     5881     6150     6419 
    6658     6809     6820     6709     6551     6426     6389     6463 
    6619     6845     7144     7469     7750     7929     8002     8010 
    7963     7839     7665     7518     7443     7433     7425     7352 
    7182     6943     6702     6520     6415     6380     6426     6542 
    6640     6604     6380     6025     5661     5400     5285     5293 
    5374     5471     5537     5548     5499     5408     5328     5313 
    5350     5379     5360     5310     5266     5238     5215     5171 
    5073     4918     4770     4691     4692     4745     4800     4806 
    4722     4563     4353     4128     3943     3861     3913     4087 
    4330     4571     4758     4872     4908     4876     4807     4753 
    4779     4918     5164     5460     5733     5911     5972     5937 
    5867     5837     5900     6073     6322     6581     6764     6812 
    6744     6637     6542     6475     6430     6385     6339     6307 
    6312     6370     6465     6582     6711     6832     6928     6984 
    6984     6928     6831     6720     6616     6520     6439     6392 
    6389     6423     6470     6477     6420     6323     6216     6114 
    6037     6011     6025     6043     6042     5999     5910     5806 
    5737     5733     5773     5818     5853     5881     5892     5871 
    5822     5756     5663     5541     5402     5267     5173     5148 
    5201     5300     5401     5468     5476     5410     5296     5181 
    5093     5047     5038     5042     5027     4996     4969     4973 
    5003     5030     5044     5058     5073     5090     5120     5150 
    5161     5167     5209     5294     5391     5494     5617     5760 
    5935     6156     6397     6633     6879     7160     7468     7769 
    8032     8224     8322     8336     8316     8330     8398     8487 
    8550     8564     8538     8477     8383     8271     8164     8051 
    7916     7766     7591     7377     7163     6999     6903     6866 
    6860     6878     6929     6984     6980     6868     6650     6381 
    6147     6000     5925     5880     5850     5849     5886     5968 
    6079     6181     6254     6304     6338     6350     6361     6417 
    6564     6810     7107     7360     7492     7493     7410     7325 
    7312     7393     7551     7759     7969     8131     8220     8253 
    8243     8179     8070     7927     7776     7650     7576     7558 
    7568     7541     7418     7183     6885     6609     6450     6458 
    6625     6883     7115     7203     7107     6868     6585     6369 
    6292     6358     6516     6690     6809     6825     6739     6600 
    6485     6469     6582     6808     7105     7408     7654     7805 
    7848     7776     7584     7318     7056     6881     6862     6984 
    7177     7371     7523     7623     7670     7668     7622     7573 
    7580     7693     7929     8241     8532     8714     8756     8665 
    8473     8239     8048     7973     8025     8172     8370     8560 
    8679     8702     8673     8672     8783     9050     9435     9833 
   10133    10239    10133     9876     9556     9238     8964     8757 
    8627     8559     8509     8424     8259     7994     7685     7422 
    7252     7188     7234     7365     7534     7699     7798     7767 
    7599     7348     7113     6985     7003     7129     7296     7419 
    7422     7277     6990     6613     6219     5875     5606     5424 
    5321     5283     5273     5251     5216     5213     5305     5514 
    5803     6112     6385     6551     6569     6462     6288     6103 
    5961     5911     5960     6080     6237     6405     6564     6682 
    6733     6739     6754     6818     6934     7063     7180     7290 
    7393     7481     7553     7627     7707     7781     7823     7797 
    7690     7543     7422     7354     7323     7295     7244     7171 
    7092     7014     6936     6866     6839     6889     7007     7160 
    7302     7408     7491     7561     7614     7657     7701     7744 
    7761     7723     7604     7433     7269     7155     7087     7060 
    7078     7155     7300     7495     7695     7865     8021     8176 
    8330     8487     8626     8734     8810     8841     8811     8715 
    8575     8446     8352     8276     8205     8136     8081     8073 
    8144     8291     8487     8677     8815     8850     8772     8631 
    8502     8446     8500     8661     8873     9057     9144     9107 
    8955     8749     8567     8444     8352     8253     8139     8035 
    7978     8001     8089     8235     8433     8645     8799     8851 
    8811     8739     8700     8737     8853     9018     9178     9286 
    9305     9234     9108     8970     8849     8746     8649     8549 
    8464     8418     8436     8486     8520     8519     8502     8487 
    8477     8463     8424     8361     8279     8199     8128     8044 
    7933     7797     7635     7470     7346     7294     7335     7473 
    7665     7854     8005     8102     8147     8164     8166     8143 
    8086     8001     7900     7803     7739     7709     7716     7761 
    7830     7893     7944     7978     7981     7939     7840     7680 
    7481     7269     7061     6866     6679     6485     6269     6038 
    5818     5647     5560     5587     5713     5876     5999     6030 
    5971     5840     5670     5503     5364     5256     5177     5124 
    5082     5026     4939     4834     4733     4675     4696     4819 
    5042     5320     5567     5702     5701     5609     5495     5400 
    5332     5287     5270     5293     5359     5464     5599     5742 
    5869     5967     6018     6006     5930     5802     5651     5532 
    5490     5522     5599     5686     5764     5848     5968     6151 
    6361     6531     6606     6593     6555     6569     6681     6871 
    7080     7238     7288     7198     6976     6675     6353     6075 
    5907     5872     5945     6096     6299     6493     6620     6635 
    6531     6345     6145     5981     5891     5918     6069     6293 
    6509     6647     6673     6597     6500     6477     6573     6789 
    7086     7380     7595     7692     7662     7533     7371     7245 
    7159     7086     7026     6985     6960     6926     6858     6728 
    6536     6322     6123     5973     5923     6012     6227     6509 
    6758     6883     6852     6675     6399     6115     5917     5854 
    5938     6130     6358     6555     6682     6744     6777     6795 
    6797     6759     6673     6529     6335     6114     5896     5710 
    5583     5517     5470     5414     5352     5283     5201     5100 
    4985     4874     4788     4727     4689     4683     4710     4784 
    4891     4992     5031     4978     4826     4604     4359     4120 
    3908     3738     3632     3608     3662     3762     3880     3991 
    4060     4055     3955     3770     3535     3310     3156     3117 
    3188     3338     3527     3717     3893     4067     4243     4415 
    4554     4629     4625     4557     4457     4383     4402     4534 
    4730     4901     4981     4961     4907     4907     5020     5247 
    5543     5838     6062     6150     6088     5911     5698     5541 
    5505     5585     5730     5873     5965     5983     5950     5922 
    5940     6016     6133     6243     6299     6281     6204     6106 
    6044     6056     6127     6242     6353     6400     6349     6200 
    6000     5815     5688     5638     5656     5699     5732     5722 
    5672     5620     5597     5599     5620     5632     5590     5475 
    5305     5115     4959     4878     4862     4880     4897     4870 
    4768     4591     4363     4122     3935     3846     3865     3971 
    4137     4329     4514     4650     4693     4627     4483     4313 
    4182     4137     4192     4340     4535     4707     4781     4720 
    4548     4342     4192     4149     4228     4403     4625     4837 
    4992     5076     5093     5073     5044     5019     4997     4980 
    4973     5004     5076     5143     5159     5103     4992     4874 
    4801     4796     4865     4982     5103     5190     5231     5213 
    5154     5105     5117     5200     5332     5491     5663     5819 
    5935     6004     6038     6070     6129     6223     6345     6459 
    6539     6588     6612     6605     6548     6421     6231     6018 
    5821     5672     5595     5587     5633     5717     5806     5884 
    5940     5961     5953     5946     5944     5930     5894     5840 
    5782     5733     5710     5722     5772     5857     5953     6025 
    6054     6042     6008     5975     5956     5946     5926     5884 
    5834     5793     5771     5767     5783     5823     5881     5949 
    6006     6025     6008     5976     5940     5918     5921     5952 
    6006     6060     6091     6095     6068     6021     5968     5914 
    5857     5818     5807     5815     5838     5868     5886     5881 
    5857     5825     5817     5875     6011     6207     6432     6642 
    6791     6859     6859     6822     6790     6801     6874     6990 
    7103     7159     7122     7003     6848     6702     6596     6558 
    6593     6675     6763     6810     6804     6766     6727     6705 
    6717     6754     6801     6860     6922     6959     6952     6893 
    6785     6648     6527     6448     6413     6404     6411     6453 
    6544     6658     6750     6798     6806     6795     6782     6768 
    6758     6768     6808     6864     6922     6955     6952     6921 
    6870     6822     6775     6714     6659     6643     6678     6737 
    6781     6806     6825     6847     6871     6895     6909     6899 
    6862     6794     6708     6621     6558     6535     6556     6606 
    6663     6720     6789     6879     6990     7122     7273     7437 
    7589     7699     7746     7743     7722     7719     7761     7832 
    7884     7881     7819     7720     7626     7569     7565     7600 
    7651     7689     7697     7704     7735     7793     7881     7973 
    8028     8032     7985     7927     7903     7931     8012     8128 
    8240     8311     8317     8253     8151     8050     7989     7978 
    7990     7992     7969     7935     7906     7909     7956     8054 
    8187     8318     8413     8451     8418     8340     8272     8248 
    8290     8391     8513     8612     8658     8650     8594     8502 
    8407     8348     8332     8363     8436     8510     8552     8543 
    8490     8398     8280     8148     8021     7903     7792     7685 
    7611     7589     7612     7636     7627     7566     7464     7346 
    7238     7177     7196     7281     7393     7499     7558     7542 
    7450     7326     7213     7130     7094     7105     7121     7117 
    7094     7065     7044     7056     7110     7175     7218     7234 
    7218     7176     7123     7065     7003     6951     6926     6941 
    6979     7021     7051     7074     7089     7089     7079     7080 
    7113     7183     7290     7411     7512     7553     7534     7476 
    7406     7361     7376     7446     7561     7695     7811     7875 
    7869     7797     7693     7601     7558     7573     7619     7672 
    7699     7665     7566     7411     7219     7033     6893     6813 
    6813     6883     6990     7103     7195     7230     7202     7125 
    7021     6917     6829     6762     6721     6708     6713     6725 
    6729     6718     6682     6617     6548     6492     6448     6432 
    6442     6460     6478     6493     6490     6453     6389     6330 
    6285     6265     6280     6322     6346     6328     6259     6130 
    5960     5798     5683     5638     5664     5740     5840     5937 
    6011     6068     6126     6193     6251     6278     6261     6199 
    6104     6000     5917     5876     5881     5918     5968     6019 
    6066     6108     6148     6181     6210     6241     6284     6345 
    6426     6511     6573     6593     6555     6465     6358     6276 
    6247     6268     6300     6334     6373     6411     6450     6501 
    6548     6577     6583     6555     6488     6397     6320     6290 
    6318     6378     6430     6451     6451     6446     6458     6501 
    6571     6650     6706     6711     6667     6598     6540     6536 
    6592     6683     6768     6813     6801     6739     6644     6543 
    6469     6427     6404     6392     6385     6374     6367     6367 
    6359     6339     6307     6272     6243     6219     6208     6214 
    6232     6259     6308     6366     6415     6451     6488     6531 
    6582     6642     6704     6767     6829     6886     6930     6964 
    6994     7022     7056     7094     7138     7168     7165     7136 
    7099     7071     7068     7102     7171     7264     7352     7399 
    7383     7327     7275     7246     7238     7244     7240     7196 
    7106     6980     6836     6685     6558     6488     6489     6547 
    6635     6724     6779     6774     6704     6592     6473     6386 
    6347     6336     6328     6304     6249     6173     6092     6019 
    5971     5968     6016     6099     6181     6231     6238     6207 
    6137     6038     5949     5891     5864     5868     5880     5877 
    5867     5846     5814     5780     5751     5733     5738     5782 
    5856     5940     6011     6050     6048     6022     5994     5968 
    5946     5935     5949     5994     6061     6143     6219     6269 
    6288     6274     6242     6210     6192     6205     6257     6340 
    6431     6494     6516     6501     6454     6394     6343     6316 
    6330     6373     6411     6423     6417     6411     6411     6419 
    6446     6493     6551     6593     6596     6564     6519     6482 
    6492     6554     6640     6718     6774     6806     6820     6812 
    6790     6764     6728     6686     6652     6627     6612     6621 
    6662     6736     6839     6934     6995     7017     7011     6994 
    6972     6949     6914     6862     6793     6709     6627     6569 
    6536     6521     6523     6540     6569     6612     6664     6720 
    6768     6797     6801     6782     6758     6752     6782     6859 
    6995     7160     7311     7406     7433     7416     7384     7352 
    7339     7356     7384     7406     7403     7376     7323     7244 
    7155     7075     7011     6974     6955     6951     6959     6983 
    7028     7091     7148     7171     7152     7102     7036     6961 
    6897     6851     6817     6793     6785     6801     6839     6893 
    6944     6970     6963     6929     6889     6872     6893     6943 
    7001     7041     7051     7018     6955     6886     6837     6818 
    6826     6837     6833     6805     6772     6756     6751     6744 
    6729     6687     6628     6562     6507     6480     6486     6517 
    6554     6566     6539     6471     6384     6308     6273     6284 
    6323     6367     6403     6419     6401     6356     6309     6274 
    6250     6228     6204     6168     6112     6050     6002     5976 
    5972     5985     6003     6018     6023     6018     5994     5968 
    5964     5989     6043     6118     6188     6251     6307     6339 
    6336     6299     6222     6124     6043     5991     5954     5931 
    5902     5852     5783     5709     5628     5555     5518     5536 
    5595     5670     5746     5814     5863     5892     5896     5894 
    5911     5952     6002     6052     6092     6110     6110     6091 
    6072     6068     6089     6124     6164     6188     6177     6146 
    6123     6107     6091     6089     6104     6124     6143     6146 
    6100     6010     5914     5848     5821     5844     5895     5938 
    5964     5965     5940     5898     5856     5827     5817     5826 
    5860     5914     5979     6046     6102     6131     6138     6130 
    6118     6103     6102     6130     6178     6246     6320     6384 
    6424     6440     6444     6451     6455     6446     6431     6413 
    6389     6369     6355     6347     6339     6332     6309     6265 
    6214     6166     6130     6124     6157     6212     6269     6322 
    6359     6372     6376     6403     6440     6478     6534     6593 
    6633     6655     6655     6635     6608     6581     6551     6517 
    6482     6458     6451     6465     6502     6554     6592     6610 
    6610     6579     6531     6489     6458     6442     6438     6438 
    6444     6462     6486     6511     6521     6523     6502     6447 
    6372     6299     6234     6200     6207     6254     6323     6377 
    6382     6336     6252     6164     6088     6033     6014     6037 
    6075     6112     6158     6210     6264     6327     6397     6460 
    6502     6523     6527     6531     6558     6610     6685     6767 
    6832     6864     6866     6833     6777     6724     6689     6662 
    6639     6625     6629     6658     6702     6748     6781     6791 
    6785     6772     6762     6752     6744     6744     6751     6768 
    6798     6840     6890     6941     6984     7001     6985     6955 
    6919     6891     6885     6893     6898     6897     6878     6832 
    6760     6685     6635     6625     6648     6690     6732     6755 
    6767     6777     6793     6825     6872     6922     6964     6984 
    6983     6976     6967     6939     6898     6855     6817     6806 
    6833     6875     6916     6951     6957     6933     6898     6858 
    6812     6782     6777     6795     6822     6855     6894     6941 
    6993     7042     7076     7087     7071     7045     7022     7018 
    7048     7109     7184     7263     7322     7350     7340     7299 
    7238     7177     7134     7113     7109     7117     7126     7122 
    7098     7049     6984     6909     6833     6764     6710     6685 
    6697     6735     6787     6845     6891     6906     6886     6847 
    6795     6751     6732     6752     6810     6890     6963     7010 
    7033     7037     7029     7028     7040     7068     7115     7172 
    7219     7238     7217     7168     7113     7064     7030     7009 
    6990     6972     6968     6971     6968     6948     6905     6833 
    6758     6698     6650     6615     6592     6577     6566     6556 
    6551     6550     6539     6520     6494     6453     6400     6361 
    6342     6345     6372     6413     6444     6457     6451     6424 
    6372     6301     6242     6207     6200     6222     6257     6293 
    6327     6358     6388     6419     6447     6465     6486     6515 
    6550     6597     6648     6693     6723     6729     6706     6663 
    6610     6555     6512     6486     6467     6443     6409     6359 
    6303     6246     6195     6158     6131     6104     6080     6061 
    6052     6043     6034     6035     6043     6041     6037     6038 
    6043     6057     6080     6102     6120     6134     6122     6103 
    6097     6102     6124     6165     6199     6214     6205     6168 
    6115     6068     6033     6016     6014     6021     6031     6037 
    6029     6023     6026     6039     6069     6097     6106     6104 
    6095     6084     6091     6110     6134     6150     6153     6139 
    6118     6089     6064     6060     6083     6122     6160     6186 
    6186     6151     6104     6056     6000     5953     5918     5887 
    5864     5849     5836     5813     5776     5738     5701     5663 
    5641     5644     5656     5670     5668     5640     5598     5557 
    5526     5516     5526     5557     5610     5671     5718     5746 
    5749     5746     5748     5751     5763     5782     5803     5842 
    5900     5960     6011     6065     6106     6119     6124     6129 
    6135     6160     6204     6259     6307     6322     6307     6281 
    6249     6226     6223     6226     6235     6250     6247     6228 
    6210     6199     6216     6258     6311     6369     6420     6463 
    6498     6516     6525     6531     6529     6527     6540     6562 
    6600     6658     6718     6777     6829     6848     6844     6844 
    6860     6891     6937     6983     7015     7038     7055     7072 
    7094     7118     7138     7148     7136     7101     7056     7021 
    6998     6988     6998     7018     7030     7037     7047     7055 
    7068     7084     7094     7094     7087     7067     7030     6985 
    6949     6928     6918     6918     6925     6939     6964     6997 
    7038     7086     7136     7188     7241     7283     7299     7290 
    7275     7258     7241     7234     7222     7196     7172     7148 
    7118     7094     7079     7082     7105     7140     7187     7230 
    7257     7269     7267     7248     7234     7222     7198     7163 
    7117     7067     7021     6983     6968     6980     7007     7033 
    7042     7033     7021     7014     7018     7036     7056     7074 
    7079     7064     7030     6974     6916     6871     6836     6809 
    6789     6762     6727     6690     6660     6640     6624     6617 
    6624     6639     6646     6637     6620     6597     6569     6544 
    6524     6513     6509     6496     6465     6423     6366     6312 
    6272     6246     6241     6242     6245     6247     6238     6214 
    6184     6160     6148     6153     6169     6197     6219     6226 
    6219     6188     6141     6092     6056     6042     6048     6058 
    6070     6084     6097     6107     6110     6112     6110     6104 
    6112     6141     6185     6237     6290     6338     6359     6358 
    6351     6340     6338     6351     6366     6374     6373     6351 
    6315     6272     6242     6249     6280     6318     6354     6367 
    6363     6351     6327     6297     6269     6245     6228     6218 
    6214     6230     6252     6272     6274     6254     6223     6193 
    6177     6188     6224     6280     6340     6389     6424     6451 
    6485     6523     6552     6564     6550     6504     6443     6386 
    6346     6328     6338     6372     6416     6436     6416     6376 
    6336     6318     6327     6351     6374     6394     6408     6413 
    6415     6423     6443     6482     6539     6601     6658     6691 
    6696     6691     6697     6718     6760     6815     6870     6922 
    6982     7033     7072     7107     7129     7137     7134     7122 
    7110     7099     7101     7119     7142     7165     7179     7175 
    7160     7137     7105     7080     7061     7060     7087     7119 
    7150     7175     7179     7159     7121     7082     7052     7030 
    7029     7049     7074     7094     7107     7109     7110     7106 
    7106     7109     7109     7125     7160     7196     7234     7261 
    7272     7283     7294     7307     7340     7387     7430     7460 
    7461     7438     7402     7364     7337     7322     7315     7307 
    7299     7281     7260     7241     7225     7214     7213     7198 
    7165     7132     7094     7071     7078     7103     7125     7145 
    7156     7144     7118     7096     7089     7103     7138     7180 
    7206     7206     7186     7155     7123     7106     7098     7088 
    7078     7060     7030     7005     6990     6985     6993     7002 
    7009     7015     7017     7013     6998     6972     6951     6926 
    6886     6843     6805     6766     6735     6713     6698     6691 
    6682     6650     6601     6544     6488     6436     6400     6389 
    6392     6381     6359     6323     6264     6199     6138     6085 
    6050     6033     6022     6014     6014     6015     6008     5995 
    5983     5976     5985     6018     6060     6099     6122     6123 
    6106     6066     6030     6026     6048     6081     6122     6164 
    6204     6228     6241     6251     6262     6284     6327     6378 
    6426     6467     6507     6540     6571     6592     6588     6559 
    6523     6486     6462     6457     6463     6477     6494     6502 
    6489     6465     6439     6417     6403     6403     6411     6419 
    6413     6389     6356     6323     6297     6290     6297     6312 
    6331     6336     6318     6292     6268     6245     6231     6222 
    6200     6169     6130     6076     6016     5964     5926     5906 
    5902     5914     5940     5968     5989     6006     6014     6011 
    6016     6031     6046     6066     6085     6093     6097     6108 
    6124     6142     6157     6169     6181     6195     6214     6246 
    6276     6290     6288     6273     6255     6238     6227     6223 
    6212     6195     6177     6161     6146     6142     6154     6177 
    6207     6235     6242     6222     6184     6133     6080     6042 
    6030     6041     6070     6106     6129     6124     6092     6046 
    6002     5965     5940     5938     5971     6023     6083     6134 
    6170     6192     6201     6208     6222     6251     6295     6338 
    6373     6401     6415     6419     6427     6432     6424     6407 
    6385     6355     6319     6290     6270     6257     6262     6274 
    6282     6280     6270     6259     6257     6259     6274     6295 
    6316     6342     6363     6376     6389     6403     6416     6439 
    6465     6484     6493     6489     6475     6459     6447     6435 
    6411     6385     6363     6334     6304     6281     6264     6254 
    6246     6230     6208     6189     6172     6157     6148     6146 
    6154     6168     6177     6180     6172     6157     6150     6156 
    6184     6223     6258     6292     6322     6339     6356     6373 
    6388     6405     6412     6408     6404     6393     6382     6384 
    6394     6419     6455     6478     6481     6467     6442     6423 
    6416     6426     6455     6492     6523     6542     6544     6542 
    6546     6554     6569     6590     6606     6624     6643     6656 
    6677     6701     6716     6720     6713     6686     6655     6633 
    6624     6643     6690     6750     6801     6832     6839     6829 
    6818     6808     6804     6809     6828     6856     6893     6943 
    7005     7071     7129     7173     7202     7207     7195     7184 
    7179     7184     7203     7227     7241     7242     7227     7198 
    7164     7138     7129     7132     7134     7140     7148     7148 
    7137     7129     7123     7126     7138     7156     7169     7177 
    7182     7186     7187     7186     7176     7165     7160     7152 
    7140     7127     7113     7101     7080     7049     7017     6980 
    6939     6909     6894     6883     6871     6863     6853     6836 
    6810     6782     6767     6770     6782     6806     6832     6847 
    6853     6852     6848     6841     6837     6845     6859     6870 
    6878     6881     6871     6852     6828     6791     6751     6716 
    6687     6675     6683     6697     6701     6698     6687     6669 
    6648     6635     6624     6625     6644     6670     6696     6714 
    6721     6720     6713     6704     6708     6727     6758     6793 
    6824     6833     6824     6809     6781     6743     6716     6696 
    6683     6689     6696     6702     6706     6686     6651     6617 
    6585     6556     6529     6498     6473     6451     6427     6405 
    6386     6367     6343     6309     6273     6234     6204     6186 
    6178     6178     6186     6192     6191     6180     6168     6154 
    6135     6112     6093     6088     6089     6092     6110     6146 
    6189     6237     6274     6300     6313     6309     6289     6268 
    6252     6246     6257     6273     6284     6297     6307     6303 
    6300     6297     6285     6280     6293     6320     6361     6397 
    6415     6404     6369     6334     6308     6303     6332     6385 
    6434     6469     6480     6455     6411     6353     6295     6252 
    6230     6227     6245     6262     6272     6270     6264     6257 
    6255     6262     6276     6290     6304     6313     6316     6318 
    6318     6320     6328     6345     6359     6370     6382     6396 
    6396     6382     6365     6347     6332     6328     6342     6366 
    6400     6447     6500     6543     6573     6600     6629     6660 
    6704     6756     6806     6848     6885     6907     6912     6903 
    6893     6879     6860     6848     6853     6864     6883     6917 
    6944     6952     6941     6910     6872     6836     6805     6789 
    6786     6790     6799     6810     6814     6817     6829     6853 
    6880     6905     6933     6949     6951     6943     6930     6919 
    6910     6909     6921     6939     6952     6964     6974     6982 
    6990     6990     6987     6979     6963     6948     6939     6928 
    6909     6878     6844     6809     6775     6755     6748     6739 
    6739     6744     6731     6700     6662     6616     6581     6564 
    6555     6561     6585     6612     6640     6663     6670     6667 
    6658     6647     6644     6646     6652     6663     6667     6650 
    6616     6577     6535     6490     6458     6442     6432     6421 
    6412     6400     6376     6345     6330     6326     6326     6335 
    6345     6338     6330     6316     6288     6251     6219     6199 
    6197     6214     6239     6272     6308     6338     6350     6347 
    6328     6303     6280     6269     6278     6303     6327     6342 
    6350     6351     6338     6309     6280     6258     6250     6262 
    6299     6334     6356     6369     6376     6376     6370     6356 
    6351     6355     6370     6403     6438     6460     6478     6481 
    6463     6436     6400     6353     6307     6278     6277     6300 
    6332     6359     6367     6358     6342     6327     6319     6323 
    6347     6376     6397     6409     6421     6434     6440     6448 
    6460     6463     6450     6427     6388     6345     6322     6323 
    6342     6373     6404     6416     6415     6403     6384     6366 
    6351     6339     6334     6334     6332     6336     6340     6342 
    6345     6347     6338     6326     6313     6299     6292     6296 
    6299     6304     6318     6323     6315     6293     6272     6255 
    6246     6243     6247     6251     6251     6245     6245     6247 
    6246     6249     6262     6281     6299     6311     6311     6303 
    6289     6270     6254     6249     6255     6273     6299     6320 
    6330     6327     6315     6296     6270     6246     6232     6239 
    6254     6280     6315     6343     6351     6351     6345     6330 
    6316     6308     6307     6309     6312     6307     6296     6278 
    6258     6242     6231     6226     6222     6218     6216     6230 
    6257     6288     6318     6340     6353     6353     6346     6345 
    6346     6350     6366     6381     6384     6384     6380     6377 
    6381     6394     6415     6426     6424     6415     6401     6393 
    6400     6430     6474     6524     6569     6594     6600     6598 
    6597     6597     6600     6597     6593     6589     6582     6569 
    6558     6548     6544     6547     6548     6547     6552     6562 
    6575     6594     6609     6617     6615     6600     6582     6569 
    6554     6547     6552     6559     6566     6573     6578     6583 
    6583     6590     6610     6632     6648     6656     6658     6662 
    6666     6666     6673     6686     6696     6709     6713     6704 
    6685     6660     6635     6624     6629     6643     6655     6666 
    6667     6652     6624     6586     6547     6515     6488     6475 
    6486     6519     6561     6600     6628     6637     6631     6617 
    6597     6569     6548     6535     6528     6527     6524     6512 
    6500     6494     6496     6509     6534     6563     6593     6619 
    6629     6624     6602     6573     6548     6542     6550     6563 
    6579     6602     6623     6632     6637     6650     6655     6656 
    6662     6659     6651     6651     6648     6633     6613     6594 
    6578     6562     6555     6569     6588     6601     6619     6631 
    6619     6601     6590     6575     6561     6547     6529     6509 
    6492     6471     6448     6432     6427     6434     6442     6443 
    6451     6462     6480     6508     6542     6575     6602     6617 
    6632     6648     6660     6682     6709     6735     6762     6782 
    6793     6798     6804     6818     6839     6862     6886     6909 
    6929     6955     6979     6998     7014     7020     7020     7022 
    7023     7018     7011     7011     7015     7018     7021     7029 
    7034     7030     7022     7015     7007     7001     6993     6987 
    6997     7014     7030     7037     7033     7022     7003     6979 
    6957     6947     6947     6956     6974     6990     7001     7001 
    6987     6974     6963     6956     6955     6952     6948     6945 
    6948     6948     6948     6951     6956     6957     6963     6971 
    6970     6961     6952     6944     6928     6918     6924     6928 
    6924     6934     6948     6941     6926     6922     6925     6932 
    6947     6967     6983     6980     6964     6934     6890     6843 
    6805     6775     6760     6755     6750     6750     6743     6718 
    6683     6646     6605     6566     6538     6524     6520     6524 
    6527     6520     6512     6508     6498     6490     6490     6489 
    6492     6512     6536     6552     6563     6574     6589     6605 
    6616     6617     6616     6615     6609     6605     6602     6586 
    6564     6544     6525     6516     6516     6517     6520     6516 
    6505     6492     6477     6459     6447     6444     6446     6444 
    6448     6455     6462     6471     6489     6515     6542     6563 
    6582     6592     6588     6581     6567     6555     6548     6539 
    6528     6524     6523     6524     6531     6540     6546     6550 
    6555     6563     6573     6581     6594     6613     6629     6643 
    6648     6646     6640     6628     6610     6593     6574     6561 
    6562     6566     6556     6542     6531     6517     6501     6492 
    6496     6507     6520     6535     6544     6542     6536     6536 
    6546     6562     6586     6615     6639     6663     6683     6690 
    6686     6678     6673     6667     6648     6632     6627     6623 
    6624     6624     6615     6602     6590     6579     6575     6567 
    6555     6540     6516     6492     6470     6448     6432     6427 
    6431     6435     6436     6421     6394     6361     6336     6323 
    6320     6328     6345     6356     6361     6363     6356     6347 
    6343     6346     6354     6361     6367     6373     6376     6373 
    6376     6389     6409     6439     6482     6528     6575     6625 
    6664     6690     6710     6728     6739     6744     6751     6755 
    6752     6743     6724     6698     6671     6655     6646     6640 
    6643     6647     6633     6609     6585     6555     6524     6501 
    6486     6473     6465     6465     6465     6462     6451     6431 
    6407     6385     6372     6363     6349     6335     6330     6322 
    6307     6295     6280     6258     6235     6212     6193     6180 
    6170     6169     6172     6176     6176     6169     6160     6151 
    6145     6147     6165     6185     6200     6207     6201     6177 
    6150     6131     6122     6127     6146     6166     6177     6180 
    6177     6169     6156     6143     6137     6137     6147     6164 
    6181     6199     6207     6203     6195     6188     6181     6180 
    6181     6189     6205     6219     6227     6238     6249     6255 
    6258     6251     6243     6238     6234     6234     6232     6235 
    6246     6259     6269     6276     6285     6301     6323     6346 
    6366     6382     6399     6419     6440     6465     6498     6538 
    6575     6608     6632     6646     6651     6654     6658     6664 
    6670     6671     6666     6655     6635     6604     6566     6527 
    6489     6453     6419     6393     6369     6346     6326     6300 
    6265     6234     6210     6185     6166     6158     6153     6138 
    6124     6115     6103     6096     6103     6110     6115     6120 
    6124     6130     6135     6139     6150     6168     6183     6199 
    6218     6232     6242     6257     6274     6284     6288     6295 
    6293     6290     6297     6307     6318     6336     6363     6385 
    6399     6412     6432     6457     6480     6500     6521     6539 
    6552     6562     6563     6567     6588     6612     6629     6647 
    6660     6662     6650     6632     6616     6602     6589     6583 
    6582     6582     6579     6579     6585     6593     6602     6610 
    6616     6619     6619     6615     6609     6602     6600     6610 
    6627     6639     6646     6651     6658     6662     6663     6664 
    6663     6659     6659     6669     6689     6713     6728     6736 
    6741     6743     6733     6711     6687     6667     6650     6635 
    6625     6613     6602     6592     6583     6579     6579     6573 
    6559     6540     6517     6492     6475     6467     6465     6473 
    6485     6488     6481     6469     6451     6435     6424     6419 
    6426     6444     6470     6490     6504     6515     6513     6502 
    6497     6500     6515     6535     6556     6583     6602     6606 
    6600     6583     6564     6550     6540     6546     6559     6569 
    6575     6583     6589     6598     6613     6625     6633     6644 
    6650     6647     6642     6640     6647     6663     6689     6721 
    6743     6751     6756     6760     6763     6767     6777     6791 
    6806     6814     6809     6787     6762     6741     6711     6681 
    6658     6639     6624     6619     6617     6624     6639     6652 
    6666     6677     6681     6681     6677     6675     6679     6690 
    6701     6708     6711     6711     6702     6679     6659     6642 
    6625     6619     6612     6597     6583     6577     6566     6559 
    6569     6583     6600     6623     6648     6664     6671     6664 
    6655     6651     6651     6656     6670     6691     6718     6744 
    6768     6787     6798     6805     6812     6826     6847     6867 
    6881     6893     6895     6889     6880     6874     6870     6871 
    6879     6893     6895     6883     6871     6864     6863     6866 
    6871     6872     6863     6847     6831     6824     6826     6833 
    6843     6859     6878     6885     6874     6853     6829     6806 
    6791     6789     6794     6799     6804     6808     6814     6821 
    6828     6836     6843     6841     6839     6836     6831     6824 
    6817     6815     6822     6832     6843     6848     6856     6867 
    6875     6879     6881     6880     6875     6864     6847     6828 
    6812     6798     6794     6797     6795     6793     6789     6775 
    6754     6737     6728     6721     6710     6693     6669     6635 
    6601     6564     6529     6498     6470     6448     6435     6427 
    6423     6413     6401     6392     6380     6361     6346     6331 
    6316     6305     6299     6293     6293     6300     6308     6313 
    6322     6332     6340     6349     6355     6363     6372     6382 
    6389     6388     6382     6381     6374     6367     6366     6361 
    6354     6353     6358     6363     6372     6384     6393     6407 
    6416     6423     6434     6447     6462     6480     6496     6507 
    6512     6519     6531     6542     6550     6567     6589     6605 
    6624     6650     6675     6694     6702     6708     6713     6724 
    6739     6762     6785     6805     6822     6824     6813     6802 
    6797     6795     6794     6799     6808     6804     6797     6793 
    6782     6770     6763     6756     6744     6731     6709     6682 
    6654     6631     6616     6613     6617     6624     6624     6610 
    6596     6588     6578     6571     6574     6569     6561     6556 
    6551     6539     6524     6515     6509     6511     6523     6542 
    6559     6577     6590     6600     6606     6605     6608     6616 
    6621     6625     6632     6635     6635     6637     6639     6633 
    6629     6629     6625     6624     6620     6606     6585     6563 
    6547     6535     6523     6511     6502     6497     6494     6488 
    6477     6463     6448     6431     6415     6403     6396     6389 
    6389     6389     6393     6396     6396     6389     6384     6385 
    6399     6412     6417     6427     6442     6454     6457     6457 
    6465     6481     6497     6521     6546     6563     6578     6590 
    6596     6597     6601     6606     6608     6601     6594     6583 
    6569     6562     6561     6556     6546     6527     6511     6500 
    6492     6490     6496     6493     6490     6489     6478     6463 
    6458     6459     6463     6460     6451     6436     6419     6403 
    6389     6388     6394     6403     6397     6389     6382     6366 
    6351     6351     6355     6361     6365     6356     6334     6304 
    6277     6250     6227     6212     6207     6201     6195     6195 
    6196     6186     6180     6176     6164     6153     6143     6134 
    6130     6133     6135     6135     6134     6142     6164     6192 
    6227     6264     6297     6320     6328     6323     6318     6327 
    6350     6380     6407     6427     6447     6458     6455     6451 
    6454     6459     6462     6467     6474     6473     6474     6482 
    6492     6500     6505     6512     6519     6520     6520     6527 
    6539     6556     6571     6583     6586     6575     6561     6547 
    6534     6524     6521     6523     6531     6538     6538     6540 
    6542     6539     6540     6536     6527     6531     6540     6540 
    6550     6567     6582     6594     6604     6609     6608     6605 
    6602     6600     6594     6590     6586     6581     6579     6578 
    6579     6589     6601     6608     6601     6594     6588     6577 
    6562     6551     6539     6524     6512     6500     6488     6481 
    6478     6474     6473     6480     6485     6486     6489     6493 
    6489     6480     6465     6447     6436     6432     6432     6442 
    6457     6470     6484     6498     6505     6508     6511     6516 
    6520     6528     6535     6535     6525     6517     6515     6509 
    6505     6501     6497     6500     6504     6498     6493     6496 
    6490     6477     6470     6470     6471     6473     6477     6480 
    6480     6480     6480     6475     6460     6448     6442     6427 
    6415     6413     6409     6403     6401     6404     6408     6409 
    6412     6420     6430     6434     6440     6448     6455     6465 
    6482     6500     6519     6536     6550     6555     6555     6554 
    6552     6554     6552     6555     6564     6573     6579     6582 
    6581     6577     6567     6559     6554     6543     6529     6520 
    6508     6489     6469     6454     6442     6427     6420     6419 
    6417     6419     6419     6417     6412     6400     6386     6377 
    6370     6369     6374     6374     6377     6381     6378     6374 
    6367     6355     6347     6342     6339     6340     6343     6350 
    6351     6343     6331     6312     6289     6268     6252     6250 
    6261     6269     6274     6278     6270     6257     6250     6249 
    6249     6257     6270     6284     6290     6288     6285     6278 
    6274     6280     6297     6320     6340     6358     6373     6382 
    6388     6396     6407     6424     6450     6475     6494     6511 
    6519     6517     6519     6524     6529     6536     6550     6569 
    6586     6600     6616     6632     6644     6652     6664     6689 
    6714     6735     6759     6781     6797     6813     6829     6841 
    6862     6889     6913     6937     6964     6987     7001     7003 
    7003     6998     6985     6978     6979     6983     6998     7021 
    7037     7049     7056     7060     7060     7056     7056     7060 
    7056     7056     7056     7048     7034     7017     6999     6990 
    6984     6974     6971     6979     6990     6997     6998     6998 
    6994     6984     6978     6978     6980     6983     6990     6997 
    6995     6987     6975     6961     6951     6949     6949     6948 
    6947     6944     6933     6918     6905     6890     6874     6859 
    6847     6836     6825     6817     6810     6801     6785     6770 
    6755     6739     6727     6716     6710     6709     6701     6687 
    6675     6660     6644     6628     6613     6602     6593     6583 
    6573     6563     6556     6552     6548     6542     6535     6531 
    6525     6520     6512     6504     6500     6492     6481     6473 
    6463     6453     6451     6458     6465     6478     6493     6504 
    6513     6520     6521     6524     6529     6535     6544     6552 
    6554     6555     6558     6559     6559     6554     6546     6543 
    6543     6531     6517     6515     6524     6529     6536     6550 
    6559     6562     6558     6552     6548     6543     6542     6544 
    6552     6566     6574     6579     6581     6569     6550     6529 
    6511     6498     6494     6496     6502     6508     6508     6508 
    6508     6501     6492     6485     6486     6496     6502     6501 
    6505     6513     6519     6524     6529     6538     6547     6554 
    6559     6566     6577     6589     6600     6612     6623     6631 
    6635     6639     6639     6637     6628     6615     6596     6578 
    6563     6544     6527     6513     6500     6485     6478     6478 
    6477     6480     6485     6484     6474     6465     6454     6436 
    6423     6411     6393     6374     6361     6353     6355     6361 
    6369     6376     6377     6374     6365     6353     6345     6339 
    6340     6351     6361     6370     6376     6373     6363     6354 
    6354     6361     6374     6389     6407     6427     6457     6473 
    6474     6471     6470     6471     6474     6475     6484     6494 
    6502     6505     6501     6496     6494     6496     6498     6504 
    6509     6515     6515     6511     6502     6489     6477     6475 
    6484     6494     6507     6521     6538     6551     6558     6561 
    6558     6550     6544     6543     6548     6556     6566     6579 
    6594     6600     6604     6610     6616     6623     6633     6648 
    6658     6662     6660     6654     6644     6635     6629     6627 
    6625     6631     6635     6640     6646     6651     6656     6664 
    6670     6678     6687     6693     6691     6697     6704     6706 
    6708     6708     6700     6683     6670     6662     6654     6647 
    6643     6643     6644     6647     6652     6658     6658     6655 
    6651     6647     6646     6646     6650     6659     6669     6679 
    6691     6697     6698     6700     6697     6694     6697     6698 
    6701     6708     6714     6723     6724     6713     6704     6696 
    6686     6681     6683     6689     6691     6690     6682     6660 
    6632     6608     6588     6574     6571     6573     6573     6574 
    6569     6558     6550     6544     6538     6534     6531     6528 
    6527     6528     6528     6525     6515     6500     6482     6465 
    6454     6446     6447     6447     6440     6431     6421     6409 
    6393     6380     6377     6380     6386     6401     6416     6420 
    6417     6407     6394     6385     6377     6374     6380     6389 
    6397     6403     6403     6401     6393     6388     6396     6409 
    6412     6413     6419     6421     6417     6413     6412     6417 
    6424     6432     6440     6447     6453     6459     6473     6484 
    6488     6490     6492     6490     6485     6477     6473     6475 
    6475     6475     6473     6460     6444     6427     6412     6400 
    6393     6386     6380     6372     6361     6349     6339     6330 
    6330     6339     6351     6363     6376     6380     6376     6376 
    6373     6369     6369     6370     6372     6370     6372     6384 
    6396     6404     6417     6432     6440     6447     6455     6459 
    6462     6471     6482     6488     6490     6493     6494     6490 
    6489     6489     6492     6498     6509     6520     6529     6538 
    6546     6550     6552     6563     6573     6574     6578     6588 
    6589     6588     6588     6589     6593     6602     6613     6619 
    6625     6631     6629     6623     6617     6613     6608     6605 
    6608     6609     6612     6617     6624     6621     6616     6619 
    6621     6620     6627     6635     6643     6646     6643     6635 
    6629     6625     6621     6613     6602     6593     6582     6569 
    6556     6551     6544     6536     6528     6527     6523     6519 
    6513     6511     6505     6501     6500     6500     6501     6508 
    6521     6531     6542     6552     6555     6561     6566     6567 
    6571     6578     6585     6596     6605     6606     6604     6602 
    6601     6602     6605     6616     6632     6650     6667     6682 
    6693     6702     6713     6718     6724     6727     6717     6705 
    6700     6696     6687     6681     6671     6658     6642     6621 
    6602     6586     6573     6561     6548     6543     6539     6535 
    6534     6531     6528     6525     6520     6515     6515     6513 
    6505     6504     6508     6509     6512     6515     6515     6517 
    6521     6520     6520     6527     6534     6540     6547     6546 
    6546     6548     6543     6543     6554     6567     6578     6594 
    6605     6606     6608     6608     6604     6602     6608     6619 
    6631     6639     6647     6652     6652     6652     6658     6666 
    6681     6702     6723     6739     6756     6763     6762     6759 
    6760     6766     6770     6775     6790     6810     6821     6822 
    6826     6826     6824     6824     6828     6831     6837     6847 
    6851     6848     6840     6826     6810     6798     6802     6814 
    6824     6833     6839     6832     6822     6813     6798     6781 
    6771     6767     6759     6750     6737     6724     6705     6682 
    6663     6654     6646     6637     6632     6621     6602     6579 
    6552     6523     6496     6474     6457     6436     6417     6400 
    6385     6369     6349     6328     6312     6304     6300     6297 
    6300     6309     6318     6323     6331     6332     6328     6331 
    6338     6339     6340     6349     6355     6356     6354     6351 
    6349     6347     6349     6346     6336     6331     6326     6316 
    6308     6300     6288     6278     6272     6266     6265     6269 
    6273     6277     6281     6284     6285     6285     6290     6301 
    6313     6323     6343     6356     6361     6365     6370     6376 
    6376     6376     6382     6384     6380     6384     6385     6382 
    6380     6376     6372     6370     6366     6359     6355     6351 
    6350     6353     6356     6361     6369     6378     6382     6389 
    6397     6401     6405     6408     6407     6400     6389     6376 
    6363     6354     6346     6346     6349     6351     6358     6361 
    6355     6343     6331     6323     6319     6315     6316     6316 
    6313     6312     6312     6307     6305     6308     6312     6318 
