Origin Time       2016/04/16 01:25:00
Lat.              32.753
Long.             130.762
Depth. (km)       12
Mag.              7.3
Station Code      KOC017
Station Lat.      33.7691
Station Long.     133.6565
Station Height(m) 300
Record Time       2016/04/16 01:26:31
Sampling Freq(Hz) 100Hz
Duration Time(s)  75
Dir.              N-S
Scale Factor      7845(gal)/8223790
Max. Acc. (gal)   6.503
Last Correction   2016/04/16 01:26:31
Memo.             
   -6704    -6732    -6770    -6804    -6826    -6853    -6889    -6918 
   -6936    -6944    -6951    -6974    -7014    -7056    -7098    -7138 
   -7175    -7206    -7229    -7240    -7245    -7244    -7233    -7209 
   -7171    -7117    -7048    -6964    -6880    -6812    -6755    -6711 
   -6686    -6669    -6660    -6664    -6681    -6705    -6728    -6752 
   -6775    -6802    -6844    -6898    -6951    -6993    -7009    -7006 
   -6994    -6972    -6940    -6913    -6897    -6894    -6909    -6940 
   -6983    -7030    -7078    -7127    -7177    -7230    -7294    -7358 
   -7411    -7444    -7458    -7456    -7446    -7435    -7429    -7435 
   -7449    -7450    -7435    -7411    -7383    -7365    -7350    -7315 
   -7268    -7218    -7163    -7105    -7045    -6990    -6949    -6932 
   -6928    -6919    -6898    -6859    -6799    -6723    -6633    -6536 
   -6442    -6365    -6309    -6273    -6258    -6266    -6297    -6340 
   -6380    -6405    -6427    -6444    -6451    -6444    -6432    -6424 
   -6423    -6427    -6435    -6442    -6440    -6438    -6453    -6492 
   -6558    -6625    -6677    -6711    -6739    -6766    -6797    -6833 
   -6867    -6880    -6881    -6883    -6891    -6903    -6925    -6963 
   -7011    -7068    -7132    -7194    -7238    -7261    -7275    -7294 
   -7312    -7326    -7339    -7345    -7329    -7294    -7245    -7183 
   -7123    -7076    -7042    -7018    -6990    -6949    -6901    -6851 
   -6812    -6787    -6774    -6768    -6758    -6727    -6679    -6627 
   -6592    -6583    -6594    -6621    -6667    -6725    -6766    -6774 
   -6768    -6763    -6759    -6762    -6759    -6752    -6756    -6766 
   -6775    -6782    -6781    -6771    -6751    -6721    -6683    -6635 
   -6588    -6543    -6501    -6459    -6423    -6404    -6409    -6430 
   -6448    -6451    -6440    -6434    -6430    -6416    -6386    -6354 
   -6336    -6332    -6349    -6388    -6431    -6453    -6447    -6420 
   -6384    -6349    -6322    -6299    -6268    -6234    -6219    -6241 
   -6285    -6320    -6322    -6285    -6232    -6181    -6153    -6147 
   -6162    -6192    -6232    -6281    -6331    -6377    -6417    -6446 
   -6454    -6438    -6407    -6388    -6389    -6404    -6435    -6481 
   -6528    -6566    -6588    -6588    -6577    -6571    -6571    -6575 
   -6594    -6635    -6696    -6766    -6825    -6859    -6870    -6867 
   -6859    -6859    -6872    -6897    -6934    -6994    -7068    -7145 
   -7218    -7290    -7349    -7384    -7385    -7360    -7334    -7306 
   -7257    -7192    -7119    -7049    -6987    -6948    -6939    -6948 
   -6961    -6978    -6999    -7042    -7105    -7153    -7180    -7211 
   -7258    -7322    -7384    -7433    -7480    -7530    -7573    -7593 
   -7592    -7584    -7569    -7548    -7537    -7550    -7581    -7619 
   -7657    -7707    -7761    -7821    -7881    -7931    -7959    -7952 
   -7903    -7821    -7726    -7646    -7589    -7548    -7522    -7512 
   -7510    -7514    -7524    -7533    -7522    -7488    -7431    -7373 
   -7333    -7302    -7272    -7246    -7248    -7269    -7283    -7269 
   -7249    -7233    -7200    -7148    -7098    -7061    -7022    -6966 
   -6902    -6853    -6836    -6833    -6831    -6828    -6826    -6829 
   -6841    -6860    -6868    -6847    -6794    -6724    -6644    -6558 
   -6480    -6427    -6396    -6378    -6372    -6365    -6353    -6339 
   -6320    -6290    -6243    -6185    -6139    -6118    -6112    -6114 
   -6115    -6120    -6123    -6130    -6145    -6183    -6251    -6346 
   -6436    -6508    -6577    -6664    -6759    -6831    -6870    -6901 
   -6930    -6949    -6959    -6968    -6983    -7005    -7022    -7040 
   -7060    -7067    -7053    -7036    -7023    -7007    -6985    -6978 
   -6983    -6997    -7018    -7034    -7029    -6995    -6936    -6863 
   -6781    -6696    -6617    -6551    -6493    -6453    -6448    -6490 
   -6555    -6608    -6617    -6586    -6529    -6473    -6454    -6475 
   -6498    -6502    -6490    -6481    -6470    -6453    -6421    -6381 
   -6339    -6296    -6258    -6232    -6214    -6186    -6146    -6107 
   -6080    -6072    -6091    -6137    -6189    -6238    -6278    -6308 
   -6335    -6356    -6374    -6393    -6423    -6463    -6500    -6534 
   -6566    -6585    -6577    -6546    -6502    -6442    -6367    -6299 
   -6266    -6284    -6336    -6396    -6450    -6509    -6575    -6632 
   -6667    -6685    -6697    -6714    -6723    -6709    -6689    -6673 
   -6660    -6655    -6670    -6702    -6750    -6806    -6863    -6912 
   -6949    -6987    -7025    -7045    -7038    -7025    -7011    -6994 
   -6979    -6978    -6984    -6988    -6994    -7007    -7015    -6998 
   -6955    -6909    -6875    -6851    -6820    -6789    -6771    -6771 
   -6782    -6804    -6814    -6806    -6787    -6777    -6777    -6774 
   -6763    -6735    -6698    -6666    -6632    -6596    -6574    -6569 
   -6581    -6613    -6669    -6729    -6782    -6817    -6837    -6858 
   -6878    -6883    -6870    -6851    -6820    -6775    -6724    -6678 
   -6650    -6637    -6635    -6643    -6658    -6658    -6633    -6602 
   -6579    -6569    -6563    -6554    -6556    -6574    -6615    -6681 
   -6760    -6836    -6901    -6957    -7015    -7079    -7144    -7213 
   -7284    -7339    -7354    -7331    -7294    -7245    -7196    -7165 
   -7164    -7188    -7233    -7283    -7315    -7323    -7323    -7335 
   -7357    -7375    -7380    -7369    -7342    -7302    -7248    -7186 
   -7132    -7105    -7110    -7138    -7175    -7203    -7215    -7210 
   -7188    -7167    -7164    -7184    -7230    -7302    -7388    -7464 
   -7512    -7528    -7520    -7504    -7489    -7489    -7501    -7515 
   -7527    -7541    -7553    -7566    -7580    -7577    -7550    -7499 
   -7441    -7395    -7361    -7322    -7260    -7180    -7102    -7028 
   -6952    -6885    -6828    -6782    -6744    -6714    -6690    -6659 
   -6613    -6559    -6512    -6475    -6431    -6376    -6328    -6288 
   -6249    -6208    -6165    -6130    -6122    -6150    -6204    -6269 
   -6330    -6373    -6397    -6416    -6438    -6474    -6525    -6582 
   -6635    -6679    -6704    -6709    -6693    -6655    -6597    -6521 
   -6438    -6358    -6285    -6224    -6180    -6147    -6104    -6038 
   -5962    -5891    -5830    -5783    -5748    -5726    -5721    -5733 
   -5752    -5767    -5780    -5800    -5826    -5863    -5915    -5988 
   -6079    -6172    -6243    -6285    -6312    -6342    -6385    -6434 
   -6478    -6516    -6552    -6585    -6606    -6623    -6637    -6655 
   -6677    -6700    -6716    -6721    -6732    -6756    -6786    -6805 
   -6808    -6802    -6795    -6786    -6781    -6781    -6786    -6789 
   -6779    -6770    -6766    -6759    -6739    -6714    -6686    -6651 
   -6615    -6592    -6585    -6581    -6583    -6612    -6671    -6743 
   -6804    -6848    -6867    -6841    -6777    -6698    -6631    -6589 
   -6564    -6550    -6542    -6538    -6536    -6531    -6524    -6505 
   -6470    -6417    -6353    -6288    -6238    -6200    -6178    -6173 
   -6174    -6181    -6184    -6181    -6184    -6207    -6249    -6299 
   -6346    -6377    -6396    -6412    -6426    -6438    -6454    -6477 
   -6516    -6589    -6686    -6790    -6889    -6974    -7040    -7082 
   -7099    -7092    -7064    -7009    -6932    -6858    -6810    -6787 
   -6781    -6782    -6791    -6799    -6798    -6785    -6755    -6709 
   -6658    -6615    -6579    -6550    -6520    -6494    -6484    -6494 
   -6521    -6552    -6575    -6593    -6605    -6612    -6616    -6623 
   -6635    -6655    -6664    -6659    -6643    -6627    -6621    -6620 
   -6617    -6605    -6569    -6513    -6448    -6377    -6308    -6250 
   -6211    -6197    -6211    -6242    -6303    -6392    -6498    -6605 
   -6698    -6771    -6828    -6872    -6901    -6912    -6907    -6906 
   -6918    -6941    -6968    -6995    -7014    -7028    -7038    -7040 
   -7022    -6990    -6944    -6881    -6822    -6772    -6733    -6706 
   -6696    -6697    -6704    -6717    -6750    -6799    -6855    -6895 
   -6906    -6895    -6879    -6870    -6872    -6883    -6891    -6899 
   -6912    -6937    -6972    -7011    -7048    -7071    -7068    -7047 
   -7025    -7015    -7010    -7007    -7005    -7014    -7037    -7059 
   -7060    -7044    -7029    -7017    -7013    -7023    -7056    -7119 
   -7203    -7272    -7322    -7362    -7385    -7371    -7325    -7280 
   -7257    -7254    -7264    -7283    -7299    -7292    -7246    -7157 
   -7038    -6902    -6760    -6631    -6525    -6443    -6385    -6359 
   -6356    -6363    -6377    -6389    -6403    -6416    -6421    -6411 
   -6389    -6369    -6349    -6330    -6320    -6323    -6331    -6332 
   -6335    -6350    -6386    -6454    -6531    -6596    -6652    -6710 
   -6762    -6802    -6829    -6843    -6845    -6848    -6863    -6891 
   -6937    -7001    -7067    -7132    -7202    -7271    -7323    -7357 
   -7380    -7406    -7434    -7470    -7512    -7553    -7570    -7557 
   -7530    -7500    -7469    -7435    -7396    -7350    -7291    -7222 
   -7150    -7074    -6995    -6929    -6885    -6863    -6848    -6837 
   -6826    -6818    -6814    -6821    -6833    -6840    -6839    -6822 
   -6806    -6797    -6786    -6767    -6744    -6717    -6685    -6662 
   -6660    -6678    -6696    -6702    -6697    -6683    -6658    -6623 
   -6588    -6554    -6524    -6511    -6508    -6509    -6517    -6535 
   -6555    -6564    -6562    -6551    -6540    -6535    -6531    -6519 
   -6494    -6467    -6454    -6457    -6470    -6493    -6520    -6543 
   -6552    -6551    -6546    -6542    -6551    -6575    -6619    -6683 
   -6764    -6852    -6940    -7014    -7079    -7142    -7198    -7253 
   -7307    -7357    -7399    -7439    -7485    -7530    -7564    -7577 
   -7568    -7542    -7506    -7458    -7411    -7371    -7335    -7307 
   -7279    -7252    -7236    -7229    -7226    -7222    -7217    -7210 
   -7191    -7157    -7119    -7089    -7068    -7037    -6990    -6943 
   -6912    -6905    -6910    -6912    -6907    -6901    -6883    -6848 
   -6801    -6751    -6711    -6689    -6679    -6686    -6702    -6717 
   -6725    -6724    -6718    -6714    -6704    -6685    -6667    -6655 
   -6658    -6681    -6728    -6794    -6860    -6924    -6979    -7007 
   -7009    -6995    -6976    -6955    -6926    -6895    -6864    -6833 
   -6802    -6777    -6764    -6758    -6747    -6732    -6717    -6706 
   -6701    -6697    -6693    -6691    -6690    -6685    -6683    -6693 
   -6720    -6751    -6772    -6782    -6793    -6798    -6789    -6760 
   -6710    -6647    -6592    -6554    -6540    -6547    -6562    -6575 
   -6585    -6589    -6577    -6543    -6486    -6413    -6338    -6272 
   -6216    -6170    -6135    -6115    -6112    -6124    -6143    -6174 
   -6214    -6252    -6284    -6312    -6343    -6378    -6413    -6453 
   -6496    -6542    -6590    -6639    -6681    -6718    -6759    -6794 
   -6820    -6839    -6848    -6845    -6826    -6789    -6739    -6689 
   -6639    -6596    -6571    -6567    -6578    -6598    -6627    -6654 
   -6667    -6666    -6659    -6642    -6617    -6586    -6554    -6525 
   -6502    -6486    -6474    -6467    -6470    -6480    -6477    -6457 
   -6432    -6412    -6389    -6365    -6338    -6312    -6296    -6292 
   -6303    -6326    -6354    -6389    -6431    -6471    -6513    -6555 
   -6588    -6613    -6621    -6604    -6585    -6583    -6600    -6628 
   -6663    -6697    -6713    -6711    -6704    -6694    -6687    -6700 
   -6741    -6802    -6864    -6921    -6979    -7044    -7113    -7182 
   -7252    -7318    -7375    -7426    -7466    -7495    -7510    -7507 
   -7484    -7453    -7429    -7414    -7395    -7361    -7321    -7287 
   -7269    -7263    -7257    -7246    -7231    -7218    -7209    -7202 
   -7198    -7198    -7200    -7203    -7206    -7200    -7183    -7150 
   -7103    -7047    -6990    -6943    -6906    -6881    -6868    -6863 
   -6862    -6868    -6875    -6870    -6853    -6828    -6801    -6779 
   -6758    -6744    -6747    -6759    -6774    -6793    -6813    -6829 
   -6832    -6825    -6815    -6810    -6802    -6795    -6793    -6801 
   -6812    -6822    -6837    -6859    -6889    -6921    -6957    -7006 
   -7065    -7137    -7215    -7287    -7345    -7381    -7393    -7391 
   -7383    -7371    -7350    -7321    -7280    -7230    -7179    -7126 
   -7074    -7025    -6979    -6934    -6890    -6847    -6812    -6787 
   -6772    -6770    -6775    -6789    -6815    -6851    -6895    -6939 
   -6974    -7002    -7017    -7010    -6982    -6934    -6885    -6835 
   -6782    -6728    -6675    -6629    -6597    -6577    -6563    -6554 
   -6552    -6556    -6567    -6588    -6615    -6648    -6682    -6716 
   -6752    -6789    -6821    -6851    -6876    -6897    -6919    -6952 
   -6985    -7003    -7001    -6975    -6921    -6839    -6739    -6635 
   -6543    -6467    -6411    -6373    -6351    -6339    -6339    -6354 
   -6378    -6409    -6454    -6517    -6585    -6648    -6701    -6741 
   -6775    -6805    -6845    -6899    -6961    -7029    -7099    -7172 
   -7250    -7339    -7434    -7520    -7592    -7632    -7636    -7614 
   -7580    -7538    -7492    -7444    -7400    -7354    -7300    -7238 
   -7164    -7075    -6972    -6858    -6727    -6581    -6435    -6305 
   -6195    -6097    -6010    -5934    -5871    -5818    -5784    -5773 
   -5786    -5805    -5813    -5813    -5811    -5798    -5775    -5745 
   -5722    -5710    -5706    -5711    -5719    -5719    -5701    -5661 
   -5623    -5593    -5559    -5518    -5481    -5455    -5440    -5436 
   -5433    -5420    -5394    -5364    -5343    -5339    -5350    -5358 
   -5362    -5371    -5394    -5428    -5467    -5516    -5564    -5606 
   -5652    -5705    -5760    -5827    -5899    -5961    -6008    -6035 
   -6039    -6018    -5983    -5953    -5931    -5918    -5914    -5926 
   -5956    -5996    -6035    -6062    -6080    -6100    -6133    -6185 
   -6261    -6356    -6467    -6585    -6705    -6832    -6970    -7110 
   -7260    -7415    -7572    -7736    -7908    -8073    -8222    -8352 
   -8457    -8538    -8604    -8661    -8716    -8783    -8856    -8934 
   -9015    -9089    -9150    -9197    -9231    -9254    -9262    -9256 
   -9244    -9220    -9180    -9137    -9090    -9035    -8968    -8900 
   -8842    -8803    -8785    -8787    -8800    -8806    -8796    -8772 
   -8739    -8700    -8658    -8603    -8530    -8441    -8352    -8256 
   -8154    -8048    -7944    -7842    -7738    -7631    -7520    -7411 
   -7312    -7226    -7157    -7106    -7072    -7053    -7038    -7017 
   -6988    -6944    -6889    -6821    -6743    -6655    -6573    -6498 
   -6421    -6331    -6227    -6114    -5988    -5859    -5740    -5645 
   -5579    -5533    -5505    -5502    -5516    -5536    -5563    -5599 
   -5647    -5711    -5792    -5881    -5971    -6054    -6130    -6199 
   -6268    -6347    -6439    -6542    -6640    -6729    -6821    -6925 
   -7040    -7157    -7267    -7360    -7429    -7473    -7497    -7507 
   -7501    -7492    -7481    -7466    -7450    -7434    -7420    -7408 
   -7396    -7372    -7319    -7240    -7132    -6995    -6851    -6717 
   -6605    -6511    -6423    -6347    -6290    -6255    -6243    -6247 
   -6262    -6285    -6305    -6313    -6305    -6284    -6258    -6239 
   -6228    -6222    -6219    -6224    -6243    -6282    -6345    -6431 
   -6538    -6654    -6777    -6910    -7047    -7177    -7296    -7404 
   -7507    -7597    -7669    -7717    -7736    -7726    -7689    -7626 
   -7541    -7447    -7349    -7236    -7115    -6997    -6876    -6762 
   -6660    -6575    -6516    -6485    -6484    -6507    -6548    -6608 
   -6670    -6729    -6790    -6852    -6914    -6975    -7026    -7056 
   -7069    -7064    -7042    -7021    -7010    -7017    -7044    -7092 
   -7159    -7238    -7327    -7429    -7539    -7657    -7771    -7881 
   -7989    -8089    -8175    -8245    -8291    -8318    -8336    -8345 
   -8340    -8321    -8291    -8244    -8189    -8139    -8104    -8078 
   -8060    -8040    -8013    -7964    -7900    -7827    -7746    -7662 
   -7580    -7496    -7415    -7344    -7279    -7223    -7186    -7168 
   -7183    -7234    -7306    -7380    -7452    -7514    -7569    -7626 
   -7695    -7773    -7857    -7944    -8037    -8127    -8208    -8283 
   -8351    -8398    -8414    -8390    -8317    -8206    -8068    -7909 
   -7739    -7565    -7395    -7233    -7076    -6919    -6768    -6625 
   -6488    -6359    -6249    -6156    -6079    -6022    -5991    -5987 
   -6016    -6075    -6146    -6226    -6311    -6389    -6462    -6529 
   -6592    -6648    -6696    -6727    -6737    -6727    -6683    -6600 
   -6471    -6312    -6134    -5954    -5795    -5655    -5537    -5455 
   -5406    -5386    -5391    -5427    -5481    -5549    -5625    -5709 
   -5798    -5894    -5984    -6073    -6176    -6292    -6431    -6593 
   -6781    -6985    -7196    -7400    -7578    -7722    -7825    -7884 
   -7906    -7908    -7894    -7871    -7846    -7821    -7811    -7827 
   -7865    -7906    -7939    -7950    -7928    -7890    -7854    -7830 
   -7827    -7847    -7889    -7964    -8071    -8212    -8391    -8611 
   -8851    -9108    -9379    -9643    -9883   -10093   -10262   -10396 
  -10509   -10604   -10671   -10732   -10788   -10839   -10891   -10941 
  -10974   -10998   -11005   -10980   -10937   -10879   -10795   -10682 
  -10537   -10370   -10184    -9981    -9771    -9555    -9336    -9127 
   -8937    -8773    -8633    -8502    -8380    -8270    -8166    -8077 
   -8000    -7925    -7854    -7781    -7705    -7641    -7585    -7541 
   -7504    -7466    -7415    -7345    -7242    -7099    -6919    -6702 
   -6448    -6162    -5848    -5517    -5179    -4841    -4511    -4199 
   -3902    -3615    -3334    -3060    -2794    -2542    -2303    -2079 
   -1872    -1677    -1497    -1324    -1144     -958     -773     -596 
    -432     -283     -159      -68      -11       11        8      -23 
     -90     -193     -329     -502     -720     -977    -1260    -1559 
   -1857    -2141    -2405    -2652    -2879    -3092    -3299    -3508 
   -3717    -3931    -4144    -4356    -4571    -4796    -5039    -5298 
   -5566    -5838    -6112    -6388    -6666    -6943    -7211    -7470 
   -7716    -7940    -8141    -8319    -8471    -8596    -8702    -8795 
   -8884    -8974    -9067    -9165    -9258    -9346    -9436    -9536 
   -9647    -9767    -9894   -10034   -10176   -10308   -10438   -10565 
  -10654   -10704   -10728   -10725   -10705   -10689   -10689   -10709 
  -10746   -10793   -10839   -10879   -10909   -10926   -10932   -10925 
  -10902   -10870   -10843   -10821   -10809   -10810   -10821   -10836 
  -10845   -10844   -10825   -10775   -10697   -10596   -10478   -10353 
  -10226   -10100    -9977    -9859    -9747    -9628    -9487    -9343 
   -9196    -9042    -8895    -8757    -8622    -8500    -8387    -8271 
   -8163    -8060    -7969    -7898    -7851    -7820    -7797    -7765 
   -7716    -7647    -7564    -7469    -7376    -7292    -7225    -7160 
   -7092    -7018    -6929    -6832    -6736    -6644    -6556    -6469 
   -6373    -6276    -6186    -6115    -6076    -6064    -6066    -6068 
   -6054    -6015    -5952    -5867    -5771    -5676    -5601    -5557 
   -5548    -5571    -5614    -5668    -5732    -5791    -5845    -5894 
   -5937    -5971    -5999    -6022    -6042    -6076    -6119    -6168 
   -6228    -6307    -6401    -6509    -6615    -6700    -6760    -6801 
   -6831    -6855    -6872    -6879    -6871    -6845    -6808    -6770 
   -6743    -6728    -6720    -6716    -6708    -6687    -6660    -6627 
   -6585    -6531    -6470    -6403    -6346    -6309    -6304    -6340 
   -6426    -6551    -6702    -6856    -6990    -7094    -7167    -7207 
   -7225    -7227    -7226    -7236    -7260    -7291    -7329    -7371 
   -7415    -7457    -7479    -7474    -7449    -7402    -7337    -7268 
   -7200    -7132    -7075    -7038    -7025    -7032    -7056    -7088 
   -7111    -7126    -7138    -7165    -7222    -7298    -7383    -7474 
   -7560    -7626    -7670    -7685    -7674    -7636    -7584    -7523 
   -7454    -7371    -7284    -7203    -7137    -7088    -7056    -7032 
   -7006    -6980    -6952    -6921    -6894    -6870    -6837    -6797 
   -6750    -6690    -6615    -6517    -6397    -6258    -6114    -5977 
   -5860    -5765    -5683    -5610    -5557    -5525    -5506    -5501 
   -5502    -5503    -5503    -5510    -5525    -5541    -5552    -5557 
   -5555    -5547    -5525    -5485    -5429    -5359    -5277    -5198 
   -5128    -5065    -5019    -5001    -5015    -5062    -5139    -5235 
   -5343    -5454    -5559    -5664    -5772    -5883    -5992    -6099 
   -6192    -6269    -6320    -6335    -6312    -6264    -6199    -6126 
   -6057    -6000    -5950    -5895    -5827    -5752    -5668    -5576 
   -5479    -5379    -5278    -5178    -5071    -4954    -4833    -4703 
   -4563    -4414    -4260    -4107    -3955    -3809    -3682    -3588 
   -3530    -3511    -3528    -3572    -3628    -3693    -3762    -3838 
   -3915    -3987    -4058    -4131    -4212    -4306    -4410    -4518 
   -4621    -4712    -4793    -4869    -4945    -5013    -5080    -5152 
   -5231    -5324    -5435    -5557    -5689    -5834    -5991    -6158 
   -6330    -6504    -6683    -6864    -7051    -7244    -7442    -7643 
   -7852    -8073    -8301    -8536    -8761    -8970    -9159    -9324 
   -9459    -9563    -9639    -9686    -9701    -9691    -9655    -9593 
   -9509    -9404    -9294    -9184    -9070    -8965    -8861    -8750 
   -8631    -8509    -8390    -8274    -8166    -8068    -7979    -7896 
   -7812    -7720    -7614    -7484    -7323    -7153    -6990    -6840 
   -6714    -6606    -6502    -6407    -6319    -6239    -6172    -6114 
   -6069    -6039    -6019    -6008    -6012    -6030    -6053    -6085 
   -6124    -6165    -6196    -6216    -6223    -6219    -6214    -6212 
   -6219    -6243    -6276    -6312    -6351    -6384    -6404    -6411 
   -6401    -6381    -6354    -6318    -6274    -6214    -6146    -6070 
   -5983    -5881    -5765    -5634    -5502    -5374    -5247    -5131 
   -5036    -4972    -4945    -4958    -5000    -5053    -5101    -5136 
   -5148    -5131    -5085    -5003    -4882    -4734    -4581    -4431 
   -4287    -4159    -4050    -3940    -3835    -3730    -3615    -3491 
   -3345    -3176    -2983    -2775    -2573    -2385    -2223    -2089 
   -1987    -1912    -1868    -1852    -1858    -1883    -1919    -1966 
   -2014    -2062    -2116    -2177    -2246    -2332    -2434    -2538 
   -2636    -2735    -2822    -2903    -2982    -3044    -3087    -3121 
   -3149    -3183    -3230    -3283    -3336    -3396    -3454    -3510 
   -3576    -3653    -3735    -3832    -3948    -4079    -4228    -4401 
   -4602    -4816    -5036    -5250    -5440    -5598    -5727    -5825 
   -5884    -5913    -5923    -5922    -5918    -5918    -5922    -5934 
   -5956    -5984    -6008    -6031    -6058    -6092    -6143    -6222 
   -6328    -6462    -6617    -6777    -6928    -7068    -7200    -7326 
   -7454    -7603    -7773    -7958    -8151    -8340    -8513    -8665 
   -8787    -8877    -8945    -8993    -9027    -9050    -9073    -9100 
   -9128    -9155    -9182    -9209    -9225    -9225    -9212    -9193 
   -9163    -9120    -9069    -9005    -8931    -8847    -8758    -8662 
   -8560    -8451    -8336    -8214    -8077    -7929    -7773    -7607 
   -7433    -7256    -7080    -6906    -6736    -6574    -6412    -6252 
   -6092    -5919    -5726    -5519    -5316    -5123    -4947    -4788 
   -4644    -4509    -4375    -4248    -4140    -4055    -4000    -3986 
   -4010    -4066    -4145    -4230    -4307    -4369    -4410    -4438 
   -4467    -4496    -4530    -4567    -4604    -4648    -4692    -4741 
   -4795    -4846    -4888    -4926    -4965    -5009    -5069    -5155 
   -5268    -5413    -5587    -5780    -5984    -6191    -6382    -6555 
   -6717    -6867    -7005    -7142    -7283    -7426    -7561    -7682 
   -7785    -7869    -7929    -7969    -7994    -8009    -8016    -8016 
   -8023    -8046    -8081    -8124    -8179    -8244    -8313    -8390 
   -8464    -8517    -8550    -8563    -8552    -8523    -8487    -8456 
   -8424    -8398    -8374    -8361    -8363    -8375    -8395    -8418 
   -8444    -8479    -8526    -8594    -8676    -8772    -8889    -9023 
   -9165    -9306    -9445    -9582    -9722    -9880   -10064   -10258 
  -10453   -10654   -10847   -11007   -11145   -11264   -11360   -11443 
  -11521   -11587   -11639   -11668   -11677   -11673   -11658   -11639 
  -11612   -11566   -11492   -11395   -11271   -11124   -10971   -10817 
  -10665   -10519   -10381   -10249   -10118    -9977    -9829    -9676 
   -9520    -9362    -9198    -9026    -8845    -8642    -8418    -8176 
   -7912    -7638    -7371    -7122    -6907    -6721    -6547    -6374 
   -6199    -6016    -5833    -5664    -5525    -5417    -5337    -5273 
   -5219    -5164    -5103    -5024    -4939    -4857    -4793    -4758 
   -4746    -4753    -4776    -4816    -4876    -4946    -5015    -5074 
   -5124    -5163    -5198    -5235    -5273    -5305    -5324    -5333 
   -5336    -5329    -5310    -5281    -5242    -5200    -5157    -5120 
   -5090    -5069    -5055    -5049    -5047    -5057    -5084    -5125 
   -5169    -5209    -5238    -5251    -5251    -5247    -5252    -5282 
   -5339    -5418    -5517    -5626    -5733    -5829    -5911    -5980 
   -6038    -6087    -6134    -6186    -6232    -6268    -6289    -6300 
   -6318    -6354    -6412    -6489    -6582    -6687    -6801    -6914 
   -7022    -7126    -7236    -7357    -7492    -7646    -7820    -8002 
   -8189    -8371    -8536    -8671    -8780    -8872    -8949    -9016 
   -9074    -9128    -9184    -9229    -9251    -9258    -9259    -9255 
   -9250    -9252    -9262    -9269    -9273    -9270    -9250    -9217 
   -9182    -9139    -9082    -9015    -8938    -8865    -8810    -8769 
   -8734    -8704    -8680    -8658    -8631    -8595    -8556    -8509 
   -8449    -8376    -8298    -8214    -8117    -8006    -7884    -7743 
   -7580    -7404    -7234    -7069    -6909    -6758    -6625    -6515 
   -6421    -6342    -6274    -6219    -6183    -6169    -6180    -6203 
   -6228    -6251    -6276    -6308    -6354    -6403    -6438    -6457 
   -6473    -6494    -6529    -6574    -6621    -6667    -6709    -6739 
   -6756    -6762    -6758    -6754    -6747    -6736    -6733    -6744 
   -6772    -6820    -6883    -6956    -7023    -7079    -7123    -7156 
   -7192    -7236    -7287    -7338    -7383    -7416    -7442    -7461 
   -7479    -7497    -7518    -7542    -7572    -7604    -7638    -7669 
   -7690    -7699    -7693    -7666    -7618    -7560    -7495    -7430 
   -7362    -7288    -7207    -7119    -7028    -6936    -6848    -6762 
   -6670    -6577    -6477    -6376    -6282    -6197    -6126    -6062 
   -6006    -5965    -5946    -5950    -5975    -6014    -6061    -6110 
   -6158    -6216    -6296    -6403    -6531    -6679    -6837    -6987 
   -7123    -7250    -7362    -7460    -7547    -7626    -7697    -7767 
   -7835    -7890    -7924    -7931    -7912    -7873    -7813    -7740 
   -7657    -7565    -7464    -7362    -7267    -7175    -7084    -6997 
   -6916    -6848    -6799    -6768    -6750    -6733    -6717    -6694 
   -6664    -6629    -6590    -6546    -6494    -6440    -6385    -6336 
   -6304    -6284    -6269    -6257    -6247    -6239    -6231    -6218 
   -6189    -6146    -6099    -6056    -6025    -6000    -5985    -5983 
   -5981    -5979    -5977    -5965    -5944    -5918    -5890    -5856 
   -5821    -5783    -5737    -5691    -5649    -5614    -5590    -5568 
   -5545    -5521    -5483    -5435    -5386    -5339    -5285    -5232 
   -5175    -5113    -5050    -4977    -4891    -4791    -4677    -4550 
   -4426    -4315    -4228    -4171    -4148    -4152    -4172    -4205 
   -4245    -4284    -4322    -4363    -4406    -4457    -4515    -4579 
   -4642    -4702    -4772    -4861    -4962    -5069    -5169    -5258 
   -5332    -5390    -5440    -5490    -5537    -5580    -5623    -5663 
   -5698    -5734    -5768    -5788    -5795    -5782    -5742    -5697 
   -5656    -5628    -5620    -5632    -5652    -5683    -5721    -5755 
   -5776    -5791    -5800    -5807    -5823    -5856    -5908    -5976 
   -6050    -6123    -6186    -6232    -6261    -6282    -6307    -6343 
   -6397    -6463    -6527    -6582    -6629    -6669    -6694    -6706 
   -6700    -6673    -6633    -6588    -6540    -6496    -6458    -6427 
   -6397    -6363    -6332    -6313    -6305    -6297    -6285    -6269 
   -6250    -6238    -6237    -6245    -6265    -6289    -6311    -6322 
   -6313    -6282    -6234    -6172    -6103    -6029    -5960    -5910 
   -5886    -5896    -5942    -6006    -6083    -6168    -6262    -6373 
   -6490    -6609    -6728    -6852    -6974    -7083    -7182    -7273 
   -7356    -7427    -7489    -7548    -7612    -7677    -7740    -7794 
   -7839    -7865    -7875    -7870    -7850    -7819    -7784    -7747 
   -7712    -7678    -7634    -7574    -7496    -7399    -7302    -7203 
   -7103    -7007    -6913    -6815    -6725    -6643    -6574    -6524 
   -6500    -6505    -6535    -6579    -6640    -6713    -6786    -6851 
   -6907    -6956    -7002    -7045    -7076    -7089    -7092    -7086 
   -7072    -7064    -7067    -7088    -7123    -7160    -7200    -7238 
   -7264    -7285    -7299    -7304    -7300    -7285    -7264    -7236 
   -7206    -7190    -7188    -7198    -7222    -7248    -7271    -7294 
   -7317    -7337    -7353    -7373    -7395    -7422    -7464    -7518 
   -7574    -7638    -7707    -7770    -7838    -7906    -7964    -8010 
   -8037    -8047    -8046    -8031    -8014    -8001    -7989    -7983 
   -7990    -8010    -8032    -8051    -8056    -8033    -7989    -7933 
   -7869    -7807    -7756    -7711    -7670    -7636    -7609    -7584 
   -7557    -7526    -7481    -7425    -7369    -7322    -7281    -7256 
   -7244    -7238    -7229    -7213    -7191    -7163    -7129    -7092 
   -7055    -7022    -6993    -6960    -6921    -6876    -6832    -6786 
   -6744    -6714    -6694    -6694    -6705    -6720    -6744    -6767 
   -6789    -6810    -6835    -6864    -6905    -6957    -7023    -7098 
   -7175    -7260    -7353    -7450    -7553    -7651    -7730    -7789 
   -7839    -7878    -7916    -7955    -7997    -8040    -8078    -8111 
   -8141    -8163    -8172    -8170    -8160    -8149    -8139    -8125 
   -8110    -8093    -8066    -8029    -7985    -7939    -7901    -7875 
   -7867    -7877    -7898    -7931    -7974    -8024    -8075    -8125 
   -8175    -8224    -8266    -8302    -8338    -8382    -8434    -8497 
   -8569    -8649    -8731    -8807    -8870    -8919    -8951    -8970 
   -8978    -8985    -8992    -9003    -9027    -9061    -9093    -9124 
   -9150    -9173    -9200    -9228    -9251    -9269    -9283    -9294 
   -9298    -9298    -9297    -9293    -9286    -9281    -9271    -9254 
   -9234    -9208    -9170    -9119    -9067    -9011    -8946    -8876 
   -8800    -8719    -8638    -8571    -8517    -8477    -8447    -8421 
   -8403    -8387    -8371    -8360    -8359    -8365    -8385    -8421 
   -8464    -8517    -8571    -8622    -8677    -8730    -8777    -8827 
   -8876    -8923    -8968    -9005    -9038    -9063    -9076    -9070 
   -9046    -9004    -8951    -8889    -8824    -8762    -8707    -8658 
   -8614    -8571    -8530    -8494    -8463    -8424    -8385    -8349 
   -8317    -8290    -8263    -8233    -8197    -8152    -8100    -8040 
   -7985    -7929    -7878    -7836    -7796    -7756    -7717    -7669 
   -7612    -7553    -7504    -7460    -7418    -7376    -7334    -7298 
   -7263    -7231    -7213    -7198    -7186    -7176    -7160    -7142 
   -7122    -7098    -7071    -7052    -7041    -7041    -7056    -7086 
   -7130    -7186    -7245    -7307    -7380    -7457    -7541    -7631 
   -7727    -7827    -7931    -8032    -8131    -8220    -8293    -8360 
   -8421    -8476    -8520    -8548    -8553    -8540    -8523    -8499 
   -8479    -8467    -8454    -8436    -8410    -8372    -8314    -8248 
   -8179    -8104    -8027    -7948    -7865    -7784    -7701    -7618 
   -7534    -7461    -7400    -7357    -7329    -7307    -7294    -7279 
   -7261    -7242    -7222    -7196    -7167    -7136    -7101    -7064 
   -7032    -6997    -6955    -6909    -6856    -6802    -6752    -6700 
   -6646    -6592    -6539    -6485    -6430    -6376    -6315    -6249 
   -6180    -6112    -6046    -5984    -5925    -5863    -5800    -5742 
   -5686    -5628    -5567    -5508    -5447    -5381    -5309    -5240 
   -5166    -5088    -5011    -4936    -4865    -4799    -4739    -4687 
   -4642    -4604    -4572    -4545    -4525    -4514    -4511    -4519 
   -4537    -4556    -4573    -4591    -4604    -4612    -4612    -4599 
   -4572    -4535    -4500    -4469    -4441    -4419    -4403    -4391 
   -4386    -4388    -4392    -4395    -4401    -4411    -4421    -4430 
   -4437    -4434    -4426    -4419    -4417    -4414    -4410    -4398 
   -4375    -4342    -4303    -4261    -4220    -4182    -4148    -4117 
   -4086    -4054    -4017    -3979    -3943    -3921    -3909    -3905 
   -3919    -3947    -3979    -4013    -4047    -4078    -4102    -4126 
   -4158    -4197    -4245    -4305    -4374    -4449    -4538    -4641 
   -4750    -4864    -4974    -5086    -5193    -5290    -5379    -5459 
   -5532    -5595    -5645    -5691    -5734    -5769    -5802    -5830 
   -5856    -5873    -5880    -5880    -5868    -5842    -5810    -5775 
   -5741    -5711    -5686    -5668    -5653    -5637    -5621    -5603 
   -5584    -5562    -5535    -5508    -5489    -5476    -5471    -5471 
   -5478    -5486    -5490    -5489    -5483    -5468    -5454    -5443 
   -5432    -5421    -5408    -5389    -5360    -5328    -5292    -5258 
   -5228    -5204    -5184    -5174    -5173    -5173    -5179    -5192 
   -5204    -5215    -5221    -5219    -5212    -5204    -5194    -5186 
   -5181    -5174    -5169    -5171    -5175    -5179    -5193    -5212 
   -5231    -5247    -5263    -5278    -5290    -5304    -5317    -5329 
   -5347    -5368    -5395    -5433    -5481    -5528    -5574    -5620 
   -5664    -5706    -5749    -5800    -5859    -5921    -5991    -6068 
   -6148    -6238    -6334    -6427    -6519    -6610    -6691    -6766 
   -6832    -6891    -6943    -6983    -7013    -7033    -7045    -7055 
   -7059    -7055    -7051    -7041    -7026    -7017    -7015    -7017 
   -7021    -7028    -7023    -7015    -7009    -6995    -6971    -6944 
   -6912    -6871    -6831    -6787    -6743    -6700    -6654    -6609 
   -6567    -6531    -6504    -6484    -6473    -6474    -6481    -6494 
   -6509    -6525    -6539    -6550    -6558    -6559    -6562    -6566 
   -6566    -6564    -6563    -6564    -6564    -6558    -6548    -6536 
   -6520    -6504    -6489    -6474    -6465    -6462    -6462    -6458 
   -6444    -6421    -6393    -6363    -6338    -6318    -6297    -6282 
   -6276    -6272    -6270    -6265    -6250    -6234    -6214    -6192 
   -6170    -6153    -6142    -6138    -6139    -6143    -6153    -6169 
   -6196    -6228    -6273    -6327    -6386    -6448    -6512    -6579 
   -6648    -6716    -6782    -6847    -6906    -6970    -7030    -7087 
   -7145    -7203    -7263    -7325    -7387    -7447    -7507    -7566 
   -7619    -7663    -7703    -7735    -7758    -7774    -7788    -7789 
   -7782    -7776    -7763    -7746    -7731    -7715    -7700    -7688 
   -7673    -7655    -7643    -7638    -7634    -7635    -7641    -7647 
   -7657    -7670    -7692    -7723    -7759    -7796    -7839    -7888 
   -7940    -7997    -8055    -8116    -8168    -8209    -8248    -8283 
   -8305    -8324    -8338    -8344    -8344    -8341    -8333    -8324 
   -8319    -8317    -8322    -8336    -8356    -8380    -8413    -8451 
   -8490    -8529    -8568    -8603    -8634    -8665    -8687    -8702 
   -8711    -8711    -8698    -8677    -8649    -8612    -8573    -8527 
   -8479    -8421    -8357    -8293    -8229    -8167    -8108    -8046 
   -7978    -7915    -7859    -7809    -7766    -7728    -7696    -7666 
   -7642    -7623    -7608    -7597    -7593    -7591    -7591    -7593 
   -7599    -7614    -7635    -7661    -7690    -7727    -7763    -7799 
   -7836    -7871    -7900    -7919    -7936    -7952    -7971    -7989 
   -8005    -8024    -8040    -8054    -8064    -8071    -8073    -8073 
   -8067    -8060    -8051    -8033    -8013    -7990    -7960    -7928 
   -7894    -7854    -7813    -7773    -7730    -7685    -7639    -7592 
   -7543    -7493    -7442    -7389    -7339    -7296    -7258    -7225 
   -7194    -7164    -7136    -7111    -7086    -7063    -7042    -7023 
   -7002    -6982    -6967    -6947    -6922    -6905    -6893    -6881 
   -6878    -6879    -6878    -6874    -6872    -6868    -6867    -6864 
   -6855    -6845    -6835    -6820    -6802    -6787    -6779    -6770 
   -6758    -6739    -6714    -6685    -6655    -6623    -6600    -6589 
   -6581    -6581    -6590    -6605    -6623    -6644    -6667    -6690 
   -6714    -6739    -6767    -6791    -6813    -6831    -6844    -6858 
   -6863    -6859    -6844    -6821    -6786    -6747    -6714    -6687 
   -6659    -6639    -6627    -6616    -6605    -6596    -6592    -6589 
   -6582    -6575    -6573    -6573    -6578    -6589    -6602    -6615 
   -6625    -6635    -6639    -6640    -6642    -6637    -6625    -6610 
   -6586    -6554    -6520    -6484    -6442    -6403    -6370    -6342 
   -6319    -6299    -6280    -6257    -6234    -6208    -6181    -6156 
   -6134    -6115    -6107    -6108    -6115    -6124    -6135    -6147 
   -6162    -6180    -6196    -6216    -6237    -6255    -6272    -6285 
   -6296    -6299    -6290    -6277    -6258    -6231    -6203    -6170 
   -6130    -6087    -6041    -5992    -5942    -5896    -5856    -5817 
   -5775    -5736    -5694    -5645    -5587    -5526    -5459    -5391 
   -5327    -5258    -5185    -5119    -5058    -5005    -4968    -4936 
   -4912    -4905    -4912    -4931    -4959    -5001    -5053    -5113 
   -5181    -5259    -5343    -5432    -5528    -5626    -5719    -5814 
   -5908    -5999    -6088    -6172    -6247    -6319    -6389    -6457 
   -6525    -6594    -6664    -6741    -6824    -6907    -6994    -7078 
   -7155    -7222    -7276    -7321    -7358    -7385    -7410    -7437 
   -7472    -7510    -7546    -7588    -7630    -7669    -7705    -7739 
   -7763    -7784    -7801    -7816    -7824    -7830    -7836    -7843 
   -7852    -7867    -7881    -7892    -7905    -7916    -7927    -7938 
   -7946    -7952    -7956    -7951    -7946    -7946    -7948    -7955 
   -7964    -7971    -7974    -7979    -7979    -7978    -7986    -7997 
   -8009    -8024    -8035    -8040    -8039    -8033    -8025    -8017 
   -8009    -7996    -7978    -7954    -7921    -7882    -7838    -7784 
   -7730    -7677    -7619    -7565    -7515    -7465    -7415    -7371 
   -7330    -7295    -7264    -7240    -7221    -7207    -7196    -7187 
   -7180    -7171    -7159    -7149    -7141    -7132    -7123    -7118 
   -7111    -7106    -7099    -7087    -7076    -7065    -7056    -7045 
   -7029    -7013    -7001    -6983    -6960    -6937    -6910    -6880 
   -6853    -6829    -6805    -6786    -6767    -6754    -6748    -6744 
   -6739    -6732    -6718    -6706    -6694    -6679    -6667    -6656 
   -6648    -6642    -6635    -6631    -6627    -6623    -6619    -6619 
   -6620    -6621    -6624    -6625    -6624    -6619    -6613    -6610 
   -6616    -6619    -6621    -6629    -6635    -6633    -6624    -6612 
   -6594    -6574    -6558    -6542    -6525    -6513    -6498    -6480 
   -6463    -6448    -6435    -6423    -6417    -6416    -6419    -6427 
   -6438    -6448    -6460    -6471    -6482    -6490    -6490    -6488 
   -6484    -6473    -6458    -6431    -6394    -6354    -6311    -6264 
   -6216    -6170    -6129    -6091    -6048    -6002    -5961    -5923 
   -5888    -5863    -5848    -5833    -5819    -5809    -5805    -5800 
   -5796    -5787    -5776    -5764    -5752    -5745    -5745    -5752 
   -5767    -5784    -5793    -5798    -5798    -5795    -5787    -5776 
   -5768    -5765    -5764    -5764    -5767    -5767    -5767    -5765 
   -5760    -5756    -5757    -5755    -5760    -5779    -5802    -5829 
   -5857    -5880    -5898    -5918    -5933    -5938    -5952    -5962 
   -5965    -5973    -5977    -5983    -5996    -6006    -6022    -6048 
   -6076    -6100    -6123    -6147    -6164    -6181    -6203    -6219 
   -6235    -6257    -6277    -6292    -6309    -6334    -6356    -6384 
   -6417    -6444    -6470    -6496    -6515    -6531    -6551    -6562 
   -6564    -6571    -6569    -6555    -6539    -6520    -6501    -6480 
   -6453    -6424    -6385    -6340    -6300    -6259    -6219    -6181 
   -6142    -6110    -6080    -6057    -6043    -6033    -6030    -6038 
   -6050    -6069    -6100    -6138    -6176    -6218    -6266    -6315 
   -6359    -6400    -6439    -6477    -6512    -6543    -6574    -6612 
   -6655    -6697    -6743    -6787    -6822    -6856    -6880    -6886 
   -6881    -6874    -6852    -6825    -6794    -6760    -6728    -6691 
   -6647    -6601    -6548    -6494    -6442    -6393    -6351    -6315 
   -6289    -6276    -6268    -6269    -6281    -6292    -6304    -6326 
   -6350    -6377    -6412    -6447    -6477    -6504    -6529    -6552 
   -6573    -6597    -6621    -6647    -6678    -6709    -6739    -6771 
   -6802    -6836    -6863    -6878    -6894    -6907    -6913    -6919 
   -6919    -6918    -6921    -6916    -6907    -6902    -6886    -6863 
   -6841    -6810    -6775    -6744    -6716    -6693    -6685    -6682 
   -6681    -6685    -6694    -6705    -6713    -6723    -6732    -6737 
   -6743    -6754    -6760    -6766    -6772    -6777    -6782    -6790 
   -6795    -6804    -6821    -6839    -6862    -6891    -6918    -6944 
   -6971    -6997    -7020    -7045    -7075    -7109    -7144    -7184 
   -7226    -7261    -7291    -7323    -7358    -7391    -7422    -7447 
   -7470    -7488    -7503    -7508    -7504    -7496    -7487    -7473 
   -7460    -7443    -7429    -7416    -7398    -7377    -7360    -7342 
   -7323    -7302    -7283    -7261    -7236    -7214    -7194    -7169 
   -7150    -7142    -7137    -7134    -7137    -7145    -7159    -7177 
   -7200    -7222    -7248    -7277    -7304    -7334    -7371    -7404 
   -7437    -7477    -7522    -7561    -7592    -7624    -7655    -7682 
   -7715    -7742    -7769    -7804    -7835    -7865    -7898    -7929 
   -7959    -7990    -8005    -8014    -8029    -8040    -8046    -8055 
   -8066    -8073    -8083    -8095    -8102    -8106    -8108    -8106 
   -8109    -8114    -8120    -8121    -8122    -8121    -8118    -8121 
   -8120    -8105    -8095    -8090    -8083    -8077    -8068    -8054 
   -8039    -8023    -7998    -7971    -7947    -7913    -7874    -7842 
   -7815    -7793    -7773    -7744    -7715    -7692    -7665    -7630 
   -7601    -7574    -7546    -7527    -7507    -7481    -7464    -7452 
   -7438    -7426    -7414    -7399    -7393    -7393    -7383    -7368 
   -7360    -7357    -7350    -7340    -7331    -7325    -7326    -7327 
   -7325    -7326    -7348    -7371    -7378    -7388    -7400    -7403 
   -7403    -7395    -7384    -7385    -7385    -7373    -7364    -7358 
   -7342    -7314    -7290    -7272    -7253    -7234    -7221    -7207 
   -7203    -7211    -7214    -7217    -7233    -7238    -7236    -7241 
   -7231    -7221    -7215    -7194    -7165    -7146    -7119    -7082 
   -7051    -7029    -7003    -6975    -6948    -6924    -6898    -6872 
   -6844    -6820    -6793    -6768    -6751    -6739    -6735    -6729 
   -6728    -6744    -6756    -6766    -6786    -6798    -6808    -6824 
   -6829    -6824    -6818    -6801    -6777    -6754    -6727    -6700 
   -6669    -6632    -6600    -6571    -6534    -6497    -6465    -6438 
   -6423    -6417    -6409    -6417    -6435    -6443    -6469    -6502 
   -6517    -6534    -6561    -6578    -6600    -6629    -6647    -6666 
   -6706    -6744    -6770    -6794    -6815    -6837    -6848    -6847 
   -6847    -6845    -6833    -6815    -6794    -6781    -6760    -6720 
   -6689    -6666    -6627    -6589    -6556    -6515    -6477    -6448 
   -6413    -6380    -6351    -6320    -6293    -6266    -6241    -6226 
   -6219    -6208    -6205    -6219    -6230    -6238    -6246    -6262 
   -6282    -6292    -6300    -6319    -6339    -6353    -6363    -6366 
   -6366    -6365    -6355    -6339    -6323    -6300    -6266    -6230 
   -6184    -6142    -6106    -6068    -6038    -6006    -5971    -5950 
   -5930    -5904    -5888    -5871    -5849    -5846    -5848    -5842 
   -5854    -5868    -5876    -5904    -5931    -5949    -5979    -6011 
   -6039    -6068    -6083    -6089    -6089    -6081    -6077    -6072 
   -6050    -6038    -6030    -6016    -6008    -5994    -5975    -5964 
   -5940    -5917    -5910    -5894    -5869    -5845    -5822    -5805 
   -5788    -5772    -5763    -5756    -5745    -5746    -5763    -5772 
   -5787    -5814    -5837    -5876    -5926    -5961    -6006    -6058 
   -6095    -6142    -6191    -6214    -6246    -6288    -6316    -6346 
   -6382    -6411    -6434    -6458    -6482    -6504    -6519    -6525 
   -6529    -6540    -6554    -6561    -6569    -6586    -6601    -6616 
   -6633    -6651    -6662    -6671    -6682    -6693    -6705    -6711 
   -6716    -6723    -6727    -6731    -6729    -6721    -6716    -6720 
   -6720    -6720    -6729    -6743    -6754    -6772    -6790    -6802 
   -6814    -6820    -6825    -6835    -6839    -6836    -6831    -6824 
   -6812    -6802    -6790    -6771    -6759    -6752    -6737    -6731 
   -6732    -6737    -6747    -6756    -6766    -6777    -6790    -6802 
   -6817    -6839    -6860    -6874    -6883    -6907    -6933    -6944 
   -6959    -6976    -7001    -7026    -7037    -7045    -7053    -7061 
   -7067    -7065    -7064    -7068    -7071    -7074    -7067    -7069 
   -7079    -7065    -7055    -7055    -7038    -7026    -7007    -6987 
   -6998    -6997    -6979    -6982    -6994    -7011    -7032    -7045 
   -7064    -7092    -7123    -7149    -7169    -7192    -7219    -7234 
   -7238    -7272    -7314    -7315    -7322    -7348    -7360    -7383 
   -7400    -7388    -7415    -7443    -7427    -7438    -7457    -7453 
   -7465    -7469    -7453    -7446    -7443    -7434    -7419    -7404 
   -7392    -7380    -7362    -7339    -7331    -7335    -7323    -7310 
   -7307    -7306    -7298    -7273    -7275    -7304    -7284    -7253 
   -7276    -7271    -7236    -7236    -7236    -7234    -7236    -7233 
   -7234    -7223    -7210    -7203    -7188    -7169    -7153    -7134 
   -7126    -7119    -7102    -7092    -7091    -7067    -7038    -7044 
   -7040    -7003    -6987    -6984    -6967    -6959    -6945    -6910 
   -6886    -6866    -6833    -6805    -6779    -6755    -6728    -6696 
   -6678    -6664    -6639    -6617    -6598    -6583    -6583    -6581 
   -6577    -6579    -6577    -6582    -6590    -6583    -6590    -6617 
   -6621    -6628    -6666    -6691    -6700    -6709    -6718    -6733 
   -6748    -6751    -6744    -6739    -6739    -6736    -6729    -6718 
   -6709    -6694    -6673    -6650    -6631    -6613    -6594    -6567 
   -6535    -6511    -6489    -6459    -6431    -6407    -6385    -6370 
   -6356    -6343    -6327    -6307    -6292    -6277    -6265    -6257 
   -6235    -6207    -6189    -6181    -6169    -6154    -6145    -6135 
   -6127    -6122    -6119    -6120    -6122    -6123    -6123    -6131 
   -6133    -6130    -6139    -6147    -6147    -6160    -6164    -6154 
   -6153    -6147    -6146    -6142    -6130    -6129    -6129    -6122 
   -6120    -6120    -6115    -6106    -6095    -6091    -6087    -6072 
   -6050    -6033    -6025    -6022    -6025    -6031    -6037    -6037 
   -6046    -6068    -6087    -6102    -6124    -6151    -6176    -6212 
   -6249    -6273    -6308    -6345    -6372    -6417    -6460    -6485 
   -6525    -6575    -6604    -6635    -6673    -6694    -6720    -6754 
   -6777    -6802    -6818    -6828    -6848    -6867    -6881    -6902 
   -6909    -6906    -6910    -6919    -6928    -6929    -6928    -6943 
   -6956    -6956    -6980    -6990    -6968    -6980    -6994    -6975 
   -6979    -6979    -6959    -6964    -6967    -6963    -6970    -6959 
   -6956    -6974    -6972    -6972    -6982    -6974    -6974    -6980 
   -6974    -6968    -6955    -6932    -6919    -6903    -6885    -6874 
   -6853    -6833    -6824    -6812    -6798    -6793    -6786    -6782 
   -6795    -6805    -6814    -6835    -6847    -6867    -6907    -6932 
   -6959    -6999    -7025    -7063    -7115    -7150    -7191    -7236 
   -7271    -7307    -7342    -7362    -7389    -7410    -7423    -7438 
   -7442    -7439    -7434    -7422    -7406    -7392    -7372    -7357 
   -7349    -7337    -7318    -7299    -7279    -7258    -7245    -7225 
   -7196    -7175    -7155    -7132    -7105    -7075    -7055    -7041 
   -7015    -6990    -6979    -6957    -6933    -6913    -6883    -6868 
   -6862    -6832    -6814    -6822    -6814    -6805    -6821    -6831 
   -6835    -6855    -6875    -6889    -6907    -6922    -6930    -6956 
   -6980    -6995    -7025    -7056    -7076    -7099    -7125    -7149 
   -7171    -7183    -7194    -7198    -7198    -7200    -7195    -7182 
   -7175    -7169    -7169    -7168    -7153    -7148    -7163    -7150 
   -7132    -7136    -7121    -7101    -7106    -7098    -7080    -7080 
   -7078    -7075    -7079    -7079    -7089    -7098    -7103    -7127 
   -7149    -7150    -7157    -7169    -7179    -7191    -7203    -7206 
   -7206    -7225    -7249    -7260    -7264    -7279    -7294    -7310 
   -7318    -7319    -7330    -7342    -7342    -7350    -7371    -7373 
   -7368    -7376    -7375    -7358    -7353    -7346    -7321    -7299 
   -7291    -7283    -7269    -7250    -7233    -7214    -7192    -7182 
   -7172    -7148    -7125    -7117    -7105    -7086    -7061    -7045 
   -7042    -7026    -7003    -6994    -6983    -6967    -6949    -6932 
   -6914    -6901    -6890    -6881    -6874    -6867    -6862    -6862 
   -6863    -6844    -6826    -6836    -6836    -6817    -6814    -6805 
   -6791    -6791    -6782    -6763    -6756    -6755    -6743    -6729 
   -6725    -6714    -6697    -6682    -6666    -6654    -6646    -6624 
   -6601    -6592    -6574    -6540    -6520    -6508    -6489    -6470 
   -6450    -6438    -6432    -6423    -6417    -6417    -6417    -6426 
   -6432    -6432    -6434    -6440    -6440    -6438    -6430    -6423 
   -6421    -6415    -6412    -6415    -6409    -6404    -6405    -6408 
   -6413    -6416    -6419    -6426    -6434    -6440    -6454    -6469 
   -6480    -6492    -6504    -6515    -6529    -6539    -6536    -6536 
   -6542    -6550    -6556    -6569    -6590    -6610    -6632    -6659 
   -6675    -6689    -6716    -6739    -6760    -6782    -6795    -6818 
   -6847    -6864    -6885    -6905    -6925    -6955    -6978    -6993 
   -7009    -7018    -7028    -7041    -7049    -7065    -7083    -7087 
   -7094    -7114    -7125    -7129    -7137    -7148    -7152    -7153 
   -7152    -7137    -7129    -7123    -7094    -7069    -7056    -7032 
   -7009    -6997    -6975    -6952    -6945    -6934    -6918    -6907 
   -6898    -6894    -6895    -6889    -6889    -6899    -6905    -6910 
   -6917    -6917    -6929    -6945    -6941    -6934    -6939    -6930 
   -6913    -6898    -6883    -6868    -6851    -6824    -6791    -6774 
   -6766    -6751    -6747    -6750    -6748    -6759    -6771    -6781 
   -6802    -6818    -6833    -6863    -6881    -6899    -6924    -6932 
   -6951    -6983    -6990    -7003    -7030    -7047    -7060    -7072 
   -7075    -7079    -7080    -7079    -7084    -7099    -7096    -7083 
   -7091    -7101    -7086    -7084    -7094    -7089    -7087    -7092 
   -7083    -7091    -7102    -7086    -7088    -7105    -7106    -7118 
   -7129    -7129    -7144    -7168    -7182    -7195    -7218    -7240 
   -7258    -7275    -7281    -7287    -7295    -7299    -7304    -7307 
   -7296    -7283    -7275    -7264    -7260    -7248    -7231    -7222 
   -7211    -7211    -7219    -7218    -7225    -7230    -7227    -7240 
   -7249    -7244    -7248    -7248    -7238    -7236    -7230    -7213 
   -7203    -7195    -7175    -7159    -7141    -7103    -7076    -7056 
   -7029    -7003    -6974    -6937    -6917    -6899    -6875    -6853 
   -6831    -6804    -6782    -6772    -6760    -6744    -6728    -6704 
   -6686    -6677    -6656    -6635    -6623    -6602    -6585    -6579 
   -6563    -6544    -6539    -6531    -6525    -6524    -6520    -6519 
   -6521    -6524    -6538    -6546    -6548    -6563    -6578    -6588 
   -6597    -6598    -6602    -6610    -6616    -6627    -6631    -6624 
   -6633    -6642    -6642    -6655    -6655    -6652    -6660    -6652 
   -6646    -6640    -6619    -6610    -6606    -6592    -6582    -6573 
   -6562    -6567    -6573    -6564    -6552    -6547    -6547    -6539 
   -6531    -6519    -6496    -6484    -6465    -6443    -6438    -6417 
   -6394    -6389    -6376    -6361    -6353    -6328    -6311    -6301 
   -6284    -6272    -6258    -6239    -6232    -6234    -6222    -6205 
   -6200    -6192    -6180    -6177    -6169    -6137    -6115    -6114 
   -6102    -6088    -6064    -6049    -6064    -6048    -6022    -6029 
   -6026    -6027    -6027    -6006    -6016    -6027    -6016    -6022 
   -6035    -6034    -6030    -6049    -6072    -6075    -6091    -6103 
   -6096    -6118    -6142    -6130    -6146    -6168    -6162    -6178 
   -6189    -6188    -6200    -6200    -6200    -6205    -6199    -6200 
   -6205    -6204    -6214    -6223    -6223    -6222    -6224    -6246 
   -6264    -6262    -6270    -6288    -6304    -6320    -6326    -6338 
   -6361    -6369    -6382    -6413    -6431    -6432    -6442    -6465 
   -6489    -6502    -6509    -6519    -6535    -6558    -6575    -6585 
   -6597    -6610    -6625    -6654    -6679    -6690    -6716    -6752 
   -6779    -6810    -6845    -6871    -6903    -6933    -6948    -6971 
   -7001    -7021    -7032    -7034    -7045    -7065    -7075    -7071 
   -7075    -7087    -7091    -7087    -7083    -7086    -7088    -7084 
   -7080    -7087    -7086    -7076    -7076    -7075    -7067    -7067 
   -7071    -7069    -7072    -7068    -7064    -7076    -7089    -7098 
   -7107    -7110    -7111    -7122    -7134    -7137    -7141    -7148 
   -7155    -7164    -7175    -7180    -7177    -7179    -7176    -7169 
   -7172    -7175    -7173    -7176    -7167    -7156    -7165    -7169 
   -7160    -7153    -7149    -7150    -7149    -7142    -7138    -7123 
   -7107    -7102    -7094    -7080    -7068    -7053    -7034    -7020 
   -7007    -6990    -6963    -6943    -6928    -6909    -6889    -6868 
   -6839    -6813    -6793    -6770    -6744    -6724    -6710    -6697 
   -6678    -6667    -6663    -6647    -6632    -6629    -6629    -6624 
   -6623    -6621    -6610    -6613    -6619    -6616    -6616    -6609 
   -6606    -6623    -6620    -6621    -6642    -6635    -6635    -6658 
   -6663    -6673    -6693    -6696    -6708    -6723    -6727    -6751 
   -6767    -6768    -6782    -6795    -6812    -6822    -6821    -6839 
   -6843    -6839    -6858    -6845    -6826    -6843    -6848    -6848 
   -6848    -6844    -6847    -6848    -6848    -6848    -6836    -6829 
   -6832    -6829    -6833    -6832    -6820    -6820    -6822    -6815 
   -6817    -6814    -6808    -6813    -6813    -6805    -6804    -6794 
   -6777    -6767    -6752    -6732    -6720    -6708    -6686    -6667 
   -6659    -6644    -6639    -6635    -6612    -6609    -6620    -6606 
   -6606    -6615    -6606    -6617    -6629    -6628    -6637    -6644 
   -6648    -6669    -6678    -6681    -6691    -6696    -6701    -6706 
   -6704    -6708    -6717    -6720    -6731    -6747    -6754    -6766 
   -6787    -6806    -6820    -6832    -6839    -6853    -6871    -6880 
   -6886    -6901    -6913    -6925    -6939    -6945    -6956    -6967 
   -6963    -6966    -6978    -6976    -6974    -6980    -6984    -6980 
   -6971    -6964    -6967    -6963    -6952    -6957    -6955    -6936 
   -6934    -6939    -6930    -6929    -6926    -6924    -6930    -6930 
   -6933    -6949    -6952    -6952    -6957    -6956    -6952    -6952 
   -6952    -6952    -6947    -6940    -6940    -6945    -6941    -6925 
   -6921    -6919    -6909    -6905    -6894    -6875    -6872    -6870 
   -6852    -6840    -6835    -6826    -6822    -6822    -6821    -6822 
   -6826    -6833    -6833    -6825    -6828    -6839    -6841    -6847 
   -6859    -6874    -6886    -6899    -6913    -6924    -6930    -6928 
   -6928    -6930    -6928    -6926    -6930    -6937    -6945    -6948 
   -6952    -6966    -6971    -6972    -6978    -6985    -6998    -7006 
   -7005    -7015    -7032    -7040    -7047    -7056    -7068    -7082 
   -7087    -7091    -7109    -7121    -7118    -7123    -7134    -7136 
   -7134    -7132    -7137    -7137    -7132    -7136    -7136    -7130 
   -7130    -7130    -7130    -7129    -7123    -7123    -7126    -7122 
   -7118    -7122    -7126    -7119    -7110    -7110    -7110    -7096 
   -7084    -7075    -7059    -7049    -7036    -7020    -7009    -6994 
   -6980    -6971    -6960    -6956    -6952    -6943    -6939    -6941 
   -6939    -6943    -6956    -6963    -6974    -6985    -6994    -7010 
   -7025    -7034    -7052    -7064    -7071    -7086    -7096    -7099 
   -7106    -7111    -7118    -7126    -7127    -7136    -7144    -7146 
   -7148    -7155    -7160    -7160    -7160    -7159    -7152    -7153 
   -7150    -7129    -7121    -7118    -7098    -7084    -7075    -7056 
   -7041    -7026    -7002    -6979    -6956    -6934    -6914    -6889 
   -6866    -6848    -6826    -6805    -6785    -6763    -6747    -6731 
   -6714    -6702    -6686    -6669    -6656    -6640    -6615    -6593 
   -6573    -6550    -6529    -6515    -6501    -6490    -6481    -6470 
   -6460    -6457    -6450    -6446    -6442    -6432    -6427    -6427 
   -6420    -6413    -6411    -6401    -6394    -6393    -6388    -6380 
   -6370    -6361    -6350    -6336    -6326    -6316    -6303    -6293 
   -6290    -6281    -6268    -6259    -6252    -6247    -6243    -6237 
   -6235    -6239    -6243    -6250    -6258    -6264    -6274    -6288 
   -6299    -6304    -6316    -6334    -6340    -6349    -6363    -6372 
   -6378    -6388    -6396    -6407    -6415    -6419    -6427    -6436 
   -6442    -6448    -6458    -6467    -6477    -6485    -6497    -6504 
   -6512    -6525    -6538    -6551    -6562    -6574    -6593    -6615 
   -6633    -6656    -6679    -6701    -6721    -6741    -6754    -6762 
   -6774    -6785    -6793    -6799    -6805    -6813    -6822    -6832 
   -6839    -6848    -6858    -6863    -6872    -6880    -6885    -6893 
   -6898    -6903    -6913    -6919    -6928    -6939    -6947    -6952 
   -6959    -6966    -6972    -6975    -6984    -6987    -6984    -6985 
   -6982    -6976    -6974    -6967    -6957    -6949    -6939    -6930 
   -6925    -6913    -6898    -6889    -6885    -6875    -6867    -6859 
   -6847    -6839    -6832    -6824    -6817    -6809    -6797    -6789 
   -6782    -6768    -6762    -6756    -6750    -6744    -6739    -6729 
   -6723    -6714    -6709    -6710    -6704    -6693    -6687    -6683 
   -6679    -6673    -6662    -6654    -6651    -6642    -6628    -6619 
   -6605    -6590    -6581    -6571    -6559    -6543    -6529    -6521 
   -6515    -6504    -6492    -6489    -6488    -6484    -6486    -6492 
   -6494    -6498    -6504    -6515    -6529    -6543    -6559    -6575 
   -6592    -6610    -6632    -6647    -6664    -6682    -6696    -6713 
   -6729    -6739    -6754    -6767    -6777    -6782    -6789    -6795 
   -6801    -6801    -6801    -6799    -6804    -6812    -6813    -6812 
   -6817    -6822    -6825    -6831    -6836    -6843    -6853    -6864 
   -6872    -6881    -6893    -6901    -6909    -6917    -6925    -6937 
   -6948    -6955    -6959    -6963    -6966    -6963    -6956    -6951 
   -6940    -6925    -6912    -6898    -6886    -6875    -6866    -6860 
   -6855    -6845    -6837    -6837    -6832    -6821    -6815    -6817 
   -6815    -6810    -6812    -6817    -6817    -6820    -6826    -6833 
   -6840    -6852    -6866    -6878    -6889    -6905    -6925    -6944 
   -6960    -6972    -6984    -6998    -7007    -7013    -7015    -7017 
   -7020    -7021    -7028    -7034    -7041    -7051    -7063    -7071 
   -7082    -7094    -7106    -7115    -7123    -7132    -7138    -7142 
   -7145    -7146    -7144    -7138    -7132    -7121    -7109    -7094 
   -7078    -7056    -7040    -7021    -7002    -6987    -6968    -6948 
   -6930    -6916    -6905    -6895    -6881    -6871    -6862    -6853 
   -6845    -6839    -6833    -6829    -6818    -6808    -6801    -6798 
   -6791    -6782    -6777    -6774    -6775    -6775    -6777    -6782 
   -6789    -6787    -6787    -6791    -6794    -6793    -6790    -6791 
   -6797    -6799    -6801    -6805    -6810    -6820    -6831    -6839 
   -6847    -6860    -6874    -6881    -6885    -6891    -6898    -6898 
   -6899    -6905    -6912    -6914    -6921    -6930    -6941    -6949 
   -6957    -6968    -6975    -6983    -6995    -7003    -7011    -7023 
   -7034    -7045    -7061    -7074    -7083    -7094    -7107    -7118 
   -7127    -7137    -7149    -7155    -7159    -7165    -7168    -7167 
   -7172    -7176    -7175    -7176    -7179    -7177    -7175    -7173 
   -7169    -7168    -7163    -7153    -7148    -7142    -7130    -7118 
   -7102    -7084    -7068    -7049    -7023    -6998    -6970    -6939 
   -6903    -6870    -6835    -6794    -6756    -6721    -6687    -6652 
   -6619    -6592    -6567    -6542    -6520    -6501    -6481    -6465 
   -6455    -6446    -6439    -6435    -6436    -6442    -6450    -6459 
   -6474    -6490    -6507    -6521    -6540    -6558    -6571    -6585 
   -6602    -6616    -6628    -6643    -6656    -6671    -6683    -6691 
   -6705    -6718    -6725    -6733    -6741    -6744    -6743    -6743 
   -6739    -6732    -6720    -6709    -6701    -6693    -6681    -6666 
   -6655    -6644    -6628    -6610    -6598    -6583    -6567    -6554 
   -6542    -6531    -6524    -6517    -6509    -6502    -6500    -6500 
   -6504    -6512    -6519    -6525    -6535    -6546    -6552    -6561 
   -6571    -6578    -6579    -6582    -6583    -6585    -6581    -6574 
   -6571    -6566    -6556    -6550    -6546    -6539    -6531    -6527 
   -6523    -6515    -6511    -6511    -6507    -6498    -6492    -6488 
   -6484    -6480    -6477    -6475    -6475    -6471    -6471    -6480 
   -6484    -6484    -6490    -6500    -6505    -6511    -6520    -6531 
   -6539    -6548    -6559    -6567    -6573    -6583    -6598    -6613 
   -6628    -6644    -6659    -6675    -6691    -6711    -6731    -6744 
   -6762    -6775    -6785    -6795    -6804    -6812    -6820    -6825 
   -6831    -6837    -6839    -6839    -6836    -6835    -6829    -6822 
   -6815    -6812    -6809    -6805    -6804    -6808    -6808    -6799 
   -6795    -6795    -6790    -6787    -6787    -6786    -6790    -6791 
   -6789    -6794    -6799    -6801    -6802    -6808    -6815    -6821 
   -6828    -6837    -6848    -6856    -6864    -6872    -6883    -6883 
   -6880    -6881    -6881    -6880    -6878    -6876    -6874    -6874 
   -6875    -6876    -6875    -6870    -6868    -6868    -6864    -6858 
   -6856    -6855    -6851    -6844    -6836    -6828    -6824    -6818 
   -6808    -6801    -6798    -6797    -6793    -6787    -6787    -6791 
   -6794    -6797    -6799    -6805    -6814    -6820    -6828    -6840 
   -6851    -6863    -6878    -6891    -6903    -6918    -6934    -6944 
   -6952    -6967    -6976    -6983    -6988    -6993    -6998    -7001 
   -7002    -7001    -6997    -6990    -6985    -6976    -6966    -6952 
   -6941    -6932    -6921    -6907    -6895    -6881    -6871    -6859 
   -6848    -6844    -6839    -6832    -6829    -6826    -6828    -6831 
   -6829    -6831    -6833    -6837    -6841    -6848    -6855    -6858 
   -6862    -6864    -6864    -6868    -6871    -6872    -6874    -6874 
   -6874    -6876    -6878    -6878    -6878    -6876    -6874    -6874 
   -6876    -6872    -6867    -6864    -6863    -6862    -6856    -6851 
   -6847    -6845    -6843    -6839    -6836    -6836    -6835    -6836 
   -6841    -6847    -6855    -6864    -6876    -6886    -6898    -6910 
   -6922    -6933    -6943    -6951    -6960    -6966    -6972    -6982 
   -6988    -6994    -7001    -7006    -7013    -7015    -7018    -7020 
   -7020    -7018    -7015    -7011    -7005    -6999    -6997    -6994 
   -6994    -6995    -6997    -6998    -7001    -7001    -7002    -7002 
   -7002    -6998    -6990    -6987    -6980    -6972    -6964    -6957 
   -6948    -6939    -6930    -6924    -6916    -6907    -6902    -6895 
   -6890    -6886    -6886    -6881    -6876    -6874    -6870    -6870 
   -6874    -6872    -6872    -6875    -6878    -6886    -6897    -6903 
   -6913    -6928    -6941    -6956    -6967    -6976    -6988    -7002 
   -7009    -7015    -7023    -7028    -7030    -7034    -7037    -7034 
   -7029    -7025    -7017    -7007    -7001    -6990    -6979    -6968 
   -6957    -6943    -6926    -6912    -6899    -6890    -6879    -6872 
   -6868    -6866    -6864    -6867    -6870    -6871    -6875    -6883 
   -6890    -6891    -6897    -6905    -6910    -6916    -6922    -6929 
   -6939    -6943    -6944    -6949    -6952    -6949    -6945    -6943 
   -6937    -6932    -6922    -6913    -6903    -6891    -6880    -6871 
   -6864    -6856    -6841    -6832    -6822    -6812    -6805    -6799 
   -6789    -6782    -6772    -6763    -6759    -6752    -6748    -6743 
   -6737    -6732    -6727    -6718    -6714    -6708    -6697    -6685 
   -6673    -6664    -6656    -6647    -6639    -6629    -6620    -6616 
   -6612    -6605    -6601    -6596    -6588    -6582    -6574    -6569 
   -6562    -6551    -6542    -6531    -6519    -6509    -6497    -6485 
   -6480    -6473    -6467    -6463    -6462    -6465    -6467    -6473 
   -6481    -6485    -6490    -6500    -6507    -6516    -6529    -6539 
   -6548    -6561    -6573    -6583    -6596    -6608    -6616    -6624 
   -6633    -6637    -6639    -6640    -6642    -6642    -6646    -6651 
   -6654    -6660    -6670    -6678    -6687    -6696    -6700    -6709 
   -6718    -6721    -6725    -6731    -6735    -6736    -6737    -6739 
   -6743    -6747    -6752    -6756    -6764    -6768    -6771    -6781 
   -6790    -6795    -6808    -6822    -6829    -6836    -6845    -6852 
   -6862    -6871    -6878    -6885    -6890    -6897    -6901    -6899 
   -6899    -6905    -6910    -6909    -6910    -6912    -6912    -6914 
   -6917    -6916    -6913    -6910    -6906    -6899    -6895    -6895 
   -6889    -6883    -6881    -6879    -6876    -6876    -6875    -6876 
   -6880    -6883    -6880    -6880    -6886    -6890    -6893    -6899 
   -6907    -6913    -6916    -6922    -6930    -6939    -6945    -6949 
   -6955    -6957    -6952    -6952    -6949    -6943    -6937    -6932 
   -6922    -6913    -6906    -6897    -6886    -6876    -6866    -6852 
   -6839    -6826    -6815    -6804    -6790    -6781    -6770    -6762 
   -6756    -6751    -6748    -6744    -6739    -6736    -6735    -6732 
   -6736    -6739    -6741    -6744 
