Origin Time       2016/04/16 01:25:00
Lat.              32.753
Long.             130.762
Depth. (km)       12
Mag.              7.3
Station Code      KOC008
Station Lat.      33.7758
Station Long.     133.3465
Station Height(m) 560
Record Time       2016/04/16 01:26:00
Sampling Freq(Hz) 100Hz
Duration Time(s)  103
Dir.              N-S
Scale Factor      7845(gal)/8223790
Max. Acc. (gal)   4.630
Last Correction   2016/04/16 01:26:01
Memo.             
    4507     4504     4506     4506     4504     4506     4506     4504 
    4504     4507     4507     4507     4506     4504     4504     4507 
    4507     4506     4506     4507     4507     4506     4506     4506 
    4502     4506     4506     4504     4502     4504     4506     4504 
    4502     4504     4502     4502     4506     4506     4502     4504 
    4506     4507     4507     4507     4507     4507     4507     4507 
    4506     4509     4510     4507     4506     4506     4506     4507 
    4509     4507     4507     4506     4507     4509     4509     4509 
    4509     4509     4507     4507     4510     4509     4507     4509 
    4507     4504     4504     4507     4507     4506     4504     4504 
    4504     4502     4504     4507     4506     4506     4504     4504 
    4507     4510     4510     4509     4510     4510     4507     4506 
    4506     4504     4504     4509     4509     4507     4507     4506 
    4502     4504     4509     4513     4511     4506     4502     4500 
    4504     4509     4509     4506     4502     4502     4502     4502 
    4502     4502     4502     4502     4510     4513     4509     4507 
    4509     4510     4511     4514     4511     4506     4504     4504 
    4504     4506     4506     4502     4499     4499     4502     4506 
    4507     4504     4502     4504     4510     4513     4510     4507 
    4502     4502     4509     4511     4509     4506     4506     4506 
    4506     4504     4504     4502     4502     4506     4510     4513 
    4510     4504     4502     4502     4507     4510     4510     4509 
    4509     4506     4504     4502     4500     4502     4507     4509 
    4502     4500     4506     4511     4507     4498     4495     4502 
    4514     4518     4514     4504     4499     4502     4509     4504 
    4496     4492     4498     4507     4509     4499     4488     4486 
    4492     4502     4502     4498     4494     4498     4502     4502 
    4499     4494     4491     4494     4495     4494     4491     4488 
    4492     4500     4502     4499     4496     4502     4511     4515 
    4513     4507     4502     4504     4513     4514     4509     4500 
    4496     4499     4502     4500     4496     4495     4495     4496 
    4496     4492     4483     4477     4483     4492     4499     4502 
    4502     4502     4498     4492     4490     4492     4496     4500 
    4502     4499     4492     4490     4488     4492     4499     4496 
    4488     4486     4491     4499     4504     4502     4496     4490 
    4491     4498     4499     4498     4499     4504     4511     4513 
    4504     4491     4486     4491     4502     4509     4506     4492 
    4480     4482     4495     4500     4495     4488     4487     4492 
    4507     4513     4507     4502     4494     4487     4488     4498 
    4506     4510     4509     4504     4494     4487     4498     4509 
    4502     4486     4475     4477     4487     4492     4490     4480 
    4468     4476     4491     4491     4480     4472     4476     4492 
    4507     4507     4492     4480     4486     4502     4518     4519 
    4502     4491     4500     4517     4519     4507     4488     4471 
    4471     4486     4492     4480     4464     4457     4463     4471 
    4479     4483     4483     4483     4488     4492     4490     4491 
    4498     4498     4488     4482     4482     4492     4502     4499 
    4483     4464     4459     4469     4479     4476     4468     4469 
    4483     4492     4483     4463     4452     4459     4477     4496 
    4502     4488     4468     4461     4472     4482     4483     4482 
    4479     4477     4491     4510     4509     4491     4482     4487 
    4496     4502     4500     4496     4498     4500     4494     4487 
    4486     4479     4472     4475     4486     4499     4507     4502 
    4492     4488     4492     4500     4507     4506     4499     4498 
    4502     4507     4513     4517     4507     4502     4510     4514 
    4509     4502     4495     4487     4477     4464     4457     4452 
    4442     4434     4437     4445     4449     4449     4448     4448 
    4457     4471     4479     4477     4473     4473     4483     4496 
    4498     4491     4486     4487     4496     4510     4514     4510 
    4498     4482     4467     4468     4479     4484     4487     4494 
    4494     4482     4464     4459     4472     4491     4509     4518 
    4513     4498     4483     4476     4473     4473     4488     4511 
    4519     4498     4464     4449     4456     4463     4463     4459 
    4457     4459     4456     4444     4433     4442     4467     4488 
    4496     4488     4468     4463     4496     4535     4544     4523 
    4492     4472     4479     4492     4480     4456     4460     4494 
    4523     4523     4488     4445     4430     4446     4475     4500 
    4514     4521     4530     4540     4537     4519     4498     4487 
    4502     4535     4557     4554     4537     4527     4535     4550 
    4554     4542     4529     4523     4525     4525     4514     4491 
    4464     4449     4463     4487     4499     4491     4472     4461 
    4463     4468     4469     4471     4475     4479     4484     4496 
    4517     4541     4561     4564     4544     4535     4556     4588 
    4606     4596     4572     4556     4556     4575     4590     4575 
    4541     4517     4518     4529     4525     4502     4490     4500 
    4515     4506     4477     4468     4482     4495     4500     4492 
    4473     4464     4477     4502     4519     4518     4496     4475 
    4469     4480     4490     4480     4463     4450     4442     4441 
    4448     4459     4471     4483     4488     4482     4464     4460 
    4456     4438     4423     4426     4430     4433     4456     4511 
    4563     4584     4595     4614     4625     4603     4563     4552 
    4594     4656     4684     4668     4625     4579     4564     4581 
    4596     4568     4510     4464     4468     4502     4519     4492 
    4449     4428     4445     4487     4531     4564     4580     4576 
    4561     4549     4553     4563     4558     4557     4571     4571 
    4530     4486     4492     4538     4564     4535     4495     4495 
    4522     4538     4538     4521     4475     4421     4399     4428 
    4472     4479     4450     4434     4450     4482     4507     4515 
    4510     4513     4535     4549     4518     4456     4414     4425 
    4472     4515     4518     4480     4450     4475     4541     4596 
    4603     4565     4518     4511     4558     4612     4604     4529 
    4445     4407     4417     4446     4471     4475     4473     4494 
    4522     4511     4463     4426     4425     4448     4459     4446 
    4442     4487     4564     4627     4642     4610     4561     4537 
    4557     4591     4606     4610     4599     4561     4509     4452 
    4401     4365     4363     4398     4445     4487     4521     4557 
    4594     4606     4602     4618     4666     4710     4704     4668 
    4646     4630     4579     4502     4442     4410     4390     4367 
    4329     4295     4276     4243     4207     4225     4321     4437 
    4509     4535     4548     4552     4558     4606     4687     4742 
    4731     4688     4675     4704     4729     4712     4685     4675 
    4660     4634     4587     4502     4401     4322     4302     4351 
    4442     4513     4530     4521     4523     4540     4548     4550 
    4576     4652     4756     4831     4846     4828     4784     4683 
    4534     4407     4355     4347     4325     4282     4217     4126 
    4048     4039     4106     4197     4263     4301     4345     4419 
    4492     4522     4511     4500     4523     4573     4614     4631 
    4649     4687     4742     4793     4822     4833     4845     4860 
    4847     4780     4649     4504     4440     4472     4526     4548 
    4558     4594     4658     4734     4785     4807     4834     4900 
    5000     5088     5103     5022     4905     4830     4795     4754 
    4677     4565     4430     4287     4143     4020     3967     4005 
    4052     4016     3927     3875     3883     3920     3990     4101 
    4215     4307     4390     4480     4553     4565     4531     4521 
    4583     4696     4777     4772     4691     4575     4459     4387 
    4368     4359     4333     4314     4326     4380     4479     4612 
    4754     4876     4947     4974     4982     4973     4954     4959 
    4986     4977     4889     4718     4506     4321     4199     4128 
    4086     4068     4055     4041     4023     3975     3915     3892 
    3916     3962     4033     4143     4271     4378     4426     4423 
    4410     4415     4460     4568     4708     4795     4800     4776 
    4753     4716     4648     4563     4542     4618     4706     4739 
    4746     4761     4783     4826     4903     4997     5066     5090 
    5111     5174     5255     5266     5185     5088     5016     4961 
    4900     4799     4644     4492     4405     4382     4383     4367 
    4341     4332     4306     4233     4155     4110     4097     4099 
    4105     4110     4128     4156     4171     4190     4241     4306 
    4355     4395     4433     4429     4368     4284     4213     4140 
    4054     3978     3956     4032     4182     4320     4413     4495 
    4592     4685     4733     4737     4785     4914     5030     5019 
    4861     4650     4529     4564     4699     4807     4796     4685 
    4568     4525     4545     4561     4533     4496     4511     4604 
    4720     4766     4738     4693     4664     4653     4653     4618 
    4513     4353     4213     4171     4199     4176     4059     3955 
    3970     4086     4213     4288     4324     4357     4414     4507 
    4611     4653     4598     4502     4452     4502     4606     4661 
    4629     4558     4504     4487     4500     4515     4530     4571 
    4634     4672     4665     4617     4513     4386     4340     4396 
    4457     4463     4436     4415     4406     4382     4363     4411 
    4515     4579     4587     4615     4672     4672     4614     4583 
    4590     4585     4544     4492     4469     4480     4515     4553 
    4546     4457     4322     4241     4248     4256     4197     4128 
    4126     4178     4222     4258     4303     4333     4333     4326 
    4351     4421     4525     4610     4618     4544     4437     4349 
    4297     4279     4318     4433     4584     4706     4770     4797 
    4796     4777     4789     4849     4887     4828     4706     4645 
    4716     4841     4881     4803     4666     4546     4499     4526 
    4572     4600     4622     4644     4642     4590     4483     4352 
    4241     4195     4223     4274     4256     4156     4054     4024 
    4047     4074     4079     4041     3973     3925     3997     4248 
    4565     4735     4702     4587     4533     4596     4750     4908 
    4997     4986     4884     4760     4696     4695     4706     4699 
    4691     4735     4847     4956     4961     4852     4742     4731 
    4801     4872     4908     4914     4900     4881     4893     4954 
    5020     5022     4951     4891     4889     4855     4680     4387 
    4087     3886     3820     3840     3879     3908     3905     3869 
    3840     3885     4017     4187     4337     4422     4444     4442 
    4440     4421     4368     4293     4252     4280     4327     4327 
    4253     4147     4107     4186     4297     4326     4248     4149 
    4164     4318     4477     4529     4526     4598     4769     4903 
    4923     4918     4949     4994     5054     5140     5221     5246 
    5162     4980     4788     4653     4561     4484     4434     4428 
    4480     4567     4633     4650     4604     4519     4484     4535 
    4595     4579     4479     4336     4205     4114     4047     3990 
    3963     3998     4090     4183     4215     4183     4101     4006 
    3969     4043     4205     4345     4338     4156     3899     3719 
    3715     3856     4035     4140     4153     4147     4205     4341 
    4526     4700     4812     4880     4954     5046     5120     5128 
    5080     5032     4992     4888     4699     4514     4402     4341 
    4318     4360     4461     4576     4676     4757     4823     4834 
    4757     4668     4681     4808     4928     4930     4784     4568 
    4418     4398     4483     4617     4692     4621     4473     4419 
    4507     4648     4699     4590     4414     4334     4378     4436 
    4444     4452     4533     4649     4687     4594     4434     4313 
    4268     4280     4320     4371     4410     4434     4459     4463 
    4401     4322     4333     4444     4561     4600     4546     4436 
    4318     4266     4333     4483     4657     4822     4947     4992 
    4953     4909     4939     5016     5050     4973     4810     4671 
    4646     4722     4807     4807     4723     4650     4664     4738 
    4781     4727     4568     4375     4205     4097     4071     4126 
    4218     4299     4336     4322     4311     4322     4311     4322 
    4479     4753     4989     5104     5100     5022     4966     4969 
    4930     4779     4602     4509     4518     4606     4702     4696 
    4577     4414     4291     4282     4365     4426     4411     4364 
    4367     4484     4665     4780     4776     4716     4708     4785 
    4887     4935     4912     4854     4807     4803     4822     4748 
    4531     4340     4393     4675     4923     4941     4770     4604 
    4581     4693     4807     4785     4641     4537     4595     4756 
    4827     4688     4461     4386     4510     4671     4708     4595 
    4430     4357     4387     4376     4245     4091     4036     4104 
    4252     4387     4415     4368     4363     4491     4733     4947 
    5016     4974     4935     4980     5100     5188     5159     5034 
    4889     4789     4738     4677     4544     4380     4289     4291 
    4337     4403     4446     4398     4284     4214     4266     4413 
    4565     4608     4498     4344     4274     4307     4387     4446 
    4471     4473     4461     4448     4450     4499     4635     4858 
    5107     5302     5393     5394     5371     5364     5366     5328 
    5201     5011     4861     4823     4854     4838     4677     4380 
    4087     3948     3958     3987     3936     3808     3682     3647 
    3734     3897     4047     4114     4116     4128     4186     4266 
    4345     4442     4552     4639     4700     4725     4700     4662 
    4666     4714     4769     4803     4792     4714     4584     4490 
    4490     4558     4625     4623     4558     4530     4590     4666 
    4692     4654     4529     4341     4197     4187     4251     4256 
    4168     4074     4074     4170     4291     4384     4406     4345 
    4271     4263     4324     4388     4423     4452     4479     4452 
    4359     4256     4197     4159     4081     3965     3890     3913 
    4017     4113     4095     3977     3859     3838     3969     4220 
    4434     4491     4436     4401     4460     4573     4653     4687 
    4719     4737     4685     4561     4414     4276     4190     4210 
    4291     4282     4144     4012     4005     4112     4253     4332 
    4260     4066     3892     3834     3852     3854     3801     3728 
    3678     3657     3653     3707     3850     4013     4088     4071 
    4031     4021     4047     4106     4197     4293     4375     4479 
    4618     4734     4765     4752     4807     4953     5084     5130 
    5128     5115     5049     4900     4758     4712     4714     4727 
    4814     4965     5071     5060     4947     4800     4692     4680 
    4818     5043     5171     5073     4816     4575     4431     4351 
    4291     4240     4218     4260     4363     4457     4467     4359 
    4210     4163     4268     4415     4415     4220     4014     3997 
    4140     4251     4232     4151     4110     4145     4245     4340 
    4333     4241     4212     4342     4573     4758     4793     4683 
    4534     4469     4514     4587     4612     4587     4538     4475 
    4409     4371     4374     4419     4525     4687     4843     4923 
    4932     4955     5078     5278     5421     5443     5413     5367 
    5270     5116     4951     4819     4738     4669     4567     4449 
    4379     4372     4423     4525     4615     4634     4619     4648 
    4726     4793     4808     4808     4847     4911     4935     4901 
    4860     4869     4926     4956     4884     4695     4459     4286 
    4260     4372     4507     4533     4438     4324     4247     4187 
    4140     4158     4240     4284     4210     4052     3902     3825 
    3821     3854     3928     4051     4202     4375     4538     4619 
    4598     4584     4698     4934     5159     5231     5124     4958 
    4861     4839     4841     4862     4905     4951     4988     5011 
    5012     5012     5035     5046     4974     4781     4495     4222 
    4060     3975     3863     3678     3461     3315     3317     3414 
    3488     3499     3500     3526     3585     3689     3834     4021 
    4275     4579     4862     5046     5098     5047     4985     5027 
    5206     5435     5603     5671     5671     5682     5724     5717 
    5606     5404     5159     4953     4837     4796     4797     4804 
    4770     4685     4595     4545     4533     4521     4476     4399 
    4324     4295     4351     4472     4565     4549     4460     4413 
    4477     4619     4712     4666     4545     4464     4449     4414 
    4293     4149     4101     4155     4213     4200     4137     4063 
    4009     4023     4114     4205     4214     4172     4152     4192 
    4275     4351     4415     4506     4610     4696     4776     4841 
    4835     4768     4716     4726     4727     4635     4521     4540 
    4696     4839     4878     4850     4801     4761     4758     4803 
    4854     4850     4747     4590     4472     4406     4351     4309 
    4289     4260     4200     4101     4000     3977     4048     4152 
    4241     4289     4280     4261     4314     4415     4472     4471 
    4482     4533     4599     4679     4754     4781     4738     4684 
    4702     4780     4818     4799     4826     4943     5069     5093 
    4986     4785     4526     4284     4167     4153     4116     3975 
    3762     3624     3712     3962     4159     4210     4197     4238 
    4374     4541     4617     4576     4537     4585     4677     4730 
    4710     4657     4665     4765     4877     4923     4918     4870 
    4773     4665     4579     4511     4460     4467     4548     4617 
    4583     4450     4263     4069     3932     3909     3987     4110 
    4200     4186     4069     3983     4017     4139     4310     4482 
    4553     4495     4398     4360     4395     4461     4525     4576 
    4590     4538     4438     4341     4302     4336     4417     4526 
    4626     4660     4625     4546     4491     4558     4731     4878 
    4930     4905     4865     4882     4950     4982     4947     4877 
    4803     4764     4758     4710     4577     4429     4363     4386 
    4387     4271     4132     4118     4225     4315     4345     4378 
    4434     4514     4642     4760     4761     4665     4594     4594 
    4621     4595     4472     4340     4330     4431     4490     4421 
    4278     4152     4098     4113     4140     4175     4233     4291 
    4310     4324     4353     4383     4414     4469     4538     4606 
    4656     4692     4772     4874     4896     4801     4665     4557 
    4484     4442     4437     4437     4436     4437     4380     4233 
    4093     4060     4129     4222     4287     4318     4340     4364 
    4386     4399     4418     4433     4455     4517     4594     4594 
    4511     4464     4509     4567     4545     4464     4421     4460 
    4507     4488     4421     4367     4365     4390     4360     4248 
    4128     4116     4220     4342     4388     4348     4276     4241 
    4240     4233     4209     4155     4077     4000     3939     3893 
    3858     3815     3762     3781     3950     4200     4390     4445 
    4376     4225     4105     4140     4332     4580     4826     5047 
    5196     5232     5178     5105     5080     5098     5104     5055 
    4962     4838     4687     4542     4475     4486     4487     4422 
    4314     4225     4213     4251     4228     4095     3958     3940 
    4029     4135     4189     4168     4120     4110     4170     4297 
    4464     4618     4712     4756     4764     4726     4639     4567 
    4579     4633     4626     4577     4571     4599     4596     4535 
    4437     4329     4243     4225     4301     4410     4442     4336 
    4176     4088     4060     4029     4039     4159     4349     4484 
    4484     4417     4398     4469     4600     4700     4688     4608 
    4567     4602     4688     4758     4752     4699     4644     4553 
    4414     4261     4117     3996     3924     3937     4039     4170 
    4243     4213     4131     4112     4205     4338     4419     4425 
    4391     4359     4345     4341     4355     4401     4479     4590 
    4695     4716     4652     4602     4619     4671     4710     4702 
    4606     4461     4379     4384     4392     4353     4283     4241 
    4293     4445     4606     4689     4695     4648     4577     4526 
    4491     4433     4375     4376     4464     4599     4680     4617 
    4417     4205     4121     4180     4256     4251     4202     4215 
    4322     4467     4590     4645     4638     4665     4799     4955 
    4969     4808     4630     4592     4710     4878     4984     5007 
    5003     4997     4984     4970     4972     4980     4976     4946 
    4881     4814     4789     4788     4777     4745     4699     4645 
    4568     4421     4237     4126     4137     4241     4398     4540 
    4606     4592     4541     4530     4606     4738     4865     4954 
    4989     4962     4885     4793     4727     4718     4733     4720 
    4692     4673     4656     4665     4746     4866     4927     4881 
    4776     4702     4714     4785     4826     4774     4654     4540 
    4495     4531     4580     4568     4518     4513     4573     4626 
    4573     4413     4253     4210     4309     4483     4645     4716 
    4669     4561     4506     4572     4710     4796     4754     4615 
    4513     4565     4725     4837     4811     4680     4556     4537 
    4631     4741     4734     4571     4356     4256     4351     4538 
    4645     4591     4448     4333     4321     4395     4460     4423 
    4293     4151     4083     4093     4117     4121     4163     4321 
    4560     4756     4841     4824     4737     4662     4677     4727 
    4691     4558     4419     4372     4430     4507     4507     4446 
    4414     4444     4488     4502     4491     4490     4529     4580 
    4614     4638     4668     4715     4764     4761     4692     4626 
    4629     4684     4737     4741     4708     4681     4684     4699 
    4696     4662     4623     4614     4611     4546     4417     4263 
    4095     3936     3851     3842     3852     3870     3936     4054 
    4167     4220     4247     4344     4544     4762     4923     5013 
    5042     5019     4985     4980     4982     4953     4877     4768 
    4648     4548     4521     4585     4671     4688     4650     4622 
    4618     4606     4592     4635     4770     4947     5080     5144 
    5186     5201     5135     4962     4712     4446     4253     4207 
    4309     4467     4530     4421     4245     4192     4325     4517 
    4568     4453     4321     4283     4355     4525     4684     4692 
    4561     4442     4450     4594     4772     4861     4826     4720 
    4641     4653     4715     4738     4693     4646     4664     4725 
    4719     4576     4388     4317     4402     4525     4517     4342 
    4178     4205     4413     4662     4833     4873     4819     4766 
    4776     4804     4738     4568     4418     4357     4356     4380 
    4401     4383     4317     4207     4098     4054     4087     4159 
    4233     4282     4305     4338     4436     4614     4826     4962 
    4970     4908     4857     4852     4877     4841     4692     4509 
    4390     4365     4425     4541     4649     4692     4658     4590 
    4567     4637     4769     4858     4835     4731     4604     4477 
    4365     4289     4295     4386     4438     4305     4041     3865 
    3886     4052     4261     4434     4553     4642     4722     4762 
    4707     4580     4517     4568     4657     4700     4658     4560 
    4491     4475     4461     4473     4548     4598     4540     4399 
    4203     4010     3967     4129     4378     4594     4745     4808 
    4774     4693     4611     4518     4396     4307     4341     4453 
    4519     4519     4529     4583     4641     4650     4615     4614 
    4685     4756     4764     4731     4679     4615     4598     4653 
    4688     4606     4422     4243     4192     4256     4286     4236 
    4213     4252     4291     4298     4306     4352     4467     4657 
    4838     4887     4820     4799     4918     5074     5085     4887 
    4634     4552     4641     4689     4556     4324     4128     4051 
    4117     4233     4225     4081     3975     4024     4178     4320 
    4338     4263     4266     4448     4753     5070     5251     5205 
    5026     4857     4753     4727     4757     4773     4710     4594 
    4521     4554     4625     4612     4491     4324     4199     4205 
    4349     4468     4414     4228     4074     4079     4274     4552 
    4710     4668     4568     4579     4673     4768     4841     4882 
    4887     4865     4820     4753     4664     4568     4517     4525 
    4511     4455     4423     4433     4445     4448     4467     4530 
    4580     4561     4564     4684     4864     4959     4870     4653 
    4517     4588     4789     4969     5031     4942     4748     4561 
    4450     4421     4417     4384     4360     4422     4533     4576 
    4507     4395     4348     4371     4345     4220     4110     4113 
    4159     4178     4212     4256     4205     4062     3975     4047 
    4212     4284     4137     3929     3936     4147     4336     4382 
    4337     4330     4419     4533     4568     4446     4223     4101 
    4214     4486     4687     4629     4349     4105     4083     4205 
    4282     4209     4040     3956     4088     4341     4475     4367 
    4152     4137     4494     5020     5289     5120     4792     4688 
    4828     4938     4864     4725     4672     4719     4739     4580 
    4256     3996     3958     4068     4180     4207     4113     4012 
    4087     4288     4376     4252     4041     3909     3956     4156 
    4326     4299     4121     4003     4113     4345     4396     4182 
    3925     3879     4099     4428     4617     4549     4291     4033 
    4000     4220     4425     4401     4307     4426     4745     4982 
    4973     4826     4685     4587     4522     4488     4491     4521 
    4583     4688     4738     4614     4441     4429     4549     4676 
    4752     4710     4568     4472     4472     4518     4584     4602 
    4463     4243     4189     4390     4691     4850     4726     4430 
    4253     4307     4401     4371     4288     4233     4186     4155 
    4185     4266     4371     4442     4448     4446     4482     4483 
    4409     4360     4415     4484     4480     4440     4425     4444 
    4504     4665     4899     5000     4845     4600     4498     4600 
    4803     4920     4851     4710     4662     4712     4791     4835 
    4788     4679     4606     4556     4464     4369     4336     4402 
    4561     4662     4549     4307     4185     4223     4291     4360 
    4405     4359     4325     4399     4456     4418     4374     4396 
    4537     4791     4989     4951     4710     4464     4360     4380 
    4391     4330     4241     4170     4114     4052     4006     4010 
    4047     4106     4164     4137     4032     4014     4175     4388 
    4472     4341     4112     4071     4347     4704     4880     4818 
    4604     4434     4483     4680     4824     4801     4644     4561 
    4723     4949     4977     4876     4837     4857     4816     4673 
    4514     4446     4487     4568     4625     4641     4623     4518 
    4271     4032     4064     4333     4521     4495     4430     4475 
    4599     4706     4733     4687     4610     4518     4486     4614 
    4814     4892     4828     4742     4707     4693     4661     4637 
    4619     4531     4342     4156     4124     4252     4386     4411 
    4360     4329     4341     4355     4349     4341     4376     4496 
    4633     4679     4638     4563     4529     4630     4849     5009 
    4938     4652     4364     4263     4338     4442     4477     4487 
    4525     4561     4563     4510     4386     4253     4245     4375 
    4507     4548     4527     4513     4525     4552     4563     4541 
    4544     4625     4769     4950     5089     5093     5001     4953 
    4997     5059     5054     4970     4870     4816     4779     4695 
    4558     4425     4375     4438     4533     4579     4598     4676 
    4812     4888     4796     4603     4494     4550     4703     4804 
    4768     4644     4533     4487     4523     4637     4791     4887 
    4826     4646     4496     4502     4669     4865     4950     4918 
    4862     4884     5027     5235     5402     5431     5324     5229 
    5251     5290     5273     5243     5154     4932     4719     4679 
    4730     4733     4683     4614     4534     4445     4348     4276 
    4302     4452     4604     4603     4486     4428     4563     4826 
    4953     4835     4684     4677     4768     4838     4830     4770 
    4723     4729     4753     4726     4630     4537     4533     4672 
    4880     4961     4857     4692     4563     4486     4494     4641 
    4922     5174     5229     5166     5202     5370     5525     5575 
    5540     5451     5358     5321     5328     5310     5273     5262 
    5262     5240     5223     5227     5242     5259     5247     5182 
    5076     4943     4811     4738     4743     4765     4715     4568 
    4384     4260     4261     4392     4610     4784     4757     4549 
    4360     4342     4431     4459     4409     4437     4603     4783 
    4861     4835     4787     4806     4866     4887     4896     4947 
    5007     5069     5115     5044     4837     4683     4710     4779 
    4734     4657     4681     4748     4722     4575     4417     4351 
    4407     4554     4714     4837     4912     4892     4779     4684 
    4693     4752     4779     4762     4693     4568     4455     4401 
    4337     4203     4078     4068     4178     4321     4402     4436 
    4541     4706     4797     4816     4843     4896     4986     5104 
    5157     5116     5077     5088     5113     5096     4943     4669 
    4445     4371     4353     4280     4144     4017     3939     3902 
    3920     4005     4135     4245     4294     4307     4294     4217 
    4121     4110     4205     4288     4232     4012     3762     3700 
    3893     4152     4279     4283     4256     4282     4360     4398 
    4372     4391     4544     4797     5031     5111     5001     4827 
    4727     4712     4730     4745     4710     4631     4565     4523 
    4484     4453     4418     4344     4245     4203     4248     4313 
    4317     4256     4233     4318     4398     4348     4195     4047 
    4014     4113     4210     4215     4197     4230     4325     4473 
    4576     4542     4459     4428     4419     4399     4384     4387 
    4428     4499     4527     4531     4596     4664     4626     4513 
    4414     4378     4405     4464     4515     4552     4565     4568 
    4630     4758     4843     4849     4819     4761     4696     4656 
    4595     4467     4347     4341     4425     4479     4449     4380 
    4360     4453     4603     4733     4814     4835     4846     4943 
    5104     5194     5111     4901     4756     4800     4931     4965 
    4837     4623     4463     4472     4619     4745     4772     4760 
    4784     4874     4949     4897     4777     4720     4758     4872 
    5036     5169     5208     5166     5109     5104     5171     5240 
    5229     5138     4986     4824     4706     4658     4645     4577 
    4433     4283     4207     4252     4384     4483     4464     4355 
    4233     4163     4151     4137     4091     4064     4082     4074 
    4000     3897     3823     3836     4001     4247     4403     4413 
    4341     4268     4252     4333     4531     4811     5040     5125 
    5096     5031     4970     4870     4658     4398     4241     4223 
    4255     4299     4367     4383     4286     4183     4197     4289 
    4383     4498     4627     4737     4819     4862     4847     4797 
    4769     4803     4880     4950     4965     4881     4719     4598 
    4588     4625     4615     4530     4379     4197     4067     4040 
    4098     4197     4298     4399     4518     4604     4623     4645 
    4731     4810     4791     4677     4510     4327     4192     4178 
    4261     4322     4280     4153     4029     3994     4058     4151 
    4191     4158     4112     4109     4155     4243     4348     4392 
    4367     4374     4534     4858     5181     5309     5216     5023 
    4838     4723     4700     4726     4693     4552     4357     4178 
    4028     3951     3977     4029     4031     4027     4098     4214 
    4258     4230     4247     4369     4541     4657     4656     4583 
    4510     4468     4461     4468     4421     4305     4174     4036 
    3877     3744     3653     3566     3504     3484     3495     3544 
    3627     3704     3769     3825     3852     3873     3959     4110 
    4218     4197     4107     4101     4214     4341     4383     4318 
    4163     3981     3838     3724     3568     3322     3029     2751 
    2519     2404     2458     2608     2725     2735     2659     2614 
    2705     2899     3060     3090     2991     2835     2702     2629 
    2604     2597     2587     2610     2721     2910     3087     3173 
    3176     3165     3192     3248     3295     3342     3423     3484 
    3458     3403     3415     3501     3619     3663     3578     3478 
    3508     3674     3879     4033     4121     4203     4349     4558 
    4758     4926     5108     5312     5489     5629     5753     5864 
    5968     6102     6272     6427     6534     6683     6984     7408 
    7811     8027     8055     8081     8239     8486     8721     8863 
    8887     8874     8966     9158     9283     9250     9173     9177 
    9242     9312     9359     9322     9196     9055     8928     8787 
    8602     8364     8148     8043     8023     8000     7946     7898 
    7889     7931     8052     8236     8407     8505     8507     8397 
    8187     7948     7727     7493     7203     6855     6463     6042 
    5640     5313     5031     4752     4504     4322     4212     4144 
    4041     3848     3619     3447     3366     3331     3244     3075 
    2891     2759     2663     2519     2324     2157     1987     1729 
    1383     1000      664      490      484      487      344      105 
     -44        5      245      568      843     1004     1088     1170 
    1301     1466     1629     1811     2019     2189     2266     2204 
    1980     1715     1603     1698     1914     2158     2358     2451 
    2442     2408     2390     2359     2259     2085     1921     1846 
    1869     1969     2128     2305     2473     2681     3028     3554 
    4166     4723     5179     5530     5775     5940     6107     6320 
    6555     6763     6919     7053     7188     7307     7414     7545 
    7674     7709     7562     7263     6955     6750     6659     6644 
    6662     6721     6871     7067     7206     7275     7329     7426 
    7578     7704     7696     7551     7361     7225     7179     7113 
    6848     6385     5902     5541     5281     5043     4796     4521 
    4200     3819     3368     2913     2565     2363     2249     2097 
    1868     1698     1746     1956     2160     2305     2463     2701 
    3036     3387     3634     3793     3959     4144     4261     4233 
    4071     3889     3827     3905     4012     4039     3978     3874 
    3796     3774     3726     3563     3319     3078     2895     2782 
    2683     2542     2363     2180     2027     1934     1857     1773 
    1753     1856     2043     2236     2371     2451     2517     2554 
    2508     2389     2258     2138     2039     2004     2034     2065 
    2034     1975     1972     2155     2577     3121     3613     4014 
    4396     4791     5111     5268     5290     5267     5302     5458 
    5713     6000     6235     6370     6401     6307     6068     5726 
    5327     4869     4376     3908     3462     3011     2601     2350 
    2358     2587     2837     2953     2982     3053     3244     3532 
    3817     3951     3842     3499     3014     2538     2220     2068 
    1965     1902     1930     1989     2029     2135     2370     2686 
    2999     3241     3396     3485     3501     3454     3403     3399 
    3468     3620     3861     4172     4499     4787     5027     5278 
    5620     6046     6427     6639     6656     6539     6392     6226 
    5934     5490     4993     4531     4129     3751     3348     2934 
    2608     2420     2276     2030     1688     1401     1304     1416 
    1665     1972     2280     2577     2921     3317     3662     3901 
    4094     4280     4500     4788     5055     5182     5189     5174 
    5164     5088     4830     4386     3906     3470     3010     2539 
    2142     1838     1614     1513     1579     1749     1880     1902 
    1872     1865     1880     1876     1868     1946     2178     2523 
    2915     3317     3628     3792     3913     4099     4341     4603 
    4807     4845     4698     4419     4035     3613     3334     3298 
    3424     3596     3747     3823     3801     3748     3763     3899 
    4126     4365     4523     4550     4469     4367     4372     4531 
    4725     4823     4814     4739     4630     4548     4523     4523 
    4490     4392     4282     4223     4217     4253     4342     4431 
    4482     4552     4733     5050     5409     5617     5583     5394 
    5197     5108     5151     5244     5267     5205     5157     5211 
    5371     5583     5753     5783     5623     5335     5051     4831 
    4646     4479     4307     4078     3774     3456     3215     3126 
    3218     3450     3704     3865     3908     3861     3776     3759 
    3927     4286     4725     5107     5358     5491     5579     5640 
    5623     5491     5252     4958     4695     4502     4382     4380 
    4504     4625     4653     4658     4725     4874     5073     5251 
    5385     5517     5671     5782     5746     5510     5120     4710 
    4434     4327     4310     4288     4256     4294     4502     4865 
    5279     5694     6141     6642     7121     7431     7524     7506 
    7507     7589     7701     7695     7488     7180     6941     6840 
    6821     6768     6583     6249     5854     5587     5599     5848 
    6166     6467     6754     6979     7009     6808     6516     6246 
    5968     5656     5350     5081     4855     4656     4483     4390 
    4419     4557     4746     4881     4834     4588     4294     4121 
    4083     4058     3935     3732     3511     3260     2947     2636 
    2431     2394     2558     2874     3144     3227     3169     3064 
    3021     3146     3410     3642     3688     3496     3141     2772 
    2490     2301     2177     2058     1878     1669     1537     1507 
    1541     1587     1579     1528     1580     1865     2376     2934 
    3280     3362     3407     3530     3582     3442     3079     2519 
    1922     1476     1215     1039      855      645      502      499 
     577      684      885     1178     1439     1645     1904     2281 
    2724     3126     3435     3662     3790     3785     3696     3651 
    3703     3778     3809     3831     3909     4043     4213     4434 
    4696     4974     5252     5525     5809     6060     6205     6295 
    6421     6625     6906     7180     7322     7296     7109     6786 
    6419     6114     5894     5684     5431     5152     4903     4715 
    4602     4587     4696     4901     5111     5232     5224     5163 
    5131     5096     5016     4932     4881     4842     4814     4850 
    4993     5260     5559     5721     5710     5609     5456     5300 
    5178     5027     4837     4723     4708     4679     4567     4422 
    4355     4407     4506     4595     4692     4776     4811     4831 
    4888     4984     5093     5186     5219     5115     4837     4499 
    4266     4145     4010     3805     3584     3372     3129     2851 
    2582     2370     2270     2292     2326     2281     2203     2193 
    2305     2524     2766     2972     3194     3419     3528     3492 
    3407     3396     3527     3755     3935     3943     3821     3748 
    3823     3956     4017     3939     3717     3433     3217     3145 
    3141     3076     2953     2898     2982     3159     3365     3578 
    3759     3867     3920     3923     3859     3750     3650     3612 
    3676     3835     4058     4342     4665     4945     5117     5185 
    5164     5088     5042     5148     5417     5706     5837     5784 
    5710     5767     5961     6234     6507     6690     6764     6777 
    6766     6747     6735     6725     6691     6590     6386     6123 
    5910     5807     5768     5674     5489     5329     5273     5224 
    5027     4612     4059     3584     3372     3415     3537     3537 
    3368     3175     3118     3194     3271     3249     3171     3119 
    3127     3218     3384     3523     3526     3433     3354     3358 
    3407     3385     3222     2964     2679     2438     2289     2228 
    2251     2376     2548     2686     2764     2814     2910     3121 
    3438     3807     4182     4500     4727     4888     5026     5177 
    5348     5559     5815     6021     6041     5880     5684     5578 
    5575     5626     5682     5694     5626     5503     5398     5354 
    5312     5189     4989     4831     4834     5022     5317     5595 
    5741     5736     5684     5705     5786     5806     5668     5424 
    5209     5130     5193     5314     5406     5479     5625     5896 
    6214     6430     6489     6446     6373     6354     6423     6524 
    6597     6635     6652     6640     6539     6315     6069     5929 
    5927     6041     6199     6293     6319     6354     6439     6562 
    6662     6679     6648     6624     6605     6552     6407     6172 
    5968     5877     5822     5744     5705     5694     5632     5506 
    5355     5175     4956     4754     4650     4669     4762     4845 
    4864     4872     4968     5186     5476     5710     5780     5710 
    5623     5663     5900     6278     6681     7045     7353     7619 
    7863     8077     8248     8401     8532     8606     8627     8600 
    8510     8382     8256     8139     8002     7850     7720     7576 
    7365     7132     6974     6955     7006     6971     6798     6624 
    6585     6642     6673     6648     6616     6678     6928     7281 
    7573     7743     7815     7865     7923     7884     7704     7472 
    7225     6974     6741     6478     6193     5923     5653     5429 
    5255     5071     4918     4824     4768     4745     4718     4681 
    4715     4814     4905     4970     4982     5007     5134     5289 
    5389     5452     5490     5522     5579     5638     5679     5715 
    5760     5830     5925     5996     5998     5934     5891     5922 
    5996     6122     6246     6276     6258     6222     6115     5992 
    5925     5927     5976     5980     5859     5665     5513     5409 
    5290     5139     5003     4885     4800     4793     4816     4803 
    4784     4796     4822     4822     4828     4918     5093     5335 
    5594     5763     5760     5617     5404     5205     5060     4895 
    4680     4513     4434     4401     4390     4382     4368     4352 
    4321     4369     4579     4818     4988     5121     5211     5275 
    5362     5408     5339     5209     5085     4963     4814     4646 
    4492     4409     4472     4685     4888     4923     4851     4793 
    4770     4768     4706     4514     4245     4005     3879     3839 
    3802     3757     3651     3431     3213     3145     3277     3566 
    3851     3958     3852     3584     3269     3106     3204     3414 
    3553     3593     3555     3469     3346     3172     3044     3037 
    3061     3018     2905     2768     2721     2857     3090     3283 
    3403     3456     3477     3547     3647     3686     3634     3511 
    3420     3419     3403     3300     3175     3086     3053     3056 
    3067     3103     3191     3352     3568     3709     3689     3591 
    3472     3326     3253     3312     3434     3572     3694     3834 
    4069     4314     4407     4365     4299     4266     4223     4097 
    3852     3569     3381     3411     3630     3797     3740     3559 
    3439     3470     3599     3712     3786     3851     3956     4158 
    4395     4513     4423     4220     4068     4062     4156     4210 
    4097     3869     3704     3666     3607     3381     3090     2967 
    3079     3310     3554     3748     3847     3902     4017     4159 
    4187     4000     3634     3249     2982     2875     2884     2932 
    2997     3148     3457     3913     4418     4847     5135     5298 
    5381     5416     5401     5344     5298     5314     5389     5490 
    5582     5614     5560     5454     5333     5179     4959     4704 
    4468     4295     4248     4353     4545     4752     4976     5246 
    5517     5675     5655     5529     5456     5530     5698     5860 
    5979     6016     5949     5815     5718     5798     6052     6285 
    6374     6355     6332     6338     6259     6041     5803     5702 
    5771     5938     6103     6177     6084     5823     5547     5452 
    5552     5675     5660     5506     5305     5208     5302     5499 
    5643     5647     5543     5443     5383     5244     4920     4517 
    4233     4148     4162     4107     3936     3805     3873     4106 
    4342     4431     4376     4317     4344     4449     4611     4769 
    4803     4669     4459     4287     4225     4283     4368     4396 
    4384     4398     4473     4564     4558     4423     4252     4109 
    3989     3919     3912     3839     3562     3169     2930     2995 
    3198     3284     3180     2991     2857     2839     2886     2941 
    2972     2960     2978     3102     3276     3391     3439     3481 
    3507     3450     3312     3180     3133     3134     3080     2940 
    2799     2720     2677     2667     2733     2867     3018     3121 
    3141     3098     3038     2967     2855     2714     2570     2428 
    2332     2351     2461     2523     2442     2253     2052     1942 
    1971     2114     2303     2471     2643     2853     3017     3018 
    2872     2679     2556     2575     2697     2816     2891     2947 
    3010     3111     3281     3504     3711     3834     3831     3696 
    3516     3459     3605     3851     4006     3987     3885     3848 
    3947     4185     4519     4864     5115     5223     5225     5206 
    5244     5381     5622     5937     6273     6562     6741     6815 
    6820     6732     6555     6358     6214     6133     6096     6083 
    6112     6203     6304     6343     6304     6197     6030     5871 
    5829     5902     5950     5829     5499     5078     4757     4580 
    4455     4360     4365     4475     4639     4777     4783     4662 
    4580     4646     4792     4880     4842     4735     4668     4677 
    4693     4657     4615     4614     4644     4742     4911     5008 
    4945     4784     4664     4700     4899     5116     5177     5032 
    4752     4455     4233     4091     3997     3994     4131     4342 
    4495     4496     4384     4293     4336     4549     4887     5213 
    5390     5370     5198     5000     4912     4996     5202     5418 
    5537     5467     5194     4861     4672     4707     4869     4959 
    4847     4625     4506     4585     4800     5047     5235     5312 
    5324     5366     5466     5584     5713     5867     6022     6148 
    6241     6292     6259     6093     5825     5576     5454     5456 
    5489     5458     5337     5166     5013     4926     4928     5011 
    5113     5197     5263     5271     5175     5011     4846     4707 
    4600     4533     4468     4351     4186     4072     4098     4222 
    4311     4288     4217     4238     4452     4795     5096     5266 
    5346     5429     5590     5822     6035     6123     6031     5827 
    5670     5647     5751     5902     5985     5950     5856     5768 
    5724     5726     5722     5659     5539     5394     5252     5147 
    5077     4989     4868     4797     4870     5088     5416     5779 
    6031     6081     5992     5902     5883     5921     5944     5880 
    5740     5633     5661     5809     5949     5952     5807     5640 
    5580     5630     5691     5701     5671     5632     5571     5455 
    5302     5175     5115     5116     5159     5239     5346     5422 
    5386     5216     4968     4708     4502     4433     4531     4723 
    4873     4908     4912     5030     5292     5603     5833     5890 
    5807     5732     5795     5964     6060     5962     5764     5655 
    5722     5892     6033     6058     5960     5796     5682     5672 
    5671     5605     5555     5583     5610     5524     5298     5034 
    4861     4806     4791     4747     4676     4617     4590     4576 
    4581     4579     4507     4414     4418     4545     4735     4922 
    5038     5092     5127     5125     5062     4986     4956     4958 
    4939     4873     4762     4630     4495     4345     4149     3919 
    3742     3692     3735     3781     3805     3802     3750     3661 
    3601     3608     3650     3700     3762     3842     3899     3923 
    3967     4071     4191     4334     4523     4672     4699     4650 
    4603     4573     4537     4440     4275     4129     4040     3973 
    3925     3892     3798     3650     3573     3646     3808     3955 
    4002     3944     3892     3962     4143     4314     4399     4426 
    4452     4507     4579     4603     4565     4556     4611     4675 
    4710     4729     4743     4779     4845     4935     5007     5011 
    4935     4779     4549     4295     4072     3939     3948     4066 
    4189     4209     4058     3773     3497     3354     3333     3345 
    3317     3217     3076     2965     2914     2915     2967     3051 
    3118     3156     3200     3252     3299     3353     3410     3426 
    3364     3245     3136     3113     3179     3268     3322     3292 
    3153     2943     2733     2570     2439     2296     2147     2045 
    1969     1883     1781     1653     1497     1395     1413     1506 
    1588     1606     1580     1591     1683     1817     1952     2068 
    2128     2130     2110     2056     1952     1821     1688     1587 
    1579     1674     1757     1718     1591     1494     1487     1520 
    1506     1437     1385     1408     1498     1610     1691     1719 
    1753     1876     2060     2174     2162     2092     2072     2169 
    2344     2486     2533     2504     2419     2319     2259     2263 
    2316     2381     2396     2322     2195     2073     2003     2018 
    2095     2174     2234     2290     2362     2432     2459     2428 
    2390     2420     2520     2627     2713     2758     2749     2728 
    2731     2737     2712     2652     2592     2567     2602     2663 
    2677     2647     2610     2574     2546     2542     2571     2650 
    2724     2709     2590     2434     2331     2331     2380     2398 
    2340     2211     2081     2029     2026     2015     1988     1946 
    1888     1848     1837     1844     1863     1918     2006     2087 
    2134     2173     2214     2230     2215     2176     2130     2137 
    2209     2284     2300     2255     2196     2182     2200     2205 
    2222     2290     2416     2550     2616     2604     2569     2538 
    2513     2509     2531     2560     2593     2632     2686     2749 
    2792     2809     2818     2818     2798     2768     2739     2736 
    2775     2844     2953     3088     3198     3246     3260     3299 
    3392     3492     3553     3565     3551     3558     3622     3721 
    3797     3842     3894     3993     4135     4271     4345     4352 
    4329     4289     4270     4321     4468     4687     4909     5071 
    5181     5286     5382     5435     5432     5377     5289     5238 
    5243     5256     5260     5271     5281     5294     5327     5359 
    5360     5320     5273     5266     5296     5339     5355     5298 
    5211     5220     5359     5517     5605     5617     5589     5587 
    5678     5845     6014     6133     6199     6246     6330     6488 
    6660     6751     6723     6628     6559     6569     6617     6613 
    6529     6444     6465     6594     6733     6775     6700     6606 
    6615     6725     6836     6868     6828     6790     6851     7013 
    7175     7252     7238     7195     7198     7264     7321     7291 
    7183     7053     6921     6824     6810     6858     6897     6885 
    6810     6732     6744     6824     6867     6818     6683     6539 
    6482     6529     6600     6608     6547     6478     6458     6511 
    6600     6635     6593     6531     6486     6448     6396     6316 
    6259     6268     6305     6300     6219     6093     5994     5960 
    5937     5873     5779     5679     5613     5616     5672     5752 
    5852     5940     5984     6016     6075     6123     6133     6126 
    6124     6110     6076     6025     5946     5856     5813     5825 
    5822     5795     5783     5782     5783     5805     5842     5886 
    5957     6073     6196     6277     6278     6193     6070     5987 
    5968     5992     6012     5987     5926     5875     5850     5841 
    5811     5752     5710     5714     5722     5703     5680     5689 
    5732     5790     5852     5900     5914     5906     5899     5904 
    5926     5940     5910     5854     5815     5802     5795     5784 
    5757     5703     5616     5525     5481     5489     5499     5493 
    5464     5429     5412     5447     5555     5715     5864     5948 
    5962     5950     5967     6033     6112     6150     6131     6102 
    6110     6170     6235     6235     6160     6069     6046     6108 
    6199     6250     6264     6262     6269     6323     6430     6542 
    6620     6675     6736     6795     6820     6799     6747     6671 
    6577     6469     6365     6278     6178     6039     5891     5791 
    5764     5787     5805     5763     5664     5576     5537     5501 
    5421     5306     5204     5169     5186     5167     5060     4900 
    4754     4661     4599     4561     4576     4638     4718     4793 
    4838     4842     4837     4835     4841     4872     4927     4989 
    5042     5049     5007     4938     4869     4830     4814     4793 
    4770     4753     4745     4752     4766     4779     4789     4780 
    4741     4685     4621     4560     4530     4535     4519     4434 
    4318     4230     4178     4143     4097     4016     3920     3850 
    3834     3874     3932     3989     4047     4112     4172     4218 
    4222     4182     4140     4113     4078     4025     3965     3897 
    3839     3828     3855     3858     3794     3692     3619     3605 
    3632     3658     3651     3619     3588     3580     3585     3597 
    3626     3657     3651     3597     3511     3422     3387     3419 
    3461     3477     3478     3478     3473     3470     3481     3508 
    3554     3604     3615     3586     3566     3585     3642     3713 
    3753     3730     3685     3673     3693     3740     3808     3851 
    3834     3781     3748     3757     3793     3828     3820     3785 
    3776     3802     3846     3888     3888     3834     3781     3780 
    3821     3871     3894     3870     3823     3807     3842     3896 
    3908     3865     3776     3667     3569     3511     3511     3550 
    3585     3597     3592     3585     3568     3524     3470     3424 
    3412     3456     3526     3561     3547     3519     3492     3472 
    3480     3528     3578     3572     3510     3453     3445     3474 
    3518     3576     3636     3651     3624     3611     3619     3612 
    3595     3584     3568     3527     3456     3373     3315     3307 
    3357     3440     3495     3470     3393     3345     3361     3414 
    3453     3465     3447     3396     3339     3312     3314     3346 
    3396     3430     3445     3449     3453     3492     3585     3682 
    3717     3690     3655     3646     3662     3726     3828     3921 
    3967     3977     3967     3965     3983     3996     3993     3975 
    3948     3939     3951     3943     3875     3771     3678     3623 
    3593     3574     3542     3473     3395     3361     3399     3495 
    3597     3661     3688     3719     3771     3817     3835     3840 
    3889     4002     4132     4230     4263     4225     4168     4140 
    4135     4136     4155     4172     4159     4120     4072     4040 
    4041     4072     4095     4074     4039     4045     4102     4159 
    4192     4191     4174     4171     4195     4237     4307     4398 
    4463     4483     4492     4504     4513     4518     4506     4467 
    4418     4375     4351     4359     4399     4437     4426     4372 
    4332     4345     4402     4460     4467     4436     4430     4482 
    4550     4572     4521     4442     4391     4401     4490     4611 
    4671     4658     4635     4635     4661     4702     4747     4783 
    4791     4773     4750     4748     4748     4706     4617     4535 
    4513     4554     4633     4710     4765     4777     4742     4706 
    4712     4754     4810     4868     4897     4887     4876     4881 
    4901     4951     5019     5040     5003     4962     4951     4950 
    4939     4914     4866     4812     4781     4788     4814     4845 
    4862     4861     4849     4823     4811     4855     4945     5026 
    5059     5057     5070     5125     5205     5270     5275     5223 
    5150     5077     5020     4989     4965     4926     4885     4861 
    4866     4907     4949     4939     4878     4820     4811     4842 
    4878     4904     4923     4934     4916     4891     4885     4914 
    4978     5042     5059     5032     4988     4950     4949     4978 
    5008     5030     5031     4993     4934     4896     4896     4904 
    4887     4860     4845     4839     4833     4822     4814     4800 
    4770     4734     4714     4715     4723     4745     4783     4808 
    4803     4781     4758     4739     4722     4681     4618     4568 
    4561     4584     4608     4608     4576     4541     4521     4513 
    4504     4488     4467     4446     4418     4372     4318     4275 
    4266     4299     4347     4367     4351     4324     4315     4345 
    4421     4499     4518     4469     4411     4392     4401     4399 
    4376     4340     4303     4279     4283     4307     4322     4309 
    4280     4271     4287     4322     4371     4430     4491     4545 
    4577     4585     4580     4576     4576     4588     4599     4590 
    4556     4499     4419     4337     4280     4236     4170     4102 
    4079     4113     4168     4195     4168     4109     4059     4051 
    4085     4132     4167     4190     4213     4220     4187     4118 
    4059     4041     4066     4114     4170     4220     4271     4310 
    4313     4287     4256     4230     4230     4274     4324     4337 
    4309     4248     4187     4159     4153     4135     4093     4054 
    4048     4074     4118     4167     4199     4203     4199     4217 
    4263     4309     4330     4330     4336     4365     4406     4426 
    4419     4403     4418     4500     4629     4738     4785     4765 
    4710     4648     4584     4534     4515     4504     4468     4390 
    4287     4200     4158     4152     4167     4182     4175     4135 
    4082     4062     4085     4132     4186     4238     4284     4314 
    4336     4369     4433     4517     4599     4662     4699     4708 
    4700     4692     4693     4715     4743     4754     4734     4685 
    4622     4568     4535     4515     4499     4488     4479     4463 
    4438     4406     4383     4403     4469     4538     4576     4588 
    4604     4633     4662     4683     4689     4683     4692     4733 
    4772     4772     4719     4661     4650     4681     4699     4675 
    4625     4581     4554     4531     4506     4498     4502     4494 
    4452     4409     4407     4448     4502     4530     4502     4467 
    4487     4560     4648     4718     4756     4772     4797     4842 
    4897     4949     4973     4977     4992     5047     5152     5268 
    5346     5379     5402     5437     5499     5567     5594     5570 
    5524     5486     5468     5493     5555     5613     5630     5606 
    5552     5489     5432     5400     5409     5447     5472     5460 
    5414     5377     5367     5350     5317     5290     5268     5255 
    5273     5324     5382     5425     5459     5493     5526     5574 
    5633     5665     5655     5620     5576     5545     5543     5567 
    5609     5633     5628     5623     5643     5656     5647     5643 
    5663     5702     5734     5737     5715     5684     5649     5629 
    5621     5601     5564     5533     5526     5537     5541     5526 
    5501     5479     5474     5481     5483     5489     5499     5505 
    5508     5510     5497     5464     5433     5425     5459     5528 
    5593     5622     5611     5570     5514     5455     5387     5313 
    5243     5182     5131     5089     5043     4989     4962     4976 
    4994     4985     4942     4893     4887     4923     4961     4968 
    4945     4909     4872     4845     4831     4816     4792     4776 
    4773     4777     4783     4785     4789     4806     4833     4852 
    4874     4920     4992     5058     5088     5082     5049     4997 
    4959     4941     4918     4881     4837     4797     4784     4803 
    4822     4812     4787     4768     4756     4738     4708     4671 
    4645     4635     4612     4561     4500     4453     4423     4414 
    4421     4418     4392     4359     4332     4315     4310     4306 
    4298     4288     4283     4280     4268     4238     4203     4176 
    4174     4194     4223     4237     4223     4199     4182     4183 
    4183     4166     4163     4197     4245     4283     4276     4230 
    4186     4162     4147     4140     4147     4151     4135     4094 
    4029     3960     3915     3888     3848     3797     3750     3708 
    3666     3634     3624     3646     3674     3676     3658     3634 
    3601     3577     3572     3554     3515     3464     3423     3420 
    3450     3466     3453     3434     3420     3399     3369     3353 
    3368     3412     3461     3488     3491     3484     3511     3580 
    3646     3682     3689     3677     3674     3688     3684     3646 
    3600     3568     3549     3538     3524     3496     3456     3407 
    3354     3304     3268     3252     3257     3275     3283     3272 
    3248     3218     3215     3260     3321     3361     3375     3384 
    3414     3462     3505     3514     3483     3449     3453     3510 
    3577     3619     3645     3681     3724     3754     3773     3809 
    3863     3917     3942     3920     3873     3838     3834     3847 
    3842     3808     3769     3742     3732     3735     3743     3746 
    3732     3712     3694     3676     3653     3638     3638     3657 
    3676     3676     3669     3681     3715     3748     3769     3782 
    3807     3850     3908     3962     4001     4040     4074     4085 
    4079     4085     4118     4183     4253     4289     4282     4256 
    4233     4230     4248     4284     4313     4327     4333     4337 
    4345     4345     4337     4329     4315     4293     4266     4248 
    4245     4258     4282     4298     4299     4295     4307     4341 
    4372     4375     4368     4396     4467     4537     4561     4540 
    4495     4460     4456     4461     4450     4433     4433     4449 
    4453     4431     4399     4380     4386     4409     4426     4437 
    4453     4469     4477     4480     4486     4496     4513     4542 
    4575     4591     4594     4592     4606     4648     4699     4737 
    4748     4726     4683     4652     4644     4657     4693     4750 
    4791     4785     4731     4646     4568     4533     4545     4585 
    4623     4633     4623     4615     4626     4671     4737     4781 
    4783     4762     4762     4806     4869     4918     4923     4895 
    4873     4888     4920     4947     4951     4943     4947     4961 
    4961     4947     4935     4928     4930     4943     4953     4941 
    4914     4887     4866     4864     4893     4926     4945     4966 
    4993     5019     5038     5043     5042     5034     5007     4974 
    4951     4942     4949     4953     4928     4893     4862     4839 
    4831     4830     4818     4806     4814     4846     4880     4904 
    4918     4923     4934     4962     5001     5043     5089     5124 
    5130     5104     5071     5059     5077     5100     5096     5077 
    5073     5088     5109     5116     5109     5119     5161     5206 
    5224     5202     5178     5171     5166     5155     5146     5124 
    5093     5084     5071     5031     4973     4918     4893     4911 
    4938     4928     4878     4824     4801     4806     4818     4824 
    4814     4774     4727     4700     4691     4680     4657     4621 
    4594     4592     4606     4604     4590     4585     4591     4587 
    4580     4573     4563     4550     4537     4521     4510     4496 
    4468     4437     4421     4417     4398     4360     4333     4320 
    4303     4271     4225     4182     4162     4156     4143     4131 
    4136     4159     4174     4171     4167     4168     4185     4214 
    4232     4225     4212     4192     4178     4180     4192     4203 
    4189     4167     4164     4170     4166     4147     4109     4067 
    4051     4069     4101     4118     4112     4095     4104     4122 
    4110     4064     4014     3990     3998     4029     4071     4105 
    4118     4112     4095     4095     4120     4171     4237     4279 
    4274     4243     4215     4213     4248     4282     4291     4283 
    4271     4266     4271     4276     4280     4295     4317     4334 
    4351     4360     4357     4375     4418     4442     4438     4421 
    4401     4405     4434     4460     4473     4488     4506     4510 
    4492     4464     4455     4463     4473     4484     4491     4484 
    4472     4464     4463     4479     4507     4514     4502     4490 
    4467     4457     4472     4475     4450     4429     4431     4460 
    4492     4504     4500     4502     4529     4549     4549     4556 
    4579     4596     4618     4648     4664     4668     4669     4676 
    4685     4692     4698     4702     4714     4735     4748     4746 
    4743     4743     4735     4746     4784     4820     4828     4807 
    4774     4770     4807     4864     4908     4932     4946     4958 
    4963     4954     4920     4885     4885     4922     4959     4966 
    4922     4850     4797     4776     4780     4795     4791     4762 
    4731     4722     4735     4752     4750     4743     4748     4756 
    4750     4738     4725     4704     4683     4666     4648     4623 
    4602     4591     4591     4602     4612     4612     4606     4596 
    4583     4581     4596     4610     4619     4612     4594     4575 
    4560     4560     4579     4581     4544     4500     4483     4492 
    4515     4541     4557     4571     4598     4627     4639     4634 
    4626     4639     4676     4715     4737     4734     4719     4722 
    4765     4838     4893     4911     4895     4868     4851     4846 
    4843     4841     4822     4791     4779     4795     4819     4826 
    4811     4787     4764     4752     4752     4766     4793     4808 
    4789     4752     4729     4730     4743     4753     4752     4737 
    4715     4699     4698     4703     4692     4661     4622     4584 
    4563     4567     4588     4603     4596     4564     4526     4504 
    4495     4487     4469     4457     4469     4507     4546     4552 
    4527     4509     4518     4535     4534     4517     4506     4518 
    4549     4568     4571     4558     4529     4496     4482     4471 
    4450     4431     4422     4430     4446     4461     4471     4479 
    4498     4526     4554     4581     4606     4610     4587     4573 
    4599     4638     4664     4671     4657     4631     4623     4627 
    4627     4626     4615     4587     4553     4518     4498     4511 
    4531     4525     4502     4482     4468     4472     4472     4449 
    4421     4406     4401     4395     4387     4378     4364     4344 
    4327     4325     4334     4347     4353     4352     4340     4314 
    4302     4322     4363     4401     4422     4431     4442     4460 
    4486     4507     4531     4568     4618     4673     4714     4714 
    4687     4668     4679     4700     4716     4731     4734     4715 
    4698     4691     4680     4669     4676     4681     4671     4656 
    4644     4634     4635     4654     4672     4679     4683     4679 
    4660     4634     4618     4619     4635     4658     4681     4685 
    4666     4644     4630     4625     4622     4610     4583     4549 
    4523     4504     4476     4441     4419     4417     4415     4409 
    4392     4363     4318     4261     4199     4151     4131     4124 
    4106     4066     4010     3956     3920     3902     3890     3861 
    3824     3811     3824     3835     3840     3851     3865     3880 
    3896     3905     3913     3923     3931     3948     3970     3978 
    3986     4000     4000     3993     3993     3989     3984     3986 
    3982     3983     4000     4016     4025     4033     4044     4074 
    4105     4117     4114     4101     4074     4055     4066     4094 
    4117     4122     4113     4094     4085     4098     4137     4180 
    4213     4228     4220     4207     4207     4228     4271     4336 
    4391     4419     4418     4398     4401     4444     4498     4538 
    4556     4557     4563     4585     4614     4625     4611     4595 
    4595     4610     4625     4626     4614     4612     4631     4660 
    4679     4671     4637     4617     4623     4639     4653     4652 
    4638     4635     4648     4650     4631     4600     4579     4579 
    4580     4571     4571     4588     4618     4650     4673     4672 
    4648     4614     4579     4548     4521     4498     4486     4483 
    4490     4484     4453     4409     4378     4367     4360     4341 
    4315     4295     4298     4321     4340     4349     4360     4386 
    4417     4440     4445     4436     4434     4453     4480     4509 
    4527     4525     4522     4546     4590     4630     4649     4638 
    4615     4600     4591     4584     4567     4523     4464     4413 
    4392     4386     4367     4329     4286     4251     4240     4251 
    4263     4275     4284     4294     4306     4315     4314     4311 
    4318     4318     4318     4332     4334     4311     4287     4275 
    4278     4299     4318     4330     4341     4330     4301     4275 
    4266     4271     4282     4294     4303     4310     4317     4330 
    4353     4374     4380     4383     4401     4425     4442     4450 
    4444     4425     4418     4430     4449     4456     4440     4418 
    4418     4438     4452     4450     4433     4413     4409     4417 
    4419     4414     4402     4383     4380     4392     4393     4384 
    4383     4386     4387     4392     4403     4430     4483     4540 
    4576     4599     4617     4639     4668     4685     4683     4661 
    4629     4612     4621     4637     4641     4634     4641     4665 
    4687     4687     4665     4646     4656     4691     4719     4716 
    4702     4687     4680     4684     4683     4672     4660     4644 
    4625     4612     4606     4592     4568     4541     4531     4549 
    4579     4590     4579     4568     4564     4571     4584     4598 
    4596     4583     4568     4560     4552     4535     4518     4521 
    4531     4537     4557     4584     4602     4625     4646     4650 
    4650     4660     4671     4681     4691     4691     4672     4650 
    4638     4634     4629     4615     4590     4561     4546     4538 
    4522     4502     4490     4476     4461     4467     4491     4507 
    4498     4479     4464     4461     4455     4440     4410     4378 
    4363     4369     4384     4395     4386     4372     4371     4380 
    4388     4401     4419     4430     4428     4414     4399     4395 
    4406     4417     4429     4444     4452     4450     4436     4409 
    4390     4387     4391     4392     4391     4386     4378     4375 
    4391     4421     4449     4469     4477     4471     4461     4463 
    4461     4442     4417     4401     4401     4405     4403     4391 
    4371     4360     4368     4371     4360     4353     4351     4348 
    4352     4349     4329     4310     4311     4321     4336     4340 
    4311     4275     4256     4258     4278     4299     4299     4289 
    4293     4309     4333     4351     4351     4347     4352     4367 
    4384     4387     4376     4363     4347     4338     4334     4327 
    4327     4341     4347     4336     4318     4301     4302     4334 
    4371     4390     4391     4388     4386     4387     4390     4396 
    4396     4392     4396     4410     4426     4441     4455     4460 
    4460     4463     4476     4502     4537     4568     4588     4598 
    4606     4625     4654     4681     4691     4688     4693     4718 
    4754     4780     4783     4768     4756     4760     4781     4808 
    4816     4796     4774     4769     4770     4769     4757     4733 
    4712     4704     4698     4683     4660     4637     4627     4633 
    4638     4641     4646     4654     4661     4666     4671     4679 
    4692     4710     4739     4769     4792     4808     4812     4814 
    4818     4816     4819     4835     4851     4869     4895     4909 
    4907     4901     4896     4897     4909     4920     4922     4923 
    4931     4955     4988     4996     4985     4977     4970     4972 
    4984     4993     4989     4978     4963     4955     4969     4993 
    5011     5020     5030     5046     5070     5093     5111     5124 
    5136     5150     5162     5173     5173     5163     5161     5169 
    5184     5190     5178     5155     5139     5134     5134     5138 
    5131     5113     5093     5082     5077     5071     5053     5027 
    5024     5038     5039     5027     5008     4986     4973     4976 
    4984     4981     4963     4935     4914     4909     4916     4918 
    4911     4893     4877     4876     4881     4880     4864     4834 
    4803     4785     4792     4811     4822     4818     4808     4799 
    4800     4800     4789     4774     4770     4779     4789     4793 
    4787     4783     4783     4768     4739     4706     4677     4666 
    4669     4671     4661     4646     4634     4623     4615     4606 
    4594     4576     4564     4568     4588     4600     4595     4576 
    4557     4554     4575     4606     4626     4621     4604     4602 
    4618     4641     4661     4676     4681     4676     4672     4683 
    4703     4712     4714     4718     4730     4742     4745     4745 
    4733     4708     4685     4675     4669     4658     4638     4611 
    4595     4599     4595     4575     4557     4540     4515     4502 
    4495     4483     4463     4438     4411     4388     4356     4314 
    4278     4255     4237     4230     4225     4223     4214     4191 
    4171     4158     4149     4156     4171     4176     4172     4158 
    4137     4120     4106     4098     4094     4086     4063     4039 
    4032     4041     4052     4055     4058     4074     4107     4140 
    4158     4164     4167     4178     4195     4205     4203     4191 
    4187     4197     4209     4220     4230     4228     4228     4238 
    4251     4252     4238     4213     4189     4178     4178     4180 
    4171     4143     4114     4097     4087     4085     4078     4069 
    4077     4102     4137     4163     4174     4176     4189     4210 
    4233     4256     4266     4256     4248     4243     4237     4233 
    4225     4213     4207     4203     4192     4178     4164     4152 
    4147     4140     4133     4128     4126     4120     4114     4114 
    4116     4117     4116     4109     4104     4093     4068     4047 
    4043     4050     4055     4054     4047     4035     4024     4020 
    4020     4023     4035     4054     4063     4058     4058     4074 
    4105     4131     4144     4152     4158     4162     4168     4166 
    4140     4114     4099     4095     4099     4101     4087     4066 
    4047     4035     4031     4036     4043     4033     4023     4023 
    4023     4017     4012     3996     3975     3962     3951     3947 
    3946     3942     3939     3937     3940     3954     3967     3973 
    3978     3990     4002     4016     4031     4050     4071     4087 
    4097     4107     4126     4145     4155     4156     4159     4166 
    4167     4159     4152     4145     4137     4132     4135     4136 
    4132     4133     4143     4159     4191     4222     4233     4236 
    4238     4243     4263     4303     4344     4378     4398     4407 
    4431     4467     4496     4521     4538     4549     4564     4583 
    4599     4619     4631     4641     4656     4665     4665     4666 
    4671     4672     4668     4656     4639     4630     4626     4627 
    4629     4623     4615     4615     4622     4631     4644     4661 
    4681     4699     4703     4703     4712     4726     4742     4764 
    4776     4773     4766     4756     4742     4741     4742     4738 
    4734     4726     4718     4720     4720     4718     4715     4715 
    4716     4729     4750     4768     4772     4764     4746     4733 
    4737     4752     4762     4764     4760     4761     4773     4785 
    4781     4765     4754     4748     4747     4750     4753     4750 
    4742     4729     4707     4688     4666     4641     4626     4619 
    4610     4603     4599     4594     4587     4581     4580     4585 
    4590     4599     4612     4625     4638     4646     4642     4634 
    4631     4627     4623     4625     4625     4625     4627     4625 
    4611     4594     4577     4565     4556     4546     4527     4498 
    4476     4471     4468     4467     4475     4482     4477     4469 
    4461     4449     4445     4460     4482     4495     4509     4523 
    4535     4548     4560     4571     4580     4590     4606     4637 
    4668     4687     4688     4687     4703     4731     4752     4761 
    4756     4735     4720     4715     4714     4714     4712     4702 
    4687     4677     4676     4673     4666     4666     4673     4672 
    4669     4677     4691     4704     4715     4720     4722     4720 
    4725     4734     4742     4742     4733     4720     4719     4722 
    4714     4695     4676     4656     4637     4633     4635     4634 
    4631     4630     4630     4633     4633     4623     4610     4595 
    4579     4567     4549     4529     4514     4499     4483     4471 
    4468     4469     4476     4486     4496     4502     4510     4521 
    4533     4538     4538     4538     4550     4567     4580     4583 
    4583     4591     4606     4627     4649     4671     4691     4700 
    4700     4698     4702     4714     4739     4769     4788     4791 
    4785     4781     4783     4792     4801     4799     4783     4764 
    4756     4754     4748     4737     4720     4698     4675     4662 
    4657     4650     4645     4641     4635     4634     4631     4625 
    4621     4623     4629     4638     4638     4625     4606     4588 
    4572     4564     4558     4548     4535     4523     4511     4500 
    4487     4476     4467     4449     4433     4422     4414     4407 
    4398     4387     4383     4386     4390     4392     4396     4399 
    4401     4399     4393     4388     4383     4371     4359     4353 
    4342     4330     4336     4347     4351     4348     4344     4341 
    4340     4338     4341     4349     4364     4383     4401     4413 
    4423     4433     4442     4450     4463     4475     4482     4487 
    4492     4496     4494     4482     4477     4483     4494     4499 
    4490     4473     4463     4461     4467     4473     4476     4468 
    4460     4456     4444     4429     4418     4409     4409     4411 
    4407     4405     4406     4399     4392     4401     4403     4398 
    4392     4383     4369     4360     4363     4365     4360     4353 
    4349     4348     4359     4379     4401     4413     4414     4417 
    4421     4418     4411     4407     4405     4392     4380     4374 
    4367     4357     4348     4349     4363     4360     4342     4333 
    4329     4334     4351     4363     4374     4393     4407     4414 
    4419     4413     4395     4382     4365     4344     4332     4325 
    4313     4306     4309     4306     4299     4294     4299     4315 
    4332     4337     4337     4337     4334     4334     4341     4352 
    4367     4390     4413     4423     4431     4448     4461     4472 
    4484     4492     4494     4496     4504     4515     4525     4541 
    4563     4577     4587     4591     4587     4584     4588     4592 
    4590     4594     4608     4623     4627     4619     4614     4618 
    4622     4625     4631     4631     4627     4623     4629     4644 
    4662     4673     4681     4699     4716     4730     4741     4746 
    4746     4754     4772     4793     4806     4803     4793     4784 
    4781     4783     4784     4789     4799     4803     4801     4791 
    4774     4764     4757     4748     4745     4746     4746     4739 
    4729     4726     4723     4708     4692     4681     4675     4672 
    4671     4666     4657     4650     4650     4648     4641     4639 
    4646     4653     4664     4677     4687     4687     4684     4680 
    4673     4673     4681     4683     4676     4668     4653     4634 
    4622     4612     4604     4600     4600     4600     4602     4610 
    4623     4641     4650     4648     4644     4649     4664     4685 
    4710     4725     4726     4725     4730     4731     4722     4708 
    4703     4700     4692     4680     4660     4639     4630     4623 
    4614     4604     4600     4585     4560     4538     4527     4525 
    4530     4534     4537     4548     4563     4575     4585     4595 
    4596     4598     4610     4622     4626     4621     4614     4608 
    4598     4576     4557     4552     4552     4542     4526     4511 
    4504     4498     4491     4486     4473     4463     4460     4471 
    4486     4498     4504     4513     4519     4517     4510     4515 
    4526     4530     4531     4535     4540     4542     4542     4542 
    4541     4537     4538     4553     4572     4584     4584     4576 
    4572     4583     4596     4596     4591     4592     4594     4590 
    4584     4580     4573     4564     4556     4542     4526     4504 
    4477     4453     4444     4444     4446     4450     4452     4449 
    4444     4441     4436     4423     4407     4395     4391     4393 
    4395     4384     4369     4355     4340     4327     4324     4321 
    4317     4313     4313     4313     4313     4314     4314     4324 
    4333     4332     4334     4347     4352     4351     4348     4342 
    4337     4333     4327     4315     4303     4291     4270     4248 
    4241     4240     4233     4228     4230     4236     4241     4243 
    4245     4238     4236     4240     4243     4247     4255     4260 
    4263     4266     4266     4268     4271     4274     4288     4306 
    4311     4314     4334     4364     4392     4421     4448     4460 
    4459     4459     4461     4464     4472     4476     4469     4464 
    4469     4480     4498     4513     4519     4518     4507     4502 
    4509     4518     4531     4545     4546     4538     4534     4540 
    4544     4542     4548     4563     4576     4576     4576     4587 
    4606     4633     4653     4657     4650     4650     4660     4673 
    4681     4676     4660     4648     4644     4641     4637     4629 
    4611     4587     4564     4544     4523     4506     4495     4488 
    4477     4459     4434     4419     4415     4411     4406     4401 
    4399     4407     4423     4436     4437     4438     4453     4471 
    4479     4484     4487     4482     4486     4502     4519     4530 
    4542     4552     4563     4580     4598     4608     4614     4618 
    4622     4618     4610     4608     4606     4600     4588     4575 
    4561     4542     4526     4527     4527     4515     4506     4499 
    4490     4483     4476     4468     4461     4450     4433     4417 
    4402     4392     4392     4398     4406     4414     4415     4417 
    4421     4429     4440     4442     4441     4448     4463     4473 
    4473     4468     4464     4469     4482     4490     4494     4496 
    4495     4495     4499     4502     4496     4482     4473     4477 
    4480     4479     4475     4467     4460     4460     4457     4449 
    4442     4441     4444     4448     4444     4434     4428     4429 
    4433     4431     4423     4414     4407     4405     4402     4390 
    4368     4348     4332     4320     4317     4313     4298     4278 
    4261     4252     4252     4251     4248     4251     4256     4256 
    4251     4245     4245     4251     4261     4266     4266     4266 
    4270     4280     4297     4317     4337     4357     4378     4402 
    4429     4452     4472     4496     4522     4541     4553     4564 
    4575     4583     4587     4584     4579     4568     4557     4556 
    4550     4540     4530     4519     4507     4502     4502     4509 
    4515     4518     4514     4509     4511     4518     4521     4527 
    4537     4544     4553     4567     4577     4587     4599     4617 
    4634     4646     4652     4657     4666     4669     4666     4666 
    4661     4658     4668     4675     4669     4660     4652     4650 
    4648     4639     4627     4619     4618     4623     4633     4644 
    4646     4642     4648     4656     4662     4662     4654     4649 
    4654     4658     4656     4657     4657     4649     4639     4629 
    4621     4617     4617     4610     4594     4577     4563     4554 
    4557     4558     4546     4531     4521     4517     4518     4519 
    4518     4518     4523     4529     4534     4540     4540     4538 
    4542     4552     4558     4563     4563     4567     4577     4588 
    4590     4590     4591     4594     4596     4596     4592     4585 
    4588     4595     4599     4600     4600     4599     4595     4591 
    4591     4598     4604     4612     4621     4622     4612     4603 
    4604     4603     4598     4594     4588     4583     4583     4581 
    4581     4585     4588     4596     4604     4603     4600     4604 
    4611     4619     4622     4618     4617     4622     4634     4646 
    4649     4645     4644     4648     4650     4645     4631     4619 
    4617     4619     4622     4622     4626     4630     4630     4627 
    4629     4631     4631     4633     4633     4627     4619     4612 
    4611     4608     4603     4600     4595     4583     4568     4565 
    4561     4552     4540     4531     4531     4531     4530     4533 
    4538     4538     4535     4540     4546     4558     4568     4576 
    4588     4600     4604     4606     4617     4627     4639     4654 
    4658     4657     4658     4660     4660     4656     4649     4644 
    4635     4625     4606     4580     4564     4563     4560     4553 
    4545     4537     4523     4502     4483     4475     4476     4483 
    4492     4502     4506     4502     4496     4499     4502     4510 
    4517     4527     4534     4529     4518     4506     4495     4491 
    4487     4476     4468     4464     4461     4459     4456     4450 
    4448     4453     4464     4473     4482     4494     4506     4514 
    4526     4538     4546     4561     4577     4587     4595     4602 
    4611     4622     4630     4638     4649     4664     4675     4677 
    4680     4687     4693     4700     4706     4704     4698     4691 
    4691     4696     4700     4693     4680     4672     4671     4669 
    4662     4661     4661     4657     4653     4646     4641     4642 
    4644     4635     4623     4614     4604     4598     4587     4568 
    4550     4541     4542     4546     4537     4523     4510     4496 
    4487     4477     4459     4433     4421     4419     4418     4413 
    4402     4387     4380     4378     4376     4380     4380     4375 
    4374     4376     4374     4371     4374     4376     4375     4369 
    4364     4356     4342     4329     4318     4310     4298     4282 
    4263     4243     4228     4220     4213     4197     4187     4187 
    4190     4194     4197     4195     4192     4195     4197     4192 
    4191     4194     4192     4192     4197     4195     4197     4202 
    4199     4205     4220     4228     4228     4225     4223     4225 
    4233     4240     4243     4251     4260     4266     4271     4280 
    4291     4305     4325     4337     4340     4345     4357     4369 
    4380     4390     4392     4395     4401     4405     4405     4406 
    4406     4401     4396     4396     4392     4386     4378     4365 
    4360     4367     4375     4378     4375     4371     4367     4367 
    4368     4368     4374     4384     4392     4395     4393     4390 
    4390     4393     4398     4403     4409     4409     4407     4403 
    4402     4405     4406     4403     4395     4388     4387     4390 
    4393     4395     4386     4379     4378     4382     4384     4384 
    4387     4390     4391     4398     4407     4413     4419     4431 
    4446     4457     4464     4469     4473     4482     4494     4502 
    4506     4502     4492     4480     4473     4471     4471     4467 
    4455     4441     4437     4438     4436     4431     4433     4438 
    4441     4440     4434     4431     4429     4426     4426     4430 
    4430     4423     4421     4422     4425     4426     4428     4429 
    4433     4437     4440     4448     4457     4464     4469     4475 
    4488     4500     4504     4502     4502     4500     4507     4522 
    4538     4552     4558     4561     4565     4568     4572     4579 
    4581     4583     4592     4610     4623     4625     4619     4617 
    4617     4619     4626     4629     4623     4614     4606     4604 
    4608     4604     4595     4592     4591     4588     4588     4591 
    4590     4587     4584     4580     4579     4587     4599     4606 
    4618     4625     4625     4622     4621     4623     4635     4648 
    4650     4652     4654     4657     4661     4671     4673     4669 
    4662     4658     4658     4661     4657     4649     4646     4649 
    4646     4642     4635     4630     4629     4626     4625     4618 
    4606     4604     4608     4610     4606     4604     4600     4595 
    4590     4584     4584     4587     4585     4580     4572     4567 
    4563     4557     4553     4550     4538     4529     4525     4514 
    4506     4507     4509     4506     4500     4496     4494     4494 
    4498     4499     4496     4491     4483     4482     4482     4472 
    4464     4467     4468     4467     4472     4477     4477     4477 
    4477     4480     4486     4491     4488     4483     4479     4482 
    4487     4487     4486     4484     4482     4480     4476     4464 
    4457     4459     4457     4444     4426     4409     4392     4382 
    4376     4375     4371     4364     4360     4356     4349     4340 
    4333     4330     4334     4340     4340     4336     4334     4338 
    4347     4351     4355     4363     4368     4368     4374     4378 
    4375     4372     4374     4374     4374     4378     4379     4382 
    4382     4380     4383     4387     4384     4387     4398     4410 
    4415     4415     4415     4422     4440     4459     4469     4475 
    4480     4490     4509     4529     4538     4540     4548     4557 
    4561     4561     4563     4564 
