Origin Time       2016/04/16 01:25:00
Lat.              32.753
Long.             130.762
Depth. (km)       12
Mag.              7.3
Station Code      KOC006
Station Lat.      33.4945
Station Long.     133.4165
Station Height(m) 8
Record Time       2016/04/16 01:25:59
Sampling Freq(Hz) 100Hz
Duration Time(s)  100
Dir.              N-S
Scale Factor      7845(gal)/8223790
Max. Acc. (gal)   10.795
Last Correction   2016/04/16 01:25:59
Memo.             
    5483     5474     5468     5474     5472     5474     5481     5478 
    5474     5478     5478     5478     5481     5479     5474     5481 
    5483     5476     5478     5474     5468     5474     5475     5468 
    5475     5486     5483     5481     5479     5468     5471     5481 
    5478     5474     5479     5479     5476     5478     5472     5471 
    5479     5479     5470     5470     5472     5472     5479     5481 
    5479     5483     5483     5476     5479     5481     5474     5476 
    5483     5478     5478     5485     5483     5483     5485     5476 
    5471     5474     5471     5470     5478     5478     5474     5481 
    5483     5475     5476     5478     5474     5481     5485     5478 
    5474     5479     5481     5481     5481     5476     5474     5479 
    5481     5478     5479     5479     5479     5483     5481     5481 
    5487     5486     5475     5471     5470     5466     5472     5476 
    5471     5475     5481     5478     5478     5481     5481     5481 
    5485     5483     5479     5483     5483     5481     5481     5476 
    5472     5479     5479     5474     5476     5476     5472     5475 
    5479     5474     5475     5479     5479     5481     5481     5475 
    5481     5486     5476     5476     5486     5479     5474     5483 
    5478     5472     5479     5479     5472     5476     5481     5476 
    5476     5479     5474     5478     5485     5479     5475     5478 
    5476     5475     5476     5471     5472     5481     5475     5474 
    5481     5478     5476     5485     5481     5478     5483     5479 
    5470     5472     5474     5468     5476     5481     5474     5478 
    5481     5472     5474     5483     5479     5476     5479     5474 
    5470     5476     5475     5474     5483     5479     5472     5478 
    5475     5464     5470     5474     5471     5475     5479     5474 
    5476     5481     5481     5479     5478     5470     5471     5476 
    5467     5464     5476     5475     5474     5479     5474     5471 
    5475     5472     5470     5475     5475     5468     5472     5476 
    5471     5472     5475     5470     5472     5476     5471     5471 
    5476     5472     5472     5479     5475     5468     5474     5472 
    5468     5475     5475     5467     5471     5471     5463     5471 
    5475     5470     5474     5481     5478     5476     5475     5468 
    5468     5470     5464     5467     5471     5467     5464     5470 
    5467     5468     5476     5479     5476     5476     5472     5467 
    5470     5468     5468     5475     5478     5472     5474     5475 
    5471     5474     5475     5471     5470     5467     5462     5458 
    5460     5462     5464     5470     5468     5466     5471     5470 
    5462     5464     5468     5466     5471     5471     5464     5471 
    5478     5474     5478     5483     5475     5472     5479     5472 
    5464     5468     5468     5471     5478     5471     5462     5468 
    5471     5463     5460     5460     5459     5464     5462     5458 
    5463     5467     5462     5464     5470     5466     5468     5474 
    5468     5468     5474     5466     5463     5471     5470     5470 
    5475     5472     5467     5471     5468     5463     5470     5466 
    5455     5456     5459     5448     5448     5456     5458     5464 
    5470     5464     5464     5468     5463     5460     5463     5458 
    5456     5463     5460     5460     5468     5460     5455     5463 
    5458     5448     5459     5460     5454     5458     5460     5455 
    5455     5454     5445     5448     5456     5454     5459     5468 
    5467     5467     5468     5460     5451     5448     5441     5433 
    5439     5445     5448     5460     5464     5459     5463     5459 
    5443     5448     5455     5454     5462     5475     5475     5479 
    5483     5474     5463     5460     5456     5452     5455     5452 
    5451     5462     5470     5472     5479     5476     5464     5460 
    5456     5443     5440     5443     5443     5455     5464     5460 
    5463     5467     5455     5448     5455     5454     5459     5478 
    5486     5487     5495     5487     5470     5466     5463     5455 
    5458     5458     5448     5448     5448     5445     5455     5462 
    5458     5458     5456     5448     5448     5454     5448     5447 
    5455     5456     5459     5468     5468     5470     5474     5466 
    5459     5455     5443     5435     5435     5431     5428     5443 
    5459     5460     5466     5470     5460     5460     5464     5455 
    5443     5445     5443     5443     5455     5462     5464     5468 
    5463     5455     5462     5464     5464     5472     5472     5462 
    5460     5459     5451     5452     5452     5445     5447     5445 
    5428     5425     5439     5447     5452     5456     5447     5437 
    5439     5436     5437     5458     5474     5486     5499     5505 
    5497     5485     5471     5455     5448     5447     5445     5452 
    5458     5459     5470     5486     5491     5493     5495     5487 
    5474     5467     5456     5447     5454     5463     5475     5498 
    5506     5502     5506     5502     5489     5490     5493     5490 
    5498     5506     5502     5508     5514     5501     5486     5479 
    5467     5466     5475     5478     5479     5485     5476     5468 
    5476     5478     5470     5468     5464     5462     5474     5481 
    5481     5495     5510     5519     5536     5544     5536     5530 
    5526     5508     5490     5485     5474     5471     5489     5502 
    5508     5514     5502     5476     5462     5454     5443     5451 
    5463     5471     5487     5503     5510     5516     5513     5497 
    5485     5476     5464     5464     5475     5476     5483     5494 
    5490     5485     5489     5487     5481     5487     5485     5474 
    5479     5478     5462     5462     5467     5472     5487     5491 
    5478     5464     5466     5474     5495     5529     5548     5547 
    5533     5506     5479     5463     5445     5436     5448     5468 
    5487     5509     5514     5502     5495     5474     5437     5425 
    5422     5414     5427     5443     5448     5460     5481     5503 
    5532     5556     5549     5525     5505     5481     5472     5490 
    5499     5502     5517     5524     5528     5535     5525     5501 
    5494     5498     5499     5503     5502     5487     5481     5487 
    5491     5502     5516     5512     5499     5495     5491     5490 
    5498     5502     5502     5513     5510     5489     5468     5443 
    5422     5432     5448     5459     5468     5468     5462     5481 
    5529     5571     5602     5609     5579     5532     5483     5437 
    5412     5413     5422     5448     5497     5545     5578     5593 
    5570     5526     5493     5459     5425     5406     5400     5389 
    5390     5412     5445     5483     5512     5514     5512     5508 
    5493     5485     5491     5495     5502     5510     5508     5508 
    5529     5551     5564     5572     5547     5493     5437     5386 
    5350     5352     5381     5422     5470     5512     5529     5533 
    5532     5509     5481     5470     5462     5462     5486     5510 
    5521     5522     5516     5513     5533     5562     5572     5566 
    5535     5485     5452     5441     5435     5443     5463     5486 
    5518     5545     5544     5522     5502     5483     5481     5494 
    5475     5428     5383     5360     5382     5448     5499     5513 
    5513     5505     5490     5476     5451     5410     5383     5381 
    5394     5422     5460     5485     5505     5526     5528     5518 
    5501     5459     5409     5377     5358     5368     5425     5493 
    5564     5641     5682     5659     5587     5481     5377     5305 
    5270     5273     5323     5404     5486     5564     5617     5606 
    5547     5460     5351     5247     5174     5139     5167     5271 
    5416     5562     5665     5688     5634     5540     5435     5358 
    5348     5377     5412     5451     5479     5493     5497     5474 
    5429     5406     5406     5402     5404     5416     5432     5467 
    5518     5549     5556     5540     5490     5432     5404     5410 
    5464     5562     5661     5722     5721     5634     5483     5348 
    5273     5263     5321     5414     5498     5564     5605     5601 
    5567     5539     5513     5491     5476     5448     5421     5428 
    5472     5556     5674     5757     5746     5648     5509     5387 
    5329     5329     5359     5416     5502     5595     5679     5724 
    5694     5614     5513     5416     5351     5328     5333     5370 
    5448     5551     5649     5733     5769     5756     5736     5710 
    5667     5605     5508     5390     5300     5258     5266     5312 
    5371     5421     5476     5539     5570     5560     5533     5501 
    5470     5439     5414     5424     5463     5485     5466     5424 
    5389     5385     5414     5432     5406     5366     5336     5348 
    5428     5529     5583     5578     5535     5474     5440     5440 
    5432     5413     5413     5427     5445     5462     5451     5406 
    5351     5293     5242     5211     5197     5213     5292     5418 
    5548     5644     5663     5579     5448     5332     5255     5242 
    5268     5290     5319     5363     5401     5431     5456     5462 
    5451     5432     5383     5298     5202     5131     5123     5197 
    5320     5459     5602     5713     5760     5749     5689     5590 
    5498     5440     5424     5475     5602     5760     5895     5948 
    5886     5749     5603     5466     5347     5246     5143     5057 
    5013     4986     4968     4994     5082     5209     5362     5490 
    5548     5560     5571     5599     5667     5749     5806     5823 
    5796     5729     5667     5656     5687     5722     5759     5780 
    5778     5780     5784     5778     5778     5786     5776     5722 
    5616     5499     5404     5312     5266     5283     5297     5292 
    5279     5244     5209     5240     5367     5521     5641     5713 
    5707     5634     5543     5458     5397     5387     5413     5443 
    5479     5514     5528     5543     5583     5643     5713     5782 
    5814     5795     5734     5630     5516     5440     5406     5405 
    5424     5433     5429     5431     5447     5468     5481     5481 
    5472     5481     5506     5544     5594     5607     5570     5547 
    5587     5692     5840     5952     5952     5846     5682     5479 
    5282     5127     4997     4891     4834     4831     4877     4939 
    4923     4796     4665     4580     4482     4410     4469     4673 
    4989     5401     5836     6174     6334     6295     6110     5873 
    5676     5597     5665     5840     6070     6308     6485     6559 
    6520     6374     6133     5822     5478     5150     4904     4795 
    4827     4950     5088     5190     5256     5283     5263     5217 
    5151     5042     4912     4828     4857     5042     5358     5682 
    5906     5999     5983     5902     5780     5626     5466     5348 
    5325     5400     5532     5675     5819     5998     6199     6363 
    6434     6361     6139     5880     5715     5686     5767     5908 
    6060     6172     6214     6170     6058     5925     5787     5661 
    5572     5502     5413     5306     5189     5074     5003     4982 
    4993     5022     5034     5017     5020     5103     5271     5499 
    5705     5787     5721     5552     5336     5163     5100     5131 
    5235     5381     5516     5633     5765     5904     6002     6038 
    5984     5795     5489     5117     4762     4540     4515     4645 
    4827     4958     4976     4909     4826     4738     4665     4623 
    4587     4565     4590     4656     4766     4947     5164     5358 
    5487     5517     5455     5360     5290     5273     5329     5451 
    5613     5787     5913     5923     5819     5647     5448     5297 
    5240     5275     5387     5540     5674     5757     5809     5822 
    5779     5710     5664     5663     5698     5753     5822     5900 
    5968     6012     6034     6008     5911     5768     5621     5497 
    5401     5324     5255     5202     5194     5224     5239     5211 
    5136     5039     4978     5001     5146     5427     5793     6135 
    6376     6516     6616     6718     6801     6801     6682     6460 
    6184     5931     5755     5649     5606     5629     5701     5793 
    5864     5854     5730     5524     5292     5105     4993     4927 
    4869     4814     4769     4739     4737     4756     4770     4781 
    4789     4792     4807     4846     4881     4918     4996     5107 
    5240     5398     5545     5643     5684     5672     5648     5670 
    5745     5852     5987     6129     6245     6339     6420     6515 
    6647     6785     6862     6864     6798     6655     6436     6138 
    5759     5362     5035     4814     4710     4708     4761     4854 
    4978     5062     5055     4976     4861     4777     4795     4926 
    5142     5385     5587     5702     5717     5644     5505     5323 
    5120     4936     4860     4950     5169     5424     5634     5779 
    5857     5852     5722     5475     5186     4934     4772     4742 
    4834     5003     5239     5525     5815     6077     6252     6277 
    6164     5975     5763     5572     5436     5358     5356     5443 
    5567     5682     5791     5871     5894     5856     5757     5626 
    5498     5375     5267     5235     5324     5508     5727     5925 
    6043     6099     6118     6087     6044     6048     6065     6065 
    6053     6023     5967     5872     5738     5622     5597     5656 
    5749     5836     5892     5938     6014     6112     6219     6336 
    6431     6455     6407     6285     6102     5890     5660     5398 
    5136     4932     4818     4791     4801     4800     4792     4804 
    4845     4918     5027     5123     5154     5112     5015     4903 
    4819     4772     4745     4754     4824     4959     5162     5418 
    5692     5980     6266     6489     6608     6621     6535     6373 
    6176     5968     5768     5590     5424     5266     5157     5111 
    5074     5007     4936     4911     4954     5034     5067     5026 
    4947     4858     4789     4762     4764     4791     4834     4860 
    4878     4939     5059     5211     5332     5374     5337     5277 
    5231     5213     5252     5356     5506     5679     5852     6018 
    6212     6413     6529     6512     6354     6089     5811     5593 
    5424     5300     5232     5197     5177     5174     5184     5213 
    5255     5251     5143     4918     4631     4398     4310     4352 
    4459     4590     4702     4793     4912     5055     5185     5317 
    5454     5566     5683     5864     6106     6380     6648     6856 
    6956     6914     6705     6339     5896     5481     5161     4963 
    4852     4799     4835     4988     5217     5459     5652     5776 
    5856     5902     5896     5815     5661     5478     5336     5266 
    5262     5314     5391     5440     5433     5377     5287     5213 
    5220     5297     5364     5377     5327     5227     5123     5050 
    5027     5073     5169     5296     5441     5575     5651     5664 
    5629     5562     5485     5395     5256     5086     4938     4833 
    4788     4819     4891     4965     5032     5082     5124     5201 
    5310     5391     5455     5540     5636     5714     5741     5665 
    5513     5381     5366     5512     5763     6006     6177     6273 
    6280     6207     6110     6027     5954     5890     5790     5633 
    5443     5233     5034     4884     4762     4634     4495     4345 
    4197     4090     4033     4060     4189     4360     4571     4851 
    5155     5425     5665     5873     6049     6199     6327     6416 
    6454     6460     6444     6407     6365     6309     6208     6060 
    5860     5603     5313     5027     4784     4612     4498     4383 
    4282     4233     4240     4307     4449     4608     4739     4887 
    5093     5309     5451     5528     5607     5737     5921     6122 
    6293     6408     6442     6376     6227     6050     5907     5814 
    5745     5694     5659     5611     5547     5479     5424     5397 
    5404     5400     5339     5250     5184     5158     5190     5267 
    5344     5424     5517     5603     5665     5703     5711     5713 
    5719     5713     5676     5605     5502     5400     5333     5302 
    5285     5285     5306     5325     5337     5339     5310     5282 
    5320     5440     5620     5798     5910     5931     5888     5836 
    5833     5904     6018     6122     6170     6161     6103     5985 
    5778     5499     5229     5044     4981     5027     5128     5240 
    5364     5499     5630     5764     5887     5958     5953     5852 
    5636     5354     5090     4889     4772     4752     4797     4865 
    4920     4932     4918     4923     4984     5101     5298     5574 
    5890     6196     6430     6561     6602     6566     6465     6347 
    6232     6120     6038     6016     6052     6114     6166     6172 
    6118     6035     5929     5788     5621     5433     5246     5105 
    5027     5012     5071     5178     5281     5360     5401     5408 
    5420     5443     5447     5431     5413     5400     5412     5466 
    5539     5611     5674     5710     5719     5718     5707     5687 
    5656     5606     5541     5489     5462     5462     5479     5489 
    5459     5395     5316     5224     5134     5070     5050     5097 
    5224     5394     5560     5702     5798     5848     5863     5831 
    5749     5644     5529     5429     5363     5332     5335     5382 
    5467     5567     5686     5819     5940     6023     6054     6016 
    5911     5757     5547     5281     5013     4796     4675     4687 
    4811     4997     5204     5379     5494     5570     5611     5621 
    5623     5633     5652     5694     5751     5802     5872     5980 
    6103     6231     6363     6467     6528     6542     6512     6457 
    6403     6353     6296     6219     6097     5917     5714     5543 
    5424     5375     5402     5490     5620     5727     5753     5698 
    5576     5406     5225     5055     4892     4747     4638     4568 
    4564     4630     4738     4868     5012     5150     5260     5344 
    5394     5417     5437     5452     5439     5414     5394     5390 
    5425     5495     5578     5667     5730     5711     5613     5483 
    5358     5263     5198     5121     5036     4965     4899     4842 
    4814     4804     4772     4707     4618     4554     4596     4750 
    4945     5143     5343     5539     5741     5922     6000     5973 
    5906     5850     5848     5913     6016     6126     6214     6230 
    6139     5938     5649     5331     5070     4920     4889     4959 
    5070     5144     5163     5142     5112     5125     5198     5281 
    5339     5391     5448     5525     5640     5767     5875     5977 
    6083     6160     6181     6137     6023     5869     5742     5678 
    5691     5755     5813     5849     5872     5879     5880     5886 
    5875     5815     5694     5537     5371     5215     5055     4908 
    4808     4766     4772     4812     4839     4822     4769     4693 
    4596     4480     4352     4233     4162     4159     4203     4268 
    4349     4431     4498     4542     4581     4646     4747     4868 
    4992     5104     5178     5204     5211     5227     5256     5327 
    5429     5512     5549     5543     5498     5439     5395     5375 
    5367     5350     5304     5233     5155     5067     4974     4918 
    4934     5024     5163     5297     5375     5395     5366     5309 
    5278     5321     5447     5628     5809     5937     5992     5968 
    5883     5790     5730     5692     5663     5641     5620     5589 
    5560     5552     5568     5593     5590     5535     5433     5298 
    5142     5026     4993     5035     5157     5343     5552     5752 
    5902     5968     5952     5890     5817     5765     5746     5732 
    5694     5645     5597     5562     5537     5499     5435     5370 
    5320     5297     5319     5367     5386     5356     5293     5227 
    5200     5221     5265     5324     5413     5517     5609     5660 
    5629     5517     5359     5169     4978     4819     4681     4564 
    4480     4433     4425     4467     4544     4630     4738     4861 
    4973     5086     5216     5366     5562     5809     6061     6272 
    6420     6500     6521     6496     6430     6326     6191     6030 
    5868     5737     5634     5544     5470     5413     5368     5339 
    5317     5277     5220     5173     5123     5082     5057     5023 
    4986     4984     5026     5121     5271     5440     5590     5703 
    5756     5744     5699     5648     5598     5570     5564     5567 
    5590     5648     5737     5848     5956     6026     6023     5942 
    5792     5598     5422     5316     5289     5332     5409     5481 
    5537     5562     5559     5551     5555     5563     5580     5634 
    5714     5806     5906     5999     6081     6138     6120     6015 
    5859     5697     5578     5555     5617     5707     5776     5776 
    5692     5567     5448     5354     5294     5267     5247     5219 
    5184     5143     5119     5119     5117     5100     5080     5060 
    5054     5078     5147     5282     5494     5734     5945     6106 
    6195     6197     6119     5981     5830     5729     5703     5727 
    5776     5829     5859     5856     5827     5776     5726     5701 
    5714     5769     5853     5935     5988     6006     5991     5954 
    5925     5890     5823     5730     5626     5536     5483     5459 
    5422     5358     5275     5184     5103     5044     4992     4941 
    4918     4935     4993     5088     5188     5277     5371     5463 
    5526     5566     5590     5607     5629     5656     5668     5686 
    5742     5833     5952     6076     6168     6223     6242     6203 
    6108     5991     5854     5697     5529     5359     5202     5070 
    4935     4780     4627     4498     4403     4375     4437     4575 
    4758     4945     5081     5140     5131     5058     4965     4916 
    4939     5030     5157     5270     5373     5490     5601     5684 
    5745     5773     5776     5780     5798     5849     5968     6143 
    6323     6481     6589     6621     6585     6507     6415     6334 
    6266     6172     6033     5872     5726     5640     5640     5701 
    5790     5887     5956     5971     5946     5888     5795     5706 
    5652     5634     5638     5647     5633     5620     5638     5676 
    5714     5736     5706     5626     5525     5406     5289     5213 
    5205     5270     5395     5529     5610     5634     5610     5541 
    5467     5417     5397     5435     5524     5609     5684     5771 
    5863     5968     6092     6199     6264     6276     6222     6104 
    5968     5836     5694     5547     5386     5198     5003     4818 
    4635     4453     4274     4112     4024     4047     4153     4294 
    4430     4544     4631     4688     4710     4712     4710     4710 
    4710     4722     4719     4700     4729     4830     4988     5178 
    5377     5568     5760     5938     6079     6205     6322     6378 
    6361     6299     6212     6148     6143     6166     6196     6226 
    6243     6239     6211     6160     6110     6081     6049     6008 
    6008     5998     5900     5776     5667     5543     5435     5355 
    5262     5162     5078     5007     4956     4943     4968     5031 
    5120     5184     5166     5055     4878     4677     4525     4472 
    4499     4580     4725     4905     5090     5273     5433     5551 
    5638     5699     5732     5756     5767     5760     5760     5780 
    5809     5830     5834     5813     5772     5726     5705     5729 
    5790     5869     5956     6016     6012     5940     5822     5684 
    5587     5567     5587     5603     5605     5575     5522     5471 
    5432     5389     5337     5279     5227     5190     5161     5127 
    5103     5092     5080     5070     5077     5100     5162     5278 
    5445     5676     5956     6227     6443     6551     6525     6400 
    6239     6075     5933     5856     5857     5907     5964     5976 
    5914     5795     5638     5471     5337     5252     5186     5124 
    5057     4993     4974     5024     5112     5208     5298     5359 
    5393     5437     5494     5562     5660     5780     5898     5992 
    6037     6021     5964     5880     5768     5643     5517     5377 
    5220     5063     4923     4850     4866     4926     4992     5059 
    5123     5179     5220     5225     5206     5211     5273     5391 
    5556     5736     5898     6033     6131     6172     6165     6124 
    6031     5883     5699     5490     5292     5138     5023     4942 
    4896     4887     4923     5013     5127     5254     5394     5530 
    5637     5705     5699     5620     5526     5466     5433     5427 
    5435     5433     5410     5374     5314     5242     5181     5148 
    5157     5208     5278     5352     5429     5495     5549     5599 
    5637     5676     5724     5763     5793     5837     5891     5957 
    6038     6119     6168     6168     6119     6008     5831     5609 
    5360     5128     4961     4854     4779     4723     4685     4661 
    4646     4633     4618     4621     4658     4733     4862     5050 
    5254     5443     5618     5776     5927     6079     6222     6350 
    6442     6454     6384     6262     6100     5910     5725     5563 
    5420     5297     5179     5042     4914     4845     4839     4896 
    4984     5058     5127     5211     5298     5387     5467     5497 
    5475     5420     5343     5262     5192     5112     5007     4861 
    4658     4438     4256     4136     4083     4098     4159     4256 
    4406     4618     4865     5140     5443     5755     6072     6408 
    6744     7068     7376     7636     7811     7877     7832     7690 
    7489     7246     6957     6637     6297     5946     5611     5314 
    5058     4839     4656     4499     4355     4217     4098     4024 
    3998     4010     4059     4143     4260     4414     4596     4787 
    4969     5152     5336     5513     5689     5836     5906     5906 
    5841     5710     5535     5348     5188     5086     5032     4989 
    4966     4969     4989     5039     5142     5271     5409     5578 
    5779     5984     6162     6254     6223     6114     5977     5845 
    5760     5746     5773     5810     5814     5737     5575     5362 
    5127     4912     4761     4685     4693     4787     4918     5024 
    5081     5104     5131     5188     5252     5304     5364     5455 
    5549     5634     5698     5726     5737     5738     5702     5623 
    5510     5375     5247     5152     5086     5054     5092     5184 
    5265     5300     5301     5319     5408     5566     5760     5984 
    6218     6439     6635     6775     6835     6815     6737     6615 
    6465     6347     6281     6238     6174     6049     5854     5616 
    5336     5034     4766     4572     4459     4414     4407     4440 
    4534     4700     4922     5175     5418     5629     5811     5956 
    6048     6096     6127     6164     6224     6305     6372     6386 
    6318     6145     5894     5617     5331     5050     4822     4658 
    4548     4492     4483     4523     4648     4850     5071     5283 
    5478     5623     5734     5864     6022     6181     6305     6356 
    6351     6346     6345     6334     6285     6133     5864     5555 
    5290     5101     4972     4860     4750     4696     4731     4827 
    4954     5070     5127     5127     5111     5112     5181     5359 
    5626     5926     6204     6412     6529     6547     6442     6239 
    6025     5859     5760     5732     5742     5746     5729     5683 
    5587     5452     5320     5221     5169     5161     5182     5243 
    5351     5490     5640     5778     5868     5896     5879     5833 
    5779     5741     5733     5752     5805     5877     5902     5837 
    5694     5495     5271     5055     4851     4679     4584     4583 
    4664     4807     4961     5069     5115     5120     5120     5152 
    5220     5292     5383     5517     5652     5748     5798     5815 
    5826     5886     6003     6169     6349     6458     6430     6289 
    6089     5891     5738     5621     5521     5433     5327     5177 
    5013     4857     4702     4557     4419     4275     4137     4024 
    3950     3969     4118     4365     4669     4989     5260     5445 
    5556     5616     5656     5692     5705     5687     5687     5765 
    5933     6146     6355     6515     6596     6581     6465     6285 
    6099     5937     5841     5827     5860     5900     5935     5926 
    5859     5775     5701     5620     5532     5445     5393     5428 
    5548     5694     5815     5890     5899     5857     5798     5733 
    5670     5625     5617     5670     5775     5861     5864     5783 
    5652     5503     5347     5155     4923     4715     4596     4610 
    4761     5001     5259     5463     5548     5497     5368     5244 
    5197     5278     5497     5798     6104     6363     6528     6579 
    6544     6432     6259     6070     5887     5744     5684     5697 
    5736     5782     5809     5776     5664     5466     5190     4892 
    4623     4395     4220     4125     4113     4171     4282     4399 
    4495     4592     4710     4861     5051     5254     5448     5653 
    5861     6048     6207     6322     6388     6430     6454     6465 
    6473     6473     6450     6394     6305     6180     6015     5821 
    5622     5459     5356     5317     5320     5343     5362     5377 
    5389     5364     5277     5139     5019     4965     4984     5049 
    5125     5233     5393     5570     5732     5868     5979     6062 
    6106     6089     6021     5922     5815     5741     5746     5834 
    5973     6129     6242     6285     6272     6204     6077     5906 
    5703     5495     5333     5255     5246     5267     5298     5339 
    5398     5456     5471     5433     5390     5389     5443     5530 
    5628     5742     5877     5973     5987     5933     5831     5703 
    5575     5440     5296     5192     5144     5108     5063     5035 
    5040     5113     5273     5481     5691     5873     6006     6087 
    6133     6166     6188     6189     6157     6073     5952     5852 
    5827     5869     5911     5927     5950     5995     6035     6046 
    6010     5911     5768     5589     5377     5185     5067     5034 
    5065     5143     5240     5332     5424     5498     5536     5570 
    5622     5707     5830     5940     5977     5944     5854     5713 
    5556     5416     5305     5266     5321     5432     5552     5645 
    5703     5756     5837     5910     5915     5845     5710     5526 
    5336     5163     5022     4945     4936     4963     5008     5050 
    5051     5017     4988     4961     4947     4959     4965     4936 
    4888     4833     4761     4695     4666     4679     4715     4735 
    4704     4638     4568     4499     4450     4445     4484     4568 
    4702     4877     5086     5302     5490     5630     5725     5769 
    5767     5742     5701     5633     5544     5443     5354     5301 
    5273     5244     5224     5209     5178     5139     5134     5155 
    5164     5164     5163     5182     5258     5356     5421     5456 
    5483     5525     5606     5711     5821     5944     6076     6189 
    6282     6353     6384     6361     6268     6091     5884     5714 
    5609     5574     5605     5668     5734     5788     5814     5817 
    5821     5819     5809     5803     5806     5807     5809     5796 
    5765     5722     5665     5575     5460     5355     5266     5198 
    5162     5154     5184     5279     5432     5589     5707     5764 
    5759     5721     5692     5724     5836     5999     6177     6347 
    6467     6531     6569     6593     6602     6621     6650     6659 
    6654     6642     6617     6589     6556     6478     6334     6135 
    5896     5640     5402     5204     5055     4958     4901     4868 
    4854     4850     4845     4839     4841     4850     4887     4947 
    4994     5009     5003     4994     5009     5060     5127     5179 
    5220     5235     5213     5184     5179     5224     5352     5559 
    5793     6035     6259     6427     6538     6597     6600     6566 
    6504     6385     6204     5989     5778     5610     5491     5381 
    5243     5084     4943     4877     4901     4989     5115     5252 
    5370     5451     5514     5567     5597     5616     5656     5721 
    5815     5935     6057     6160     6230     6226     6115     5914 
    5665     5417     5228     5117     5063     5039     5027     5027 
    5039     5038     5008     4954     4860     4719     4563     4413 
    4295     4241     4247     4287     4365     4482     4635     4850 
    5123     5393     5621     5796     5900     5937     5937     5899 
    5834     5765     5680     5582     5521     5536     5603     5682 
    5734     5736     5703     5678     5674     5691     5732     5768 
    5788     5800     5790     5760     5722     5653     5540     5387 
    5190     4965     4769     4645     4590     4602     4673     4800 
    4982     5181     5320     5371     5347     5267     5175     5121 
    5104     5121     5181     5256     5333     5406     5443     5443 
    5464     5528     5633     5796     5999     6188     6340     6442 
    6475     6450     6365     6210     5995     5768     5576     5454 
    5410     5413     5432     5452     5431     5328     5171     4984 
    4779     4591     4446     4345     4313     4368     4507     4714 
    4934     5108     5233     5347     5454     5552     5638     5694 
    5746     5826     5935     6066     6219     6376     6523     6659 
    6785     6893     6985     7060     7105     7111     7067     6947 
    6760     6546     6334     6153     5999     5850     5672     5435 
    5128     4774     4399     4010     3636     3330     3115     2992 
    2957     2982     3041     3140     3279     3447     3636     3827 
    4012     4207     4425     4649     4882     5117     5336     5545 
    5751     5933     6088     6224     6322     6367     6365     6301 
    6180     6041     5913     5795     5707     5659     5648     5683 
    5771     5895     6038     6181     6290     6353     6386     6431 
    6539     6744     7026     7333     7618     7832     7948     7951 
    7835     7623     7403     7252     7217     7307     7474     7638 
    7756     7796     7736     7597     7410     7198     6980     6766 
    6569     6417     6342     6334     6372     6427     6465     6465 
    6412     6277     6092     5934     5818     5741     5694     5644 
    5580     5539     5517     5498     5468     5413     5343     5287 
    5258     5235     5209     5188     5155     5109     5059     4993 
    4896     4774     4630     4460     4287     4128     3987     3888 
    3820     3736     3618     3495     3418     3424     3519     3662 
    3836     4036     4255     4487     4756     5039     5304     5532 
    5694     5772     5773     5732     5687     5667     5647     5602 
    5548     5497     5436     5360     5260     5147     5059     4999 
    4959     4978     5066     5171     5242     5248     5167     4994 
    4774     4538     4294     4064     3859     3692     3597     3580 
    3607     3659     3730     3823     3962     4149     4374     4638 
    4934     5224     5491     5717     5868     5965     6070     6207 
    6376     6562     6704     6766     6781     6782     6775     6718 
    6559     6316     6064     5845     5686     5626     5680     5829 
    6048     6276     6424     6450     6358     6173     5942     5725 
    5555     5479     5536     5692     5887     6060     6161     6153 
    6039     5846     5598     5321     5051     4812     4617     4463 
    4333     4214     4114     4027     3948     3893     3840     3759 
    3636     3470     3264     3037     2813     2625     2515     2488 
    2519     2575     2620     2627     2619     2616     2617     2616 
    2609     2582     2524     2442     2319     2147     1972     1836 
    1768     1792     1917     2139     2452     2832     3229     3609 
    3962     4288     4611     4943     5262     5528     5711     5792 
    5776     5694     5597     5529     5528     5589     5689     5807 
    5911     5999     6084     6168     6252     6342     6413     6448 
    6450     6421     6378     6355     6361     6374     6394     6438 
    6497     6562     6619     6644     6651     6682     6741     6829 
    6961     7138     7360     7636     7947     8251     8526     8729 
    8816     8804     8734     8640     8572     8573     8645     8781 
    8966     9147     9289     9379     9391     9293     9061     8683 
    8176     7592     6982     6373     5798     5302     4923     4666 
    4534     4534     4617     4695     4715     4638     4448     4178 
    3888     3638     3468     3391     3396     3437     3483     3550 
    3653     3776     3885     3913     3827     3645     3411     3168 
    2951     2783     2716     2806     3090     3573     4237     5016 
    5814     6548     7173     7650     7963     8132     8186     8156 
    8101     8071     8087     8148     8221     8252     8191     8005 
    7697     7322     6947     6627     6397     6243     6124     6018 
    5918     5809     5684     5580     5548     5644     5879     6185 
    6465     6640     6685     6605     6427     6204     5994     5853 
    5806     5850     5991     6219     6509     6841     7192     7514 
    7781     7983     8091     8094     8025     7911     7771     7646 
    7569     7553     7591     7630     7611     7481     7196     6720 
    6075     5319     4490     3640     2843     2133     1521     1062 
     808      741      834     1102     1522     1988     2423     2797 
    3098     3369     3697     4106     4602     5169     5803     6473 
    7102     7619     7969     8120     8060     7788     7337     6763 
    6093     5335     4499     3609     2697     1804      947      136 
    -604    -1260    -1869    -2497    -3140    -3742    -4314    -4872 
   -5336    -5661    -5837    -5833    -5653    -5278    -4699    -3974 
   -3122    -2130    -1036       86     1138     2050     2801     3350 
    3662     3784     3774     3651     3469     3306     3188     3126 
    3163     3325     3544     3707     3786     3801     3753     3711 
    3757     3870     4028     4243     4511     4834     5177     5462 
    5648     5740     5756     5738     5694     5616     5525     5459 
    5458     5560     5755     6021     6378     6808     7229     7611 
    7946     8235     8542     8896     9258     9618     9968    10263 
   10477    10631    10800    11037    11287    11521    11803    12087 
   12329    12569    12766    12826    12738    12567    12363    12122 
   11848    11560    11261    11003    10835    10736    10659    10573 
   10470    10362    10266    10162    10014     9787     9486     9153 
    8791     8352     7838     7296     6764     6281     5861     5486 
    5184     4988     4915     4954     5042     5136     5224     5286 
    5321     5320     5275     5227     5201     5197     5211     5219 
    5219     5262     5382     5544     5734     6019     6451     6987 
    7547     8044     8398     8557     8479     8164     7688     7149 
    6582     5958     5270     4522     3730     2938     2180     1451 
     757      103     -472     -900    -1144    -1221    -1158     -929 
    -513       35      623     1178     1658     2058     2394     2690 
    2956     3186     3391     3582     3770     3965     4197     4483 
    4807     5124     5382     5528     5535     5391     5097     4650 
    4067     3439     2857     2342     1872     1448     1060      668 
     259     -103     -334     -390     -259       52      483      963 
    1444     1895     2317     2721     3087     3383     3601     3771 
    3931     4088     4245     4401     4537     4641     4707     4735 
    4730     4668     4499     4192     3785     3343     2929     2577 
    2289     2053     1896     1857     1926     2100     2353     2648 
    3013     3485     4072     4774     5564     6366     7119     7788 
    8344     8756     8986     9022     8868     8549     8083     7520 
    6917     6309     5727     5198     4733     4347     4043     3823 
    3673     3538     3372     3169     2956     2782     2685     2669 
    2729     2863     3088     3429     3902     4534     5341     6295 
    7322     8344     9263     9995    10512    10806    10903    10860 
   10698    10434    10143     9909     9752     9688     9722     9788 
    9804     9726     9545     9285     8970     8622     8274     7950 
    7652     7389     7148     6894     6616     6318     5958     5481 
    4895     4238     3530     2814     2185     1702     1389     1242 
    1243     1378     1598     1811     1969     2107     2262     2461 
    2727     3013     3275     3518     3740     3925     4074     4200 
    4336     4523     4764     5019     5246     5414     5529     5609 
    5674     5738     5811     5904     6018     6120     6189     6211 
    6162     6066     5964     5875     5814     5771     5733     5683 
    5590     5432     5221     4988     4760     4541     4332     4112 
    3838     3514     3177     2871     2636     2489     2420     2417 
    2482     2614     2806     3037     3291     3584     3931     4320 
    4769     5308     5913     6540     7175     7789     8322     8727 
    8985     9059     8959     8739     8441     8078     7646     7184 
    6747     6358     6039     5767     5467     5185     5073     5085 
    5054     5031     5086     5158     5233     5343     5530     5809 
    6107     6407     6714     6985     7184     7291     7290     7182 
    6997     6781     6534     6246     5948     5653     5373     5109 
    4833     4515     4167     3797     3403     2991     2589     2239 
    2000     1892     1900     2018     2246     2546     2871     3192 
    3484     3715     3908     4090     4288     4519     4746     4928 
    5036     5036     4923     4727     4495     4251     4023     3851 
    3751     3689     3626     3544     3459     3400     3384     3395 
    3446     3551     3700     3917     4194     4492     4818     5174 
    5575     6049     6579     7126     7642     8106     8529     8892 
    9204     9464     9649     9776     9844     9837     9768     9606 
    9355     9085     8845     8691     8679     8850     9189     9643 
   10139    10601    10994    11325    11587    11772    11888    11967 
   12067    12231    12442    12664    12896    13127    13300    13366 
   13292    13095    12855    12621    12390    12182    11992    11803 
   11615    11434    11242    11034    10858    10751    10644    10503 
   10478    10593    10631    10613    10644    10617    10534    10484 
   10428    10334    10200    10003     9724     9346     8873     8328 
    7713     7074     6489     5991     5582     5250     4942     4660 
    4440     4301     4251     4307     4476     4730     5011     5232 
    5339     5333     5224     5043     4864     4722     4618     4548 
    4504     4463     4411     4338     4213     4025     3808     3578 
    3329     3064     2805     2552     2311     2120     2010     1988 
    2083     2284     2531     2759     2934     3059     3149     3211 
    3262     3307     3354     3454     3604     3770     3932     4085 
    4232     4374     4487     4571     4635     4681     4696     4656 
    4561     4460     4414     4494     4753     5181     5722     6292 
    6791     7195     7515     7749     7919     8054     8174     8307 
    8486     8718     9018     9358     9670     9921    10110    10197 
   10160    10037     9869     9657     9393     9073     8688     8253 
    7798     7318     6820     6332     5884     5517     5262     5120 
    5065     5049     5047     5062     5088     5127     5184     5232 
    5283     5359     5448     5552     5682     5822     5965     6122 
    6284     6411     6477     6480     6416     6285     6126     5987 
    5879     5791     5717     5651     5603     5590     5597     5602 
    5610     5652     5719     5780     5822     5840     5850     5868 
    5873     5873     5890     5918     5946     5945     5837     5601 
    5277     4901     4518     4180     3917     3765     3754     3870 
    4051     4243     4431     4634     4880     5164     5437     5668 
    5853     5977     6062     6135     6197     6249     6288     6326 
    6377     6444     6521     6597     6655     6683     6660     6588 
    6489     6381     6288     6210     6146     6130     6168     6245 
    6346     6453     6577     6723     6852     6922     6948     6955 
    6952     6978     7079     7260     7518     7848     8213     8559 
    8870     9146     9371     9528     9606     9596     9489     9293 
    9038     8748     8461     8203     7985     7803     7619     7387 
    7091     6728     6339     5983     5691     5472     5329     5238 
    5185     5186     5238     5298     5341     5347     5296     5215 
    5136     5065     5030     5053     5101     5158     5242     5366 
    5533     5748     5977     6183     6326     6372     6308     6134 
    5840     5448     5015     4579     4174     3848     3622     3476 
    3407     3410     3434     3454     3466     3451     3415     3376 
    3323     3262     3208     3150     3071     2978     2871     2744 
    2605     2451     2273     2110     2011     1995     2072     2227 
    2412     2617     2835     3056     3296     3559     3827     4094 
    4371     4637     4850     4978     4984     4854     4625     4334 
    4021     3750     3562     3450     3395     3368     3333     3287 
    3226     3149     3084     3048     3040     3071     3153     3294 
    3495     3730     3963     4174     4348     4471     4544     4579 
    4579     4553     4527     4513     4507     4517     4537     4561 
    4606     4684     4765     4850     4941     5020     5115     5258 
    5432     5640     5880     6107     6307     6484     6608     6685 
    6727     6725     6696     6666     6639     6604     6561     6521 
    6477     6411     6308     6150     5935     5663     5336     4996 
    4673     4391     4185     4067     4020     4032     4094     4170 
    4205     4175     4067     3885     3655     3399     3134     2879 
    2640     2420     2246     2147     2130     2192     2311     2446 
    2563     2641     2655     2600     2508     2403     2327     2340 
    2434     2583     2770     2941     3045     3060     2963     2776 
    2548     2309     2091     1942     1896     1935     2030     2157 
    2270     2350     2404     2421     2394     2350     2295     2227 
    2178     2182     2270     2444     2673     2911     3127     3296 
    3419     3500     3549     3600     3688     3821     3989     4186 
    4396     4595     4760     4878     4958     5016     5093     5231 
    5443     5734     6084     6436     6756     7022     7223     7377 
    7497     7578     7623     7635     7607     7531     7419     7281 
    7129     6959     6752     6485     6150     5764     5348     4928 
    4537     4207     3970     3823     3766     3798     3894     4021 
    4163     4303     4448     4626     4852     5130     5448     5764 
    6006     6145     6195     6164     6081     6012     5971     5945 
    5929     5886     5778     5630     5481     5358     5309     5367 
    5516     5736     6016     6316     6597     6817     6932     6947 
    6893     6808     6743     6714     6711     6754     6847     6963 
    7096     7246     7383     7477     7515     7480     7375     7233 
    7083     6945     6848     6799     6777     6790     6832     6870 
    6886     6878     6840     6787     6736     6700     6681     6669 
    6648     6616     6579     6556     6564     6624     6741     6894 
    7075     7284     7487     7657     7782     7862     7929     7989 
    8017     8035     8086     8177     8313     8484     8657     8804 
    8904     8931     8874     8750     8552     8286     8004     7742 
    7537     7434     7458     7588     7778     7981     8133     8214 
    8243     8212     8125     7996     7824     7632     7457     7333 
    7275     7277     7327     7426     7574     7738     7879     7974 
    7996     7921     7769     7555     7302     7042     6786     6507 
    6207     5904     5594     5283     4988     4692     4395     4128 
    3899     3709     3582     3511     3469     3461     3495     3546 
    3618     3712     3807     3878     3915     3906     3844     3746 
    3639     3547     3481     3447     3458     3499     3539     3570 
    3597     3615     3624     3619     3589     3527     3440     3349 
    3276     3264     3330     3470     3704     4032     4411     4797 
    5140     5389     5512     5517     5435     5317     5220     5164 
    5148     5164     5194     5223     5252     5266     5265     5279 
    5327     5412     5545     5702     5840     5944     6003     6016 
    6025     6065     6119     6177     6228     6226     6160     6056 
    5918     5775     5688     5692     5792     5994     6251     6509 
    6739     6909     6995     7010     6985     6961     7005     7155 
    7391     7678     7993     8329     8681     9034     9382     9721 
   10019    10241    10382    10457    10444    10351    10201     9981 
    9714     9458     9212     8972     8772     8629     8532     8463 
    8383     8267     8124     7978     7827     7661     7465     7248 
    7044     6878     6736     6612     6507     6401     6282     6166 
    6054     5950     5888     5894     5971     6102     6262     6427 
    6583     6717     6804     6821     6763     6635     6480     6336 
    6219     6137     6096     6096     6118     6135     6138     6112 
    6065     6014     5962     5913     5859     5768     5628     5440 
    5204     4951     4722     4529     4391     4322     4294     4284 
    4284     4268     4253     4283     4372     4541     4792     5077 
    5339     5555     5714     5806     5850     5877     5908     5946 
    6004     6076     6135     6165     6157     6130     6115     6126 
    6150     6176     6172     6127     6060     5968     5861     5760 
    5663     5535     5377     5190     4981     4780     4594     4418 
    4266     4148     4055     3977     3898     3797     3669     3526 
    3358     3176     3013     2890     2824     2817     2844     2890 
    2941     2986     3026     3083     3150     3208     3254     3287 
    3280     3232     3159     3055     2928     2791     2652     2527 
    2432     2369     2340     2349     2361     2358     2365     2386 
    2413     2442     2455     2439     2423     2430     2458     2512 
    2590     2681     2797     2963     3163     3379     3600     3807 
    3991     4163     4311     4422     4491     4529     4561     4615 
    4706     4839     5015     5212     5412     5598     5760     5894 
    5989     6049     6076     6079     6061     6011     5919     5796 
    5632     5424     5197     4950     4698     4480     4313     4203 
    4171     4205     4266     4332     4401     4464     4521     4573 
    4627     4685     4754     4830     4912     5003     5080     5131 
    5162     5162     5143     5128     5108     5073     5036     4999 
    4965     4953     4959     4956     4946     4915     4835     4718 
    4585     4441     4295     4159     4025     3905     3838     3838 
    3897     3997     4110     4215     4306     4376     4423     4455 
    4444     4378     4283     4170     4041     3927     3828     3744 
    3684     3639     3588     3542     3507     3480     3492     3585 
    3746     3959     4195     4405     4584     4738     4835     4868 
    4858     4807     4712     4594     4459     4332     4230     4132 
    4009     3870     3721     3577     3464     3388     3341     3311 
    3311     3335     3380     3446     3520     3582     3642     3705 
    3778     3886     4043     4245     4498     4781     5058     5309 
    5513     5656     5742     5772     5745     5645     5472     5268 
    5059     4850     4644     4441     4253     4055     3827     3595 
    3384     3187     3010     2868     2756     2677     2631     2620 
    2655     2737     2851     2988     3161     3375     3628     3919 
    4218     4498     4756     4989     5184     5348     5491     5601 
    5692     5771     5827     5876     5929     5985     6041     6084 
    6106     6106     6081     6031     5973     5919     5859     5788 
    5718     5664     5621     5571     5510     5443     5377     5313 
    5238     5177     5151     5139     5131     5138     5144     5146 
    5143     5139     5150     5190     5240     5275     5296     5289 
    5251     5197     5136     5082     5063     5081     5116     5188 
    5293     5397     5487     5566     5613     5613     5557     5454 
    5305     5117     4891     4635     4372     4105     3856     3649 
    3496     3415     3420     3508     3655     3844     4055     4268 
    4486     4700     4884     5036     5166     5265     5348     5422 
    5491     5566     5663     5784     5930     6097     6274     6443 
    6610     6764     6883     6970     7026     7056     7076     7079 
    7048     6979     6867     6720     6554     6388     6238     6122 
    6046     5995     5945     5894     5822     5721     5620     5537 
    5471     5425     5398     5371     5325     5258     5186     5131 
    5097     5105     5175     5292     5441     5628     5848     6073 
    6292     6511     6711     6897     7086     7248     7348     7393 
    7396     7378     7368     7372     7395     7447     7504     7535 
    7553     7564     7535     7473     7403     7333     7276     7244 
    7231     7245     7285     7327     7360     7381     7376     7337 
    7277     7191     7083     6978     6886     6809     6758     6725 
    6698     6677     6667     6667     6671     6673     6671     6666 
    6666     6669     6673     6681     6682     6683     6697     6721 
    6756     6813     6883     6947     7001     7036     7040     7034 
    7030     7042     7087     7153     7214     7253     7250     7192 
    7106     7006     6886     6755     6632     6512     6401     6323 
    6278     6246     6216     6165     6081     5967     5825     5663 
    5494     5339     5223     5158     5146     5179     5244     5305 
    5343     5359     5343     5292     5227     5163     5105     5057 
    5016     4973     4926     4882     4845     4823     4837     4882 
    4951     5022     5051     5012     4915     4785     4644     4522 
    4453     4429     4455     4548     4689     4851     5011     5136 
    5232     5317     5390     5454     5525     5606     5691     5788 
    5881     5950     6006     6046     6058     6052     6029     5985 
    5937     5906     5887     5888     5908     5915     5898     5854 
    5776     5672     5570     5483     5410     5362     5339     5321 
    5306     5293     5273     5255     5248     5252     5275     5325 
    5391     5471     5551     5609     5668     5742     5814     5876 
    5925     5946     5949     5942     5921     5890     5864     5841 
    5809     5773     5744     5715     5691     5679     5672     5683 
    5714     5742     5763     5773     5748     5694     5626     5535 
    5425     5313     5193     5073     4958     4841     4722     4625 
    4546     4480     4444     4428     4423     4444     4495     4573 
    4704     4877     5065     5268     5481     5687     5888     6076 
    6226     6345     6443     6501     6517     6501     6444     6350 
    6246     6139     6025     5917     5821     5732     5647     5548 
    5416     5271     5121     4959     4807     4684     4588     4519 
    4486     4468     4463     4486     4541     4631     4773     4961 
    5173     5387     5580     5740     5875     5996     6103     6208 
    6309     6380     6409     6397     6346     6280     6216     6153 
    6096     6057     6033     6025     6033     6039     6043     6058 
    6084     6118     6173     6247     6319     6374     6409     6412 
    6389     6354     6318     6292     6282     6276     6266     6250 
    6214     6158     6096     6027     5967     5925     5891     5863 
    5840     5817     5796     5788     5786     5787     5788     5784 
    5776     5763     5742     5719     5698     5687     5698     5737 
    5796     5867     5944     6023     6091     6137     6164     6168 
    6147     6120     6093     6053     6021     5996     5973     5968 
    5976     5981     5991     6006     6022     6042     6062     6075 
    6079     6076     6056     6010     5952     5900     5864     5860 
    5876     5896     5923     5940     5934     5922     5915     5906 
    5907     5923     5929     5918     5900     5868     5823     5784 
    5757     5746     5763     5802     5853     5914     5975     6019 
    6053     6084     6115     6156     6219     6309     6417     6554 
    6700     6839     6955     7023     7041     7013     6933     6833 
    6743     6662     6610     6602     6616     6651     6706     6739 
    6729     6683     6608     6507     6404     6319     6252     6208 
    6185     6176     6168     6157     6120     6053     5967     5864 
    5757     5661     5575     5494     5427     5366     5327     5327 
    5360     5424     5519     5638     5760     5884     5988     6050 
    6080     6080     6039     5980     5921     5854     5796     5763 
    5732     5699     5668     5618     5547     5472     5393     5328 
    5292     5278     5290     5343     5427     5529     5640     5736 
    5790     5807     5800     5760     5699     5644     5595     5566 
    5568     5590     5626     5675     5721     5753     5783     5805 
    5818     5833     5834     5817     5792     5763     5732     5709 
    5692     5683     5691     5718     5749     5786     5830     5864 
    5880     5899     5917     5925     5931     5934     5929     5929 
    5930     5921     5902     5868     5807     5729     5644     5557 
    5475     5406     5337     5268     5213     5169     5130     5104 
    5076     5035     5001     4981     4982     5026     5101     5205 
    5347     5510     5670     5805     5892     5927     5934     5915 
    5879     5850     5838     5842     5872     5908     5915     5898 
    5853     5759     5632     5497     5351     5198     5055     4918 
    4789     4689     4612     4548     4496     4442     4360     4256 
    4145     4044     3971     3947     3960     3996     4051     4114 
    4170     4223     4261     4276     4278     4266     4243     4228 
    4213     4212     4241     4291     4355     4434     4521     4608 
    4712     4818     4895     4932     4930     4887     4819     4748 
    4688     4639     4614     4603     4599     4604     4612     4621 
    4630     4630     4618     4610     4595     4572     4556     4548 
    4540     4545     4561     4564     4560     4556     4541     4527 
    4531     4537     4542     4564     4587     4612     4666     4737 
    4810     4896     4982     5053     5111     5146     5150     5144 
    5136     5127     5125     5134     5146     5166     5188     5208 
    5235     5273     5308     5337     5362     5368     5354     5328 
    5279     5197     5086     4947     4779     4604     4441     4288 
    4156     4039     3919     3820     3757     3715     3703     3730 
    3778     3836     3902     3956     3996     4036     4074     4117 
    4155     4178     4183     4174     4149     4110     4066     4017 
    3969     3929     3916     3913     3916     3916     3894     3846 
    3784     3707     3622     3550     3500     3470     3461     3468 
    3492     3541     3597     3651     3707     3767     3828     3897 
    3973     4048     4132     4232     4333     4433     4540     4641 
    4735     4839     4942     5042     5157     5282     5398     5514 
    5629     5722     5807     5890     5950     5996     6030     6034 
    6021     5998     5953     5898     5842     5788     5744     5714 
    5686     5653     5629     5605     5570     5532     5499     5481 
    5490     5536     5602     5683     5768     5838     5896     5946 
    5984     6010     6019     6006     5975     5938     5895     5844 
    5783     5705     5603     5490     5363     5233     5120     5026 
    4947     4892     4858     4843     4850     4877     4908     4946 
    4989     5027     5060     5093     5123     5154     5189     5206 
    5198     5184     5155     5108     5073     5057     5051     5055 
    5055     5039     5009     4961     4896     4819     4733     4639 
    4557     4491     4446     4430     4441     4464     4506     4556 
    4600     4653     4731     4827     4934     5051     5169     5289 
    5428     5578     5721     5850     5958     6038     6088     6110 
    6114     6115     6118     6114     6110     6112     6115     6122 
    6129     6115     6091     6072     6044     6012     5994     5972 
    5938     5919     5908     5886     5860     5840     5817     5802 
    5817     5844     5880     5935     5989     6030     6053     6041 
    6000     5952     5892     5834     5786     5737     5683     5628 
    5566     5494     5431     5386     5358     5352     5370     5395 
    5427     5468     5501     5519     5529     5525     5524     5535 
    5557     5601     5663     5729     5788     5846     5898     5945 
    5995     6049     6099     6153     6196     6212     6212     6207 
    6193     6189     6200     6214     6242     6295     6361     6439 
    6531     6619     6704     6799     6878     6930     6974     7001 
    7013     7026     7051     7080     7123     7177     7218     7250 
    7276     7281     7277     7287     7299     7311     7321     7314 
    7294     7271     7234     7190     7145     7088     7021     6956 
    6897     6844     6810     6790     6782     6793     6805     6805 
    6793     6782     6774     6767     6771     6775     6777     6789 
    6805     6805     6787     6744     6675     6597     6519     6447 
    6396     6361     6332     6320     6309     6290     6273     6247 
    6201     6150     6104     6061     6041     6054     6080     6110 
    6164     6219     6259     6288     6304     6304     6303     6300 
    6303     6328     6378     6431     6477     6509     6509     6473 
    6412     6327     6232     6147     6073     6016     5987     5975 
    5968     5975     5975     5956     5927     5891     5837     5791 
    5764     5733     5702     5675     5634     5595     5563     5533 
    5519     5533     5562     5610     5675     5736     5792     5853 
    5900     5931     5954     5965     5964     5965     5968     5967 
    5957     5931     5880     5817     5746     5667     5587     5518 
    5458     5413     5389     5374     5371     5389     5416     5440 
    5459     5468     5471     5467     5460     5466     5503     5568 
    5651     5752     5860     5954     6033     6095     6133     6161 
    6186     6204     6212     6219     6214     6200     6186     6161 
    6123     6084     6034     5968     5907     5859     5821     5802 
    5793     5784     5775     5756     5721     5686     5653     5620 
    5590     5566     5541     5524     5516     5512     5509     5508 
    5493     5463     5431     5383     5320     5263     5206     5154 
    5131     5125     5128     5152     5186     5215     5248     5289 
    5323     5360     5408     5454     5501     5555     5590     5599 
    5594     5572     5537     5510     5490     5470     5460     5460 
    5455     5447     5436     5418     5404     5397     5389     5382 
    5379     5374     5370     5364     5350     5332     5317     5294 
    5262     5227     5169     5088     4989     4870     4738     4622 
    4523     4434     4369     4336     4315     4311     4330     4353 
    4380     4419     4449     4468     4487     4494     4499     4523 
    4552     4581     4619     4657     4696     4748     4807     4854 
    4892     4920     4935     4955     4974     4976     4972     4959 
    4920     4861     4792     4708     4614     4521     4428     4333 
    4238     4133     4023     3923     3828     3738     3674     3634 
    3613     3620     3645     3678     3721     3765     3793     3811 
    3823     3825     3831     3846     3861     3888     3928     3964 
    3991     4028     4069     4101     4136     4178     4217     4258 
    4302     4334     4364     4393     4409     4421     4436     4434 
    4425     4419     4405     4388     4384     4391     4410     4449 
    4507     4583     4669     4750     4816     4889     4976     5062 
    5148     5235     5305     5362     5408     5427     5429     5424 
    5405     5385     5377     5367     5354     5348     5348     5347 
    5352     5355     5352     5348     5339     5323     5308     5298 
    5282     5268     5275     5290     5310     5332     5343     5352 
    5367     5382     5400     5429     5459     5489     5522     5544 
    5552     5564     5572     5575     5590     5607     5620     5653 
    5701     5741     5787     5827     5848     5864     5881     5886 
    5890     5908     5935     5973     6029     6081     6127     6176 
    6216     6245     6277     6315     6350     6394     6448     6512 
    6583     6651     6702     6741     6770     6782     6797     6802 
    6786     6764     6743     6693     6629     6569     6497     6419 
    6349     6261     6156     6056     5954     5852     5769     5713 
    5675     5660     5661     5656     5652     5643     5620     5594 
    5563     5522     5481     5443     5402     5367     5347     5339 
    5354     5395     5447     5499     5552     5597     5633     5670 
    5702     5718     5738     5773     5815     5867     5930     5991 
    6048     6095     6115     6120     6120     6103     6075     6050 
    6018     5985     5976     5976     5973     5977     5980     5967 
    5940     5888     5803     5711     5632     5564     5512     5468 
    5418     5367     5321     5273     5233     5216     5204     5197 
    5202     5206     5200     5200     5204     5198     5201     5219 
    5235     5266     5309     5347     5381     5402     5389     5348 
    5290     5205     5109     5027     4955     4901     4878     4885 
    4920     4985     5062     5136     5201     5248     5273     5294 
    5319     5348     5400     5468     5535     5603     5671     5721 
    5755     5773     5768     5748     5729     5707     5679     5656 
    5628     5590     5562     5544     5530     5522     5518     5513 
    5499     5464     5410     5354     5297     5231     5166     5115 
    5071     5036     5015     5001     4999     5003     5001     4984 
    4958     4920     4866     4810     4748     4679     4614     4553 
    4490     4444     4414     4391     4393     4426     4464     4522 
    4598     4673     4757     4855     4941     5015     5090     5155 
    5204     5252     5289     5308     5332     5356     5363     5371 
    5383     5383     5382     5385     5375     5374     5385     5387 
    5387     5400     5410     5421     5445     5467     5485     5516 
    5544     5566     5594     5622     5645     5679     5715     5744 
    5778     5818     5853     5894     5940     5973     6004     6038 
    6061     6087     6120     6146     6162     6177     6181     6176 
    6181     6183     6169     6153     6134     6102     6064     6019 
    5960     5896     5829     5752     5679     5611     5537     5463 
    5390     5306     5224     5155     5085     5011     4958     4920 
    4882     4854     4843     4845     4866     4909     4961     5026 
    5109     5188     5256     5325     5382     5429     5483     5541 
    5595     5656     5722     5783     5849     5908     5949     5975 
    5980     5946     5883     5803     5710     5620     5535     5454 
    5386     5333     5290     5256     5231     5200     5169     5155 
    5144     5134     5128     5116     5109     5119     5131     5151 
    5186     5229     5273     5316     5347     5362     5366     5352 
    5320     5282     5235     5181     5124     5066     5003     4935 
    4876     4822     4779     4754     4733     4710     4702     4699 
    4691     4692     4704     4719     4735     4754     4770     4784 
    4797     4797     4801     4828     4858     4893     4942     4978 
    5005     5030     5039     5042     5054     5067     5080     5105 
    5142     5173     5206     5233     5240     5246     5247     5235 
    5229     5232     5235     5250     5279     5306     5341     5390 
    5435     5481     5532     5567     5593     5630     5668     5694 
    5717     5729     5733     5736     5737     5737     5740     5752 
    5764     5779     5798     5810     5818     5829     5826     5818 
    5815     5806     5798     5811     5830     5848     5872     5892 
    5910     5930     5952     5972     6004     6039     6073     6115 
    6168     6216     6272     6338     6393     6439     6488     6524 
    6547     6573     6592     6606     6631     6652     6669     6682 
    6683     6671     6658     6635     6605     6578     6548     6509 
    6467     6421     6367     6318     6285     6265     6252     6258 
    6270     6276     6284     6285     6268     6249     6232     6210 
    6200     6214     6237     6273     6318     6356     6394     6427 
    6446     6450     6459     6459     6444     6424     6399     6376 
    6358     6340     6327     6319     6309     6297     6285     6270 
    6249     6231     6216     6197     6177     6151     6115     6084 
    6056     6022     5992     5968     5934     5894     5852     5800 
    5744     5694     5638     5580     5537     5499     5462     5439 
    5429     5425     5437     5462     5486     5519     5559     5585 
    5609     5626     5625     5616     5605     5582     5559     5549 
    5543     5544     5571     5606     5629     5653     5679     5697 
    5713     5729     5742     5759     5780     5805     5834     5869 
    5898     5925     5950     5975     6002     6025     6031     6030 
    6021     5992     5946     5895     5831     5760     5703     5648 
    5587     5535     5487     5440     5402     5375     5341     5314 
    5294     5265     5240     5232     5233     5248     5278     5314 
    5356     5398     5433     5456     5467     5462     5436     5402 
    5360     5305     5256     5221     5190     5173     5163     5150 
    5140     5136     5112     5073     5038     4989     4930     4880 
    4827     4768     4723     4681     4631     4585     4548     4515 
    4491     4472     4450     4440     4445     4446     4452     4461 
    4464     4480     4509     4535     4573     4626     4687     4750 
    4812     4870     4934     5007     5077     5138     5197     5247 
    5285     5324     5360     5390     5422     5455     5468     5474 
    5476     5464     5445     5433     5422     5416     5424     5435 
    5443     5455     5460     5466     5486     5513     5539     5579 
    5636     5689     5742     5798     5845     5886     5926     5961 
    5998     6044     6084     6114     6143     6168     6180     6189 
    6184     6161     6139     6110     6073     6039     6006     5976 
    5956     5940     5919     5902     5895     5877     5857     5842 
    5811     5772     5746     5727     5713     5705     5691     5670 
    5653     5637     5614     5601     5597     5590     5595     5590 
    5562     5525     5478     5408     5332     5247     5143     5036 
    4935     4822     4710     4623     4542     4471     4423     4392 
    4374     4379     4401     4429     4471     4521     4568     4615 
    4662     4710     4762     4820     4873     4922     4963     4989 
    5007     5020     5022     5016     5007     4993     4970     4941 
    4895     4835     4776     4715     4652     4598     4552     4513 
    4488     4479     4480     4500     4537     4572     4614     4664 
    4706     4750     4801     4849     4896     4950     4996     5034 
    5073     5104     5125     5154     5177     5177     5173     5162 
    5125     5076     5027     4969     4907     4850     4795     4746 
    4706     4668     4638     4634     4642     4658     4692     4738 
    4797     4878     4959     5035     5113     5186     5251     5316 
    5371     5416     5463     5505     5526     5547     5574     5585 
    5576     5559     5528     5489     5451     5416     5383     5367 
    5356     5343     5336     5324     5296     5271     5254     5238 
    5235     5247     5263     5298     5344     5390     5435     5471 
    5489     5490     5489     5481     5474     5483     5499     5517 
    5539     5552     5555     5564     5571     5559     5549     5545 
    5528     5513     5505     5493     5475     5452     5417     5373 
    5324     5270     5217     5174     5136     5101     5078     5054 
    5022     4993     4972     4951     4950     4965     4989     5030 
    5080     5123     5166     5212     5242     5262     5289     5304 
    5305     5314     5319     5314     5309     5296     5273     5252 
    5225     5188     5146     5097     5027     4953     4874     4792 
    4725     4671     4621     4595     4591     4591     4596     4617 
    4644     4677     4718     4764     4820     4888     4956     5027 
    5104     5171     5235     5305     5375     5436     5497     5562 
    5616     5664     5702     5713     5709     5699     5674     5640 
    5603     5552     5498     5452     5394     5328     5271     5225 
    5186     5166     5162     5169     5190     5224     5268     5325 
    5389     5452     5519     5590     5656     5725     5798     5872 
    5940     6002     6039     6062     6085     6088     6077     6070 
    6054     6027     6002     5967     5913     5850     5776     5687 
    5593     5493     5389     5297     5219     5151     5101     5074 
    5054     5050     5067     5090     5123     5173     5220     5262 
    5309     5350     5381     5418     5458     5489     5526     5566 
    5601     5647     5697     5736     5775     5819     5845     5859 
    5869     5863     5844     5821     5784     5741     5706     5674 
    5643     5626     5629     5644     5680     5732     5786     5845 
    5908     5964     6018     6068     6106     6142     6180     6210 
    6237     6261     6276     6288     6301     6296     6269     6245 
    6214     6168     6130     6112     6096     6089     6091     6081 
    6061     6035     5988     5934     5892     5850     5806     5778 
    5759     5752     5767     5787     5813     5854     5900     5944 
    5991     6022     6034     6039     6033     6006     5976     5948 
    5906     5859     5813     5760     5709     5668     5629     5597 
    5579     5559     5544     5549     5564     5589     5636     5697 
    5764     5852     5949     6044     6145     6242     6323     6397 
    6460     6500     6531     6567     6588     6602     6628     6646 
    6652     6659     6658     6646     6629     6600     6558     6508 
    6448     6384     6327     6276     6223     6176     6139     6102 
    6068     6049     6030     6011     6002     5985     5968     5953 
    5929     5900     5880     5853     5821     5796     5768     5736 
    5703     5664     5621     5578     5536     5497     5467     5445 
    5428     5420     5418     5417     5422     5433     5436     5439 
    5445     5441     5432     5421     5404     5377     5355     5333 
    5312     5300     5294     5290     5302     5327     5348     5377 
    5413     5448     5481     5524     5568     5611     5655     5686 
    5705     5719     5722     5703     5675     5636     5580     5519 
    5454     5383     5323     5265     5198     5140     5085     5024 
    4980     4949     4918     4899     4895     4885     4889     4914 
    4943     4988     5050     5112     5177     5250     5320     5383 
    5445     5498     5533     5560     5576     5576     5571     5562 
    5544     5518     5483     5432     5371     5310     5240     5167 
    5103     5034     4963     4911     4866     4828     4807     4789 
    4769     4766     4776     4783     4795     4816     4834     4860 
    4889     4907     4928     4958     4982     5007     5032     5051 
    5067     5088     5105     5124     5152     5185     5217     5262 
    5308     5347     5389     5432     5466     5498     5525     5529 
    5529     5532     5517     5503     5499     5489     5478     5475 
    5471     5466     5460     5452     5443     5441     5447     5452 
    5466     5481     5499     5535     5571     5595     5626     5661 
    5689     5724     5756     5768     5769     5768     5757     5737 
    5719     5699     5680     5672     5659     5632     5603     5570 
    5522     5476     5431     5385     5350     5325     5308     5309 
    5323     5339     5373     5417     5454     5486     5524     5552 
    5572     5593     5605     5609     5611     5605     5584     5559 
    5529     5487     5443     5397     5350     5313     5285     5266 
    5263     5273     5289     5317     5356     5389     5425     5468 
    5502     5530     5566     5593     5614     5651     5686     5710 
    5740     5772     5796     5822     5846     5857     5869     5883 
    5881     5867     5848     5815     5775     5738     5701     5664 
    5637     5607     5572     5537     5493     5443     5401     5350 
    5292     5243     5200     5151     5112     5081     5049     5032 
    5032     5027     5034     5054     5065     5074     5093     5111 
    5139     5181     5219     5260     5325     5393     5459     5536 
    5611     5672     5736     5795     5834     5864     5895     5915 
    5929     5940     5938     5934     5931     5918     5896     5877 
    5849     5817     5791     5760     5730     5717     5703     5683 
    5676     5675     5656     5645     5640     5626     5618     5607 
    5587     5575     5567     5545     5517     5485     5447     5410 
    5379     5346     5323     5317     5314     5320     5339     5356 
    5364     5385     5402     5410     5429     5455     5479     5512 
    5547     5567     5580     5602     5621     5632     5648     5663 
    5672     5680     5680     5674     5672     5668     5655     5645 
    5637     5621     5602     5582     5557     5539     5532     5521 
    5517     5525     5533     5541     5552     5563     5576     5599 
    5614     5623     5641     5653     5661     5675     5682     5683 
    5694     5710     5717     5732     5752     5767     5783     5807 
    5819     5825     5842     5852     5848     5837     5813     5778 
    5744     5707     5675     5664     5660     5655     5659     5660 
    5659     5665     5668     5663     5670     5680     5682     5686 
    5692     5692     5692     5701     5702     5697     5699     5701 
    5698     5701     5701     5697     5702     5706     5694     5679 
    5668     5655     5641     5625     5605     5593     5583     5570 
    5557     5545     5522     5502     5486     5464     5448     5448 
    5452     5455     5471     5491     5503     5518     5528     5526 
    5526     5525     5518     5514     5509     5494     5479     5463 
    5439     5417     5404     5382     5360     5355     5350     5339 
    5337     5336     5333     5339     5344     5346     5356     5367 
    5370     5377     5386     5385     5385     5387     5379     5373 
    5373     5367     5360     5355     5346     5335     5327     5317 
    5305     5297     5282     5258     5235     5212     5184     5161 
    5139     5113     5093     5078     5054     5036     5030     5015 
    4996     4981     4966     4958     4956     4946     4941     4953 
    4953     4942     4943     4943     4930     4920     4911     4889 
    4870     4851     4826     4806     4803     4806     4820     4851 
    4889     4939     4999     5044     5089     5139     5173     5198 
    5228     5255     5277     5300     5319     5329     5337     5336 
    5323     5317     5320     5317     5319     5329     5335     5339 
    5350     5358     5366     5382     5398     5417     5440     5454 
    5455     5462     5467     5464     5463     5462     5455     5447 
    5439     5427     5413     5395     5373     5352     5332     5305 
    5277     5250     5217     5193     5182     5174     5167     5169 
    5174     5173     5177     5181     5178     5181     5182     5179 
    5189     5202     5204     5206     5215     5211     5205     5205 
    5193     5181     5177     5164     5151     5147     5140     5131 
    5131     5134     5135     5150     5169     5188     5216     5247 
    5271     5306     5351     5383     5417     5458     5481     5497 
    5514     5509     5481     5454     5409     5355     5306     5250 
    5196     5162     5131     5098     5082     5071     5054     5040 
    5031     5015     5004     5003     4997     4996     4999     4999 
    5007     5023     5035     5051     5078     5103     5128     5163 
    5202     5243     5287     5328     5362     5395     5417     5425 
    5433     5436     5429     5418     5404     5379     5355     5339 
    5325     5316     5316     5313     5304     5298     5289     5278 
    5277     5277     5271     5271     5273     5270     5271     5271 
    5262     5259     5268     5278     5298     5333     5368     5413 
    5470     5524     5580     5640     5691     5736     5783     5819 
    5849     5880     5907     5926     5953     5975     5985     5998 
    6002     5988     5973     5960     5935     5911     5902     5894 
    5892     5904     5918     5931     5952     5965     5967     5976 
    5980     5977     5985     5988     5979     5981     5991     5988 
    5988     5995     5995     6000     6006     5998     5996     6012 
    6021     6030     6046     6050     6049     6052     6043     6019 
    5998     5973     5940     5904     5867     5818     5776     5740 
    5692     5656     5632     5607     5597     5599     5598     5605 
    5625     5644     5660     5683     5707     5729     5757     5780 
    5798     5831     5861     5883     5904     5919     5922     5915 
    5900     5875     5849     5826     5798     5771     5752     5736 
    5724     5715     5701     5686     5675     5664     5659     5668 
    5674     5671     5678     5689     5692     5702     5718     5727 
    5749     5779     5802     5834     5873     5899     5919     5944 
    5961     5977     5998     6012     6023     6041     6058     6061 
    6062     6062     6050     6042     6039     6029     6021     6012 
    5992     5968     5944     5904     5864     5834     5798     5760 
    5736     5713     5686     5668     5651     5621     5595     5572 
    5543     5516     5486     5448     5418     5402     5377     5355 
    5343     5325     5305     5286     5255     5225     5205     5179 
    5159     5157     5161     5159     5157     5146     5127     5111 
    5089     5057     5027     4997     4955     4916     4882     4839 
    4796     4758     4714     4669     4638     4614     4590     4580 
    4583     4590     4606     4629     4649     4679     4712     4731 
    4750     4765     4765     4762     4758     4738     4718     4700 
    4677     4664     4658     4645     4635     4633     4629     4630 
    4645     4658     4671     4693     4718     4742     4776     4812 
    4845     4887     4934     4974     5023     5076     5120     5166 
    5225     5279     5327     5377     5417     5448     5487     5518 
    5544     5574     5595     5609     5626     5637     5636     5638 
    5644     5647     5664     5694     5730     5776     5821     5857 
    5898     5940     5972     6003     6038     6073     6108     6150 
    6186     6216     6247     6272     6289     6316     6343     6359 
    6384     6409     6423     6436     6447     6448     6458     6473 
    6473     6469     6469     6455     6434     6413     6385     6356 
    6339     6315     6289     6269     6246     6216     6193     6176 
    6157     6143     6134     6115     6099     6083     6058     6039 
    6026     6006     5996     5998     5995     5989     5988     5980 
    5967     5961     5956     5938     5923     5910     5888     5864 
    5836     5793     5752     5713     5663     5616     5580     5543 
    5513     5498     5479     5467     5470     5471     5470     5481 
    5489     5487     5490     5493     5489     5486     5479     5456 
    5435     5416     5385     5352     5328     5300     5277     5265 
    5250     5239     5233     5224     5220     5221     5217     5223 
    5243     5263     5285     5310     5328     5339     5350     5351 
    5351     5358     5363     5363     5370     5377     5374     5374 
    5377     5367     5355     5346     5325     5304     5293     5281 
    5271     5268     5258     5240     5228     5213     5186     5157 
    5123     5084     5046     5013     4972     4931     4905     4880 
    4857     4842     4826     4812     4810     4810     4814     4838 
    4870     4905     4953     5003     5046     5093     5138     5169 
    5202     5235     5258     5279     5301     5312     5323     5337 
    5346     5354     5366     5371     5371     5370     5356     5339 
    5329     5316     5297     5290     5289     5283     5286     5293 
    5289     5290     5300     5300     5308     5327     5341     5362 
    5389     5405     5416     5429     5433     5428     5424     5410 
    5393     5377     5358     5339     5327     5313     5296     5290 
    5286     5273     5267     5265     5251     5244     5246     5235 
    5231     5248     5260     5271     5300     5325     5350     5389 
    5428     5462     5502     5540     5566     5593     5614     5618 
    5623     5629     5626     5625     5628     5621     5610     5602 
    5589     5579     5583     5582     5579     5589     5594     5593 
    5595     5590     5574     5562     5547     5521     5502     5494 
    5483     5481     5493     5498     5508     5525     5540     5555 
    5576     5599     5620     5647     5671     5694     5719     5734 
    5740     5738     5722     5692     5659     5614     5562     5514 
    5471     5421     5381     5351     5321     5300     5293     5282 
    5270     5273     5273     5268     5278     5281     5268     5255 
    5235     5215     5198     5186     5174     5174     5175     5173 
    5178     5182     5177     5178     5182     5169     5162     5163 
    5158     5157     5162     5159     5158     5166     5169     5174 
    5190     5196     5194     5204     5208     5204     5211     5215 
    5209     5206     5200     5179     5158     5138     5109     5086 
    5080     5071     5066     5080     5093     5108     5138     5166 
    5184     5206     5235     5260     5293     5323     5341     5363 
    5383     5386     5390     5401     5404     5409     5417     5414 
    5414     5418     5413     5408     5409     5408     5406     5413 
    5421     5425     5439     5456     5463     5481     5505     5522 
    5543     5567     5578     5587     5597     5597     5595     5598 
    5593     5587     5583     5576     5570     5566     5555     5543 
    5536     5521     5499     5486     5468     5440     5416     5389 
    5347     5313     5289     5258     5229     5211     5190     5175 
    5169     5161     5158     5163     5167     5174     5197     5211 
    5217     5232     5242     5239     5238     5232     5219     5216 
    5215     5202     5194     5193     5190     5190     5190     5186 
    5185     5189     5185     5177     5174     5169     5163     5162 
    5157     5147     5139     5130     5115     5103     5092     5082 
    5084     5093     5100     5113     5142     5166     5185     5206 
    5224     5242     5271     5297     5316     5339     5362     5379 
    5400     5420     5439     5464     5489     5509     5536     5562 
    5579     5601     5625     5640     5656     5679     5694     5709 
    5721     5724     5722     5724     5717     5711     5710     5703 
    5694     5687     5676     5663     5655     5647     5633     5632 
    5636     5628     5623     5630     5629     5625     5632     5630 
    5623     5622     5616     5602     5590     5575     5549     5532 
    5518     5509     5506     5502     5489     5476     5466     5447 
    5431     5421     5409     5405     5406     5400     5394     5393 
    5389     5391     5404     5413     5428     5458     5489     5518 
    5560     5603     5637     5676     5715     5741     5760     5782 
    5793     5800     5807     5810     5810     5815     5817     5817 
    5823     5826     5817     5809     5798     5776     5753     5727 
    5702     5684     5664     5637     5623     5616     5603     5601 
    5606     5607     5609     5621     5630     5644     5672     5701 
    5727     5772     5814     5853     5906     5956     5988     6018 
    6039     6049     6064     6077     6079     6077     6076     6072 
    6077     6085     6079     6066     6058     6046     6034     6030 
    6016     5998     5995     5996     5994     5998     5996     5984 
    5987     5994     5989     5999     6018     6025     6039     6070 
    6099     6123     6150     6160     6165     6178     6181     6174 
    6169     6156     6137     6124     6112     6092     6075     6056 
    6031     6011     5994     5968     5949     5935     5919     5906 
    5902     5888     5873     5864     5845     5822     5811     5796 
    5782     5778     5769     5753     5749     5741     5722     5711 
