Origin Time       2016/04/16 01:25:00
Lat.              32.753
Long.             130.762
Depth. (km)       12
Mag.              7.3
Station Code      KYT002
Station Lat.      35.6037
Station Long.     134.8941
Station Height(m) 3
Record Time       2016/04/16 01:27:28
Sampling Freq(Hz) 100Hz
Duration Time(s)  68
Dir.              N-S
Scale Factor      7845(gal)/8223790
Max. Acc. (gal)   2.703
Last Correction   2016/04/16 01:27:29
Memo.             
    1647     1630     1610     1584     1556     1525     1497     1464 
    1428     1390     1352     1317     1287     1259     1232     1202 
    1173     1158     1148     1136     1132     1133     1143     1163 
    1189     1217     1247     1282     1324     1366     1408     1445 
    1479     1518     1556     1582     1601     1618     1632     1647 
    1656     1655     1647     1637     1629     1621     1602     1579 
    1559     1535     1509     1480     1452     1425     1398     1378 
    1362     1340     1324     1317     1313     1314     1321     1325 
    1336     1355     1371     1391     1412     1426     1447     1468 
    1490     1509     1532     1556     1582     1606     1634     1656 
    1671     1691     1714     1729     1745     1757     1759     1757 
    1752     1738     1714     1684     1648     1605     1560     1509 
    1451     1395     1339     1278     1221     1166     1111     1067 
    1030      992      962      942      929      927      928      942 
     967     1000     1046     1098     1156     1227     1306     1387 
    1470     1551     1630     1711     1790     1858     1919     1968 
    2010     2045     2062     2070     2072     2066     2050     2020 
    1985     1944     1892     1836     1772     1706     1640     1571 
    1498     1428     1360     1287     1217     1154     1096     1046 
    1003      967      939      923      922      924      934      954 
     981     1019     1069     1121     1178     1240     1302     1363 
    1424     1479     1530     1580     1630     1668     1699     1728 
    1745     1759     1768     1763     1755     1744     1725     1701 
    1667     1622     1576     1528     1478     1424     1368     1320 
    1278     1239     1205     1173     1146     1127     1113     1104 
    1098     1094     1100     1107     1116     1132     1144     1159 
    1177     1200     1225     1246     1270     1297     1318     1337 
    1356     1364     1366     1364     1358     1351     1336     1316 
    1298     1278     1258     1242     1228     1219     1212     1212 
    1210     1208     1212     1215     1219     1225     1227     1227 
    1232     1240     1252     1266     1278     1300     1324     1343 
    1364     1385     1402     1414     1424     1428     1428     1422 
    1418     1409     1395     1379     1356     1337     1325     1314 
    1308     1305     1301     1301     1302     1302     1300     1290 
    1282     1278     1266     1255     1246     1233     1228     1225 
    1221     1224     1227     1229     1243     1258     1270     1282 
    1304     1328     1350     1372     1398     1426     1459     1495 
    1530     1559     1588     1618     1645     1665     1680     1691 
    1701     1710     1710     1701     1688     1674     1661     1648 
    1629     1609     1582     1551     1524     1494     1455     1416 
    1378     1341     1308     1281     1251     1224     1202     1188 
    1175     1166     1158     1155     1162     1169     1178     1193 
    1209     1233     1269     1308     1345     1386     1433     1486 
    1534     1579     1622     1663     1702     1736     1761     1786 
    1813     1830     1844     1856     1858     1852     1848     1842 
    1826     1803     1773     1738     1701     1658     1609     1560 
    1512     1457     1405     1359     1306     1254     1212     1173 
    1139     1107     1077     1051     1036     1030     1026     1032 
    1043     1060     1086     1117     1151     1189     1230     1273 
    1314     1354     1391     1431     1468     1503     1532     1554 
    1574     1587     1598     1606     1609     1606     1602     1593 
    1578     1557     1533     1502     1470     1441     1412     1379 
    1350     1324     1302     1281     1256     1239     1228     1223 
    1224     1228     1236     1247     1262     1282     1304     1325 
    1354     1386     1421     1457     1486     1514     1548     1575 
    1597     1618     1632     1637     1641     1642     1637     1624 
    1606     1580     1547     1514     1476     1435     1393     1352 
    1308     1266     1228     1193     1163     1139     1121     1113 
    1113     1120     1139     1162     1190     1225     1267     1310 
    1355     1398     1444     1493     1543     1584     1621     1652 
    1679     1703     1725     1742     1752     1753     1752     1748 
    1733     1709     1680     1652     1618     1580     1544     1507 
    1474     1448     1421     1391     1368     1350     1337     1332 
    1328     1327     1333     1348     1368     1386     1402     1422 
    1449     1480     1509     1540     1571     1601     1628     1653 
    1674     1688     1705     1715     1726     1733     1732     1728 
    1721     1707     1696     1677     1649     1622     1597     1567 
    1532     1494     1452     1417     1386     1350     1308     1275 
    1247     1221     1205     1189     1169     1156     1155     1155 
    1151     1152     1161     1169     1183     1205     1220     1232 
    1254     1277     1298     1318     1336     1356     1377     1394 
    1408     1414     1417     1417     1416     1413     1404     1386 
    1374     1367     1358     1340     1320     1301     1282     1266 
    1248     1229     1213     1197     1188     1182     1174     1173 
    1181     1197     1220     1246     1269     1297     1334     1372 
    1409     1443     1471     1498     1532     1561     1583     1606 
    1634     1663     1688     1711     1732     1744     1752     1765 
    1772     1767     1752     1737     1729     1721     1703     1680 
    1655     1638     1624     1610     1598     1584     1580     1576 
    1572     1572     1564     1563     1567     1567     1559     1545 
    1537     1528     1514     1507     1498     1490     1482     1471 
    1463     1451     1443     1445     1447     1453     1456     1455 
    1462     1471     1491     1507     1517     1539     1560     1586 
    1617     1632     1652     1674     1695     1718     1729     1742 
    1752     1763     1781     1784     1776     1767     1755     1742 
    1719     1691     1660     1626     1599     1570     1533     1498 
    1464     1436     1412     1386     1362     1332     1313     1302 
    1282     1259     1239     1223     1216     1206     1198     1192 
    1185     1189     1193     1201     1208     1208     1217     1229 
    1242     1252     1262     1281     1300     1321     1340     1348 
    1364     1383     1401     1420     1431     1441     1455     1467 
    1475     1475     1474     1474     1467     1460     1451     1435 
    1422     1405     1395     1390     1374     1359     1348     1343 
    1345     1344     1341     1347     1359     1379     1397     1412 
    1429     1453     1483     1509     1540     1571     1598     1626 
    1652     1674     1688     1699     1710     1713     1713     1710 
    1695     1682     1665     1641     1615     1588     1559     1537 
    1514     1493     1472     1452     1441     1431     1420     1409 
    1401     1402     1408     1409     1410     1410     1424     1443 
    1457     1476     1499     1524     1556     1587     1615     1648 
    1684     1722     1764     1803     1840     1880     1918     1954 
    1992     2025     2053     2074     2092     2107     2111     2111 
    2104     2091     2069     2043     2004     1961     1921     1875 
    1826     1777     1729     1680     1630     1584     1537     1489 
    1443     1399     1360     1325     1289     1254     1230     1217 
    1208     1198     1192     1190     1198     1210     1216     1221 
    1229     1239     1254     1263     1263     1267     1277     1287 
    1296     1297     1294     1294     1296     1298     1293     1279 
    1266     1258     1251     1236     1217     1205     1193     1181 
    1173     1161     1144     1135     1128     1119     1102     1084 
    1065     1048     1039     1028     1008      985      967      954 
     940      923      903      892      886      886      881      873 
     874      885      899      912      922      932      949      963 
     976      986      993     1004     1024     1047     1062     1063 
    1073     1093     1109     1120     1123     1129     1142     1151 
    1165     1170     1163     1166     1174     1183     1193     1196 
    1197     1204     1223     1248     1260     1263     1275     1287 
    1301     1312     1308     1298     1282     1262     1246     1223 
    1192     1170     1150     1129     1107     1081     1065     1057 
    1046     1039     1035     1034     1034     1035     1043     1050 
    1051     1059     1069     1084     1104     1119     1143     1179 
    1215     1254     1289     1321     1367     1416     1463     1514 
    1560     1603     1647     1687     1721     1749     1777     1814 
    1850     1876     1887     1898     1917     1942     1960     1960 
    1952     1946     1937     1918     1899     1873     1846     1821 
    1791     1752     1699     1651     1611     1570     1524     1479 
    1433     1395     1375     1356     1329     1304     1286     1279 
    1278     1273     1264     1259     1263     1273     1281     1289 
    1297     1312     1327     1332     1347     1364     1379     1394 
    1410     1418     1421     1425     1437     1447     1445     1445 
    1447     1439     1426     1422     1426     1426     1420     1409 
    1398     1387     1379     1374     1368     1367     1370     1371 
    1370     1362     1360     1366     1367     1372     1386     1391 
    1398     1412     1420     1428     1431     1435     1452     1475 
    1490     1493     1491     1498     1502     1493     1485     1476 
    1475     1480     1470     1451     1444     1436     1429     1428 
    1429     1426     1421     1420     1421     1417     1413     1409 
    1412     1420     1417     1405     1404     1404     1405     1405 
    1395     1383     1375     1360     1340     1314     1289     1269 
    1247     1228     1205     1175     1148     1129     1117     1107 
    1090     1078     1081     1086     1089     1094     1101     1116 
    1139     1165     1192     1216     1244     1275     1308     1344 
    1371     1401     1437     1464     1485     1509     1530     1553 
    1578     1597     1610     1625     1636     1644     1655     1660 
    1656     1653     1656     1653     1648     1641     1621     1605 
    1595     1580     1567     1554     1537     1522     1509     1497 
    1480     1457     1431     1408     1386     1367     1344     1312 
    1277     1237     1190     1151     1129     1115     1098     1071 
    1038     1015     1015     1019     1000      970      947      939 
     943      954      962      970      978      989     1009     1047 
    1104     1148     1171     1213     1266     1279     1290     1354 
    1410     1431     1471     1506     1513     1533     1564     1590 
    1610     1597     1580     1588     1586     1580     1599     1610 
    1598     1588     1583     1578     1567     1559     1574     1582 
    1557     1557     1583     1575     1570     1597     1613     1605 
    1599     1617     1636     1629     1628     1642     1636     1606 
    1594     1572     1533     1518     1509     1471     1424     1370 
    1313     1275     1247     1230     1224     1209     1179     1150 
    1146     1152     1169     1213     1247     1266     1321     1382 
    1421     1482     1567     1641     1705     1777     1875     1962 
    2023     2074     2115     2153     2200     2228     2238     2231 
    2211     2189     2135     2062     2000     1933     1857     1769 
    1675     1594     1509     1405     1302     1228     1169     1085 
    1003      953      905      862      827      803      807      828 
     851      859      880      946     1016     1071     1138     1216 
    1308     1405     1490     1552     1620     1705     1761     1803 
    1844     1864     1871     1877     1878     1867     1840     1804 
    1745     1690     1644     1570     1482     1395     1312     1230 
    1140     1067     1011      957      918      861      800      781 
     777      769      766      777      804      824      835      857 
     897      935      967     1017     1059     1089     1128     1146 
    1170     1206     1220     1229     1223     1198     1188     1178 
    1150     1093     1051     1039     1009      959      919      897 
     854      797      767      739      728      738      715      696 
     697      692      707      747      785      815      842      866 
     903      969     1024     1067     1139     1198     1205     1197 
    1230     1293     1314     1301     1286     1264     1259     1233 
    1177     1143     1104     1051      996      942      900      854 
     807      749      681      648      615      572      550      535 
     515      491      493      517      523      545      577      612 
     675      735      805      889      953     1017     1089     1166 
    1254     1327     1391     1457     1520     1587     1644     1683 
    1729     1779     1811     1825     1838     1850     1846     1838 
    1826     1806     1776     1746     1719     1692     1649     1593 
    1566     1580     1572     1499     1405     1375     1416     1433 
    1374     1304     1296     1341     1367     1355     1323     1313 
    1402     1485     1471     1468     1491     1528     1642     1759 
    1781     1798     1887     1998     2081     2126     2149     2205 
    2313     2427     2463     2432     2458     2535     2578     2565 
    2508     2504     2554     2497     2371     2301     2231     2133 
    2045     1939     1783     1641     1570     1494     1374     1252 
    1132     1011      907      830      767      704      672      645 
     585      532      503      517      575      591      579      629 
     704      770      831      885      980     1097     1190     1279 
    1358     1431     1534     1641     1744     1841     1898     1946 
    2016     2102     2199     2261     2288     2340     2388     2412 
    2455     2496     2519     2528     2540     2582     2619     2639 
    2659     2647     2654     2693     2710     2744     2783     2795 
    2820     2826     2837     2886     2909     2905     2902     2857 
    2802     2797     2806     2792     2749     2681     2594     2511 
    2461     2415     2328     2231     2147     2064     1958     1826 
    1702     1615     1502     1340     1240     1228     1185     1050 
     935      926      903      845      815      783      818      908 
     907      870      872      893      976     1073     1121     1185 
    1291     1367     1364     1337     1398     1516     1549     1571 
    1663     1680     1580     1490     1485     1533     1485     1317 
    1209     1206     1181     1077      918      757      654      604 
     557      444      291      209      164       63      -27      -35 
     -36      -83     -131     -126      -91      -82      -95      -79 
     -22       52      125      183      218      249      279      322 
     383      434      487      573      638      654      661      670 
     681      710      761      810      820      819      841      884 
     927      924      882      897      969     1008     1013     1013 
    1015     1036     1081     1123     1135     1140     1158     1179 
    1192     1182     1197     1233     1229     1209     1198     1167 
    1112     1053     1030     1042     1008      928      872      843 
     816      780      734      711      712      708      702      706 
     718      741      787      841      889      939      994     1063 
    1148     1250     1351     1437     1528     1622     1676     1723 
    1819     1927     2004     2064     2138     2212     2246     2241 
    2253     2281     2281     2270     2270     2251     2209     2157 
    2083     1984     1891     1823     1761     1676     1586     1499 
    1386     1260     1165     1094     1024      947      857      751 
     676      642      602      532      477      457      446      405 
     342      322      365      413      417      399      407      464 
     532      561      587      652      710      735      774      842 
     916      972      997     1000     1016     1059     1115     1155 
    1174     1183     1196     1225     1254     1274     1310     1344 
    1374     1431     1467     1453     1486     1575     1634     1676 
    1746     1817     1878     1949     2019     2089     2158     2227 
    2299     2371     2425     2455     2492     2527     2535     2533 
    2532     2506     2467     2419     2347     2286     2224     2123 
    2015     1911     1800     1706     1611     1493     1363     1242 
    1142     1051      965      890      820      747      679      635 
     623      633      643      649      648      656      708      789 
     870      945     1007     1067     1147     1240     1323     1394 
    1462     1514     1564     1632     1692     1714     1715     1729 
    1760     1779     1755     1702     1679     1695     1718     1702 
    1636     1568     1535     1516     1494     1486     1480     1464 
    1452     1444     1429     1425     1444     1479     1516     1551 
    1603     1664     1702     1728     1776     1852     1929     1996 
    2058     2119     2181     2235     2272     2301     2342     2384 
    2411     2421     2423     2421     2421     2411     2378     2331 
    2292     2254     2196     2110     2015     1939     1877     1807 
    1721     1629     1530     1420     1327     1269     1223     1171 
    1127     1097     1075     1053     1048     1077     1123     1166 
    1220     1298     1381     1453     1539     1641     1741     1845 
    1960     2065     2154     2235     2312     2388     2452     2497 
    2525     2538     2521     2482     2430     2365     2288     2196 
    2104     2001     1880     1742     1593     1445     1308     1178 
    1062      942      816      699      591      491      406      348 
     307      279      272      268      263      279      322      378 
     436      495      560      634      708      788      870      954 
    1053     1165     1270     1363     1441     1505     1574     1653 
    1734     1806     1861     1902     1930     1958     1992     2022 
    2033     2042     2062     2076     2065     2043     2031     2027 
    2019     2010     1996     1977     1966     1975     1991     2003 
    2019     2056     2118     2180     2227     2290     2376     2467 
    2556     2641     2728     2816     2899     2974     3049     3129 
    3207     3279     3348     3411     3464     3510     3551     3581 
    3596     3608     3619     3618     3600     3569     3530     3497 
    3469     3433     3381     3319     3258     3200     3142     3099 
    3076     3053     3015     2971     2934     2911     2901     2901 
    2906     2906     2910     2921     2924     2907     2887     2886 
    2893     2879     2853     2839     2833     2821     2786     2737 
    2688     2646     2606     2558     2505     2461     2413     2361 
    2309     2255     2205     2161     2114     2062     2014     1973 
    1949     1927     1900     1877     1852     1818     1779     1742 
    1718     1696     1669     1636     1595     1556     1517     1468 
    1414     1351     1287     1229     1174     1120     1063     1004 
     943      877      804      738      692      660      626      589 
     553      533      525      532      552      569      592      621 
     652      696      746      804      877      951     1019     1080 
    1142     1208     1266     1312     1355     1390     1410     1418 
    1405     1381     1356     1318     1271     1216     1155     1101 
    1044      990      943      889      831      783      751      731 
     714      700      699      711      741      784      831      885 
     946     1012     1085     1156     1216     1282     1362     1429 
    1471     1503     1528     1551     1572     1590     1579     1540 
    1501     1474     1431     1366     1286     1202     1117     1035 
     942      847      767      688      606      526      449      386 
     341      314      307      311      321      348      396      472 
     571      676      788      926     1074     1228     1387     1541 
    1701     1856     1998     2138     2272     2392     2493     2575 
    2641     2681     2690     2694     2690     2647     2570     2479 
    2378     2262     2118     1954     1783     1593     1402     1213 
    1017      815      612      429      268      116      -27     -144 
    -233     -298     -342     -360     -355     -325     -263     -178 
     -83       21      140      278      434      592      743      901 
    1062     1220     1368     1506     1632     1737     1826     1906 
    1962     1996     2011     2010     2004     1982     1935     1878 
    1814     1750     1696     1634     1570     1517     1474     1448 
    1436     1431     1443     1482     1543     1614     1701     1800 
    1919     2057     2200     2344     2489     2647     2816     2975 
    3137     3294     3435     3577     3730     3861     3963     4060 
    4140     4194     4240     4268     4263     4233     4195     4135 
    4044     3943     3820     3685     3553     3404     3240     3071 
    2902     2740     2578     2420     2280     2142     2015     1918 
    1836     1761     1703     1665     1658     1674     1699     1749 
    1814     1894     2006     2121     2239     2380     2525     2668 
    2821     2967     3103     3238     3376     3504     3622     3728 
    3815     3883     3947     4010     4051     4069     4081     4085 
    4072     4040     3996     3944     3888     3823     3750     3680 
    3603     3518     3433     3346     3264     3179     3088     3006 
    2930     2857     2776     2685     2604     2529     2450     2371 
    2295     2215     2133     2046     1952     1848     1742     1642 
    1541     1436     1327     1200     1074      955      827      700 
     584      469      352      233      129       39      -49     -121 
    -184     -236     -265     -303     -342     -351     -353     -356 
    -344     -337     -330     -298     -268     -240     -191     -156 
    -126      -83      -47        1       44       65      103      149 
     198      255      297      342      392      444      522      594 
     649      720      800      890      987     1080     1165     1254 
    1360     1466     1561     1664     1761     1852     1938     2020 
    2110     2209     2289     2347     2411     2474     2546     2623 
    2660     2685     2733     2772     2790     2795     2786     2790 
    2798     2783     2762     2740     2709     2666     2613     2565 
    2527     2477     2416     2362     2317     2276     2223     2158 
    2101     2057     2007     1946     1899     1871     1836     1794 
    1765     1753     1748     1738     1710     1684     1677     1679 
    1677     1675     1665     1647     1622     1595     1556     1518 
    1482     1437     1397     1358     1300     1229     1156     1081 
    1013      950      889      827      764      712      681      666 
     657      652      642      635      643      669      700      745 
     808      873      945     1032     1120     1198     1256     1304 
    1360     1426     1485     1518     1528     1528     1516     1491 
    1453     1397     1327     1255     1179     1094      996      877 
     751      629      518      418      311      199      106       32 
     -23      -65      -76      -65      -47      -14       23       71 
     144      246      373      513      652      792      938     1088 
    1248     1412     1566     1715     1856     1988     2111     2212 
    2289     2350     2413     2475     2513     2520     2496     2455 
    2415     2366     2296     2205     2104     1995     1878     1764 
    1647     1528     1416     1308     1212     1133     1084     1057 
    1047     1047     1057     1081     1128     1210     1314     1416 
    1525     1656     1809     1971     2123     2265     2401     2539 
    2681     2814     2924     3013     3090     3153     3213     3256 
    3271     3261     3227     3176     3114     3030     2925     2794 
    2655     2512     2354     2180     1999     1817     1638     1467 
    1302     1140      981      838      715      608      517      444 
     383      336      307      303      319      344      373      403 
     444      500      557      619      688      751      805      851 
     897      927      929      916      884      845      797      724 
     626      515      398      274      148       11     -129     -271 
    -409     -529     -635     -738     -831     -912     -974    -1017 
   -1046    -1067    -1067    -1043    -1012     -967     -900     -826 
    -749     -666     -569     -464     -356     -243     -131      -22 
      83      172      241      291      334      372      399      418 
     418      390      341      288      234      176      129       79 
      20      -44     -129     -233     -330     -411     -479     -526 
    -561     -591     -622     -668     -714     -738     -738     -718 
    -691     -660     -622     -581     -546     -514     -473     -414 
    -333     -241     -153      -71        2       71      126      170 
     210      245      283      322      349      368      383      395 
     406      414      418      414      400      370      334      288 
     236      180      121       60        5      -36      -67      -98 
    -122     -133     -136     -129     -110      -83      -47        1 
      59      122      191      268      348      433      521      614 
     712      805      888      958     1026     1088     1144     1192 
    1221     1237     1240     1233     1219     1189     1143     1089 
    1026      949      870      787      700      619      535      444 
     348      249      159       76       -8      -94     -180     -257 
    -330     -403     -471     -526     -583     -633     -676     -722 
    -762     -796     -827     -849     -868     -890     -913     -932 
    -946     -954     -967     -986    -1005    -1019    -1030    -1042 
   -1053    -1062    -1078    -1092    -1098    -1101    -1097    -1090 
   -1081    -1059    -1039    -1023     -994     -967     -938     -890 
    -843     -792     -733     -672     -616     -562     -502     -422 
    -340     -263     -191     -131      -78      -13       51      114 
     170      211      252      292      330      368      400      436 
     477      525      575      625      676      737      804      869 
     932     1003     1080     1158     1237     1317     1395     1471 
    1549     1625     1691     1755     1819     1883     1944     1995 
    2037     2066     2088     2102     2111     2114     2104     2085 
    2060     2023     1973     1911     1844     1779     1715     1645 
    1571     1494     1416     1339     1263     1200     1147     1094 
    1044     1000      951      907      884      880      882      890 
     905      928      962     1005     1065     1135     1212     1286 
    1362     1436     1503     1570     1632     1695     1752     1794 
    1822     1840     1849     1850     1849     1840     1811     1768 
    1717     1656     1582     1490     1385     1275     1161     1039 
     913      783      656      531      414      303      199      102 
      18      -54     -117     -170     -216     -248     -259     -263 
    -259     -244     -214     -175     -128      -60       14       93 
     180      275      375      480      587      697      811      912 
    1007     1102     1194     1287     1379     1459     1532     1597 
    1663     1729     1784     1836     1887     1935     1991     2038 
    2081     2126     2174     2223     2270     2309     2349     2392 
    2428     2465     2494     2512     2533     2558     2586     2612 
    2624     2632     2639     2647     2655     2656     2652     2648 
    2643     2632     2613     2592     2573     2555     2535     2517 
    2498     2481     2471     2469     2469     2469     2473     2489 
    2511     2529     2544     2563     2589     2617     2655     2690 
    2714     2739     2774     2817     2853     2882     2906     2933 
    2963     2986     3009     3033     3052     3068     3079     3079 
    3071     3060     3048     3029     2999     2963     2921     2872 
    2822     2774     2712     2641     2574     2509     2447     2382 
    2311     2231     2151     2077     2004     1933     1861     1792 
    1725     1656     1593     1537     1489     1451     1418     1382 
    1337     1300     1277     1269     1264     1260     1260     1264 
    1273     1296     1321     1352     1387     1418     1452     1498 
    1551     1601     1648     1695     1745     1798     1857     1927 
    1992     2047     2107     2169     2232     2290     2338     2381 
    2419     2442     2461     2485     2517     2540     2540     2525 
    2516     2509     2498     2482     2455     2431     2409     2381 
    2355     2324     2286     2251     2214     2176     2139     2111 
    2097     2093     2087     2076     2079     2097     2126     2163 
    2201     2249     2303     2374     2446     2520     2605     2683 
    2763     2848     2941     3040     3140     3250     3353     3449 
    3532     3605     3684     3753     3825     3879     3910     3939 
    3956     3978     3987     3978     3967     3947     3928     3898 
    3863     3828     3780     3731     3684     3634     3580     3510 
    3446     3383     3321     3275     3223     3176     3136     3087 
    3041     2994     2959     2938     2918     2894     2857     2829 
    2821     2818     2816     2795     2774     2771     2779     2799 
    2814     2821     2826     2830     2848     2859     2857     2863 
    2868     2893     2910     2902     2898     2891     2890     2891 
    2880     2874     2856     2841     2822     2792     2775     2747 
    2718     2698     2668     2647     2620     2597     2579     2554 
    2528     2488     2458     2435     2394     2370     2347     2317 
    2286     2242     2214     2188     2166     2151     2130     2121 
    2106     2084     2076     2068     2079     2088     2088     2101 
    2106     2115     2137     2162     2192     2204     2223     2255 
    2290     2323     2338     2361     2396     2417     2425     2421 
    2435     2459     2470     2469     2451     2446     2442     2434 
    2436     2428     2424     2423     2419     2425     2427     2438 
    2452     2469     2486     2489     2508     2544     2579     2613 
    2627     2648     2679     2714     2759     2795     2830     2857 
    2875     2894     2915     2952     2972     2986     2999     3001 
    3009     3010     3003     2995     2970     2947     2926     2901 
    2866     2818     2771     2724     2686     2650     2600     2544 
    2479     2423     2369     2309     2253     2195     2138     2072 
    2011     1968     1927     1888     1845     1814     1799     1784 
    1769     1748     1733     1733     1740     1740     1732     1744 
    1755     1753     1736     1710     1710     1713     1695     1658 
    1613     1582     1554     1525     1474     1404     1348     1301 
    1252     1181     1107     1050      984      916      845      774 
     712      649      595      546      518      486      422      361 
     322      324      338      328      306      301      328      359 
     388      417      442      493      553      602      634      669 
     737      804      870      936      980     1036     1112     1189 
    1251     1294     1324     1350     1394     1448     1512     1564 
    1587     1614     1641     1655     1660     1657     1664     1680 
    1702     1715     1694     1661     1630     1611     1603     1584 
    1557     1522     1485     1440     1375     1304     1230     1175 
    1129     1070      997      903      820      749      676      607 
     530      461      399      344      310      275      241      198 
     157      133       97       64       44       52       83      103 
     112      106      120      168      237      314      364      403 
     444      490      560      641      730      810      872      934 
     990     1057     1123     1179     1227     1248     1274     1308 
    1356     1410     1440     1448     1417     1371     1341     1318 
    1302     1256     1183     1102     1019      951      886      827 
     753      657      561      469      399      337      286      232 
     156      109       81       67       58       32       14       -5 
      -9       10       35       62       83      114      148      187 
     234      282      341      388      418      442      461      496 
     538      576      612      638      662      679      697      715 
     731      754      766      774      778      777      783      780 
     783      781      774      776      780      791      787      772 
     750      726      723      727      739      753      750      741 
     724      712      699      679      665      656      656      645 
     629      612      584      553      515      476      451      438 
     432      409      364      307      256      222      202      193 
     180      155      135      114       99       87       74       71 
      78       95       99       98       99       93       91       90 
      97      121      149      178      195      197      187      178 
     191      218      252      274      282      278      270      276 
     286      302      318      319      325      336      363      394 
     413      429      440      454      475      500      526      542 
     553      572      607      649      683      704      702      702 
     718      751      791      810      822      830      838      868 
     899      918      923      924      942      970      994     1000 
     999      996     1003     1030     1051     1057     1047     1031 
    1026     1023     1034     1044     1044     1036     1020     1012 
    1015     1017     1009      984      959      949      953      957 
     939      911      872      849      859      886      905      899 
     880      864      868      884      899      916      931      947 
     969      990     1015     1038     1063     1097     1133     1173 
    1201     1227     1255     1287     1323     1355     1386     1405 
    1413     1425     1435     1441     1441     1443     1447     1440 
    1435     1421     1405     1397     1385     1370     1348     1331 
    1310     1287     1274     1256     1246     1240     1228     1217 
    1209     1202     1200     1208     1220     1239     1266     1286 
    1304     1312     1318     1331     1348     1389     1426     1447 
    1467     1483     1499     1513     1520     1521     1524     1528 
    1534     1545     1548     1544     1535     1520     1497     1471 
    1452     1431     1405     1387     1367     1354     1345     1332 
    1328     1333     1348     1364     1372     1374     1386     1412 
    1441     1480     1532     1593     1657     1707     1742     1761 
    1780     1818     1867     1915     1964     2006     2034     2050 
    2057     2064     2076     2089     2097     2093     2077     2057 
    2038     2022     1996     1961     1926     1898     1877     1864 
    1845     1815     1784     1757     1738     1729     1722     1711 
    1702     1698     1705     1717     1728     1734     1736     1740 
    1749     1760     1773     1792     1802     1810     1818     1822 
    1830     1838     1844     1842     1830     1815     1803     1791 
    1768     1738     1715     1703     1692     1676     1652     1618 
    1587     1567     1556     1548     1534     1517     1502     1494 
    1493     1491     1490     1490     1490     1493     1503     1520 
    1535     1559     1582     1605     1628     1648     1675     1706 
    1732     1753     1779     1807     1837     1865     1884     1898 
    1914     1930     1949     1965     1975     1981     1992     1999 
    1999     1995     1980     1964     1956     1948     1933     1917 
    1892     1867     1849     1831     1806     1780     1757     1736 
    1715     1698     1679     1656     1642     1634     1620     1606 
    1595     1583     1576     1578     1575     1567     1572     1580 
    1586     1593     1597     1602     1615     1632     1648     1658 
    1671     1682     1694     1703     1713     1726     1742     1760 
    1769     1773     1775     1773     1776     1780     1788     1798 
    1800     1806     1807     1807     1807     1806     1809     1821 
    1836     1845     1852     1863     1875     1892     1906     1921 
    1939     1956     1977     1996     2010     2025     2045     2062 
    2077     2088     2097     2107     2116     2119     2123     2123 
    2120     2126     2130     2133     2137     2135     2130     2128 
    2124     2124     2123     2120     2120     2120     2115     2107 
    2098     2095     2095     2091     2088     2087     2089     2092 
    2089     2091     2092     2089     2085     2079     2077     2069 
    2062     2057     2049     2034     2015     2000     1991     1980 
    1965     1949     1935     1921     1910     1895     1877     1864 
    1849     1838     1826     1811     1795     1779     1767     1755 
    1744     1732     1719     1711     1706     1692     1683     1677 
    1669     1664     1663     1658     1649     1642     1640     1638 
    1630     1618     1606     1601     1597     1587     1572     1561 
    1553     1547     1535     1524     1516     1509     1506     1502 
    1494     1479     1470     1471     1474     1474     1474     1474 
    1482     1497     1513     1528     1541     1559     1583     1613 
    1636     1656     1675     1699     1729     1755     1779     1798 
    1813     1829     1844     1857     1864     1863     1865     1872 
    1868     1854     1833     1817     1809     1792     1767     1741 
    1713     1686     1661     1629     1593     1557     1526     1506 
    1479     1444     1414     1386     1362     1345     1321     1291 
    1264     1242     1221     1198     1165     1132     1104     1078 
    1057     1026      989      957      928      908      886      853 
     819      799      780      762      739      711      691      679 
     670      658      638      625      627      634      637      639 
     639      648      664      677      691      704      715      734 
     747      757      765      767      777      788      787      781 
     773      764      765      761      747      731      715      697 
     683      665      645      622      599      583      566      546 
     529      514      511      515      508      506      513      525 
     549      572      594      625      662      702      745      783 
     822      873      927      981     1031     1077     1129     1181 
    1228     1275     1313     1348     1389     1425     1456     1485 
    1499     1509     1522     1525     1524     1518     1507     1498 
    1487     1470     1447     1414     1389     1370     1348     1324 
    1296     1269     1252     1237     1220     1204     1189     1178 
    1175     1170     1162     1151     1144     1150     1155     1154 
    1158     1159     1163     1173     1177     1178     1185     1196 
    1204     1210     1216     1219     1227     1233     1237     1244 
    1250     1254     1263     1269     1271     1275     1277     1282 
    1294     1300     1305     1306     1312     1323     1329     1336 
    1345     1354     1368     1382     1387     1393     1402     1412 
    1425     1436     1441     1448     1459     1468     1475     1482 
    1490     1498     1502     1505     1503     1501     1497     1491 
    1483     1468     1453     1439     1420     1399     1379     1358 
    1332     1302     1271     1244     1215     1182     1151     1123 
    1096     1067     1038     1012      994      981      969      961 
     957      951      954      966      976      986     1000     1020 
    1047     1073     1097     1127     1161     1201     1235     1263 
    1301     1341     1381     1420     1452     1479     1513     1548 
    1575     1598     1618     1632     1645     1658     1664     1663 
    1658     1655     1645     1632     1613     1590     1570     1556 
    1541     1518     1497     1479     1463     1448     1436     1424 
    1410     1405     1405     1405     1401     1404     1417     1436 
    1453     1472     1487     1503     1528     1557     1580     1601 
    1624     1647     1669     1688     1699     1714     1733     1753 
    1765     1771     1779     1786     1795     1807     1813     1810 
    1811     1815     1821     1830     1833     1836     1848     1863 
    1875     1883     1890     1904     1922     1942     1961     1973 
    1988     2011     2033     2052     2066     2077     2096     2118 
    2133     2143     2146     2144     2155     2163     2160     2147 
    2135     2126     2119     2101     2076     2042     2014     1989 
    1961     1927     1892     1857     1829     1804     1777     1746 
    1719     1702     1695     1687     1674     1667     1664     1669 
    1677     1684     1690     1698     1711     1733     1750     1761 
    1772     1788     1813     1836     1845     1845     1848     1854 
    1857     1850     1837     1822     1806     1792     1771     1738 
    1707     1675     1645     1622     1587     1545     1513     1486 
    1464     1436     1401     1374     1359     1350     1341     1328 
    1321     1324     1334     1352     1371     1389     1412     1437 
    1474     1509     1534     1566     1601     1632     1667     1690 
    1703     1718     1737     1752     1755     1746     1741     1732 
    1715     1699     1672     1641     1613     1586     1561     1533 
    1497     1466     1444     1424     1399     1374     1355     1347 
    1344     1344     1336     1329     1336     1352     1368     1382 
    1393     1408     1428     1448     1466     1476     1487     1498 
    1509     1514     1512     1509     1507     1503     1497     1483 
    1466     1449     1431     1417     1401     1381     1352     1331 
    1314     1296     1274     1252     1233     1220     1213     1206 
    1197     1190     1189     1193     1201     1204     1209     1223 
    1239     1256     1271     1285     1298     1316     1333     1347 
    1360     1372     1386     1399     1408     1413     1420     1428 
    1436     1441     1441     1441     1445     1445     1448     1449 
    1445     1448     1452     1452     1456     1457     1457     1467 
    1478     1485     1490     1497     1509     1525     1540     1556 
    1571     1588     1611     1628     1647     1668     1687     1709 
    1726     1738     1755     1768     1777     1790     1802     1811 
    1817     1819     1822     1821     1815     1810     1800     1791 
    1779     1763     1746     1725     1701     1680     1656     1628 
    1601     1578     1557     1534     1507     1482     1456     1433 
    1410     1389     1371     1352     1339     1332     1321     1306 
    1300     1298     1304     1308     1310     1318     1332     1351 
    1371     1389     1405     1429     1456     1483     1509     1532 
    1557     1584     1606     1626     1641     1655     1669     1684 
    1694     1694     1690     1687     1682     1672     1663     1648 
    1626     1610     1594     1570     1548     1525     1498     1478 
    1456     1433     1412     1389     1371     1359     1344     1329 
    1314     1306     1304     1301     1298     1293     1291     1301 
    1306     1306     1306     1305     1310     1321     1327     1328 
    1324     1323     1328     1328     1321     1312     1302     1296 
    1286     1269     1251     1229     1215     1205     1182     1158 
    1139     1124     1116     1102     1089     1081     1071     1073 
    1081     1078     1077     1081     1088     1101     1116     1125 
    1136     1151     1174     1192     1204     1221     1235     1254 
    1277     1286     1294     1302     1310     1321     1321     1314 
    1306     1298     1291     1282     1267     1244     1220     1204 
    1189     1166     1138     1111     1088     1074     1060     1039 
    1019     1003      996      990      982      976      972      977 
     989     1000     1012     1020     1036     1065     1089     1107 
    1127     1152     1183     1212     1233     1256     1275     1297 
    1320     1339     1354     1363     1371     1390     1404     1405 
    1405     1405     1414     1424     1420     1418     1416     1414 
    1422     1426     1424     1421     1421     1428     1433     1437 
    1437     1437     1448     1460     1464     1470     1476     1489 
    1506     1520     1528     1537     1545     1567     1587     1599 
    1615     1630     1647     1668     1688     1703     1715     1732 
    1753     1773     1791     1800     1807     1826     1845     1854 
    1858     1863     1869     1878     1884     1883     1876     1872 
    1875     1871     1863     1849     1833     1830     1829     1818 
    1804     1794     1788     1784     1780     1776     1771     1769 
    1775     1781     1788     1799     1809     1822     1841     1864 
    1885     1904     1925     1956     1984     2007     2026     2042 
    2062     2081     2095     2102     2101     2100     2102     2098 
    2084     2064     2046     2027     2004     1975     1941     1906 
    1871     1836     1794     1752     1709     1671     1641     1609 
    1570     1535     1509     1494     1480     1470     1464     1463 
    1466     1476     1490     1505     1521     1540     1567     1595 
    1622     1648     1672     1699     1728     1755     1783     1806 
    1826     1848     1867     1881     1892     1899     1907     1912 
    1907     1898     1888     1877     1864     1849     1829     1804 
    1784     1765     1748     1726     1710     1696     1683     1669 
    1656     1645     1637     1636     1637     1634     1636     1638 
    1644     1656     1668     1677     1688     1698     1713     1725 
    1734     1746     1755     1760     1763     1767     1771     1767 
    1763     1761     1753     1744     1733     1719     1707     1698 
    1683     1669     1660     1645     1632     1620     1609     1605 
    1597     1591     1587     1580     1579     1580     1579     1576 
    1572     1570     1571     1571     1568     1568     1570     1571 
    1567     1564     1561     1556     1553     1548     1541     1537 
    1532     1526     1518     1509     1506     1499     1497     1495 
    1494     1491     1490     1493     1491     1491     1490     1486 
    1489     1491     1489     1489     1490     1487     1482     1480 
    1482     1480     1475     1467     1462     1457     1451     1439 
    1425     1413     1399     1383     1364     1340     1316     1294 
    1270     1242     1212     1185     1158     1131     1105     1080 
    1053     1034     1016      994      976      959      942      931 
     923      912      905      900      893      892      892      892 
     892      895      897      899      903      908      911      916 
     916      913      915      911      908      903      895      886 
     880      868      857      842      830      820      805      793 
     783      769      761      749      731      723      715      700 
     689      680      670      665      658      650      648      643 
     641      638      634      631      629      629      631      630 
     625      619      621      619      615      608      603      596 
     591      585      576      568      560      549      542      535 
     523      517      514      506      499      493      490      492 
     492      496      502      504      511      522      529      540 
     553      568      584      599      616      635      652      672 
     691      706      722      735      753      774      787      797 
     808      814      824      831      828      830      831      824 
     822      811      796      783      766      754      739      719 
     700      683      665      648      625      606      591      573 
     558      550      537      529      525      517      515      514 
     515      526      537      545      557      573      591      612 
     635      657      680      702      727      751      772      795 
     812      830      853      869      880      890      903      913 
     923      928      931      934      939      946      950      947 
     945      945      946      947      949      951      955      958 
     961      969      973      977      987      997     1008     1023 
    1032     1046     1065     1081     1096     1111     1129     1152 
    1171     1188     1206     1225     1243     1264     1285     1300 
    1316     1332     1350     1368     1382     1397     1412     1429 
    1444     1455     1464     1476     1489     1498     1502     1499 
    1501     1509     1516     1517     1516     1514     1509     1509 
    1512     1509     1499     1495     1497     1494     1491     1489 
    1487     1490     1494     1494     1494     1494     1499     1507 
    1513     1520     1524     1528     1539     1549     1556     1563 
    1570     1574     1583     1594     1598     1605     1614     1624 
    1630     1632     1636     1644     1652     1661     1668     1667 
    1671     1679     1686     1687     1688     1694     1699     1705 
    1711     1717     1717     1721     1729     1737     1742     1741 
    1742     1752     1757     1764     1768     1767     1769     1777 
    1784     1786     1786     1787     1790     1795     1798     1791 
    1784     1784     1784     1780     1773     1759     1752     1752 
    1748     1738     1728     1717     1715     1717     1713     1705 
    1702     1703     1711     1717     1718     1721     1728     1741 
    1757     1767     1773     1787     1809     1830     1845     1859 
    1878     1902     1925     1945     1962     1980     2000     2019 
    2034     2053     2064     2073     2085     2098     2107     2110 
    2111     2116     2126     2130     2128     2120     2115     2116 
    2115     2107     2097     2088     2084     2081     2077     2065 
    2049     2042     2042     2041     2034     2022     2016     2016 
    2015     2012     2004     1999     1998     2000     1998     1992 
    1987     1985     1985     1984     1982     1973     1965     1966 
    1966     1965     1961     1956     1965     1969     1971     1975 
    1977     1980     1993     2007     2008     2011     2016     2026 
    2039     2047     2053     2057     2065     2079     2088     2089 
    2093     2097     2104     2111     2111     2107     2102     2100 
    2100     2098     2087     2072     2068     2066     2057     2043 
    2030     2018     2010     1999     1985     1971     1956     1942 
    1930     1919     1903     1880     1864     1852     1838     1821 
    1798     1780     1773     1763     1749     1733     1717     1706 
    1698     1690     1682     1672     1664     1661     1660     1656 
    1648     1641     1645     1651     1648     1644     1642     1645 
    1651     1656     1658     1658     1658     1663     1671     1674 
    1668     1667     1669     1671     1667     1656     1648     1641 
    1637     1634     1625     1609     1595     1587     1578     1564 
    1549     1533     1520     1506     1490     1475     1457     1443 
    1429     1417     1404     1389     1377     1367     1363     1352 
    1340     1334     1331     1331     1329     1323     1318     1321 
    1324     1324     1321     1317     1314     1317     1318     1318 
    1317     1313     1310     1306     1302     1297     1291     1291 
    1287     1278     1273     1267     1258     1252     1248     1242 
    1236     1233     1233     1237     1235     1230     1229     1233 
    1239     1243     1243     1244     1247     1250     1254     1260 
    1262     1262     1263     1266     1270     1269     1266     1270 
    1273     1274     1273     1270     1269     1270     1271     1274 
    1271     1269     1274     1285     1287     1286     1293     1302 
    1310     1321     1329     1333     1341     1355     1364     1372 
    1379     1382     1386     1395     1401     1401     1405     1413 
    1418     1421     1422     1421     1422     1429     1435     1437 
    1439     1437     1444     1452     1457     1459     1460     1468 
    1483     1493     1498     1507     1520     1533     1548     1560 
    1567     1578     1595     1606     1611     1620     1628     1632 
    1636     1638     1632     1625     1622     1614     1603     1593 
    1574     1554     1541     1525     1506     1483     1459     1437 
    1421     1408     1389     1367     1348     1340     1336     1329 
    1321     1320     1327     1336     1348     1355     1366     1385 
    1408     1436     1459     1480     1507     1540     1571     1601 
    1624     1647     1675     1702     1722     1738     1753     1765 
    1779     1790     1790     1784     1784     1783     1776     1771 
    1752     1729     1714     1702     1684     1660     1636     1617 
    1601     1586     1566     1544     1530     1524     1514     1506 
    1503     1501     1502     1509     1517     1524     1526     1534 
    1549     1566     1583     1594     1605     1622     1640     1652 
    1658     1667     1679     1692     1701     1705     1707     1709 
    1713     1714     1717     1715     1710     1711     1711     1709 
    1705     1699     1699     1702     1702     1702     1706     1711 
    1718     1728     1736     1740     1744     1755     1767     1776 
    1784     1784     1786     1799     1804     1800     1795     1790 
    1786     1780     1769     1753     1736     1722     1705     1683 
    1658     1630     1606     1584     1561     1533     1502     1474 
    1451     1431     1409     1386     1370     1355     1341     1333 
    1324     1312     1308     1312     1316     1318     1323     1333 
    1347     1363     1379     1391     1405     1428     1449     1474 
    1499     1517     1540     1566     1586     1606     1626     1641 
    1655     1671     1682     1688     1690     1691     1691     1686 
    1676     1664     1648     1634     1618     1595     1568     1544 
    1520     1493     1464     1431     1399     1377     1350     1323 
    1298     1273     1251     1236     1223     1208     1197     1190 
    1189     1190     1192     1194     1197     1209     1227     1235 
    1244     1258     1273     1293     1308     1321     1334     1348 
    1364     1375     1382     1390     1398     1404     1404     1401 
    1395     1390     1381     1371     1358     1340     1323     1305 
    1289     1273     1250     1228     1205     1183     1167     1146 
    1125     1111     1097     1085     1078     1069     1058     1055 
    1059     1063     1069     1073     1081     1098     1115     1128 
    1143     1161     1175     1197     1216     1230     1244     1256 
    1273     1287     1297     1301     1305     1312     1317     1318 
    1318     1314     1313     1313     1308     1301     1291     1287 
    1286     1282     1277     1271     1270     1271     1273     1271 
    1270     1270     1271     1279     1286     1286     1287     1291 
    1301     1308     1308     1313     1320     1325     1329     1334 
    1334     1333     1332     1329     1328     1327     1318     1308 
    1302     1300     1289     1274     1264     1251     1236     1225 
    1213     1193     1179     1173     1163     1148     1135     1123 
    1117     1113     1105     1098     1090     1086     1088     1081 
    1078     1078     1075     1080     1088     1084     1081     1086 
    1093     1100     1101     1102     1107     1107     1112     1115 
    1113     1115     1117     1121     1123     1121     1121     1123 
    1123     1125     1127     1124     1124     1128     1135     1139 
    1142     1140     1138     1142     1151     1154     1152     1155 
    1161     1167     1166     1163     1166     1170     1173     1171 
    1170     1174     1174     1175     1179     1178     1173     1173 
    1177     1177     1173     1174     1173     1170     1170     1169 
    1165     1162     1163     1165     1171     1174     1174     1173 
    1170     1177     1183     1182     1185     1188     1193     1197 
    1196     1196     1198     1205     1208     1205     1205     1205 
    1202     1201     1200     1194     1185     1177     1171     1163 
    1148     1136     1127     1115     1102     1088     1069     1051 
    1038     1026     1011      993      977      961      950      940 
     927      911      903      899      890      881      876      873 
     870      868      866      864      864      864      866      870 
     873      874      876      877      885      890      892      895 
     900      901      901      905      911      915      920      926 
     931      935      942      950      962      972      981      996 
    1012     1026     1044     1060     1080     1100     1120     1143 
    1163     1185     1213     1242     1271     1294     1314     1340 
    1368     1399     1425     1443     1463     1486     1505     1521 
    1534     1544     1557     1567     1578     1586     1583     1584 
    1593     1597     1598     1594     1591     1593     1595     1597 
    1593     1588     1590     1597     1597     1597     1601     1610 
    1618     1626     1634     1641     1652     1669     1686     1701 
    1717     1733     1748     1767     1791     1811     1826     1850 
    1872     1890     1911     1929     1945     1956     1972     1987 
    1996     2001     2007     2018     2026     2027     2026     2023 
    2019     2018     2012     2000     1987     1977     1965     1954 
    1937     1915     1900     1885     1871     1854     1833     1817 
    1809     1802     1791     1779     1768     1764     1767     1764 
    1763     1759     1760     1768     1773     1777     1780     1786 
    1796     1806     1814     1819     1823     1826     1836     1844 
    1842     1842     1849     1856     1857     1856     1852     1846 
    1844     1842     1838     1833     1822     1815     1813     1802 
    1791     1781     1771     1764     1761     1755     1742     1733 
    1728     1725     1719     1710     1705     1702     1701     1701 
    1694     1688     1692     1696     1698     1699     1696     1696 
    1706     1713     1711     1713     1714     1715     1719     1719 
    1721     1721     1722     1725     1728     1728     1725     1725 
    1728     1729     1732     1729     1733     1737     1744     1749 
    1750     1755     1765     1777     1787     1796     1802     1804 
    1817     1830     1840     1845     1845     1850     1861     1873 
    1877     1877     1877     1880     1884     1884     1880     1872 
    1868     1868     1858     1846     1833     1821     1814     1809 
    1795     1780     1771     1760     1752     1745     1732     1719 
    1711     1703     1696     1684     1674     1668     1661     1657 
    1647     1632     1626     1621     1614     1609     1597     1582 
    1572     1568     1563     1552     1537     1528     1521     1514 
    1507     1494     1482     1479     1475     1468     1459     1448 
    1444     1447     1448     1448     1447     1445     1451     1462 
    1466     1467     1468     1478     1489     1494     1495     1494 
    1505     1514     1514     1513     1509     1509     1509     1509 
    1502     1495     1489     1482     1475     1467     1451     1435 
    1425     1417     1404     1387     1375     1367     1360     1350 
    1340     1333     1325     1321     1320     1318     1318     1317 
    1320     1328     1333     1336     1337     1345     1358     1370 
    1377     1381     1387     1395     1404     1410     1416     1414 
    1416     1421     1424     1420     1416     1413     1410     1402 
    1391     1382     1371     1366     1356     1343     1331     1317 
    1306     1300     1289     1277     1270     1264     1259     1252 
    1250     1244     1240     1243     1244     1240     1237     1239 
    1239     1242     1243     1242     1242     1243     1243     1240 
    1237     1235     1225     1220     1216     1206     1196     1185 
    1175     1170     1158     1144     1133     1123     1116     1107 
    1096     1089     1080     1070     1067     1065     1065     1069 
    1074     1075     1078     1086     1094     1104     1115     1127 
    1138     1151     1166     1179     1196     1209     1221     1237 
    1248     1256     1264     1267     1275     1285     1287     1285 
    1281     1275     1273     1267     1259     1250     1237     1228 
    1219     1209     1198     1185     1174     1167     1158     1144 
