Origin Time       2016/04/16 01:25:00
Lat.              32.753
Long.             130.762
Depth. (km)       12
Mag.              7.3
Station Code      KYT006
Station Lat.      35.2759
Station Long.     135.1827
Station Height(m) 72
Record Time       2016/04/16 01:27:37
Sampling Freq(Hz) 100Hz
Duration Time(s)  60
Dir.              N-S
Scale Factor      7845(gal)/8223790
Max. Acc. (gal)   1.634
Last Correction   2016/04/16 01:27:38
Memo.             
    4102     4110     4125     4135     4132     4148     4183     4203 
    4205     4214     4223     4228     4247     4258     4260     4274 
    4276     4255     4258     4274     4266     4268     4268     4247 
    4243     4243     4228     4230     4241     4232     4202     4187 
    4203     4215     4192     4174     4175     4172     4164     4151 
    4140     4147     4140     4122     4121     4129     4131     4117 
    4106     4118     4126     4117     4129     4151     4147     4137 
    4135     4148     4191     4213     4190     4186     4214     4228 
    4237     4258     4271     4275     4286     4293     4309     4344 
    4352     4333     4342     4376     4383     4368     4375     4393 
    4392     4388     4388     4396     4405     4396     4382     4383 
    4390     4387     4374     4376     4382     4359     4344     4356 
    4363     4352     4342     4327     4309     4306     4305     4295 
    4288     4276     4256     4263     4274     4253     4243     4260 
    4266     4263     4263     4260     4266     4280     4286     4279 
    4271     4274     4271     4271     4282     4275     4248     4252 
    4271     4261     4237     4225     4220     4218     4215     4205 
    4180     4167     4176     4176     4166     4166     4156     4153 
    4175     4182     4174     4178     4176     4175     4182     4178 
    4174     4182     4187     4178     4166     4174     4190     4183 
    4182     4195     4180     4166     4176     4176     4159     4153 
    4148     4139     4133     4125     4112     4107     4093     4064 
    4059     4060     4047     4025     4012     4008     4005     3994 
    3989     3991     3987     3994     4000     3996     4008     4024 
    4028     4043     4055     4064     4085     4104     4105     4114 
    4136     4153     4166     4180     4199     4207     4215     4230 
    4232     4238     4260     4261     4245     4243     4247     4252 
    4255     4252     4247     4240     4233     4228     4230     4237 
    4237     4225     4220     4213     4197     4197     4212     4202 
    4175     4164     4172     4186     4195     4186     4172     4182 
    4203     4212     4214     4228     4243     4251     4263     4288 
    4309     4321     4336     4344     4344     4355     4374     4390 
    4398     4384     4369     4375     4392     4398     4379     4353 
    4345     4347     4340     4326     4313     4306     4305     4298 
    4289     4298     4301     4294     4302     4314     4313     4320 
    4341     4360     4359     4341     4348     4374     4382     4375 
    4357     4344     4356     4363     4355     4349     4326     4306 
    4311     4302     4278     4279     4282     4260     4228     4213 
    4223     4240     4232     4203     4174     4175     4205     4210 
    4187     4166     4153     4162     4180     4168     4135     4121 
    4121     4116     4106     4088     4072     4063     4055     4045 
    4014     3991     3998     3998     3987     3974     3955     3960 
    3977     3967     3963     3973     3977     3991     4014     4017 
    4014     4017     4023     4035     4039     4024     4023     4027 
    4023     4029     4023     4000     3987     3973     3965     3971 
    3959     3943     3939     3924     3912     3906     3901     3899 
    3894     3894     3924     3942     3928     3919     3908     3913 
    3975     4010     3979     3979     4016     4033     4060     4091 
    4105     4125     4135     4124     4147     4187     4199     4187 
    4185     4197     4203     4200     4205     4209     4213     4225 
    4225     4230     4243     4237     4233     4256     4270     4266 
    4276     4288     4299     4307     4310     4321     4332     4341 
    4352     4351     4353     4363     4356     4368     4387     4364 
    4353     4371     4368     4369     4386     4383     4376     4383 
    4395     4403     4410     4430     4438     4429     4448     4464 
    4444     4444     4461     4446     4434     4436     4417     4391 
    4380     4367     4333     4297     4279     4256     4230     4209 
    4168     4137     4147     4140     4107     4101     4107     4090 
    4074     4077     4078     4074     4066     4060     4059     4047 
    4031     4027     4023     4009     3982     3958     3956     3944 
    3910     3905     3912     3883     3852     3854     3850     3825 
    3821     3835     3824     3811     3820     3824     3820     3825 
    3825     3834     3852     3840     3832     3870     3882     3859 
    3866     3870     3856     3875     3897     3878     3875     3904 
    3905     3897     3917     3940     3963     3981     3981     4005 
    4055     4081     4099     4126     4140     4168     4203     4225 
    4270     4298     4302     4329     4352     4357     4387     4396 
    4378     4393     4411     4398     4388     4378     4371     4364 
    4344     4337     4320     4280     4275     4274     4252     4243 
    4228     4209     4205     4200     4210     4220     4197     4175 
    4174     4192     4214     4194     4153     4158     4192     4199 
    4170     4145     4155     4171     4163     4140     4143     4163 
    4159     4153     4159     4159     4168     4192     4197     4205 
    4230     4243     4260     4291     4306     4324     4359     4376 
    4378     4396     4418     4418     4410     4411     4409     4393 
    4375     4353     4333     4318     4288     4247     4214     4190 
    4166     4140     4120     4105     4090     4085     4085     4074 
    4079     4105     4126     4140     4166     4189     4210     4245 
    4282     4313     4347     4376     4406     4438     4472     4507 
    4537     4557     4585     4611     4625     4634     4638     4639 
    4639     4634     4623     4610     4584     4550     4519     4498 
    4475     4438     4405     4371     4329     4302     4288     4253 
    4222     4214     4205     4194     4192     4195     4202     4207 
    4209     4225     4256     4271     4289     4338     4375     4383 
    4415     4463     4475     4483     4529     4575     4591     4592 
    4594     4592     4595     4604     4596     4572     4552     4534 
    4514     4483     4446     4417     4383     4342     4298     4255 
    4225     4200     4159     4120     4077     4031     4008     3998 
    3971     3942     3925     3905     3874     3856     3861     3861 
    3851     3866     3883     3874     3880     3912     3923     3932 
    3963     3991     4014     4044     4072     4104     4147     4176 
    4183     4212     4258     4271     4278     4317     4351     4360 
    4365     4378     4399     4421     4426     4426     4441     4457 
    4461     4468     4476     4473     4475     4484     4488     4475 
    4459     4463     4473     4450     4419     4413     4405     4393 
    4383     4352     4332     4334     4325     4315     4314     4299 
    4275     4266     4263     4245     4225     4212     4191     4174 
    4148     4105     4066     4029     3994     3967     3943     3908 
    3854     3808     3793     3785     3773     3753     3715     3697 
    3705     3707     3703     3699     3696     3701     3708     3715 
    3716     3721     3742     3740     3721     3730     3743     3730 
    3726     3735     3728     3719     3716     3709     3703     3704 
    3712     3719     3731     3744     3746     3765     3817     3848 
    3861     3912     3963     3996     4054     4112     4145     4191 
    4247     4289     4330     4379     4421     4450     4487     4517 
    4530     4554     4571     4565     4565     4568     4568     4568 
    4561     4549     4534     4517     4495     4471     4457     4442 
    4417     4402     4386     4356     4324     4299     4293     4284 
    4260     4247     4241     4228     4223     4225     4222     4225 
    4220     4213     4222     4232     4236     4245     4252     4251 
    4251     4261     4274     4286     4301     4298     4291     4310 
    4344     4356     4347     4344     4351     4352     4365     4380 
    4367     4347     4330     4315     4310     4310     4299     4271 
    4238     4210     4183     4172     4174     4156     4124     4112 
    4112     4107     4118     4144     4158     4159     4183     4218 
    4251     4291     4330     4353     4379     4409     4428     4448 
    4469     4471     4460     4452     4436     4414     4405     4384 
    4336     4294     4266     4233     4203     4176     4140     4099 
    4066     4048     4035     4016     4001     3986     3978     3987 
    3989     3981     3996     4010     4013     4036     4069     4085 
    4101     4125     4151     4174     4200     4225     4240     4252 
    4280     4311     4344     4369     4379     4395     4436     4467 
    4490     4525     4550     4565     4585     4611     4635     4657 
    4673     4685     4693     4703     4718     4737     4748     4754 
    4754     4752     4757     4761     4748     4737     4726     4706 
    4687     4679     4668     4650     4635     4619     4606     4608 
    4612     4610     4602     4598     4608     4619     4618     4618 
    4622     4629     4630     4621     4625     4627     4610     4598 
    4600     4598     4585     4572     4561     4557     4545     4530 
    4521     4509     4494     4475     4467     4482     4475     4441 
    4436     4441     4434     4442     4450     4446     4450     4459 
    4464     4473     4483     4490     4495     4502     4522     4538 
    4531     4534     4552     4557     4568     4587     4584     4584 
    4598     4603     4599     4598     4592     4584     4580     4571 
    4549     4533     4515     4487     4463     4441     4403     4365 
    4340     4313     4278     4247     4220     4197     4176     4155 
    4131     4107     4088     4068     4051     4036     4020     4006 
    4000     3990     3974     3963     3967     3963     3951     3954 
    3956     3959     3967     3967     3962     3975     3991     4002 
    4024     4048     4068     4095     4133     4171     4199     4233 
    4280     4313     4349     4406     4452     4482     4518     4548 
    4573     4608     4629     4635     4653     4661     4656     4656 
    4653     4634     4610     4594     4585     4560     4525     4510 
    4492     4472     4467     4453     4437     4445     4448     4440 
    4445     4459     4469     4479     4487     4496     4496     4496 
    4507     4510     4510     4513     4500     4495     4509     4507 
    4502     4515     4514     4507     4523     4534     4538     4550 
    4563     4579     4595     4599     4606     4621     4635     4652 
    4653     4654     4665     4657     4646     4656     4652     4638 
    4627     4608     4591     4577     4563     4550     4533     4514 
    4496     4472     4456     4445     4419     4401     4401     4391 
    4379     4380     4375     4365     4365     4364     4363     4374 
    4379     4375     4376     4391     4399     4390     4383     4393 
    4403     4403     4403     4399     4392     4382     4365     4363 
    4367     4356     4341     4338     4336     4326     4313     4301 
    4294     4289     4283     4276     4263     4245     4222     4203 
    4199     4202     4186     4171     4178     4178     4170     4175 
    4186     4195     4209     4217     4223     4240     4256     4258 
    4255     4271     4298     4309     4313     4324     4324     4322 
    4337     4340     4341     4356     4356     4356     4375     4388 
    4395     4409     4425     4441     4457     4484     4519     4541 
    4557     4583     4604     4629     4656     4673     4692     4718 
    4730     4737     4757     4779     4787     4792     4801     4814 
    4819     4820     4822     4823     4824     4822     4819     4837 
    4857     4860     4864     4878     4882     4892     4923     4945 
    4955     4976     4993     5003     5022     5036     5042     5053 
    5071     5085     5092     5108     5119     5117     5125     5138 
    5143     5158     5171     5173     5182     5202     5209     5209 
    5220     5235     5240     5242     5242     5232     5217     5202 
    5184     5159     5135     5103     5059     5020     4982     4938 
    4897     4864     4822     4774     4731     4693     4665     4638 
    4606     4577     4554     4535     4517     4502     4506     4509 
    4498     4502     4518     4522     4535     4556     4573     4596 
    4621     4641     4665     4695     4719     4733     4745     4762 
    4770     4770     4772     4766     4748     4737     4718     4684 
    4657     4630     4584     4540     4502     4449     4391     4349 
    4303     4247     4200     4166     4122     4079     4052     4027 
    3994     3977     3967     3948     3937     3936     3931     3928 
    3937     3947     3960     3983     4002     4017     4047     4081 
    4109     4136     4167     4197     4225     4256     4291     4315 
    4345     4383     4410     4433     4464     4487     4509     4531 
    4552     4565     4579     4596     4606     4612     4625     4634 
    4639     4654     4662     4669     4681     4691     4696     4710 
    4718     4716     4727     4742     4737     4727     4731     4731 
    4718     4708     4702     4684     4665     4652     4629     4606 
    4596     4575     4537     4511     4496     4469     4444     4430 
    4411     4390     4376     4359     4342     4334     4326     4311 
    4302     4301     4294     4280     4284     4294     4284     4280 
    4288     4287     4288     4297     4298     4306     4324     4329 
    4326     4336     4353     4367     4378     4387     4392     4405 
    4428     4442     4450     4464     4473     4477     4492     4509 
    4519     4533     4544     4554     4576     4599     4615     4638 
    4676     4714     4747     4797     4858     4905     4954     5022 
    5092     5157     5224     5292     5355     5424     5490     5549 
    5611     5665     5703     5745     5788     5817     5834     5850 
    5854     5848     5841     5829     5798     5759     5727     5691 
    5643     5595     5551     5501     5452     5413     5363     5313 
    5275     5235     5193     5163     5136     5108     5088     5067 
    5046     5035     5026     5017     5015     5015     5017     5016 
    5024     5042     5047     5057     5076     5082     5092     5113 
    5119     5119     5134     5135     5123     5113     5104     5088 
    5066     5044     5023     4989     4962     4938     4900     4870 
    4845     4807     4776     4754     4727     4704     4680     4656 
    4638     4621     4606     4592     4576     4565     4554     4540 
    4537     4535     4523     4518     4519     4513     4507     4504 
    4495     4486     4483     4472     4455     4436     4413     4387 
    4355     4322     4288     4241     4192     4143     4083     4025 
    3969     3897     3834     3775     3707     3642     3585     3526 
    3472     3429     3387     3352     3331     3316     3300     3292 
    3299     3306     3310     3319     3336     3353     3368     3383 
    3397     3412     3424     3429     3439     3446     3442     3443 
    3446     3442     3434     3426     3420     3411     3391     3383 
    3375     3355     3348     3341     3316     3307     3304     3288 
    3283     3277     3257     3250     3249     3235     3223     3213 
    3206     3194     3180     3180     3179     3167     3168     3176 
    3175     3188     3206     3218     3242     3277     3303     3333 
    3375     3418     3459     3501     3546     3589     3627     3666 
    3693     3713     3738     3751     3750     3753     3755     3743 
    3730     3721     3705     3688     3669     3650     3634     3620 
    3607     3595     3585     3582     3578     3572     3581     3595 
    3596     3605     3627     3645     3667     3690     3708     3738 
    3767     3788     3813     3842     3863     3882     3905     3924 
    3937     3951     3969     3981     3987     3998     4005     4002 
    4003     4002     3997     3996     3991     3982     3974     3965 
    3955     3946     3932     3920     3905     3893     3880     3858 
    3835     3821     3800     3773     3757     3738     3707     3689 
    3676     3655     3640     3626     3608     3600     3592     3584 
    3582     3585     3586     3584     3589     3603     3607     3605 
    3619     3627     3626     3636     3642     3632     3634     3639 
    3626     3618     3618     3605     3588     3581     3578     3565 
    3547     3542     3537     3524     3518     3510     3501     3500 
    3495     3484     3483     3485     3477     3468     3462     3459 
    3454     3450     3439     3430     3424     3416     3399     3392 
    3395     3388     3380     3383     3388     3392     3403     3412 
    3416     3426     3437     3445     3454     3464     3472     3476 
    3480     3485     3483     3483     3487     3478     3462     3458 
    3446     3422     3406     3388     3362     3336     3311     3284 
    3257     3226     3194     3167     3136     3099     3065     3041 
    3009     2965     2937     2918     2882     2855     2844     2825 
    2805     2801     2802     2803     2814     2828     2844     2868 
    2895     2926     2964     3001     3029     3053     3090     3126 
    3138     3153     3179     3187     3186     3196     3192     3168 
    3153     3138     3106     3075     3053     3021     2984     2952 
    2920     2891     2868     2849     2833     2824     2824     2825 
    2836     2862     2882     2898     2936     2978     3009     3052 
    3095     3129     3172     3218     3252     3284     3327     3365 
    3392     3419     3451     3473     3488     3514     3528     3534 
    3549     3553     3549     3555     3558     3549     3542     3538 
    3526     3511     3497     3481     3462     3445     3429     3410 
    3391     3380     3360     3345     3348     3339     3325     3335 
    3342     3336     3350     3366     3368     3381     3400     3411 
    3420     3433     3447     3459     3469     3484     3497     3504 
    3522     3538     3547     3572     3592     3608     3640     3667 
    3690     3727     3762     3794     3831     3867     3904     3932 
    3964     4006     4036     4058     4086     4109     4120     4135 
    4148     4158     4168     4166     4159     4167     4163     4151 
    4149     4152     4148     4143     4143     4145     4145     4149 
    4153     4148     4151     4159     4149     4147     4159     4153 
    4140     4145     4140     4125     4121     4113     4098     4088 
    4081     4068     4058     4054     4050     4036     4032     4036 
    4027     4020     4029     4027     4021     4032     4040     4043 
    4047     4050     4051     4052     4055     4055     4045     4041 
    4041     4024     4016     4017     3997     3981     3981     3969 
    3956     3958     3958     3951     3954     3962     3964     3965 
    3977     3989     3998     4013     4031     4044     4062     4082 
    4097     4113     4140     4159     4176     4199     4220     4243 
    4266     4288     4311     4341     4360     4374     4396     4421 
    4433     4446     4463     4472     4471     4473     4479     4475 
    4473     4473     4459     4446     4444     4434     4421     4413 
    4406     4395     4386     4384     4383     4382     4390     4399 
    4406     4419     4436     4448     4469     4498     4517     4541 
    4573     4594     4618     4656     4681     4702     4731     4756 
    4780     4806     4826     4849     4873     4893     4916     4931 
    4950     4974     4989     5008     5036     5047     5053     5074 
    5088     5086     5090     5090     5080     5067     5057     5040 
    5024     5005     4981     4955     4930     4904     4876     4849 
    4824     4796     4764     4737     4703     4671     4645     4615 
    4583     4558     4534     4507     4486     4463     4445     4434 
    4421     4411     4405     4401     4409     4413     4415     4436 
    4446     4453     4482     4502     4517     4540     4556     4571 
    4594     4606     4621     4637     4649     4658     4664     4672 
    4681     4677     4680     4689     4677     4665     4665     4653 
    4637     4625     4606     4590     4579     4568     4556     4548 
    4542     4533     4521     4518     4522     4515     4511     4511 
    4502     4502     4507     4502     4500     4507     4506     4511 
    4530     4541     4553     4575     4596     4617     4645     4679 
    4710     4742     4785     4827     4852     4889     4935     4959 
    4984     5016     5034     5047     5065     5071     5074     5073 
    5063     5062     5055     5043     5038     5027     5020     5016 
    5000     4997     5007     4997     4993     5009     5013     5016 
    5030     5040     5053     5071     5085     5101     5123     5142 
    5151     5161     5179     5190     5190     5197     5204     5200 
    5198     5198     5185     5177     5175     5159     5140     5130 
    5117     5100     5082     5071     5062     5046     5034     5020 
    5009     5009     4999     4982     4985     4986     4978     4985 
    4989     4985     4994     5012     5019     5034     5059     5080 
    5100     5128     5158     5182     5209     5244     5275     5301 
    5337     5366     5377     5406     5441     5456     5471     5494 
    5510     5525     5543     5557     5574     5598     5618     5633 
    5656     5683     5703     5724     5749     5772     5793     5823 
    5849     5867     5890     5913     5922     5940     5961     5962 
    5960     5967     5971     5961     5949     5942     5935     5921 
    5910     5900     5883     5871     5863     5842     5831     5829 
    5813     5803     5805     5798     5798     5798     5787     5780 
    5780     5775     5760     5749     5740     5725     5702     5686 
    5664     5630     5602     5572     5532     5501     5468     5421 
    5385     5360     5321     5279     5252     5231     5202     5174 
    5155     5140     5128     5127     5123     5113     5121     5131 
    5125     5131     5150     5150     5151     5161     5167     5169 
    5166     5162     5169     5167     5157     5151     5148     5147 
    5139     5124     5121     5120     5100     5085     5077     5054 
    5034     5020     4988     4962     4942     4908     4877     4850 
    4814     4783     4748     4714     4680     4641     4610     4583 
    4550     4529     4509     4479     4464     4455     4433     4428 
    4426     4415     4411     4411     4410     4414     4414     4413 
    4414     4413     4414     4410     4406     4407     4393     4374 
    4372     4356     4321     4301     4278     4241     4214     4185 
    4147     4117     4088     4062     4036     4009     3991     3975 
    3948     3942     3939     3925     3925     3928     3920     3928 
    3939     3942     3951     3967     3977     3990     4003     4016 
    4028     4041     4055     4067     4079     4093     4101     4109 
    4121     4125     4129     4140     4143     4140     4149     4147 
    4133     4128     4125     4117     4106     4095     4085     4068 
    4055     4047     4027     4013     4009     3984     3962     3960 
    3940     3912     3902     3886     3861     3844     3827     3807 
    3789     3769     3750     3731     3715     3701     3684     3666 
    3653     3634     3615     3607     3588     3563     3557     3541 
    3511     3495     3483     3456     3431     3414     3393     3366 
    3343     3326     3299     3277     3269     3249     3234     3235 
    3230     3226     3237     3246     3253     3271     3291     3311 
    3330     3354     3381     3404     3431     3458     3477     3500 
    3530     3546     3561     3585     3599     3612     3634     3643 
    3649     3666     3672     3667     3678     3680     3669     3666 
    3659     3642     3626     3613     3589     3558     3534     3514 
    3484     3453     3430     3404     3377     3357     3336     3317 
    3308     3299     3288     3292     3302     3302     3310     3329 
    3341     3353     3376     3396     3407     3434     3459     3466 
    3481     3511     3527     3538     3558     3576     3591     3604 
    3615     3627     3650     3667     3666     3669     3689     3703 
    3696     3696     3705     3703     3699     3700     3690     3677 
    3674     3666     3651     3650     3642     3618     3609     3609 
    3591     3576     3570     3559     3542     3532     3523     3505 
    3492     3483     3466     3449     3438     3429     3415     3407 
    3395     3379     3376     3375     3365     3364     3369     3369 
    3369     3380     3391     3392     3399     3416     3419     3420 
    3431     3433     3435     3445     3440     3440     3450     3446 
    3440     3450     3449     3443     3451     3464     3470     3478 
    3489     3507     3519     3532     3558     3578     3596     3624 
    3645     3662     3689     3709     3719     3738     3757     3767 
    3778     3788     3792     3796     3801     3804     3802     3801 
    3802     3798     3797     3800     3793     3788     3793     3789 
    3785     3796     3798     3793     3797     3805     3816     3823 
    3828     3842     3851     3861     3874     3875     3889     3915 
    3920     3925     3955     3965     3974     4000     4012     4020 
    4044     4060     4068     4082     4097     4109     4113     4124 
    4137     4139     4143     4148     4140     4135     4135     4122 
    4107     4106     4097     4071     4055     4044     4027     4010 
    3996     3978     3964     3951     3932     3915     3908     3901 
    3886     3878     3877     3865     3858     3859     3855     3855 
    3861     3858     3859     3867     3866     3861     3866     3875 
    3880     3871     3871     3880     3875     3874     3885     3882 
    3878     3883     3879     3880     3890     3888     3883     3890 
    3894     3896     3901     3904     3906     3912     3921     3932 
    3936     3947     3963     3970     3984     4002     4008     4021 
    4040     4050     4059     4074     4090     4098     4106     4120 
    4128     4131     4136     4140     4140     4145     4144     4137 
    4143     4144     4135     4136     4136     4129     4135     4139 
    4131     4133     4147     4145     4140     4144     4151     4149 
    4147     4155     4159     4151     4151     4159     4155     4151 
    4153     4147     4144     4147     4140     4140     4148     4147 
    4145     4158     4168     4174     4189     4209     4218     4228 
    4251     4271     4287     4307     4329     4344     4368     4393 
    4407     4425     4452     4475     4491     4511     4537     4556 
    4573     4596     4618     4638     4661     4683     4699     4726 
    4753     4765     4787     4814     4824     4838     4860     4872 
    4880     4892     4896     4899     4907     4905     4900     4897 
    4897     4895     4884     4876     4880     4878     4868     4868 
    4870     4869     4870     4868     4872     4888     4891     4891 
    4904     4911     4911     4916     4920     4918     4916     4911 
    4903     4891     4881     4872     4850     4834     4824     4808 
    4795     4783     4764     4753     4745     4727     4715     4708 
    4703     4691     4677     4673     4669     4660     4654     4650 
    4642     4639     4637     4622     4622     4626     4610     4606 
    4618     4612     4606     4611     4612     4610     4611     4614 
    4617     4611     4606     4610     4606     4600     4596     4584 
    4580     4579     4561     4552     4550     4535     4522     4518 
    4507     4492     4483     4475     4464     4457     4456     4449 
    4440     4446     4448     4438     4448     4460     4457     4464 
    4475     4482     4491     4495     4500     4514     4521     4518 
    4519     4526     4531     4537     4535     4537     4537     4531 
    4534     4533     4523     4525     4522     4502     4496     4494 
    4475     4461     4453     4433     4411     4399     4388     4374 
    4351     4337     4336     4322     4310     4306     4301     4301 
    4301     4289     4291     4301     4302     4301     4306     4314 
    4320     4325     4333     4337     4344     4357     4360     4363 
    4374     4376     4375     4383     4382     4379     4386     4379 
    4372     4384     4382     4372     4383     4384     4380     4388 
    4395     4398     4403     4409     4421     4433     4442     4461 
    4471     4471     4492     4509     4510     4527     4542     4541 
    4550     4565     4565     4561     4568     4575     4573     4577 
    4583     4577     4579     4592     4588     4585     4595     4594 
    4598     4606     4602     4598     4603     4606     4602     4598 
    4602     4603     4591     4587     4591     4583     4572     4576 
    4576     4567     4568     4572     4564     4560     4565     4565 
    4568     4572     4572     4577     4584     4584     4587     4592 
    4595     4595     4599     4606     4606     4602     4606     4603 
    4588     4584     4585     4575     4564     4554     4538     4521 
    4510     4496     4477     4460     4441     4419     4406     4391 
    4368     4355     4344     4327     4314     4303     4293     4280 
    4268     4258     4248     4243     4233     4222     4215     4210 
    4197     4186     4182     4178     4167     4159     4163     4158 
    4147     4140     4137     4132     4132     4122     4113     4121 
    4118     4101     4101     4106     4098     4095     4099     4091 
    4087     4097     4095     4090     4094     4097     4093     4097 
    4107     4109     4104     4114     4128     4125     4131     4143 
    4140     4144     4151     4151     4153     4158     4152     4149 
    4153     4149     4137     4136     4135     4117     4104     4105 
    4098     4082     4077     4071     4060     4055     4054     4048 
    4043     4039     4043     4044     4036     4043     4052     4050 
    4051     4055     4055     4066     4064     4058     4072     4079 
    4069     4081     4088     4079     4085     4093     4082     4081 
    4083     4072     4063     4062     4054     4036     4023     4017 
    4001     3981     3970     3955     3939     3921     3899     3882 
    3874     3861     3846     3840     3838     3832     3827     3828 
    3842     3844     3850     3870     3883     3897     3924     3939 
    3955     3986     4001     4013     4045     4068     4074     4091 
    4110     4117     4122     4133     4143     4145     4140     4145 
    4151     4144     4140     4143     4140     4148     4149     4147 
    4155     4162     4162     4176     4190     4190     4199     4222 
    4233     4233     4248     4268     4271     4284     4305     4307 
    4314     4330     4333     4338     4357     4359     4357     4369 
    4376     4378     4379     4383     4388     4386     4391     4402 
    4398     4398     4407     4398     4395     4409     4405     4405 
    4417     4413     4407     4423     4431     4429     4437     4452 
    4460     4473     4494     4511     4521     4537     4557     4572 
    4592     4612     4623     4639     4665     4676     4676     4691 
    4707     4706     4704     4706     4702     4698     4695     4687 
    4671     4660     4649     4633     4622     4608     4585     4580 
    4576     4554     4545     4540     4519     4513     4514     4502 
    4492     4491     4487     4477     4471     4469     4463     4453 
    4446     4438     4425     4419     4413     4391     4378     4379 
    4367     4348     4341     4327     4311     4309     4299     4283 
    4278     4274     4260     4248     4245     4238     4228     4223 
    4220     4203     4195     4197     4191     4183     4185     4185 
    4178     4176     4178     4176     4178     4183     4182     4178 
    4182     4178     4175     4176     4172     4163     4159     4159 
    4152     4139     4133     4126     4114     4106     4104     4101 
    4094     4081     4074     4077     4078     4074     4074     4081 
    4088     4088     4094     4110     4114     4118     4135     4143 
    4149     4167     4170     4170     4186     4191     4189     4200 
    4209     4205     4205     4205     4200     4205     4212     4202 
    4192     4197     4202     4194     4191     4197     4192     4186 
    4190     4195     4190     4186     4190     4191     4191     4194 
    4194     4197     4205     4205     4202     4212     4217     4205 
    4213     4225     4217     4210     4225     4228     4220     4220 
    4223     4228     4233     4228     4228     4240     4245     4247 
    4252     4258     4266     4270     4278     4291     4293     4295 
    4309     4307     4307     4325     4330     4320     4322     4333 
    4329     4325     4329     4325     4327     4338     4337     4330 
    4337     4345     4340     4344     4357     4359     4360     4375 
    4384     4390     4407     4418     4423     4437     4450     4453 
    4460     4476     4480     4467     4473     4486     4473     4464 
    4469     4452     4441     4445     4425     4407     4409     4399 
    4383     4371     4360     4352     4342     4340     4338     4332 
    4325     4326     4326     4332     4340     4337     4337     4349 
    4352     4349     4359     4365     4365     4367     4369     4371 
    4365     4359     4348     4337     4334     4320     4294     4284 
    4268     4238     4225     4210     4180     4159     4135     4109 
    4095     4074     4043     4024     4009     3986     3967     3950 
    3936     3924     3909     3896     3890     3880     3879     3882 
    3871     3871     3880     3880     3890     3906     3906     3915 
    3935     3943     3954     3971     3983     3991     4006     4024 
    4029     4031     4044     4048     4043     4058     4060     4040 
    4036     4040     4028     4009     4001     4001     3987     3967 
    3960     3948     3936     3935     3921     3909     3915     3904 
    3888     3897     3898     3886     3894     3902     3890     3892 
    3904     3906     3910     3916     3919     3927     3929     3931 
    3942     3943     3940     3947     3943     3942     3948     3937 
    3931     3937     3932     3927     3924     3916     3916     3921 
    3913     3906     3916     3920     3910     3916     3928     3928 
    3932     3951     3955     3955     3969     3974     3981     3997 
    4000     4001     4010     4010     4009     4009     4005     4003 
    3998     3993     3996     3986     3975     3978     3973     3963 
    3969     3962     3944     3947     3951     3943     3940     3936 
    3924     3925     3936     3931     3921     3927     3932     3928 
    3932     3939     3940     3944     3955     3960     3960     3971 
    3983     3983     3993     4016     4021     4017     4035     4050 
    4045     4055     4072     4071     4081     4094     4093     4097 
    4107     4109     4114     4132     4133     4128     4140     4158 
    4159     4164     4175     4180     4187     4195     4205     4218 
    4220     4230     4247     4256     4263     4271     4276     4289 
    4301     4302     4320     4333     4318     4322     4345     4342 
    4337     4347     4345     4351     4363     4360     4360     4368 
    4375     4383     4391     4395     4406     4421     4433     4446 
    4459     4464     4472     4482     4496     4510     4514     4515 
    4521     4526     4526     4522     4527     4529     4521     4522 
    4518     4513     4519     4513     4502     4506     4500     4498 
    4502     4496     4488     4491     4499     4496     4490     4495 
    4498     4498     4502     4502     4502     4506     4507     4511 
    4509     4509     4511     4496     4495     4504     4487     4480 
    4491     4469     4452     4460     4446     4428     4428     4421 
    4409     4405     4395     4384     4380     4379     4369     4357 
    4359     4359     4352     4349     4351     4351     4351     4353 
    4356     4353     4356     4365     4365     4363     4372     4376 
    4374     4384     4379     4368     4391     4396     4375     4383 
    4392     4376     4376     4383     4372     4365     4364     4363 
    4363     4356     4349     4352     4356     4360     4365     4364 
    4369     4386     4393     4402     4419     4433     4444     4464 
    4480     4500     4526     4538     4556     4590     4610     4615 
    4635     4661     4677     4692     4708     4722     4739     4758 
    4757     4757     4779     4795     4797     4801     4806     4814 
    4819     4822     4833     4838     4834     4841     4852     4860 
    4869     4872     4872     4888     4896     4899     4918     4923 
    4918     4935     4949     4943     4953     4958     4951     4959 
    4966     4961     4961     4956     4947     4949     4949     4945 
    4938     4931     4927     4912     4900     4896     4888     4880 
    4872     4858     4846     4830     4819     4812     4795     4788 
    4785     4765     4761     4762     4739     4735     4752     4738 
    4719     4719     4718     4716     4719     4708     4702     4710 
    4716     4710     4698     4689     4695     4699     4687     4681 
    4671     4656     4661     4654     4626     4622     4619     4598 
    4592     4590     4571     4565     4563     4537     4534     4548 
    4526     4506     4518     4518     4502     4502     4504     4492 
    4483     4479     4477     4483     4482     4469     4459     4457 
    4461     4459     4446     4446     4445     4436     4437     4434 
    4421     4423     4428     4417     4419     4430     4418     4409 
    4418     4425     4423     4423     4423     4430     4431     4422 
    4425     4441     4441     4431     4431     4431     4433     4438 
    4433     4430     4429     4417     4411     4411     4409     4410 
    4403     4390     4388     4384     4369     4371     4378     4360 
    4353     4359     4345     4333     4345     4344     4330     4317 
    4305     4299     4298     4283     4268     4260     4248     4232 
    4207     4187     4183     4171     4140     4129     4121     4098 
    4077     4059     4036     4025     4028     4009     3981     3978 
    3969     3948     3947     3944     3932     3927     3910     3904 
    3919     3916     3905     3910     3906     3909     3928     3932 
    3936     3940     3940     3955     3970     3975     3991     4000 
    4002     4023     4041     4050     4062     4074     4078     4085 
    4104     4121     4120     4125     4137     4135     4139     4149 
    4139     4135     4135     4120     4122     4129     4110     4098 
    4090     4074     4064     4054     4041     4028     4008     3997 
    3983     3958     3958     3960     3931     3913     3915     3892 
    3877     3885     3869     3850     3842     3817     3811     3816 
    3786     3766     3773     3763     3746     3730     3709     3700 
    3689     3674     3669     3662     3653     3650     3634     3631 
    3640     3631     3615     3623     3643     3643     3628     3632 
    3649     3647     3655     3666     3661     3676     3689     3680 
    3705     3724     3704     3715     3747     3748     3746     3751 
    3757     3763     3769     3778     3780     3762     3766     3784 
    3778     3785     3794     3774     3773     3792     3788     3792 
    3805     3788     3774     3792     3793     3782     3792     3789 
    3773     3774     3770     3750     3743     3742     3732     3727 
    3717     3703     3700     3694     3674     3670     3673     3661 
    3653     3651     3649     3650     3638     3624     3639     3647 
    3632     3634     3628     3618     3639     3642     3630     3647 
    3646     3626     3638     3651     3643     3647     3653     3653 
    3655     3658     3669     3678     3676     3672     3676     3690 
    3699     3692     3693     3704     3708     3712     3719     3719 
    3709     3712     3730     3728     3717     3735     3743     3723 
    3728     3743     3732     3742     3757     3740     3740     3757 
    3753     3765     3775     3763     3776     3796     3796     3811 
    3816     3812     3831     3846     3847     3856     3855     3861 
    3886     3893     3885     3899     3908     3901     3915     3925 
    3916     3928     3951     3937     3932     3960     3970     3969 
    3984     3984     3984     4012     4024     4017     4028     4044 
    4055     4074     4077     4072     4085     4095     4107     4129 
    4126     4129     4140     4131     4140     4159     4143     4153 
    4178     4158     4159     4186     4175     4174     4197     4197 
    4200     4218     4228     4228     4230     4248     4271     4283 
    4283     4271     4288     4327     4337     4337     4352     4356 
    4363     4371     4372     4390     4401     4393     4396     4398 
    4398     4405     4399     4392     4398     4379     4360     4387 
    4391     4356     4368     4376     4334     4334     4355     4333 
    4332     4334     4320     4338     4342     4315     4320     4330 
    4324     4329     4327     4324     4329     4325     4325     4333 
    4327     4320     4326     4333     4333     4324     4318     4327 
    4337     4332     4313     4315     4336     4324     4313     4325 
    4314     4310     4327     4307     4293     4314     4299     4283 
    4303     4294     4278     4286     4276     4270     4279     4271 
    4268     4279     4276     4282     4276     4263     4293     4317 
    4297     4301     4318     4320     4338     4360     4360     4383 
    4402     4396     4409     4440     4455     4453     4476     4504 
    4502     4518     4549     4552     4571     4599     4591     4604 
    4638     4639     4658     4683     4683     4707     4714     4695 
    4725     4758     4760     4774     4780     4774     4789     4796 
    4806     4828     4820     4811     4837     4833     4814     4830 
    4833     4818     4833     4834     4810     4811     4831     4826 
    4806     4806     4820     4828     4818     4792     4791     4827 
    4839     4820     4826     4838     4834     4830     4828     4846 
    4862     4839     4838     4854     4830     4828     4841     4812 
    4818     4833     4781     4764     4799     4781     4747     4742 
    4729     4730     4735     4704     4685     4691     4695     4698 
    4665     4633     4657     4675     4645     4625     4629     4639 
    4637     4611     4603     4621     4627     4606     4591     4610 
    4623     4599     4592     4604     4595     4603     4614     4588 
    4583     4594     4583     4592     4599     4580     4583     4568 
    4535     4557     4581     4557     4538     4530     4522     4525 
    4518     4525     4542     4510     4483     4502     4504     4510 
    4535     4514     4488     4513     4514     4500     4526     4545 
    4534     4519     4518     4526     4530     4548     4557     4530 
    4525     4542     4538     4542     4538     4519     4535     4541 
    4513     4526     4545     4521     4523     4529     4513     4534 
    4535     4514     4546     4550     4530     4558     4560     4561 
    4588     4563     4572     4621     4600     4603     4633     4614 
    4631     4660     4639     4656     4687     4679     4679     4688 
    4696     4706     4702     4707     4710     4695     4710     4715 
    4689     4706     4715     4681     4691     4695     4661     4680 
    4688     4652     4668     4680     4642     4641     4645     4627 
    4634     4623     4611     4631     4606     4579     4598     4576 
    4557     4585     4563     4526     4537     4535     4527     4521 
    4490     4483     4487     4468     4467     4471     4445     4421 
    4422     4437     4418     4392     4415     4423     4386     4382 
    4392     4376     4379     4390     4374     4364     4360     4368 
    4382     4367     4357     4364     4347     4355     4391     4365 
    4345     4383     4380     4351     4368     4383     4380     4378 
    4372     4383     4388     4364     4374     4407     4393     4369 
    4382     4401     4407     4406     4399     4387     4386     4417 
    4437     4409     4396     4419     4419     4413     4422     4413 
    4403     4405     4406     4407     4382     4363     4390     4382 
    4336     4334     4326     4295     4294     4291     4280     4266 
    4225     4223     4253     4214     4180     4202     4190     4178 
    4197     4185     4167     4174     4171     4175     4182     4175 
    4178     4174     4168     4190     4195     4182     4189     4185 
    4182     4205     4205     4182     4182     4191     4197     4197 
    4183     4176     4176     4175     4176     4164     4145     4155 
    4151     4120     4121     4121     4090     4098     4105     4068 
    4067     4074     4051     4062     4072     4047     4036     4041 
    4045     4058     4050     4036     4044     4059     4072     4067 
    4043     4045     4074     4074     4050     4047     4060     4059 
    4050     4048     4035     4016     4023     4033     4010     3990 
    3996     3984     3973     3984     3978     3950     3948     3960 
    3959     3956     3963     3955     3935     3939     3960     3959 
    3942     3944     3960     3965     3962     3956     3943     3951 
    3975     3960     3939     3955     3967     3960     3970     3983 
    3973     3955     3970     3982     3956     3964     4003     3984 
    3962     3991     3986     3951     3954     3965     3969     3973 
    3965     3955     3939     3932     3947     3954     3944     3942 
    3939     3931     3935     3948     3947     3929     3925     3932 
    3937     3944     3940     3927     3924     3925     3921     3924 
    3927     3910     3908     3923     3915     3899     3893     3889 
    3902     3917     3909     3904     3917     3916     3902     3915 
    3931     3932     3936     3929     3928     3950     3951     3932 
    3943     3963     3959     3950     3950     3959     3962     3965 
    3977     3969     3955     3965     3981     3993     3996     3983 
    3984     4003     4010     4009     4020     4033     4036     4033 
    4041     4052     4052     4067     4072     4055     4072     4095 
    4072     4059     4086     4097     4077     4068     4077     4077 
    4074     4082     4082     4068     4052     4047     4052     4067 
    4074     4063     4048     4044     4041     4048     4066     4055 
    4036     4054     4058     4043     4047     4052     4036     4039 
    4055     4054     4041     4040     4033     4031     4045     4047 
    4036     4041     4035     4021     4033     4044     4050     4071 
    4066     4040     4054     4074     4072     4072     4082     4097 
    4110     4107     4102     4104     4118     4139     4140     4131 
    4128     4139     4151     4148     4152     4170     4170     4163 
    4163     4152     4145     4172     4175     4145     4159     4172 
    4132     4126     4158     4143     4117     4122     4117     4106 
    4109     4101     4095     4094     4072     4060     4071     4069 
    4062     4064     4052     4044     4054     4040     4025     4041 
    4047     4033     4025     4023     4017     4024     4028     4028 
    4035     4031     4013     4017     4028     4020     4032     4059 
    4047     4023     4024     4029     4043     4063     4060     4040 
    4036     4058     4060     4059     4071     4074     4071     4077 
    4074     4077     4085     4086     4098     4117     4091     4069 
    4109     4114     4086     4105     4112     4090     4105     4099 
    4059     4071     4102     4088     4077     4064     4044     4047 
    4050     4054     4068     4058     4027     4014     4036     4068 
    4067     4048     4052     4054     4045     4064     4086     4090 
    4091     4082     4085     4117     4121     4102     4126     4156 
    4137     4125     4133     4140     4167     4185     4167     4159 
    4152     4140     4174     4213     4203     4187     4183     4166 
    4167     4205     4220     4195     4178     4187     4191     4189 
    4199     4220     4220     4189     4167     4186     4214     4233 
    4225     4202     4212     4217     4197     4214     4251     4256 
    4252     4240     4237     4256     4263     4261     4284     4289 
    4261     4268     4299     4293     4286     4310     4305     4297 
    4324     4320     4302     4325     4341     4334     4333     4356 
    4379     4372     4360     4363     4378     4410     4442     4436 
    4407     4413     4440     4456     4480     4488     4453     4438 
    4467     4482     4495     4513     4469     4431     4484     4509 
    4461     4469     4498     4469     4472     4500     4486     4482 
    4491     4450     4434     4496     4510     4461     4471     4492 
    4473     4475     4467     4444     4475     4495     4452     4441 
    4469     4464     4434     4433     4460     4459     4431     4444 
    4457     4405     4382     4442     4479     4460     4411     4360 
    4411     4511     4468     4355     4371     4441     4456     4452 
    4423     4396     4421     4438     4421     4428     4444     4411 
    4405     4446     4430     4426     4479     4434     4376     4449 
    4500     4459     4438     4455     4467     4482     4479     4476 
    4511     4498     4442     4477     4557     4546     4486     4476 
    4514     4535     4529     4523     4529     4511     4482     4517 
    4584     4576     4529     4509     4506     4542     4585     4575 
    4552     4537     4510     4538     4602     4579     4538     4558 
    4560     4537     4548     4557     4529     4511     4533     4552 
    4544     4526     4502     4510     4544     4540     4521     4522 
    4499     4499     4546     4550     4540     4535     4513     4535 
    4550     4500     4521     4584     4554     4504     4511     4525 
    4526     4529     4513     4482     4476     4490     4499     4507 
    4464     4417     4471     4509     4442     4414     4464     4464 
    4434     4467     4483     4414     4380     4438     4507     4495 
    4411     4378     4415     4446     4459     4449     4409     4398 
    4433     4436     4401     4380     4374     4384     4406     4409 
    4378     4356     4360     4351     4352     4379     4365     4326 
    4324     4353     4372     4357     4327     4325     4356     4360 
    4349     4375     4374     4344     4369     4395     4375     4374 
    4392     4390     4396     4434     4437     4378     4378     4460 
    4482     4434     4423     4438     4452     4467     4446     4452 
    4507     4496     4444     4453     4476     4476     4472     4464 
    4467     4472     4463     4445     4446     4469     4471     4446 
    4438     4437     4425     4428     4441     4429     4415     4413 
    4395     4391     4425     4440     4403     4380     4393     4399 
    4388     4393     4410     4414     4415     4422     4405     4382 
    4405     4440     4436     4422     4425     4423     4411     4425 
    4464     4452     4409     4426     4452     4430     4423     4437 
    4444     4448     4437     4433     4442     4429     4429     4452 
    4437     4414     4423     4428     4431     4431     4417     4414 
    4410     4395     4405     4401     4379     4380     4369     4356 
    4364     4344     4327     4349     4341     4307     4302     4298 
    4268     4270     4307     4299     4240     4212     4222     4217 
    4199     4212     4228     4190     4140     4140     4159     4153 
    4128     4118     4116     4098     4093     4102     4094     4087 
    4095     4078     4050     4066     4078     4055     4048     4067 
    4071     4052     4043     4059     4068     4048     4039     4043 
    4041     4040     4050     4060     4050     4029     4025     4036 
    4045     4040     4039     4055     4047     4016     4023     4043 
    4028     4017     4036     4036     4000     3984     4021     4035 
    4002     3989     3986     3984     3997     3989     3975     3981 
    3975     3967     3971     3959     3948     3960     3963     3959 
    3967     3964     3937     3925     3944     3962     3963     3950 
    3927     3928     3960     3975     3947     3939     3969     3947 
    3927     3990     4003     3955     3990     4033     3989     3975 
    4032     4048     4035     4054     4072     4067     4062     4082 
    4120     4143     4132     4110     4116     4152     4186     4183 
    4163     4164     4178     4194     4213     4212     4214     4232 
    4217     4210     4247     4268     4256     4232     4232     4271 
    4283     4255     4248     4263     4256     4251     4271     4282 
    4260     4253     4266     4258     4256     4271     4260     4256 
    4280     4266     4238     4274     4294     4256     4263     4298 
    4271     4268     4333     4325     4245     4252     4326     4329 
    4266     4271     4336     4321     4261     4263     4301     4309 
    4278     4274     4305     4275     4243     4284     4299     4274 
    4274     4255     4238     4263     4274     4275     4276     4233 
    4222     4266     4240     4212     4278     4297     4209     4178 
    4248     4256     4171     4189     4288     4233     4139     4225 
    4302     4223     4170     4214     4261     4248     4236     4268 
    4251     4205     4225     4243     4241     4282     4271     4212 
    4220     4258     4263     4268     4279     4263     4233     4230 
    4276     4301     4260     4233     4253     4248     4233     4252 
    4271     4245     4222     4271     4298     4243     4238     4280 
    4266     4252     4286     4299     4266     4248     4309     4348 
