Origin Time       2016/04/16 01:25:00
Lat.              32.753
Long.             130.762
Depth. (km)       12
Mag.              7.3
Station Code      MIE005
Station Lat.      34.7677
Station Long.     136.1151
Station Height(m) 134
Record Time       2016/04/16 01:27:50
Sampling Freq(Hz) 100Hz
Duration Time(s)  60
Dir.              E-W
Scale Factor      7845(gal)/8223790
Max. Acc. (gal)   1.195
Last Correction   2016/04/16 01:27:51
Memo.             
    3198     3204     3211     3221     3231     3244     3262     3280 
    3291     3300     3311     3321     3329     3335     3342     3350 
    3354     3354     3354     3355     3354     3352     3345     3336 
    3333     3326     3316     3319     3316     3306     3302     3302 
    3300     3300     3298     3289     3287     3284     3276     3267 
    3256     3245     3235     3222     3203     3191     3177     3165 
    3160     3156     3152     3156     3160     3160     3161     3168 
    3171     3169     3168     3168     3164     3160     3160     3161 
    3168     3180     3194     3200     3213     3226     3234     3244 
    3254     3264     3275     3294     3314     3326     3336     3353 
    3361     3362     3362     3357     3343     3327     3311     3298 
    3288     3279     3272     3267     3264     3264     3269     3279 
    3284     3288     3294     3302     3310     3315     3321     3326 
    3327     3327     3329     3325     3323     3325     3321     3308 
    3296     3289     3287     3284     3284     3284     3284     3277 
    3269     3257     3242     3232     3223     3206     3184     3167 
    3149     3138     3138     3138     3130     3127     3126     3125 
    3126     3130     3129     3125     3126     3127     3127     3126 
    3122     3111     3102     3095     3084     3071     3059     3049 
    3041     3032     3026     3025     3028     3034     3044     3055 
    3073     3098     3118     3133     3146     3160     3171     3187 
    3200     3211     3223     3237     3250     3262     3273     3287 
    3300     3311     3325     3336     3346     3352     3354     3357 
    3354     3349     3342     3334     3326     3315     3303     3296 
    3292     3284     3280     3280     3279     3277     3280     3283 
    3284     3289     3295     3302     3303     3299     3291     3280 
    3262     3241     3219     3198     3179     3164     3148     3129 
    3113     3098     3086     3075     3065     3053     3041     3032 
    3025     3014     3010     3011     3010     3007     3007     3009 
    3013     3018     3017     3013     3014     3014     3013     3018 
    3028     3037     3046     3061     3076     3095     3117     3134 
    3148     3156     3157     3161     3165     3168     3175     3180 
    3180     3184     3191     3194     3200     3208     3208     3203 
    3199     3191     3180     3172     3161     3152     3145     3140 
    3136     3133     3134     3136     3132     3132     3136     3134 
    3130     3129     3127     3122     3117     3115     3114     3109 
    3111     3114     3117     3118     3113     3107     3103     3096 
    3090     3087     3086     3084     3086     3090     3092     3094 
    3090     3090     3094     3098     3102     3109     3117     3126 
    3138     3152     3165     3179     3190     3198     3211     3225 
    3231     3235     3238     3235     3231     3230     3225     3215 
    3203     3188     3177     3168     3159     3150     3140     3132 
    3125     3118     3107     3099     3087     3071     3063     3056 
    3042     3036     3036     3030     3025     3026     3033     3038 
    3044     3052     3063     3071     3079     3088     3099     3117 
    3136     3152     3168     3180     3198     3211     3219     3226 
    3232     3240     3248     3250     3249     3256     3264     3268 
    3272     3277     3277     3273     3271     3268     3262     3258 
    3253     3245     3242     3242     3240     3241     3241     3241 
    3240     3235     3232     3237     3238     3235     3234     3232 
    3234     3240     3245     3246     3250     3252     3249     3245 
    3232     3213     3194     3180     3168     3152     3134     3118 
    3105     3094     3082     3071     3071     3078     3088     3098 
    3105     3117     3136     3154     3173     3196     3217     3238 
    3260     3276     3288     3296     3302     3306     3314     3319 
    3319     3314     3312     3311     3310     3314     3315     3311 
    3306     3298     3288     3280     3272     3264     3253     3245 
    3237     3227     3222     3215     3206     3198     3190     3186 
    3184     3179     3172     3165     3157     3156     3157     3148 
    3133     3125     3114     3099     3090     3086     3073     3064 
    3060     3051     3042     3037     3036     3033     3028     3028 
    3030     3026     3019     3019     3024     3036     3049     3060 
    3069     3080     3099     3122     3144     3163     3180     3194 
    3200     3207     3213     3219     3229     3240     3250     3257 
    3261     3272     3289     3304     3314     3329     3345     3361 
    3376     3392     3406     3415     3426     3433     3433     3434 
    3439     3447     3451     3451     3456     3461     3466     3472 
    3477     3481     3489     3497     3501     3500     3495     3492 
    3491     3483     3469     3453     3437     3416     3396     3380 
    3361     3334     3311     3294     3271     3244     3218     3194 
    3172     3148     3123     3099     3079     3060     3040     3024 
    3013     3007     3003     3005     3011     3022     3032     3044 
    3060     3075     3095     3121     3142     3160     3183     3204 
    3227     3252     3279     3306     3331     3354     3372     3385 
    3399     3410     3412     3412     3403     3388     3379     3369 
    3362     3355     3349     3341     3329     3312     3295     3276 
    3253     3230     3217     3206     3188     3173     3165     3153 
    3148     3152     3154     3152     3153     3149     3144     3145 
    3144     3136     3121     3107     3092     3078     3065     3056 
    3046     3032     3018     3010     3002     2998     2997     2992 
    2994     3002     3013     3026     3046     3061     3071     3087 
    3106     3119     3129     3134     3137     3137     3141     3146 
    3150     3156     3164     3171     3171     3171     3173     3172 
    3171     3171     3163     3152     3153     3154     3153     3163 
    3173     3186     3203     3221     3234     3249     3262     3275 
    3284     3292     3300     3314     3331     3349     3364     3380 
    3396     3407     3416     3424     3435     3446     3451     3456 
    3461     3468     3476     3484     3489     3501     3519     3530 
    3541     3553     3562     3562     3562     3568     3570     3572 
    3576     3576     3569     3561     3558     3554     3544     3537 
    3528     3518     3507     3499     3491     3474     3451     3429 
    3404     3380     3362     3353     3343     3333     3322     3308 
    3294     3284     3280     3269     3257     3250     3246     3245 
    3245     3245     3249     3252     3252     3258     3265     3267 
    3264     3257     3253     3249     3244     3245     3250     3253 
    3257     3260     3256     3250     3246     3241     3235     3231 
    3222     3213     3210     3207     3208     3210     3206     3204 
    3206     3207     3208     3207     3208     3204     3196     3188 
    3180     3172     3160     3150     3142     3138     3137     3136 
    3137     3133     3126     3123     3125     3129     3136     3142 
    3145     3146     3149     3150     3145     3141     3142     3140 
    3133     3122     3113     3106     3102     3098     3095     3094 
    3099     3111     3126     3141     3153     3163     3169     3172 
    3172     3173     3179     3187     3191     3190     3191     3194 
    3192     3190     3186     3177     3169     3165     3160     3150 
    3145     3140     3136     3140     3144     3137     3132     3130 
    3122     3109     3105     3103     3102     3103     3109     3111 
    3117     3126     3140     3157     3171     3176     3180     3186 
    3194     3206     3213     3219     3230     3235     3244     3257 
    3268     3277     3284     3288     3287     3288     3296     3307 
    3322     3339     3361     3383     3396     3407     3429     3450 
    3472     3492     3510     3520     3527     3530     3528     3526 
    3522     3511     3496     3476     3453     3429     3400     3368 
    3333     3304     3279     3244     3207     3172     3136     3106 
    3084     3060     3040     3028     3014     3001     2984     2967 
    2956     2952     2951     2951     2945     2934     2930     2936 
    2943     2952     2960     2967     2975     2983     2990     2995 
    3003     3007     3013     3021     3034     3042     3051     3064 
    3076     3087     3102     3113     3119     3123     3123     3127 
    3129     3122     3117     3113     3109     3105     3100     3096 
    3088     3079     3071     3053     3028     3003     2982     2960 
    2938     2920     2894     2868     2844     2820     2795     2776 
    2758     2740     2724     2701     2686     2677     2662     2651 
    2643     2636     2643     2651     2658     2667     2682     2700 
    2720     2740     2762     2783     2808     2836     2867     2898 
    2926     2959     2994     3028     3057     3088     3125     3161 
    3191     3219     3249     3279     3300     3317     3334     3349 
    3362     3373     3383     3388     3388     3393     3399     3403 
    3412     3420     3423     3424     3426     3433     3438     3438 
    3438     3438     3435     3430     3420     3407     3396     3385 
    3372     3358     3346     3327     3308     3295     3277     3252 
    3227     3203     3177     3157     3140     3117     3098     3090 
    3082     3075     3071     3071     3071     3071     3076     3083 
    3084     3088     3094     3094     3094     3102     3114     3130 
    3149     3164     3173     3183     3196     3213     3221     3229 
    3237     3237     3240     3250     3258     3261     3267     3271 
    3271     3268     3264     3257     3246     3232     3223     3221 
    3221     3221     3221     3222     3232     3248     3260     3271 
    3283     3289     3299     3312     3326     3336     3346     3355 
    3365     3377     3392     3410     3423     3430     3427     3420 
    3416     3410     3395     3377     3360     3348     3329     3306 
    3283     3261     3241     3223     3202     3180     3161     3141 
    3113     3088     3068     3048     3030     3014     2998     2986 
    2974     2957     2941     2932     2922     2915     2910     2902 
    2891     2879     2866     2856     2855     2847     2833     2825 
    2817     2806     2798     2791     2786     2789     2794     2794 
    2801     2816     2828     2843     2856     2866     2874     2882 
    2891     2906     2921     2933     2947     2959     2970     2984 
    2999     3014     3030     3044     3056     3071     3086     3095 
    3109     3130     3154     3186     3218     3242     3269     3298 
    3323     3348     3373     3396     3419     3438     3454     3473 
    3488     3501     3518     3526     3530     3535     3546     3554 
    3558     3559     3561     3563     3568     3570     3572     3572 
    3569     3565     3559     3553     3546     3538     3522     3496 
    3470     3447     3423     3399     3376     3348     3317     3296 
    3277     3257     3234     3213     3196     3175     3150     3133 
    3119     3102     3086     3080     3079     3078     3079     3083 
    3084     3087     3095     3102     3106     3109     3113     3115 
    3117     3126     3141     3153     3160     3160     3157     3161 
    3167     3167     3163     3154     3141     3126     3114     3102 
    3087     3071     3060     3041     3018     3002     2986     2963 
    2938     2921     2909     2893     2875     2855     2836     2818 
    2801     2785     2774     2763     2747     2731     2716     2695 
    2678     2667     2656     2643     2635     2627     2621     2624 
    2635     2646     2656     2669     2686     2698     2705     2713 
    2721     2728     2735     2745     2758     2771     2790     2808 
    2824     2844     2872     2905     2933     2955     2967     2979 
    2990     3001     3010     3021     3032     3037     3046     3063 
    3076     3087     3099     3109     3115     3123     3127     3130 
    3134     3140     3141     3141     3141     3141     3140     3134 
    3129     3123     3115     3105     3094     3088     3088     3096 
    3109     3121     3133     3148     3163     3180     3204     3229 
    3250     3273     3292     3307     3322     3338     3354     3372 
    3388     3403     3416     3429     3442     3458     3473     3488 
    3505     3519     3526     3532     3532     3527     3523     3522 
    3520     3515     3504     3489     3473     3459     3446     3437 
    3434     3434     3427     3420     3420     3420     3414     3412 
    3414     3411     3407     3402     3395     3388     3385     3379 
    3373     3372     3373     3380     3393     3406     3419     3434 
    3446     3456     3468     3483     3499     3510     3520     3532 
    3541     3541     3538     3539     3538     3538     3539     3537 
    3530     3527     3523     3519     3520     3523     3524     3523 
    3518     3514     3514     3515     3515     3511     3503     3495 
    3480     3458     3445     3439     3430     3418     3407     3388 
    3369     3354     3336     3323     3317     3310     3300     3294 
    3284     3280     3281     3283     3283     3281     3273     3264 
    3254     3237     3213     3192     3176     3165     3152     3134 
    3118     3103     3090     3080     3075     3071     3065     3055 
    3042     3033     3019     2998     2975     2960     2945     2926 
    2903     2879     2856     2837     2822     2805     2789     2779 
    2766     2756     2751     2743     2739     2740     2745     2751 
    2755     2758     2763     2774     2783     2789     2797     2809 
    2822     2832     2841     2851     2863     2878     2891     2906 
    2922     2938     2955     2970     2983     2999     3017     3030 
    3046     3064     3079     3092     3105     3117     3127     3132 
    3132     3132     3136     3142     3149     3152     3150     3157 
    3169     3179     3186     3194     3200     3206     3207     3204 
    3206     3210     3213     3215     3221     3227     3238     3248 
    3256     3265     3271     3275     3281     3287     3288     3287 
    3284     3287     3291     3295     3299     3298     3294     3289 
    3281     3271     3258     3244     3222     3202     3184     3165 
    3144     3121     3092     3060     3026     2998     2970     2937 
    2901     2871     2847     2824     2802     2782     2763     2747 
    2739     2740     2744     2751     2756     2759     2771     2785 
    2799     2820     2843     2863     2887     2914     2940     2963 
    2986     3014     3044     3073     3096     3113     3134     3154 
    3167     3177     3187     3194     3210     3226     3237     3246 
    3258     3269     3283     3298     3311     3322     3334     3342 
    3350     3358     3369     3376     3376     3372     3368     3361 
    3354     3345     3325     3295     3267     3238     3203     3167 
    3130     3090     3049     3006     2963     2918     2875     2833 
    2790     2749     2712     2673     2635     2600     2571     2548 
    2533     2525     2520     2523     2538     2560     2586     2617 
    2650     2686     2729     2776     2825     2875     2928     2980 
    3030     3076     3119     3160     3194     3229     3258     3284 
    3315     3346     3369     3392     3418     3437     3454     3478 
    3499     3516     3534     3541     3542     3549     3561     3573 
    3586     3599     3615     3636     3651     3667     3690     3711 
    3728     3754     3774     3785     3790     3793     3794     3792 
    3785     3771     3753     3730     3708     3690     3669     3642 
    3613     3582     3553     3528     3503     3474     3453     3435 
    3419     3407     3399     3396     3395     3391     3383     3380 
    3379     3372     3362     3357     3357     3360     3364     3369 
    3376     3379     3380     3381     3383     3383     3383     3380 
    3372     3362     3352     3341     3331     3322     3310     3295 
    3277     3256     3238     3219     3194     3175     3157     3140 
    3118     3096     3076     3053     3030     3010     2990     2972 
    2953     2932     2915     2905     2894     2887     2882     2874 
    2866     2862     2856     2853     2853     2859     2860     2853 
    2849     2848     2843     2840     2840     2839     2840     2839 
    2833     2833     2837     2841     2848     2852     2852     2853 
    2851     2847     2844     2844     2849     2856     2855     2856 
    2866     2867     2866     2870     2868     2866     2868     2871 
    2871     2871     2868     2862     2863     2870     2874     2879 
    2893     2905     2920     2940     2960     2979     3001     3025 
    3048     3075     3109     3145     3180     3219     3261     3300 
    3342     3383     3420     3462     3505     3543     3582     3628 
    3670     3712     3757     3800     3842     3885     3924     3951 
    3978     4002     4020     4036     4052     4067     4081     4091 
    4098     4102     4106     4107     4101     4090     4078     4060 
    4040     4017     3994     3970     3946     3915     3880     3840 
    3798     3761     3726     3689     3651     3613     3580     3547 
    3511     3473     3437     3399     3364     3330     3292     3254 
    3215     3176     3137     3099     3063     3026     2991     2956 
    2922     2890     2867     2844     2818     2802     2794     2785 
    2782     2782     2778     2778     2783     2789     2792     2799 
    2808     2820     2837     2853     2867     2884     2905     2924 
    2941     2955     2971     2992     3015     3033     3046     3064 
    3086     3106     3122     3140     3154     3171     3188     3208 
    3226     3242     3260     3283     3308     3323     3341     3362 
    3380     3396     3414     3424     3433     3439     3442     3449 
    3457     3464     3468     3472     3477     3488     3500     3508 
    3522     3539     3553     3565     3577     3582     3589     3603 
    3618     3631     3643     3655     3669     3686     3703     3717 
    3738     3761     3776     3788     3797     3802     3812     3827 
    3842     3856     3869     3878     3888     3897     3905     3913 
    3925     3943     3959     3971     3983     3998     4012     4028 
    4047     4069     4086     4094     4099     4105     4109     4113 
    4117     4118     4113     4104     4097     4090     4085     4083 
    4077     4066     4060     4051     4040     4035     4028     4017 
    4008     3996     3984     3978     3969     3960     3948     3932 
    3916     3901     3875     3846     3815     3781     3750     3728 
    3699     3663     3634     3597     3561     3532     3497     3458 
    3423     3380     3334     3291     3246     3202     3157     3109 
    3063     3017     2972     2926     2876     2829     2786     2747 
    2706     2669     2636     2606     2575     2552     2540     2529 
    2516     2506     2501     2500     2498     2500     2508     2516 
    2523     2528     2542     2558     2574     2594     2620     2646 
    2673     2700     2727     2755     2786     2820     2852     2882 
    2917     2948     2978     3006     3029     3048     3071     3096 
    3113     3125     3132     3133     3140     3148     3154     3161 
    3165     3169     3175     3179     3180     3187     3191     3191 
    3191     3194     3196     3196     3202     3207     3207     3211 
    3217     3215     3218     3221     3221     3227     3240     3248 
    3262     3280     3291     3308     3339     3368     3393     3422 
    3451     3477     3503     3530     3561     3589     3611     3632 
    3655     3678     3696     3708     3717     3724     3727     3726 
    3717     3707     3694     3681     3666     3646     3620     3599 
    3581     3561     3543     3528     3508     3489     3476     3457 
    3439     3429     3419     3411     3404     3403     3407     3412 
    3422     3435     3449     3459     3466     3469     3473     3470 
    3464     3457     3446     3430     3416     3402     3377     3350 
    3319     3287     3257     3225     3190     3159     3130     3095 
    3053     3017     2980     2945     2917     2889     2856     2820 
    2781     2744     2709     2675     2648     2623     2598     2575 
    2554     2536     2529     2525     2523     2524     2524     2527 
    2538     2551     2565     2584     2606     2629     2660     2694 
    2729     2764     2799     2841     2890     2938     2988     3041 
    3088     3136     3180     3231     3287     3338     3385     3435 
    3478     3511     3550     3589     3620     3646     3667     3689 
    3707     3719     3732     3748     3761     3769     3778     3786 
    3793     3808     3820     3819     3815     3808     3793     3778 
    3769     3755     3738     3719     3694     3662     3630     3597 
    3568     3538     3507     3473     3439     3400     3364     3335 
    3310     3280     3256     3238     3213     3190     3175     3163 
    3152     3141     3130     3122     3118     3118     3122     3127 
    3137     3148     3157     3165     3176     3190     3203     3217 
    3230     3249     3269     3283     3287     3289     3292     3292 
    3296     3298     3294     3284     3268     3244     3217     3194 
    3176     3154     3130     3106     3082     3059     3037     3013 
    2994     2979     2960     2941     2921     2898     2882     2872 
    2867     2863     2862     2863     2870     2874     2875     2875 
    2880     2893     2902     2907     2913     2918     2926     2936 
    2944     2951     2959     2965     2967     2963     2963     2960 
    2953     2951     2953     2949     2944     2944     2947     2945 
    2943     2943     2938     2930     2921     2910     2899     2893 
    2884     2870     2851     2832     2813     2795     2776     2758 
    2740     2721     2702     2682     2668     2660     2650     2640 
    2636     2633     2632     2641     2652     2663     2679     2697 
    2717     2740     2762     2781     2802     2822     2844     2866 
    2886     2913     2938     2957     2976     2994     3006     3021 
    3040     3053     3067     3083     3092     3105     3127     3149 
    3167     3187     3206     3227     3249     3265     3283     3300 
    3317     3339     3368     3396     3419     3438     3458     3478 
    3495     3505     3515     3522     3526     3522     3514     3508 
    3503     3492     3483     3472     3456     3439     3424     3404 
    3383     3364     3346     3326     3310     3292     3267     3245 
    3232     3215     3202     3194     3183     3169     3157     3141 
    3123     3111     3105     3099     3096     3096     3096     3102 
    3109     3109     3109     3114     3122     3130     3138     3152 
    3168     3187     3203     3218     3235     3252     3269     3288 
    3308     3330     3350     3365     3369     3375     3381     3388 
    3391     3397     3407     3415     3426     3433     3426     3420 
    3419     3407     3395     3387     3379     3366     3353     3334 
    3314     3295     3276     3254     3235     3222     3208     3186 
    3161     3138     3114     3094     3076     3051     3026     3010 
    2991     2975     2964     2956     2957     2963     2964     2967 
    2972     2979     2997     3019     3038     3061     3088     3113 
    3136     3157     3180     3202     3218     3231     3244     3252 
    3258     3258     3254     3254     3254     3248     3242     3232 
    3213     3199     3186     3161     3136     3115     3090     3059 
    3028     2998     2970     2943     2911     2875     2836     2797 
    2767     2736     2698     2662     2627     2596     2567     2538 
    2508     2482     2458     2436     2415     2394     2378     2359 
    2338     2323     2308     2293     2276     2261     2249     2235 
    2226     2222     2215     2208     2208     2208     2209     2215 
    2219     2226     2236     2249     2262     2278     2293     2305 
    2319     2344     2371     2394     2420     2442     2463     2489 
    2516     2539     2565     2597     2627     2647     2667     2693 
    2720     2748     2778     2805     2828     2849     2870     2889 
    2911     2937     2961     2983     3005     3025     3044     3064 
    3087     3109     3133     3160     3183     3200     3225     3250 
    3269     3288     3310     3329     3352     3376     3396     3411 
    3424     3437     3449     3459     3469     3477     3478     3480 
    3481     3477     3474     3473     3464     3451     3439     3426 
    3414     3402     3384     3369     3357     3346     3331     3312 
    3292     3271     3252     3240     3227     3210     3194     3179 
    3165     3152     3144     3138     3129     3118     3117     3117 
    3109     3103     3095     3087     3086     3087     3090     3090 
    3087     3087     3092     3095     3095     3099     3105     3106 
    3109     3119     3133     3144     3149     3152     3152     3154 
    3156     3154     3159     3164     3161     3157     3154     3152 
    3145     3133     3122     3115     3103     3090     3082     3068 
    3049     3033     3019     3007     2995     2986     2980     2979 
    2975     2967     2967     2967     2971     2979     2984     2992 
    3003     3017     3026     3032     3040     3049     3055     3065 
    3086     3103     3121     3140     3153     3165     3183     3203 
    3219     3240     3258     3275     3291     3310     3326     3339 
    3355     3373     3392     3414     3434     3454     3470     3480 
    3492     3514     3537     3558     3577     3593     3612     3628 
    3646     3663     3681     3697     3716     3735     3753     3766 
    3781     3801     3821     3839     3856     3875     3894     3916 
    3935     3951     3975     3998     4014     4027     4036     4050 
    4062     4069     4074     4081     4083     4083     4083     4074 
    4055     4035     4013     3987     3964     3942     3908     3873 
    3838     3792     3742     3694     3647     3595     3538     3480 
    3418     3352     3284     3213     3133     3056     2980     2899 
    2817     2740     2667     2598     2535     2471     2408     2340 
    2278     2224     2176     2130     2096     2066     2038     2011 
    1982     1964     1960     1956     1949     1952     1954     1961 
    1975     1988     2001     2022     2049     2076     2110     2151 
    2193     2235     2282     2331     2381     2430     2479     2531 
    2583     2639     2700     2758     2810     2863     2918     2971 
    3022     3076     3130     3184     3241     3295     3346     3399 
    3453     3501     3547     3593     3639     3684     3726     3766 
    3805     3838     3865     3889     3909     3932     3956     3975 
    3991     4008     4017     4023     4028     4029     4027     4021 
    4010     3997     3984     3973     3956     3935     3912     3882 
    3846     3811     3780     3746     3711     3678     3647     3608 
    3566     3530     3492     3454     3418     3381     3348     3317 
    3294     3262     3227     3198     3169     3141     3119     3100 
    3084     3071     3071     3075     3078     3080     3083     3087 
    3096     3113     3132     3156     3180     3199     3223     3252 
    3279     3302     3326     3352     3377     3400     3422     3443 
    3462     3483     3500     3511     3524     3534     3542     3547 
    3546     3547     3549     3544     3532     3515     3495     3476 
    3456     3429     3397     3362     3333     3306     3276     3242 
    3207     3173     3140     3099     3057     3024     2995     2964 
    2934     2907     2879     2855     2836     2821     2808     2795 
    2783     2771     2764     2759     2763     2771     2781     2792 
    2802     2814     2833     2857     2882     2906     2930     2952 
    2980     3010     3033     3056     3083     3111     3141     3173 
    3202     3225     3252     3272     3283     3296     3312     3329 
    3342     3354     3362     3365     3365     3369     3372     3372 
    3369     3364     3354     3343     3338     3333     3322     3310 
    3296     3284     3277     3275     3268     3260     3254     3253 
    3248     3237     3226     3215     3208     3208     3213     3215 
    3219     3223     3230     3238     3246     3253     3260     3271 
    3279     3284     3295     3302     3311     3322     3333     3345 
    3353     3362     3373     3380     3384     3391     3396     3399 
    3400     3400     3403     3403     3403     3406     3404     3402 
    3404     3400     3387     3372     3360     3346     3330     3312 
    3295     3276     3252     3229     3207     3188     3171     3150 
    3132     3118     3105     3088     3073     3056     3037     3022 
    3015     3011     3007     3002     2997     2992     2995     3001 
    3003     3007     3009     3009     3017     3030     3044     3055 
    3064     3075     3087     3102     3118     3133     3148     3161 
    3173     3184     3202     3217     3226     3238     3254     3265 
    3273     3280     3281     3283     3283     3281     3277     3272 
    3267     3258     3244     3226     3208     3196     3186     3172 
    3152     3129     3107     3086     3065     3049     3030     3009 
    2992     2976     2959     2945     2934     2922     2918     2914 
    2906     2899     2898     2895     2899     2907     2915     2924 
    2934     2945     2964     2984     3001     3017     3034     3051 
    3067     3083     3096     3109     3126     3138     3149     3161 
    3173     3183     3186     3190     3198     3203     3210     3215 
    3213     3210     3210     3208     3208     3213     3221     3229 
    3238     3250     3261     3273     3289     3312     3336     3361 
    3388     3419     3447     3483     3519     3557     3596     3631 
    3663     3699     3732     3762     3790     3817     3839     3859 
    3878     3899     3920     3932     3940     3944     3940     3932 
    3923     3906     3889     3871     3852     3832     3807     3781 
    3759     3735     3711     3690     3667     3643     3623     3603 
    3580     3557     3541     3528     3516     3505     3497     3489 
    3480     3474     3469     3468     3472     3473     3474     3474 
    3469     3464     3470     3476     3468     3466     3473     3472 
    3469     3473     3470     3465     3458     3446     3435     3434 
    3430     3419     3407     3400     3387     3372     3364     3354 
    3342     3335     3329     3314     3295     3281     3273     3264 
    3248     3231     3218     3203     3190     3175     3154     3130 
    3107     3082     3056     3032     3014     2995     2978     2961 
    2947     2929     2913     2901     2890     2876     2863     2853 
    2847     2843     2837     2836     2837     2836     2840     2848 
    2851     2852     2856     2859     2863     2863     2859     2860 
    2866     2871     2876     2879     2880     2880     2878     2872 
    2866     2860     2857     2852     2851     2849     2843     2837 
    2835     2826     2822     2829     2833     2830     2826     2822 
    2824     2825     2822     2818     2813     2808     2806     2805 
    2802     2801     2797     2790     2787     2783     2778     2776 
    2781     2783     2786     2789     2794     2799     2801     2806 
    2818     2832     2844     2856     2863     2872     2880     2893 
    2907     2928     2947     2963     2979     2998     3017     3038 
    3065     3094     3115     3138     3163     3184     3208     3237 
    3262     3287     3312     3335     3357     3377     3400     3423 
    3443     3466     3481     3488     3497     3508     3514     3520 
    3526     3526     3524     3519     3508     3496     3481     3466 
    3450     3429     3404     3379     3349     3321     3294     3264 
    3231     3199     3165     3126     3088     3053     3017     2983 
    2948     2914     2882     2853     2825     2795     2770     2749 
    2728     2706     2688     2673     2660     2652     2646     2646 
    2650     2650     2652     2658     2666     2686     2708     2727 
    2751     2778     2802     2829     2862     2891     2929     2972 
    3007     3041     3079     3119     3163     3206     3245     3279 
    3307     3339     3376     3406     3433     3458     3478     3500 
    3520     3530     3541     3551     3559     3566     3572     3572 
    3573     3576     3573     3566     3559     3554     3551     3549 
    3544     3543     3542     3532     3523     3520     3518     3514 
    3514     3511     3510     3510     3510     3504     3496     3492 
    3491     3487     3478     3472     3469     3464     3456     3450 
    3442     3430     3418     3404     3395     3383     3369     3357 
    3343     3329     3312     3302     3294     3281     3268     3256 
    3242     3234     3232     3229     3225     3225     3221     3213 
    3202     3196     3194     3192     3190     3180     3168     3160 
    3156     3146     3138     3132     3118     3107     3102     3094 
    3080     3068     3063     3060     3052     3042     3036     3029 
    3024     3017     3006     2998     2991     2984     2978     2971 
    2965     2960     2953     2948     2944     2933     2924     2918 
    2913     2910     2913     2913     2913     2917     2920     2918 
    2926     2940     2944     2945     2952     2957     2963     2970 
    2974     2976     2978     2983     2990     2997     3007     3014 
    3015     3019     3025     3030     3038     3046     3055     3061 
    3067     3076     3090     3109     3122     3134     3150     3168 
    3190     3215     3240     3265     3294     3325     3353     3379 
    3404     3431     3458     3487     3514     3537     3559     3577 
    3591     3607     3623     3631     3636     3636     3628     3626 
    3628     3623     3612     3607     3596     3569     3543     3523 
    3496     3464     3434     3402     3366     3334     3303     3264 
    3227     3198     3165     3132     3098     3063     3028     2990 
    2959     2933     2907     2886     2867     2847     2828     2814 
    2798     2782     2772     2766     2758     2749     2745     2740 
    2739     2747     2752     2762     2774     2776     2781     2795 
    2810     2822     2840     2859     2872     2890     2906     2920 
    2930     2947     2965     2982     2992     2999     3007     3014 
    3018     3028     3040     3041     3042     3045     3042     3048 
    3056     3053     3053     3060     3061     3060     3061     3060 
    3059     3059     3061     3067     3068     3064     3063     3065 
    3076     3086     3088     3094     3098     3098     3095     3100 
    3106     3105     3105     3109     3113     3121     3130     3137 
    3145     3153     3156     3157     3159     3163     3163     3160 
    3164     3167     3163     3161     3165     3163     3163     3168 
    3171     3171     3171     3173     3179     3184     3194     3210 
    3227     3245     3261     3279     3298     3316     3331     3352 
    3377     3403     3424     3442     3458     3478     3501     3527 
    3549     3563     3576     3586     3597     3608     3618     3623 
    3628     3632     3632     3627     3613     3604     3599     3589 
    3576     3562     3544     3530     3515     3492     3472     3450 
    3429     3412     3393     3372     3358     3345     3323     3304 
    3284     3267     3250     3231     3211     3196     3180     3165 
    3156     3148     3137     3126     3115     3109     3109     3109 
    3107     3106     3107     3111     3121     3132     3142     3154 
    3167     3180     3199     3221     3242     3267     3289     3308 
    3331     3358     3383     3404     3433     3457     3476     3496 
    3516     3532     3549     3568     3582     3596     3612     3626 
    3636     3649     3662     3673     3684     3690     3699     3704 
    3708     3712     3711     3705     3704     3707     3703     3699 
    3694     3684     3674     3672     3665     3653     3646     3640 
    3634     3626     3613     3604     3601     3599     3597     3591 
    3585     3586     3588     3585     3580     3570     3563     3562 
    3559     3553     3546     3542     3541     3538     3532     3527 
    3528     3527     3520     3510     3503     3504     3504     3495 
    3484     3478     3476     3472     3473     3477     3480     3485 
    3488     3488     3489     3499     3508     3514     3519     3523 
    3524     3535     3544     3554     3565     3574     3580     3581 
    3581     3582     3585     3591     3597     3603     3605     3609 
    3615     3620     3627     3636     3650     3663     3674     3681 
    3689     3699     3711     3727     3742     3754     3766     3774 
    3778     3785     3786     3789     3800     3805     3802     3797 
    3794     3794     3797     3798     3796     3785     3771     3763 
    3757     3750     3738     3731     3723     3708     3693     3676 
    3658     3642     3626     3608     3592     3572     3550     3527 
    3504     3478     3457     3434     3406     3375     3352     3331 
    3308     3289     3272     3249     3230     3213     3192     3171 
    3153     3137     3126     3119     3113     3106     3099     3092 
    3092     3096     3102     3109     3118     3126     3138     3152 
    3163     3180     3199     3217     3234     3253     3272     3294 
    3316     3335     3353     3373     3393     3412     3429     3445 
    3461     3476     3492     3515     3532     3541     3551     3568 
    3576     3577     3582     3588     3589     3589     3588     3588 
    3586     3581     3574     3566     3557     3547     3535     3519 
    3504     3491     3468     3443     3426     3406     3385     3369 
    3354     3335     3319     3304     3284     3260     3238     3215 
    3198     3184     3169     3157     3145     3126     3109     3107 
    3105     3096     3087     3080     3071     3063     3056     3056 
    3055     3052     3055     3063     3069     3071     3076     3087 
    3098     3106     3113     3123     3134     3140     3146     3157 
    3167     3179     3188     3194     3202     3211     3221     3229 
    3234     3238     3249     3254     3253     3254     3256     3252 
    3250     3254     3254     3249     3244     3235     3222     3211 
    3204     3191     3172     3154     3137     3118     3102     3087 
    3071     3056     3040     3017     2990     2967     2949     2929 
    2913     2903     2894     2884     2878     2870     2863     2863 
    2863     2855     2851     2852     2853     2856     2867     2872 
    2872     2878     2882     2880     2887     2899     2907     2913 
    2915     2922     2929     2936     2943     2949     2956     2967 
    2982     2995     3013     3026     3036     3049     3063     3071 
    3083     3095     3107     3117     3127     3142     3156     3165 
    3173     3179     3184     3190     3198     3203     3210     3219 
    3222     3218     3218     3219     3219     3221     3223     3218 
    3211     3208     3200     3194     3192     3191     3188     3186 
    3180     3175     3169     3165     3163     3160     3156     3152 
    3149     3141     3126     3111     3103     3099     3095     3088 
    3079     3068     3053     3037     3025     3019     3017     3009 
    2998     2986     2971     2955     2938     2924     2914     2909 
    2901     2882     2863     2852     2840     2828     2821     2813 
    2795     2778     2768     2762     2756     2752     2747     2740 
    2736     2735     2733     2733     2739     2739     2735     2732 
    2731     2731     2735     2736     2733     2731     2732     2733 
    2732     2736     2740     2740     2744     2751     2758     2762 
    2764     2770     2775     2785     2794     2803     2810     2814 
    2810     2805     2806     2813     2817     2817     2817     2814 
    2810     2810     2814     2817     2820     2816     2802     2787 
    2779     2774     2770     2764     2752     2729     2709     2698 
    2693     2688     2682     2666     2647     2628     2613     2609 
    2609     2604     2594     2586     2581     2583     2594     2602 
    2602     2601     2594     2592     2597     2605     2617     2629 
    2631     2631     2644     2666     2683     2701     2717     2725 
    2737     2762     2789     2814     2839     2857     2867     2872 
    2882     2905     2937     2960     2972     2980     2990     2998 
    3007     3017     3022     3025     3026     3029     3034     3036 
    3036     3036     3034     3029     3017     3002     2990     2978 
    2965     2948     2926     2914     2903     2889     2876     2866 
    2852     2840     2830     2814     2795     2775     2759     2744 
    2729     2720     2710     2697     2683     2671     2660     2655 
    2651     2644     2633     2623     2612     2606     2604     2608 
    2613     2620     2632     2646     2650     2654     2659     2666 
    2675     2687     2700     2713     2725     2735     2751     2768 
    2781     2797     2817     2833     2844     2852     2866     2879 
    2884     2889     2898     2907     2913     2914     2915     2924 
    2936     2940     2940     2943     2938     2933     2933     2933 
    2928     2917     2911     2910     2899     2882     2868     2863 
    2856     2847     2836     2822     2808     2789     2772     2768 
    2766     2762     2762     2759     2755     2755     2759     2768 
    2774     2775     2785     2805     2821     2840     2862     2880 
    2902     2925     2947     2971     2997     3025     3055     3078 
    3099     3126     3152     3175     3194     3213     3237     3264 
    3284     3302     3319     3336     3348     3355     3368     3380 
    3387     3392     3400     3404     3404     3407     3412     3416 
    3419     3423     3424     3427     3429     3422     3418     3427 
    3434     3438     3440     3439     3439     3447     3458     3465 
    3469     3469     3466     3468     3473     3481     3492     3499 
    3492     3492     3496     3496     3497     3503     3505     3504 
    3503     3496     3487     3485     3485     3476     3468     3461 
    3450     3449     3447     3431     3416     3412     3407     3396 
    3384     3377     3368     3354     3343     3339     3341     3348 
    3354     3353     3343     3330     3315     3306     3311     3317 
    3317     3314     3299     3284     3289     3310     3319     3312 
    3295     3284     3289     3296     3304     3308     3300     3289 
    3289     3296     3311     3335     3345     3331     3325     3335 
    3354     3373     3387     3392     3392     3402     3420     3438 
    3449     3456     3462     3477     3497     3515     3530     3535 
    3532     3537     3554     3576     3589     3599     3604     3607 
    3613     3624     3634     3639     3639     3646     3651     3653 
    3659     3665     3661     3655     3655     3657     3657     3657 
    3655     3657     3653     3650     3650     3649     3645     3643 
    3643     3639     3634     3636     3634     3630     3628     3619 
    3608     3605     3605     3607     3605     3599     3592     3593 
    3595     3593     3592     3591     3596     3607     3605     3603 
    3609     3611     3611     3620     3628     3628     3628     3634 
    3634     3632     3634     3638     3640     3634     3630     3630 
    3630     3626     3626     3619     3603     3593     3593     3586 
    3581     3578     3569     3557     3547     3535     3528     3530 
    3520     3505     3500     3499     3495     3491     3484     3472 
    3466     3469     3466     3461     3459     3459     3458     3451 
    3445     3446     3454     3456     3449     3451     3453     3450 
    3454     3459     3459     3454     3450     3456     3459     3459 
    3464     3469     3465     3459     3464     3468     3466     3465 
    3465     3466     3466     3465     3468     3472     3477     3488 
    3499     3501     3500     3503     3511     3522     3522     3518 
    3522     3530     3541     3550     3551     3550     3555     3562 
    3563     3563     3562     3563     3566     3559     3547     3541 
    3543     3547     3543     3530     3519     3514     3510     3504 
    3492     3480     3470     3458     3445     3438     3434     3429 
    3423     3414     3400     3387     3377     3375     3372     3365 
    3357     3350     3338     3327     3325     3317     3311     3310 
    3307     3302     3300     3292     3280     3276     3272     3267 
    3265     3264     3258     3256     3257     3256     3254     3252 
    3246     3241     3235     3226     3221     3222     3221     3210 
    3194     3184     3180     3176     3165     3150     3134     3117 
    3107     3096     3078     3061     3056     3041     3010     2988 
    2983     2978     2964     2949     2934     2921     2910     2899 
    2889     2872     2857     2852     2841     2826     2820     2817 
    2806     2799     2797     2792     2794     2795     2786     2783 
    2791     2794     2789     2789     2794     2799     2802     2803 
    2809     2822     2837     2835     2826     2828     2830     2832 
    2841     2851     2855     2852     2852     2859     2863     2868 
    2870     2862     2847     2839     2848     2855     2840     2821 
    2824     2828     2814     2810     2811     2806     2805     2792 
    2774     2770     2778     2794     2790     2744     2716     2745 
    2778     2764     2728     2717     2737     2733     2712     2714 
    2714     2713     2717     2691     2668     2681     2691     2704 
    2713     2693     2677     2693     2700     2675     2666     2683 
    2679     2655     2664     2683     2682     2681     2677     2664 
    2675     2690     2682     2675     2683     2686     2687     2695 
    2690     2671     2685     2732     2740     2716     2718     2733 
    2737     2749     2754     2749     2768     2792     2797     2786 
    2781     2792     2808     2817     2826     2830     2833     2844 
    2843     2836     2836     2835     2841     2862     2867     2857 
    2863     2889     2899     2879     2860     2878     2893     2891 
    2905     2922     2917     2909     2914     2920     2925     2937 
    2944     2947     2957     2961     2949     2951     2965     2963 
    2945     2952     2983     2986     2971     2979     2982     2965 
    2964     2964     2960     2967     2971     2963     2955     2948 
    2944     2941     2947     2953     2941     2929     2947     2957 
    2943     2937     2944     2940     2933     2933     2938     2943 
    2948     2961     2976     2976     2975     2984     3001     3007 
    3005     3018     3053     3073     3067     3064     3084     3117 
    3133     3129     3134     3150     3169     3188     3210     3226 
    3232     3240     3260     3272     3275     3294     3321     3334 
    3342     3348     3357     3380     3399     3392     3388     3407 
    3435     3440     3434     3440     3456     3461     3461     3465 
    3468     3477     3495     3492     3480     3477     3483     3488 
    3495     3495     3484     3483     3499     3500     3477     3465 
    3480     3488     3473     3472     3483     3474     3462     3478 
    3495     3487     3484     3496     3504     3508     3511     3511 
    3520     3534     3539     3539     3547     3555     3554     3565 
    3585     3581     3576     3591     3603     3608     3612     3613 
    3608     3599     3615     3651     3655     3627     3618     3632 
    3646     3642     3619     3615     3628     3620     3599     3586 
    3593     3609     3599     3566     3568     3592     3591     3572 
    3559     3551     3550     3550     3541     3538     3538     3532 
    3522     3499     3489     3503     3499     3480     3470     3459 
    3457     3478     3468     3416     3407     3454     3478     3459 
    3427     3423     3453     3465     3454     3446     3430     3431 
    3474     3491     3450     3437     3492     3530     3522     3526 
    3542     3542     3549     3573     3591     3596     3593     3604 
    3634     3653     3642     3630     3653     3704     3715     3661 
    3640     3705     3744     3701     3672     3685     3688     3701 
    3735     3727     3700     3705     3717     3708     3703     3719 
    3728     3717     3696     3686     3689     3689     3686     3685 
    3667     3669     3686     3653     3619     3638     3645     3603 
    3581     3599     3586     3553     3563     3586     3561     3538 
    3546     3524     3481     3474     3491     3503     3507     3484 
    3434     3416     3443     3450     3429     3431     3438     3415 
    3392     3403     3411     3392     3388     3395     3377     3364 
    3375     3396     3404     3391     3379     3369     3358     3364 
    3373     3379     3384     3375     3365     3365     3353     3348 
    3362     3368     3369     3372     3357     3353     3368     3357 
    3330     3327     3336     3330     3314     3304     3304     3314 
    3307     3279     3264     3260     3254     3240     3226     3232 
    3223     3188     3187     3213     3204     3173     3172     3194 
    3191     3171     3163     3163     3159     3148     3134     3134 
    3137     3130     3130     3136     3133     3123     3109     3103 
    3113     3107     3082     3075     3092     3090     3060     3046 
    3060     3064     3028     3013     3053     3061     3014     2994 
    3010     3013     3007     2999     2986     2986     2999     2999 
    2990     2990     2999     2999     2979     2967     2979     2975 
    2963     2975     2990     2974     2964     2982     2983     2964 
    2956     2953     2963     2972     2956     2947     2953     2948 
    2945     2947     2940     2938     2945     2938     2924     2914 
    2909     2918     2921     2899     2887     2899     2906     2898 
    2891     2890     2898     2905     2896     2882     2882     2893 
    2903     2905     2895     2893     2894     2891     2889     2899 
    2907     2905     2910     2924     2918     2901     2914     2947 
    2944     2928     2937     2947     2943     2949     2963     2959 
    2957     2972     2984     2976     2956     2943     2961     2980 
    2959     2948     2959     2945     2940     2959     2959     2951 
    2947     2929     2918     2937     2937     2907     2913     2929 
    2911     2906     2917     2905     2886     2880     2882     2887 
    2894     2880     2853     2851     2867     2866     2851     2844 
    2849     2849     2843     2849     2848     2825     2822     2840 
    2829     2799     2785     2787     2792     2797     2794     2785 
    2774     2775     2779     2774     2774     2781     2779     2776 
    2781     2787     2786     2781     2783     2802     2811     2803 
    2809     2830     2832     2824     2844     2870     2878     2887 
    2905     2925     2943     2948     2952     2974     2994     2998 
    3010     3026     3038     3067     3087     3086     3092     3125 
    3153     3159     3161     3180     3199     3217     3241     3250 
    3241     3237     3249     3268     3271     3269     3284     3292 
    3287     3288     3284     3269     3265     3269     3271     3268 
    3250     3215     3194     3204     3221     3202     3161     3140 
    3144     3142     3136     3133     3117     3090     3079     3083 
    3076     3059     3060     3068     3060     3061     3068     3048 
    3032     3040     3044     3038     3037     3042     3046     3037 
    3052     3090     3086     3056     3055     3073     3113     3132 
    3103     3086     3109     3149     3173     3172     3163     3165 
    3179     3207     3241     3262     3267     3273     3295     3312 
    3314     3316     3342     3376     3388     3403     3440     3451 
    3423     3429     3474     3488     3459     3461     3503     3520 
    3514     3516     3518     3538     3584     3574     3526     3535 
    3578     3586     3566     3561     3592     3607     3565     3549 
    3603     3634     3600     3577     3615     3655     3653     3638 
    3640     3665     3685     3666     3651     3681     3696     3682 
    3681     3696     3727     3743     3708     3699     3734     3735 
    3715     3721     3731     3738     3746     3724     3712     3734 
    3734     3712     3717     3730     3726     3719     3705     3689 
    3694     3697     3688     3689     3684     3667     3680     3699 
    3680     3662     3673     3676     3659     3645     3639     3653 
    3665     3650     3647     3666     3653     3624     3623     3640 
    3658     3657     3628     3607     3622     3643     3628     3609 
    3622     3615     3604     3624     3618     3577     3580     3600 
    3588     3559     3530     3524     3546     3542     3501     3484 
    3497     3487     3462     3461     3445     3410     3402     3393 
    3364     3362     3364     3331     3315     3315     3292     3275 
    3283     3284     3269     3250     3234     3222     3218     3219 
    3218     3213     3208     3199     3183     3169     3169     3180 
    3194     3192     3175     3167     3165     3163     3176     3191 
    3180     3165     3168     3172     3168     3171     3176     3179 
    3180     3168     3145     3136     3145     3153     3144     3127 
    3118     3105     3102     3114     3113     3096     3083     3079 
    3080     3078     3063     3046     3029     3011     3014     3022 
