Origin Time       2016/04/16 01:25:00
Lat.              32.753
Long.             130.762
Depth. (km)       12
Mag.              7.3
Station Code      MYZ019
Station Lat.      32.5006
Station Long.     131.4444
Station Height(m) 141
Record Time       2016/04/16 01:25:18
Sampling Freq(Hz) 100Hz
Duration Time(s)  105
Dir.              E-W
Scale Factor      7845(gal)/8223790
Max. Acc. (gal)   62.880
Last Correction   2016/04/16 01:25:18
Memo.             
   10374    10377    10374    10372    10372    10374    10372    10372 
   10374    10377    10376    10372    10372    10372    10377    10376 
   10370    10372    10377    10377    10372    10372    10374    10374 
   10372    10374    10376    10374    10372    10372    10374    10377 
   10377    10370    10370    10377    10378    10374    10372    10372 
   10374    10374    10370    10369    10372    10374    10372    10372 
   10372    10374    10374    10372    10370    10374    10376    10372 
   10372    10376    10376    10372    10370    10369    10372    10372 
   10370    10372    10374    10372    10372    10372    10374    10376 
   10372    10372    10374    10376    10372    10372    10372    10376 
   10372    10372    10372    10372    10374    10374    10374    10374 
   10372    10372    10372    10372    10376    10376    10372    10372 
   10374    10372    10372    10372    10370    10372    10374    10372 
   10369    10372    10377    10376    10372    10374    10376    10374 
   10372    10372    10372    10374    10374    10374    10376    10376 
   10372    10372    10372    10372    10376    10376    10372    10372 
   10374    10374    10372    10372    10372    10374    10374    10372 
   10372    10372    10372    10372    10376    10376    10372    10372 
   10370    10372    10376    10376    10374    10372    10374    10374 
   10374    10374    10374    10374    10372    10372    10374    10376 
   10374    10372    10372    10374    10372    10372    10370    10372 
   10374    10376    10372    10374    10377    10376    10372    10372 
   10374    10376    10374    10372    10374    10376    10372    10370 
   10372    10377    10377    10372    10372    10376    10372    10370 
   10372    10372    10374    10376    10374    10370    10372    10374 
   10372    10374    10376    10374    10374    10372    10374    10374 
   10372    10372    10372    10374    10374    10372    10370    10372 
   10374    10376    10372    10372    10376    10372    10370    10372 
   10376    10378    10374    10372    10374    10376    10376    10372 
   10372    10377    10376    10372    10372    10372    10377    10376 
   10370    10372    10372    10372    10372    10370    10372    10377 
   10374    10370    10372    10377    10372    10369    10372    10377 
   10377    10372    10369    10372    10376    10372    10370    10372 
   10374    10372    10374    10372    10372    10374    10372    10370 
   10374    10378    10374    10372    10372    10374    10372    10372 
   10374    10377    10376    10372    10370    10372    10377    10374 
   10369    10370    10376    10377    10374    10372    10374    10376 
   10376    10372    10370    10372    10374    10372    10372    10376 
   10377    10374    10370    10372    10377    10376    10372    10372 
   10374    10376    10374    10370    10372    10374    10372    10372 
   10376    10378    10374    10370    10369    10372    10376    10374 
   10372    10372    10374    10374    10372    10372    10376    10376 
   10372    10369    10372    10377    10376    10370    10372    10377 
   10372    10370    10372    10374    10376    10374    10370    10370 
   10372    10372    10372    10372    10374    10372    10370    10372 
   10374    10374    10374    10374    10372    10374    10374    10372 
   10372    10376    10376    10370    10372    10376    10376    10372 
   10372    10372    10376    10376    10372    10372    10374    10372 
   10372    10372    10376    10376    10372    10370    10372    10374 
   10374    10374    10376    10378    10376    10372    10372    10372 
   10372    10374    10376    10377    10376    10372    10372    10372 
   10372    10374    10374    10372    10372    10372    10372    10374 
   10372    10374    10376    10376    10372    10372    10376    10372 
   10368    10372    10376    10372    10374    10376    10372    10372 
   10372    10372    10372    10374    10377    10376    10372    10374 
   10376    10372    10372    10374    10374    10374    10372    10372 
   10372    10376    10376    10374    10372    10372    10374    10372 
   10372    10374    10374    10372    10372    10372    10374    10376 
   10374    10374    10374    10376    10372    10370    10372    10374 
   10374    10376    10374    10372    10376    10372    10370    10372 
   10376    10374    10372    10372    10374    10376    10376    10372 
   10372    10374    10372    10374    10377    10374    10372    10372 
   10372    10372    10372    10372    10372    10372    10376    10374 
   10370    10372    10372    10372    10372    10372    10376    10377 
   10370    10366    10372    10376    10372    10372    10372    10372 
   10372    10370    10370    10372    10374    10372    10369    10370 
   10377    10377    10372    10370    10374    10374    10370    10369 
   10372    10374    10372    10370    10370    10374    10374    10372 
   10372    10374    10372    10370    10369    10372    10380    10377 
   10368    10370    10377    10377    10372    10372    10377    10376 
   10370    10370    10372    10376    10378    10372    10370    10374 
   10374    10372    10370    10372    10374    10374    10372    10374 
   10376    10372    10369    10370    10377    10377    10372    10372 
   10372    10372    10372    10370    10372    10374    10372    10372 
   10372    10374    10376    10376    10374    10372    10374    10380 
   10372    10370    10374    10374    10372    10370    10372    10372 
   10372    10370    10370    10376    10378    10374    10369    10372 
   10378    10378    10372    10370    10374    10376    10374    10376 
   10377    10374    10372    10372    10374    10376    10376    10374 
   10372    10372    10372    10369    10372    10376    10370    10368 
   10372    10374    10374    10372    10370    10372    10377    10374 
   10372    10372    10372    10374    10372    10372    10372    10372 
   10372    10372    10372    10374    10374    10372    10372    10372 
   10374    10374    10372    10372    10376    10376    10372    10370 
   10370    10372    10376    10374    10372    10374    10374    10372 
   10372    10374    10374    10372    10372    10372    10374    10376 
   10372    10372    10374    10374    10372    10374    10372    10372 
   10372    10374    10378    10376    10370    10372    10374    10374 
   10374    10374    10372    10369    10374    10377    10374    10372 
   10374    10372    10372    10374    10374    10374    10374    10372 
   10372    10372    10372    10374    10372    10372    10374    10377 
   10376    10370    10369    10372    10374    10372    10374    10377 
   10372    10368    10372    10378    10376    10372    10372    10372 
   10374    10372    10372    10372    10372    10374    10372    10372 
   10376    10377    10372    10369    10370    10374    10376    10372 
   10372    10372    10374    10374    10372    10374    10377    10374 
   10370    10370    10372    10376    10372    10370    10372    10376 
   10372    10372    10376    10374    10372    10369    10369    10376 
   10378    10374    10372    10376    10377    10376    10376    10374 
   10372    10372    10370    10372    10377    10374    10374    10376 
   10377    10378    10376    10370    10370    10374    10374    10372 
   10374    10374    10372    10372    10372    10377    10377    10372 
   10370    10372    10376    10377    10372    10370    10374    10376 
   10372    10372    10376    10377    10376    10370    10370    10372 
   10374    10372    10372    10374    10376    10372    10370    10372 
   10376    10372    10368    10372    10376    10374    10370    10369 
   10372    10378    10376    10370    10370    10376    10376    10372 
   10372    10374    10376    10374    10372    10374    10377    10374 
   10370    10372    10377    10374    10372    10374    10374    10372 
   10370    10370    10372    10377    10377    10370    10369    10374 
   10376    10372    10372    10372    10374    10374    10372    10372 
   10372    10374    10372    10370    10372    10374    10370    10369 
   10374    10376    10374    10372    10370    10372    10377    10374 
   10372    10374    10376    10372    10369    10372    10374    10374 
   10372    10372    10372    10372    10372    10372    10374    10372 
   10372    10370    10369    10374    10377    10372    10369    10372 
   10372    10372    10372    10376    10377    10372    10370    10372 
   10372    10376    10372    10370    10372    10376    10374    10372 
   10374    10377    10376    10372    10369    10372    10377    10376 
   10372    10376    10376    10372    10372    10372    10374    10377 
   10374    10372    10372    10374    10372    10372    10372    10372 
   10372    10372    10370    10370    10372    10374    10374    10374 
   10376    10374    10372    10372    10372    10376    10374    10374 
   10374    10372    10372    10372    10372    10374    10377    10374 
   10372    10376    10377    10376    10372    10372    10372    10372 
   10372    10372    10372    10372    10374    10372    10372    10376 
   10372    10370    10372    10374    10377    10374    10370    10372 
   10377    10376    10369    10369    10376    10377    10372    10372 
   10374    10372    10372    10372    10370    10376    10377    10372 
   10372    10372    10372    10374    10372    10372    10374    10372 
   10370    10374    10376    10376    10372    10370    10372    10372 
   10372    10372    10374    10376    10374    10372    10374    10376 
   10372    10369    10369    10374    10378    10374    10370    10370 
   10374    10374    10372    10372    10372    10374    10372    10369 
   10370    10376    10374    10370    10370    10372    10374    10372 
   10370    10372    10376    10377    10374    10372    10374    10374 
   10369    10370    10376    10377    10372    10368    10368    10372 
   10374    10372    10372    10374    10374    10372    10369    10372 
   10377    10374    10370    10372    10378    10374    10370    10372 
   10372    10372    10372    10372    10376    10377    10376    10372 
   10370    10372    10374    10370    10370    10374    10378    10374 
   10368    10369    10372    10372    10370    10368    10372    10378 
   10374    10372    10372    10372    10372    10372    10372    10377 
   10378    10372    10370    10376    10377    10372    10369    10372 
   10377    10377    10372    10370    10372    10372    10372    10372 
   10376    10378    10377    10372    10369    10370    10370    10372 
   10374    10376    10376    10372    10368    10368    10372    10374 
   10372    10370    10372    10372    10370    10372    10376    10374 
   10372    10369    10369    10374    10374    10369    10370    10374 
   10376    10376    10372    10372    10376    10376    10372    10372 
   10376    10376    10370    10369    10372    10374    10374    10372 
   10372    10372    10369    10368    10372    10378    10378    10372 
   10370    10372    10376    10376    10372    10369    10372    10376 
   10374    10372    10374    10374    10372    10372    10374    10380 
   10376    10366    10368    10376    10378    10374    10370    10372 
   10376    10374    10370    10372    10377    10374    10372    10369 
   10368    10372    10377    10377    10374    10372    10369    10369 
   10369    10374    10377    10377    10376    10370    10369    10372 
   10374    10374    10372    10372    10372    10372    10372    10377 
   10376    10372    10370    10369    10372    10377    10374    10369 
   10368    10370    10374    10378    10378    10372    10368    10372 
   10377    10378    10377    10370    10369    10372    10372    10372 
   10374    10376    10374    10372    10372    10372    10372    10372 
   10372    10368    10370    10374    10374    10372    10376    10377 
   10377    10372    10370    10372    10372    10372    10372    10376 
   10374    10372    10370    10372    10378    10380    10374    10369 
   10369    10372    10376    10380    10378    10376    10370    10366 
   10368    10372    10377    10377    10372    10372    10374    10372 
   10370    10376    10378    10372    10370    10372    10372    10376 
   10377    10372    10372    10374    10372    10370    10374    10377 
   10374    10372    10372    10372    10372    10372    10372    10374 
   10376    10374    10372    10372    10372    10372    10372    10370 
   10374    10378    10376    10372    10374    10376    10372    10370 
   10372    10374    10377    10374    10370    10372    10374    10372 
   10370    10374    10378    10376    10368    10366    10376    10384 
   10378    10370    10369    10372    10374    10370    10372    10376 
   10378    10372    10370    10374    10376    10372    10370    10370 
   10372    10374    10369    10369    10377    10378    10372    10368 
   10370    10378    10380    10370    10362    10369    10380    10378 
   10372    10370    10372    10374    10376    10377    10376    10372 
   10368    10370    10381    10385    10376    10362    10366    10377 
   10378    10374    10372    10372    10377    10376    10372    10374 
   10376    10372    10372    10372    10376    10377    10369    10365 
   10372    10378    10376    10369    10372    10377    10376    10370 
   10369    10370    10376    10377    10372    10372    10374    10374 
   10374    10376    10376    10372    10370    10372    10380    10384 
   10382    10380    10384    10393    10408    10423    10443    10473 
   10513    10554    10592    10640    10697    10754    10814    10874 
   10906    10874    10760    10605    10498    10492    10552    10574 
   10513    10466    10557    10720    10677    10247     9674     9460 
    9833    10513    11071    11242    10987    10408     9771     9532 
    9906    10415    10345     9535     8677     8604     9217     9787 
    9875     9406     8772     8685     9651    11623    13265    12657 
   10022     7668     7300     8926    11111    12357    12603    11908 
    9949     8191     8657    10967    13230    13861    12600    10998 
   10251    10110    10662    11908    12552    11342     8896     7819 
    9643    12459    13567    12286     9803     8275     8845    10663 
   12148    11595     8762     6257     6667     9771    12640    12226 
    9537     8014     8482    10204    12966    15337    15288    12613 
    8734     6319     7330     9444     9589     8822     8598     8564 
    8812     9474    10766    12700    13670    13043    12949    14108 
   14003    12136    11152    11437    11059     9242     6860     5806 
    6978     8955    10484    11851    12957    12969    11454     9169 
    8634    11140    13389    12094     9661     9178     9070     7979 
    7372     8004     8461     7784     8912    13455    16198    13198 
    7383     3692     5015     9711    13135    13721    12872    10737 
    8143     8281    11194    12838    11983    10721    10405    11284 
   12336    12266    11554    11298    11580    11241     9640     9215 
   11392    12447     9693     5749     4228     5888     8579    10314 
   11056    10932     9232     6157     4734     7711    12155    13251 
   12420    13319    13524     9888     5968     6515    10415    13062 
   12893    11692     9968     8035     7665     9081    11495    13441 
   12031     8691     8863    12208    14080    14720    15593    14156 
   10038     6064     4275     7025    13771    19413    19704    13228 
    3807     -831     1320     7707    16128    20263    15992     8494 
    3115     2616     7068    10658    11601    13531    15163    14677 
   13232    11434    11102    11578     9698     7732     8827    12064 
   15815    16568    11572     5067     3742     8073    13123    14382 
   10996     7645     9566    13609    12866     6770      797     1663 
    9661    16594    17636    15515    12444     7958     2774     1374 
    7218    15988    19797    14928     4752     -970     3673    11670 
   14026    12541    12141    11098     8428     9806    16065    19737 
   18104    13360     7388     5364    10066    17959    24025    20717 
    6960    -2925     1364    10701    13278    10386     7294     5113 
    5609     8540     9090     6273     3971     5940    12873    17081 
   10511      795      838     8714    13926    12773     8900     7452 
   11753    19157    21637    16360     8428     3595     5957    13419 
   17784    16487    11973     5647     1706     3019     5509     7619 
   12129    15622    14351    12766    13995    15684    15020    10378 
    3993     1204     5841    15912    21280    14646     2330    -4109 
     980    13081    21486    20596    12303     3731     4941    16394 
   25691    24042    14620     5570     1975     3846     9684    16048 
   17537    12587     4008    -2330     -255     8972    16532    16096 
   11495    10041    11542     9860     2400    -3462     -691     5267 
    9435    12376     8868        2    -1611     7150    19245    26968 
   23539    14062    10573    12787    14566    14424    10825     5471 
    4510     6925     7307     9535    15649    14467     5954     4409 
    9336    12842    15741    18010    18450    17093    12344     5046 
     928     5560    15354    19016    12313     2882      476     7738 
   15348    11137     -665    -4498     4118    16368    21762    16321 
    5363    -1672     1077    11188    18354    15265     8131     7196 
   11583    14615    15453    14990    11446     7337     7832    11325 
   13115    13274    14000    14092    11927    11175    14301    16104 
   13049     9589    10419    14496    18543    20286    18651    15156 
   10820     4922     -310    -2660     -704     8349    19170    20952 
   13065     1602    -6025     -918    12318    19284    19652    18195 
   11623     2932     -797    -1595      946    12403    25151    25786 
   15414     4353     1850    10220    19476    19786    13473     6511 
    4932    12625    20351    15577     1975    -5275      -74     8454 
   13559    16193    15423    11838     8927     8905    10010     6400 
     -70      419     8417    15350    17100    13104     2636    -6806 
   -4395     7047    17080    22576    24983    23114    16705    10905 
    6151    -1826    -7423    -4525     5150    17300    19251     6947 
   -2349     1321    13292    25286    26900    19944    17057    17648 
   12206     5391     6481    10224     9903     7723     5656     4758 
    8316    14354    15612    13495    12001     8110     6558    12264 
   16737    17874    19160    14285     3940     1554     9817    17248 
   16920    12141     8949     9886    12120    11379     6427     -664 
   -5022    -2718     4035    10018    12885    13011    14427    21204 
   25945    21184    13668     7129     4623    15248    27152    22740 
    8858    -4396   -10665    -5498     2088     8579    18902    26098 
   25228    18886     7064      -91     8459    23792    33143    31812 
   21443    11481     4012    -5968   -10268    -1910     8082    10104 
    6421     3218     4974     9617    11746    11126    10944     7622 
     259     4534    22046    30487    24402    11680    -1823     -164 
   17994    30257    28833    21107     8306    -5239    -8919    -2062 
    6593    11149     8391     -336    -3364     4388     8634     4001 
    4166    10449    15871    24964    35185    34690    20025    -3136 
  -16309    -5248    15809    28111    23958     2540   -15963   -11047 
    9791    27827    28003    12136     1256     2635     7256    14175 
   22437    25995    23572    12787    -4818   -13671    -4021    14704 
   28659    29393    16005    -1695    -9629    -1441    15840    27608 
   27159    19417     9196     1687     5636    19716    32155    33921 
   20538    -2077   -15869    -8444    12764    26759    22792     9030 
   -4472   -12480    -8969     9834    34157    43345    28138      182 
  -19975   -21385    -9922     5678    20588    27918    24524    15785 
    8355     8241    17832    26732    24621    16340     8182     2045 
    2461    10805    19799    22535    21344    18041    13668    17286 
   23942    14214    -5171   -10304    -1781     6312    10755    11512 
    9887    11032    13709    13184     9705     4378     -326    -1804 
   -1123     3946    12567    14949     9409     2862     1100     8410 
   16952    16663    16353    22909    27688    26661    20943    11187 
    5640     9730    15492    15246     9678     4590     6131    12704 
   17555    17265    12316     5124    -1702    -4205     1032    11673 
   23141    28728    21235     6512    -3990    -7555    -1421    13269 
   23751    23172    15989     6538    -1953    -3667     6539    23870 
   35162    31310    13806    -5409   -13639    -8133     3422     9163 
    6891     4625     5519    10049    20424    30819    30430    17142 
    1221    -1387    13081    28277    30867    22152     5147   -11157 
  -12630     1937    21926    32579    24008     5590    -6056    -6478 
    2706    17196    27213    27738    20656     7519    -5848    -7678 
    4364    17286    21307    18378    11169     3574     1127     3084 
    8610    17104    23062    24895    22874    15039     3979    -4367 
   -3480     5898    12363    11384    10006    15202    25938    28842 
   17050     5339     4891    10755    16949    17772    11140     5481 
    6193     9136    12112    15337    16015    13871    10331     3839 
    -864     3127    11369    19377    25795    22468     9281      841 
    5379    15043    17236     9398      289    -2408      974     7264 
   14229    17923    16934    14909    13386    12933    13497    11708 
    6230    -1560    -5548     2663    19269    29544    23164     5287 
   -7442    -5448     6604    21029    34330    36749    18627    -4367 
  -12178    -6885     6934    21421    20996     6592    -8845   -14156 
   -2554    15869    23608    17659     8212     6922    16889    30418 
   36417    30827    19406     9664     6739    11871    18678    17064 
    4311    -9267   -11993    -3053    10719    19615    18936    15611 
   15064    14226    13740    16367    19300    18580    12363     3892 
    -364     2061     8201    11531     9849     6841     3407     1169 
    4463    11062    13984    10736     5371     3177     4621     8164 
   13014    14316     8777     2290      899     5090    12213    17416 
   20432    24140    23361    12031    -2377    -5584     4731    14894 
   14851    11570    13038    16104    15456     9166     2025     3073 
    9617    11848     9057     3133    -2401     1298    13694    25601 
   30970    23251     5949    -1568     7827    22700    30705    21913 
     278   -12361    -4707    10860    19233    17278     8272     -599 
    -882     5244    11967    20715    25980    18597     6254     1796 
    5096     9879    13289    16092    17725    14661     7302      989 
   -1698      -27     6912    15043    17474     9620    -4722   -11902 
   -7693    -1629     4531    13467    18628    16069     8739    -1636 
  -11053   -13521    -5826    11229    27383    27950    13269      124 
    -681     6633    14978    20433    20700    16733    11530     7520 
    8614    16101    21631    15843     2226    -5873    -1298     8536 
   11350     6956     6052    10397    13169    13390    10351     1140 
  -10612   -14796     -675    25423    36776    22191      495    -8062 
     822    17308    27306    29581    31433    30994    23498    13595 
    8471     7603     5942     3677     5148     8793     7774     1057 
   -3288     3183    15938    18350     6002    -6403    -8326     -730 
   10808    19127    23770    25886    20061     8059      257      619 
    6516    12931    16078    20237    29016    34338    26447     7047 
   -8372    -3965    13905    23630    17153     1414   -13915   -18621 
  -10107     3443    12775    13532    10395    12046    18126    22173 
   22998    23911    23006    13225    -5209   -20838   -20391    -3002 
   15097    18025     8404      999     4069    14914    27048    34603 
   37023    35873    28779    19143    15245    18092    26697    35753 
   31082     9987   -12410   -20362    -9828     7353    15021     9691 
    1198      903     9140    15454    13212     9576    13686    20560 
   19495     9085    -2413    -4653     3446    11461     9921       11 
   -9757   -13258    -9342      611    11062    14296     6482    -9413 
  -21917   -20281    -9004       10     1871    -2513    -6647    -3519 
    2185     3231     3659     8976    16497    20943    19203    12533 
    5918     -788    -9749   -13288    -3696    16524    37986    43078 
   21281    -6714    -7609    21822    51756    56105    34512     3377 
  -17716   -16834     2020    23404    32908    24834     7708    -1096 
    2102     8473    16883    25272    24090    11838    -1439    -2106 
   13971    32917    37114    23920     5873    -3397     -492     7623 
   13049    16733    21454    24327    24000    20171    13676    10828 
   11780     8078     -928    -7956   -11553   -13918   -11159     -738 
   10123    11524      395   -13552   -15865    -5683     2346    -3011 
  -11674    -5366    13666    23768     9413   -19639   -37925   -32625 
  -11917     5687     7388    -1127    -8721   -11097    -3894    10270 
   19526    20191    16312    10038     4994     6729    16017    25420 
   25547    15876     4669    -1059    -2461    -3306     1919    18306 
   33230    32845    19973     3203    -9306   -11311    -4135     8482 
   23267    34645    37674    31051    18060     4401    -2945     3846 
   20772    29219    19236      195   -11754    -4972    18786    43650 
   53485    43645    21546      600    -8529    -6243    -3014    -6434 
  -13228   -15211   -10183    -3125     3828     9664     7754    -2691 
  -10300    -5880     6241    14697    13347     2988    -9844   -14179 
   -6180     7053    18227    24802    26034    21118    12576     5864 
    3379     6110    12787    16047    10913     2016      596    15260 
   39359    52317    39908     9675   -15267   -16752     1560    18220 
   17342     3658    -4467     7808    35070    53395    47690    25868 
    4641      -93    16946    39563    47418    34998     9810   -13869 
  -24700   -17713     5572    31379    42071    32892    13344    -1494 
     745    20047    42075    52204    46845    32985    22720    22526 
   26788    23341     6054   -18046   -38395   -51135   -55541   -50117 
  -33458    -7920    14971    21028     7300   -13956   -22844   -10752 
   10246    25204    31911    38300    50089    57662    46315    17257 
  -13824   -27189    -9877    29928    65551    72931    48541    10790 
  -12010    -1333    31815    56343    52077    21201   -15256   -31033 
  -21161    -4807     3658     7344    11965    19433    29052    35114 
   33888    29871    30127    36354    43758    47301    43258    30865 
   19228    17551    22110    25594    27122    30636    38075    43278 
   38508    22908     3113   -10331   -15148   -19059   -22145   -16637 
   -3742     8447    15653    18220    16452     5605   -14428   -29088 
  -25837    -9664     4712     5983    -2673    -4525     8424    24348 
   30385    25559    16413    13189    20988    32271    36065    28171 
   10052   -10882   -20665   -11605     8433    24009    21676     1772 
  -17282   -20968   -14265    -7442    -1237     8388    17369    16459 
    6841    -1420    -2174     4661    15128    24159    30568    34925 
   37192    40799    48073    49477    30802    -4009   -29462   -26026 
   -1732    17026    10616   -13572   -27429   -16546     4739    18738 
   21312    12361    -5562   -19329   -12541    17501    54097    73421 
   65713    41246    16033     2380     6110    23760    44729    55125 
   48540    31513    14260     8108    18044    32516    34365    16413 
   -8927   -19325    -8401    13419    31488    31788    12375   -13001 
  -25242   -14270     5732     9667    -6658   -25860   -30711   -18472 
    -658     8721     3942    -8002   -14199   -11076    -5200     1422 
   12501    23232    24013    16483     6608    -5077   -12429    -4876 
   14716    32239    37331    27064     9059    -1111      710     5856 
   12841    23253    29616    27807    21597    12519     2257    -4706 
   -6052    -2918      360     1618     6424    16267    19379     6556 
  -14496   -24891   -12492    11754    25725    22825    13312    11349 
   23426    38029    38546    26936    17374    14899    13936    10426 
    9126    17678    33697    46060    47773    39750    28767    21085 
   13157     -437   -15909   -26134   -25407   -13937    -2037     3377 
    6864    11260    12019     5842    -5884   -17417   -19645   -10269 
    2600    11838    14743     9819     -973   -11982   -16320   -10554 
     665    10223    16991    24646    33882    39567    37077    26561 
   13437     6762     9211    13066    11373     7327     9767    18790 
   24074    21359    16355    14168    15637    18928    23673    31437 
   39109    40427    33961    24528    18743    20134    28539    40308 
   45360    33048     6880   -16544   -23650   -12194     6918    13987 
     149   -20958   -29893   -21381    -6115     2064     1456     -186 
    2323    11306    23209    27507    20869    11136     8148    13905 
   16507     6507    -6025    -5135    11356    29627    35006    28544 
   19986    12432     5092     1300     6774    20389    30558    28981 
   21293    17050    18495    21826    23715    24113    22416    15282 
    2702    -6843    -3223    12089    25417    25822    15997     7074 
    6060    11914    18808    19581    13878     9190     9408    11651 
   12181     9409     5251     3661     5076     5718     4159     2542 
    2677     5613     9336     7842    -1566   -13608   -20853   -21308 
  -16587    -7179     5358    16737    22019    19396    14779    15526 
   19044    16221     2515   -16282   -26736   -21970    -8671     4899 
   16653    27720    37791    40082    29392    13382     3736     4892 
   13689    22532    26198    24669    19996    13960     9207    11225 
   19388    22176    12519    -4036   -16409   -15296     -757    16428 
   24048    19201     9088      847    -3848    -3824     4017    18909 
   32266    35041    26206    12769     5984    11300    20247    22002 
   17231    12375     8858     4233       89     2489    14519    29749 
   34528    24571    13423    13736    20224    17647      415   -18339 
  -20919    -5333    14216    21508    12949     1547      225     6290 
    9541     5937      -32     -977     5310    12607    12091     2805 
   -6782    -9387    -6177    -3383    -3175     -481     7858    17389 
   21816    19217    13668    11280    13347    16055    16160    13369 
    9653     8281     9666     9768     6856     4688     7188    14601 
   21871    21471    13286     6104     6106    11095    17604    25151 
   30731    29893    24543    18827    13306     8927     6551     6200 
   10777    19583    24273    21325    18874    25579    38268    45223 
   40393    29069    21458    22663    27298    28726    29868    35222 
   39640    35104    23562    14199    11954    15447    20621    23984 
   24841    22418    15107     6027     1593     2848     4877     3721 
     650      712     5497     9844     9880     8360     8927    10951 
   11770    10781     9833     9844     9170     8961    14612    25447 
   32629    31419    25299    19039    14918    12938    11978    11580 
   12067    14208    18642    23851    26437    24644    20321    16239 
   13617    13423    15688    18939    22164    22515    15747     4276 
   -3483    -3530     1065     5296     5071     -217    -5849    -6955 
   -3738     1090     5169     6259     4116     2270     5489    14013 
   21485    21436    13088     1308    -5246    -1039    10763    23932 
   34114    37781    34022    25961    19477    19710    23873    24032 
   18422    11156     6473     6824    10426    13909    16696    18272 
   17975    18198    20826    24020    25871    26931    28239    28858 
   26590    20903    14563    12352    15302    17575    13714     5602 
    -198     1648    11561    23417    28572    24759    16915     9930 
    6689     8159    11560    13602    13408    11125     8104     6507 
    7187     8761     7719     1925    -5652   -10667   -11784    -9269 
   -4118     2362    10046    18068    22145    17899     8195     1883 
    3069     8863    15754    20522    20872    18604    17643    20090 
   24008    25153    22832    20086    18962    19234    18608    14571 
    8043     1418    -5463   -11708   -12521    -5796     3769     9298 
    7434     1918      692     6323    13560    17120    17278    17697 
   19739    21169    20154    16698    11076     3854    -2359    -2982 
    2647     8283     9217     8111     9277    13502    18632    21462 
   20552    16835    11596     7109     5742     6840     8711    10446 
   11439    13703    19036    23168    21211    14813     8787     6870 
    9741    13352    13680    11654     9637     8056     6463     3991 
    1393     1865     5779     9370     9686     6203      876    -1833 
     517     4993     6941     5275     3221     3672     5192     4680 
    2286     1385     3395     4734     2351    -1046    -1445     1185 
    3805     3653     1286      202     2778     8519    15632    21042 
   21739    18881    15552    11615     6354     1771      788     4657 
    9979    11410     9545     8529     8499     7052     3022    -2729 
   -7730    -9640    -7811    -4228    -2010    -1688     -695     2956 
    7422     9618     9524     8217     6169     5233     6166     6737 
    6019     5148     4205     2247    -1486    -6205    -8517    -4491 
    6018    16546    19604    14864     6982      920     1131     7159 
   13190    15703    15885    16182    17749    19283    19291    18376 
   17776    17427    15384    10498     5179     2639     4139     9073 
   13302    11313     3898    -1917    -1336     4145     9236    10008 
    7727     5881     5164     4180     2424     1779     4972    10790 
   14364    12711     6151    -2253    -7427    -6913    -2896     1298 
    3111     1846     -429    -2134    -3678    -5120    -5958    -5522 
   -3115       59     1420      560     -272      241      916      549 
    -487    -1424    -1636     -464     1911     4252     5277     4069 
     747    -2139    -1509     2079     4762     3912      615    -2069 
   -2876    -2988    -2621     -735     1798     3188     3427     3226 
    3750     6689    10241    10045     6041     1521    -1350     -614 
    4437    10818    14771    14829    11087     4900     -606    -2473 
    -178     4413     7913     8236     7713     9463    11496     9833 
    5660     4253     8289    14416    15599     8874      -93    -3967 
   -1695     3034     6477     6893     5439     5070     7129    10651 
   14401    16298    13365     5956     -302      199     6419    10970 
    7973     1007     -272     6628    14476    17049    13344     5100 
   -3006    -5831    -2107     5651    12806    15380    13887    11782 
   10704    10281     9810     8807     8218     8914     9524     9440 
    9757     9035     5331     2053     4471    12174    19191    20322 
   15819    10150     7160     7537     9898    11685    10890     8437 
    6508     6380     8621    12031    13494    11457     8240     6959 
    8058    10575    13716    16281    18038    19969    21011    18854 
   13400     6844     3024     4834    10201    14247    15226    15128 
   15655    16823    18112    18119    15225    10037     4907     1675 
    1367     4538    10106    14747    15817    13864    11256    10246 
   11886    15418    19110    21120    19839    15512    11568    12066 
   17037    22501    25070    24124    20871    16718    12096     8208 
    7619    10821    15888    20495    21821    18736    14272    12822 
   16085    21720    25651    25596    21420    14789     9697     9640 
   14085    19707    22858    21411    17292    14123    12460    11897 
   13567    17350    21007    22361    21501    20734    20853    20256 
   18427    16302    14588    13571    12683    11793    12575    14924 
   15724    14156    13289    15504    19165    20322    17489    13211 
   10377     9273     8962     9580    11924    15546    18711    19986 
   19061    17147    16416    17547    19249    20289    20298    19503 
   18139    16272    14377    12921    11917    11564    12305    14419 
   17300    18523    15906    11013     7281     6129     7209     9038 
    9779     9213     7815     6029     5391     6918     9609    11732 
   12343    12033    11716    11411    11241    11211    11218    12280 
   14818    17232    17793    16237    14326    14674    17146    18605 
   17604    15873    14770    13998    13464    13508    14354    16272 
   19030    21143    20488    16865    13192    12429    14594    17501 
   18823    17590    15040    13201    12630    12708    12154     9647 
    6443     5613     7951    10870    10824     7307     4367     5793 
   10154    13036    12037     8097     4251     3146     4576     6157 
    5792     3075       31     -427     1915     4939     7122     7375 
    5219     2546     2119     4428     7558     9481     9579     8421 
    6829     5551     5497     6966     8807     9065     7088     4989 
    4946     6189     6693     5665     3736     2596     3626     5525 
    5725     4099     2083      440     -591    -1466    -2404    -2235 
    -464     1556     2625     2740     2331     1788     1498     1676 
    2554     4431     6207     6026     4510     3551     3253     3132 
    2971     2276     1825     2992     4614     4611     3500     3109 
    4112     5395     4792     2166      124      126     1448     3049 
    4055     4347     4368     4228     4241     4610     4645     4252 
    4747     7102    10435    12341    11271     8575     6893     7310 
    8846     9568     8598     7230     7053     8009     9252    10235 
   10278     9410     9423    11518    14484    16428    16266    14247 
   12136    11531    12437    13803    14358    13328    11502    11002 
   12868    15857    18331    19309    18447    16857    15923    15920 
   17078    19249    20775    20416    19008    17840    17402    17915 
   19156    20428    21691    23016    23175    21398    18966    17127 
   16024    15446    14696    13531    12923    13198    13217    11874 
    9414     7770     8600    10864    12390    12583    12445    13383 
   15552    17367    17736    17409    17469    17730    17242    15994 
   15021    14790    14928    14897    14257    13659    14538    16680 
   18636    19651    19367    18186    17855    19472    21668    21911 
   19853    17610    16503    16324    16746    17251    17358    17189 
   16912    16530    16077    15619    15439    15668    16173    16754 
   16505    15228    14593    15102    15460    15510    16074    17367 
   18725    18867    17362    15468    14642    15140    16171    17119 
   18324    19857    20371    18759    15877    13586    12951    13691 
   14850    15442    14775    13153    12019    12560    14581    16829 
   17841    16984    14936    12906    12067    13220    15776    17548 
   16495    12853     9543     9321    11739    14389    15473    14195 
   11210     8579     7871     9377    12067    13541    12355    10112 
    9447    10480    11080    10025     7983     6586     7013     8359 
    8996     8533     6855     4564     3894     5827     8510     9414 
    7422     3866     1637     2327     5039     7506     7592     5104 
    2203     1053     1614     2280     2277     2581     3746     4379 
    3134      623    -1354    -1549     -329      951     1553     1776 
    1992     1794      936      656     2084     4495     6480     6952 
    5564     3372     2060     2550     4067     4413     2565      217 
       5     3240     8434    11997    11823     8997     5914     5020 
    7754    12602    15876    15371    12452    10027     9297     9609 
   10376    11375    11951    11638    10902    10262     9536     8191 
    6486     5660     6053     6683     6698     5634     3588     1355 
     -94      178     2188     4245     4430     2581      143    -1410 
   -1144      874     2976     3951     4665     5790     6669     6930 
    6964     7009     6880     6527     6345     6613     6744     6146 
    5714     6602     8248     9161     8517     7078     7007     9560 
   13311    15480    14535    11304     8025     6810     8218    10748 
   12699    13656    13609    12869    12249    11794    11105    10262 
    9428     9273    10235    11163    11226    10912    10509    10304 
   10871    12145    13429    13798    12663    10827     9810     9953 
   10670    11036     9888     7870     7310     8807    10705    11277 
   10162     8660     8454     9934    12194    14321    15708    15804 
   14790    13451    12610    12972    14179    14939    14358    12970 
   12567    13697    14688    14278    12725    10687     9030     8791 
   10329    12661    14193    14150    13153    12398    12125    11547 
   10323     9489    10255    11851    12529    11844    10309     9173 
    9647    11032    11844    11584    10527     9562     9705    11181 
   12977    13845    13903    13839    13779    13663    13193    12194 
   11330    11491    12432    13051    13408    13971    13875    12857 
   12108    12391    13436    14250    14150    13452    12537    11657 
   11082    10824    10939    11362    11866    12248    11900    10750 
    9798     9197     8483     8035     8343     9741    11832    13030 
   13042    13039    13088    12730    12395    12696    13654    14580 
   14669    13905    12803    11614    10431     9643     9926    11415 
   13051    13462    12137     9725     7353     5911     6044     7665 
    9580    10223     9004     7385     7175     8177     9200     9629 
    9666     9832     9828     9530     9888    10623    10390     8958 
    7042     5787     5744     6485     7947     9813    11044    11233 
   10654    10091    10374    11241    12063    12366    11488     9949 
    9071     8842     8904     9478    10223    10893    11682    12020 
   11519    11136    11362    11260    10017     7646     4927     3657 
    5204     8592    11286    11587    10038     8631     8610     9121 
    8281     6014     4730     5914     8252    10081    10947    10999 
   10885    11240    11807    11974    11391    10120     9126     9076 
    9322     9829    11194    12468    12198    10446     8540     8286 
   10245    12548    13061    11757    10411    10551    11665    12039 
   11325    10640    10443    10133     9340     8770     9567    11153 
   11367     9544     7211     6188     7126     8905     9779     9379 
    8688     8671     9427    10058     9787     8672     6929     5155 
    4430     4895     5510     5518     5108     5058     6214     8356 
    9979     9976     8667     7287     6667     6756     7681     9298 
   10382    10218     9348     8634     8845     9958    11065    11624 
   11585    11084    10828    11632    13437    15025    15157    14162 
   13451    13555    13695    13178    12194    11622    12359    13933 
   14867    14757    14436    14654    15576    16615    16445    14575 
   12540    11913    12366    12788    12806    12606    12190    11445 
   11118    12276    14276    15302    14536    12487    10482     9956 
   11107    12521    12779    12087    11300    10272     8819     7982 
    8677    10570    12542    13238    12415    11547    11745    12571 
   13285    13489    13070    12341    11612    10976    10702    11043 
   11665    11896    11754    11865    12066    11595    10458     9261 
    8226     7242     6795     7727     9512    10513    10212     9621 
    9744    10531    11060    10485     9162     8324     8565     9595 
   10490    10204     9192     8863     9470    10284    10648    10497 
   10431    10659    10682    10546    10980    12029    12987    13053 
   11618     9814     9923    11925    13776    14288    13694    12921 
   12642    12669    12696    13177    14420    15190    14472    13284 
   12893    13455    14239    14565    14678    14732    14627    14736 
   15172    15882    16567    16098    14265    12700    12595    13281 
   13437    12441    10721     9173     8025     7014     6305     6211 
    6556     6582     5769     5107     5958     7893     9263     9144 
    8125     7557     7927     8642     9178     9456     9697    10093 
   10366    10239     9728     8838     7986     8025     9229    10825 
   11455    10304     8210     6870     7082     8707    10926    12299 
   11943    10307     8845     8905    10282    11712    12426    12275 
   11499    10594     9895     9715    10621    12591    14359    14773 
   13915    12600    11979    12390    12580    11975    11304    10594 
    9976    10272    11070    11272    10530     9028     7695     7545 
    8510    10029    11391    11583    10129     7943     6952     8332 
   11061    12789    12062     9617     7461     6982     8162     9998 
   11260    11368    10679     9596     8154     6844     6489     7053 
    7584     7179     5864     4671     4657     5705     6415     5792 
    4595     4351     5659     7570     8322     7125     5247     4812 
    6380     8529     9452     8484     6782     6060     6752     8019 
    8727     8451     7712     7092     6866     7094     7464     7541 
    7269     7102     7527     8404     9104     9132     8349     7130 
    6280     6301     7129     8270     8772     8056     6744     6006 
    6569     8023     9045     8970     8239     7657     7813     8477 
    8989     9227     9409     9753    10481    11535    12307    12158 
   11430    11264    12124    13194    13338    12272    10702     9690 
    9880    10995    12077    12118    11049     9888     9481    10014 
   11180    12226    12502    11718    10349     9578     9779    10245 
   10523    11105    12699    14615    15138    14276    13744    14129 
   14709    14829    14141    13059    12406    12441    12958    13545 
   13705    13288    12920    13397    14311    14731    14478    13832 
   13487    13975    14643    14839    14752    14678    14922    15338 
   15020    13549    11635    10580    11128    12420    13170    13139 
   12640    11884    11105    10654    10694    11020    11389    11477 
   11067    10692    10941    11673    12322    12197    11246    10431 
   10315    10404    10320    10424    11070    11923    12282    11824 
   10893    10173    10096    10426    10660    10633    10411    10263 
   10578    11263    11828    11917    11265    10037     9425    10497 
   12282    12607    10906     8846     8345     9595    10935    10893 
    9690     8283     7569     8214     9535    10006     9478     8769 
    8222     8020     8102     7840     6951     6018     5815     6566 
    7756     8681     9089     9022     8696     8914    10114    11149 
   10847     9847     9566    10613    12117    12295    11020    10160 
   10725    12127    13142    12594    10879     9705     9690    10281 
   10820    10490     9054     7468     7101     8525    10485    10944 
    9724     8395     8044     8673     9872    10966    11048     9876 
    8506     8233     9139    10204    10993    11888    12478    12042 
   10979    10357    10808    11654    11894    11894    12164    12262 
   12033    11693    11068    10233     9545     8896     8302     8251 
    8953    10314    11651    11811    10863    10088    10281    10972 
   11028    10362     9771     9477     9776    10984    12329    13093 
   13104    12122    11005    11284    12492    13057    13049    13073 
   12600    11511    10710    10687    11298    11934    11807    11095 
   10405     9798     9410     9229     8977     9104    10053    10967 
   10975    10451     9821     9227     9162     9524     9687     9513 
    9161     8966     8985     8806     8715     9383    10370    10636 
   10096     9599     9774    10384    10650    10471    10615    11080 
   11018    10296     9383     8540     8040     8343     9346     9984 
    9545     8716     8560     9123     9460     8878     7878     7512 
    7821     7803     7364     7726     9256    10905    11772    11890 
   11844    11828    11445    10760    10409    10606    10767     9957 
    8338     7581     8428     9637     9944     9352     8951     9501 
   10192     9882     8797     8513    10061    12094    12834    12218 
   10724     9171     8469     8329     8525     9400    10365    10729 
   10712    10274     9424     8941     9161    10077    11464    11886 
   10840    10011    10230    10584    10381     9981    10347    11427 
   11851    11047     9526     8244     8473     9948    10746    10161 
    9377     9783    11642    13637    13853    11878     9589     9167 
   10640    12226    12594    11951    11399    11319    11038    10569 
   10863    12248    13868    14621    14283    13524    13259    13509 
   13027    11455    10214    10509    11962    13085    13225    13080 
   13065    13134    13181    12997    12702    12501    12100    11109 
   10166    10315    11142    11834    12363    12514    12177    11450 
   10438    10087    11148    12819    13398    11809     9470     9121 
   11086    13150    13521    12513    11638    11476    11628    11896 
   12270    12625    12591    12204    12195    12383    12064    11928 
   12197    11592    10420    10588    12411    14253    14278    12172 
    9645     8773     9799    11263    11977    11427     9981     9504 
   10347    10390     9308     8604     8629     8988     8951     7978 
    7068     7021     7018     6717     6860     7504     8000     8256 
    8586     8934     8827     7955     7110     7340     8000     7662 
    6419     5572     5894     6984     7821     8102     8568     9281 
    9467     9321     9540     9702     8896     7395     6554     7371 
    9396    10782    10304     8830     7875     8162     9366    10162 
    9849     9265     8865     8542     9200    10677    11021    10339 
   10281    10308     9128     7846     8665    11047    12078    10952 
    9501     9186    10235    11780    12469    12403    12834    13570 
   13072    11273     9675     9108     9622    10689    11105    10571 
    9756     9089     8820     8926     9367    10018    10066     9520 
    9428     9636     9543     9670     9768     8931     7978     7847 
    8063     8116     7592     6606     6069     6173     6706     7819 
    9302    10605    11373    11614    11411    10991    11130    11827 
   11435     9255     7207     7269     9085    10879    11479    11169 
   10709    10203     9591     9285     9655    10393    11067    11523 
   11136     9626     8375     8657     9965    11067    11257    10870 
   10574    10413    10503    11152    11921    11983    11419    11213 
   11585    11591    10608     9058     8214     9101    11010    12334 
   12314    11191    10017     9844    10331    10293     9309     8071 
    7778     8872    10413    11465    11805    11084     9217     7348 
    7148     9001    11229    11813    10625     9398     9626    10820 
   11577    11527    11088    10978    11955    13360    13729    13062 
   12172    11403    10863    10442    10293    10821    11595    11653 
   10858    10216    10682    11823    12382    11881    10975    10596 
   10956    11663    12302    12096    10839     9514     8463     7805 
    8428     9900    10890    11338    11275    10582    10368    11013 
   11346    11195    11006    10658    10652    11214    11595    11688 
   11499    10832    10530    10991    11288    11134    11036    11086 
   11164    11254    11583    12529    13699    14195    13805    12779 
   11585    10944    10808    10509    10243    10660    11591    12224 
   11762    10343     9119     8823     9367    10277    10866    10925 
   10902    10948    10546     9687     9232     9466    10119    10886 
   11002    10671    11083    11777    11541    10770    10466    11090 
   12163    12318    11327    10501    10353    10405    10513    10544 
   10292    10044    10102    10451    10948    11226    11272    11666 
   12210    11767    10386     9684    10438    11835    13008    13506 
   12985    11619    10366    10353    11470    12413    12391    11514 
   10382    10017    10571    10848    10152     9082     8617     9107 
    9657     9269     8367     8163     9019     9985    10287    10226 
   10066     9929    10307    11277    12361    12901    12253    10903 
    9979     9385     9089     9880    11226    12093    12259    11331 
    9563     8237     8014     8842    10319    11384    11084     9628 
    8319     8477     9678    10072     9096     7906     7464     7819 
    8557     9363    10100    10498    10474    10311    10042     9571 
    9362     9736    10014     9444     8338     7636     7753     8128 
    7877     7079     6862     7539     8270     8497     7946     6690 
    5772     6089     7437     8737     8974     8317     7561     7302 
    7805     8567     8938     8959     9120     9653     9942     9626 
    9589    10326    11022    10870    10003     9293     9327     9722 
    9778     9277     8745     9040    10311    11580    11792    10953 
    9983     9876    10899    12393    13433    13382    12379    11210 
   10469    10561    11319    11639    11053    10493    10839    11650 
   11907    11630    11454    11581    11847    11726    11105    10737 
   10868    11087    11322    11650    12079    12568    12737    12448 
   12097    11832    11551    11304    11284    11649    11944    11356 
   10187     9775    10534    11406    11333    10215     8845     8351 
    8916     9655    10084    10114     9568     8912     8668     8892 
    9591    10053     9713     9526    10150    11025    11584    11356 
   10455     9841     9968    10746    11685    11601    10396     9308 
    8816     8334     7581     7659     9236    10794    11202    10876 
   10274     9930     9869     9652     9721    10110    10197    10624 
   11796    12322    11493    10473    10308    10845    11491    11946 
   12391    12953    13116    12617    11979    11576    11599    11992 
   11911    11017    10339    10716    11866    13090    13761    13537 
   12691    11738    11016    11088    12271    13431    13209    12051 
   11230    11153    11299    10805     9846     9579     9961     9850 
    9104     8741     9342    10594    11993    12839    12810    12505 
   12282    12133    12050    11323     9748     8814     9771    11789 
   13016    12619    11377    10752    11101    11452    11435    11074 
    9755     8151     7989     9143    10358    11079    11196    11006 
   10849    10598    10415    10724    11265    11404    11099    10831 
   10881    10976    10768    10523    10644    10897    10866    10214 
    8748     7279     7191     8738    10625    11310    10606     9733 
    9852    10999    12303    12811    12386    11848    11701    11512 
   11086    10882    11029    11283    11523    11627    11865    12581 
   13088    12488    10813     8965     8095     8398     9022     9113 
    8702     8687     9274     9481     8899     8476     8978     9513 
    8621     6500     4996     5413     6933     7819     7836     7969 
    8233     8032     7628     7533     7719     7881     7808     7831 
    8538     9803    10844    11179    10872    10262     9761     9562 
    9807    10719    12129    13298    13324    12202    11137    10813 
   10543     9753     8924     8543     8221     7666     7358     7789 
    9063    10700    11804    11977    11109     9317     7878     7994 
    9278    10788    11650    11387    10746    10415    10336    10894 
   12217    13302    13221    11929    10292     9666    10563    12168 
   13176    12730    11303    10427    10778    11480    11857    11966 
   11668    11129    10897    11134    12122    13905    14885    13405 
   10349     8151     7925     8600     8708     8319     8356     9042 
    9776     9849     9629     9949    10185     9396     7928     6592 
    6060     6356     6552     6153     5933     6724     8421    10099 
   10258     8075     5282     4923     7852    11761    13358    11662 
    9086     8198     9186    11194    13385    14913    15198    14146 
   12348    10326     8120     6685     7491    10133    12398    12302 
    9572     6264     5227     7233    10419    12357    12025    10098 
    8213     7607     8110     9321    11333    13221    13289    11491 
    9603     8753     8487     8073     7399     7271     8707    11167 
   12815    12363     9795     6952     6531     8885    11630    12461 
   11288    10098    10282    10741    10030     8553     7574     7842 
    9238    10881    12004    12496    12239    11146    10039    10145 
   11716    13697    14673    13872    11524     9084     8244     8943 
    9927    10503    10722    11242    12248    12519    11273     9625 
    9169     9775     9544     7674     5902     5957     7456     9108 
   10424    11313    11437    10986    11086    12604    14690    15584 
   15109    14303    13153    11214     9512     9612    11021    11259 
    9388     7592     8210    10841    13004    12833    10787     9077 
    9132    10307    11826    13429    14011    12627     9788     6959 
    5752     6656     8706    10897    12684    13302    12509    11713 
   12559    14767    16470    16065    14075    12910    13771    15259 
   15678    14833    13614    12772    12124    11145     9702     8474 
    8838    11191    13991    14968    13250    10760    10329    12224 
   13701    12216     8951     7577     9396    12228    13468    12482 
   10685     9872    10476    11484    11597    10763    10091     9865 
    9558     9130     8887     9553    11661    14049    15211    14993 
   13865    12638    12174    12162    11817    11639    12630    13999 
   13545    10812     7842     6756     8215    11334    14276    15330 
   13911    11191     9166     9242    11284    12831    11530     8503 
    6681     7365     9753    11772    11445     9228     7568     7537 
    8454     9837    11493    12989    13363    12024    10480    10494 
   11105    10164     7360     4716     4881     8105    11650    13026 
   12089    10153     8667     8168     8349     9140    10543    11780 
   11649     9737     7433     7203     9612    11919    11083     7339 
    4140     4760     8742    12487    13274    11362     8797     7441 
    7709     8783     9718    10076     9740     8950     8604     9493 
   11207    12432    12002     9984     8056     8002     9516    10544 
    9850     8090     6959     7630     8912     8563     6564     4681 
    4642     7028     9861    10908    10609    10050     9540     9711 
   10808    12005    12066    10345     8348     8671    11240    13240 
   12918    11240    10134    10238    10628    10546    10362    10254 
    9578     8270     7187     7213     8838    11145    11713     9495 
    6766     6605     9177    12031    13281    12982    12344    12264 
   12418    12083    10962     8881     6272     4820     5922     8685 
   10841    10993     9537     8144     7885     8404     9364    10598 
   11086    10096     8456     7612     8426    10528    12208    11809 
    9437     6899     6112     7631    10312    12159    12071    11113 
   11178    12584    14025    14153    12926    11934    12505    13659 
   13473    11469     8958     8047     9437    11187    11206     9869 
    8977     9234     9676     9491     9071     8968     9472    10839 
   12586    13697    13621    12236    10041     8441     8317     8878 
    9137     9297     9794    10546    11630    13135    14314    13927 
   11908    10309    11105    13176    13575    11654     9774    10071 
   12054    13300    12333    10393     9625    10650    12290    12810 
   11673    10018     9232     9464     9786     9930    10504    11377 
   11638    10752     9173     8172     8428     9267     9913    10466 
   11473    12668    12619    10768     8942     9302    11391    12665 
   11834     9954     8641     8970    10953    13072    13390    11315 
    8229     6397     6556     7252     7420     7898     9200    10341 
   10783    11011    11483    12175    12442    12132    11919    11317 
    9404     7322     7030     8941    11684    13205    12761    11473 
   10516    10318    10824    11161    10438     9074     8093     7639 
    7015     5902     5173     6166     8773    10849    10841     9745 
    9308    10035    11103    11214    10050     8712     8505     9678 
   11126    11619    11200    10378     9086     7524     6691     7364 
    9080    10512    10700     9806     8943     9246    10816    12505 
   13257    13389    13587    13745    13284    11735     9651     8553 
    9100    10354    11107    11013    10332     9491     9300    10263 
   11369    11246    10215     9721    10388    11418    11711    11356 
   11433    11975    11626    10108     9018     9416    10624    11403 
   11192    10854    11689    12931    12571    10818     9954    11151 
   13099    13743    12734    11304    10426    10370    10879    11271 
   11306    10926     9828     8903     9655    11529    12536    12077 
   11327    11290    11704    12009    12075    11848    11341    10983 
   11526    13281    15394    16266    14844    11823     9485     9603 
   11789    13999    14222    11986     8769     6709     6835     8484 
   10091    10689    10582    10606    11264    12150    12144    10908 
    9602     9348     9868    10349    10689    11037    10728     9165 
    7323     7044     8984    11516    12321    11101     9147     7452 
    6967     8299    10250    10862     9759     8289     7659     7547 
    7138     6982     8241    10496    12027    12139    11685    11514 
   11774    12042    11696    11053    11253    12245    12425    10980 
    8955     7951     8718    10218    10434     9026     7761     8039 
    9340    10218     9857     8733     8262     9180    10485    10928 
   10474     9733     9283     9590    10579    11399    11125     9744 
    8533     8937    10512    11349    10908    10381    10438    10431 
    9818     9348     9847    10504     9992     8364     6860     6732 
    8114     9877    10941    11133    10654     9679     8962     9616 
   11214    11782    10454     8424     7393     8059     9609    10461 
    9896     8677     7900     7979     8758     9632     9732     8887 
    8067     8248     9217     9883     9555     8671     8067     8127 
    8876    10211    11623    12148    11192     9551     9055    10319 
   11704    11804    11055    10251     9724     9373     8683     7870 
    7884     8673     9416     9891    10030     9622     9119     9162 
    9632    10085    10191     9556     8194     7069     7075     7838 
    8603     9242     9725     9774     9418     9225     9624    10284 
   10567    10234     9589     9189     9235     9558    10189    11163 
   11927    11726    10577     9485     9393    10174    10971    11342 
   11549    11743    11577    10837    10019     9705     9828    10169 
   10376     9957     9354     9333     9988    11133    12021    11842 
   11164    11052    11711    12729    13444    13386    12619    11620 
   11045    11337    12370    13501    13961    13464    12363    11091 
   10123    10053    10633    11095    11461    11979    12409    12329 
   11385    10057     9647    10521    11412    11126    10203    10164 
   11254    12183    12183    11847    11942    12320    12148    11303 
   10604    10436    10530    10615    10527    10436    10447    10173 
    9675     9607    10176    10875    10979    10417    10033    10354 
   11043    11481    11335    10976    10939    11249    11753    12105 
   12004    11736    11520    11257    11171    11388    11709    12040 
   12013    11379    10839    11226    12584    13925    13891    12526 
   11249    11082    11886    12713    12739    11989    11199    11115 
   11719    12274    12198    11500    10670    10557    11394    12241 
   12363    11936    11354    11017    11129    11566    12162    12542 
   12313    11800    11843    12476    12652    11796    10620    10307 
   11272    12406    12193    10721     9620     9996    11280    12208 
   12062    11059    10260    10324    10606    10376     9722     9267 
    9691    10646    10936    10230     9266     9073    10015    11121 
   11335    10744    10115    10180    10926    11638    11862    11551 
   10817     9988     9504     9776    10628    11204    11078    10404 
    9556     9293     9967    10864    11101    10547     9891     9931 
   10654    11389    11663    11249    10143     9023     8760     9435 
   10284    10424     9744     8803     8174     8421     9514    10517 
   10731    10006     8760     8151     8725     9609     9882     9680 
    9701    10185    10659    10566     9840     8927     8560     9080 
    9859    10027     9359     8341     7900     8464     9490    10177 
   10037     9251     8676     8991     9992    10870    10925    10108 
    9123     8787     9231    10007    10462    10216     9853    10072 
   10627    11052    11105    10646    10104    10085    10473    10810 
   10787    10219     9373     8934     9120     9563    10004    10300 
   10449    10793    11367    11770    11908    11808    11350    10504 
    9483     8954     9536    10732    11196    10353     9209     9081 
    9841    10342    10133     9779     9626     9294     8668     8294 
    8569     9197     9452     9089     8721     8752     8904     9015 
    9082     9005     8972     9350    10084    10712    10867    10536 
   10075     9996    10276    10399    10227     9849     9383     9309 
    9737    10041     9836     9317     8931     9061     9632    10227 
   10569    10480     9813     8926     8657     9315    10196    10424 
    9994     9686     9961    10523    10894    10813    10187     9309 
    8892     9297    10192    10972    10974    10141     9409     9504 
   10176    10814    11047    10944    10722    10521    10639    11146 
   11619    11796    11793    11651    11260    10698    10350    10449 
   10698    10566     9875     9137     8941     9293     9913    10404 
   10288     9578     9004     9147     9626     9694     9258     8830 
    9038     9913    10492    10096     9296     8962     9567    10978 
   12221    12343    11372    10260    10093    11020    12064    12274 
   11668    10962    10659    10724    11033    11484    11792    11774 
   11530    11191    10974    10995    10966    10775    10821    11187 
   11419    11279    10841    10346    10314    10762    10984    10854 
   10816    10883    11021    11311    11484    11300    10878    10482 
   10412    10696    10967    10925    10557    10006     9510     9335 
    9509     9799    10173    10675    10983    10840    10432    10156 
   10210    10357    10347    10288    10393    10666    10777    10461 
   10010     9923    10345    11009    11455    11500    11356    11118 
   10814    10561    10276    10046    10093    10164    10060     9876 
    9471     8968     8957     9522    10174    10496    10315     9906 
    9813     9968     9971     9992    10161    10169     9998     9786 
    9649     9790    10000     9969     9771     9625     9761    10014 
    9988     9886    10029    10331    10847    11630    12299    12487 
   12101    11280    10631    10631    10895    10918    10743    10509 
   10300    10245    10351    10504    10714    11002    10990    10416 
    9817     9742    10270    11122    11379    10658     9922     9806 
   10088    10563    10870    10746    10446    10181    10022    10054 
   10187    10417    10783    11021    10944    10867    11204    11808 
   11973    11306    10287     9682     9717     9969     9998     9771 
    9512     9445     9583     9693     9725     9872    10072    10170 
   10177     9992     9694     9636     9783    10044    10658    11329 
   11286    10446     9487     8984     9086     9589    10103    10420 
   10512    10385    10162     9775     9178     8980     9660    10628 
   10839     9953     8970     9192    10366    11173    11059    10299 
    9512     9499    10141    10470    10204     9742     9541     9807 
   10093     9979     9676     9487     9563     9882    10161    10156 
    9868     9514     9497     9875    10103     9965     9984    10530 
   11227    11358    10729     9977     9891    10646    11577    11932 
   11645    11022    10531    10543    10833    11099    11250    10871 
    9892     9258     9676    10590    11082    10932    10470    10135 
   10241    10644    10996    11141    10797     9965     9535     9972 
   10644    11038    10971    10428     9918     9771     9898    10323 
   10852    11062    10918    10642    10459    10608    10932    10836 
   10274     9969    10292    10712    10623    10187    10008    10369 
   10906    10932    10380     9956    10007    10266    10451    10377 
   10053     9815     9931    10331    10791    10987    10620     9923 
    9485     9576    10072    10559    10574    10152     9752     9710 
    9953     9973     9463     8959     9073     9580     9983    10137 
   10099    10050    10184    10400    10462    10420    10403    10215 
    9832     9761    10301    11084    11477    11128    10524    10450 
   10773    10939    10893    10741    10579    10508    10388    10114 
    9699     9309     9522    10570    11600    11618    10596     9657 
    9994    11263    12070    11820    10876     9891     9590    10193 
   11151    11661    11300    10488    10075    10339    10921    11371 
   11375    10972    10588    10422    10319    10230    10257    10459 
   10763    10905    10623    10039     9734     9985    10346    10339 
    9996     9612     9373     9321     9322     9104     8795     8811 
    9126     9470     9709     9718     9670     9786     9927    10131 
   10511    10712    10408     9734     9231     9319     9661     9794 
    9864     9956     9802     9443     9302     9539     9913    10257 
   10407    10095     9532     9300     9585    10110    10405    10237 
    9934     9783     9707     9809    10110    10195     9864     9322 
    8838     8923     9976    11389    11996    11219     9590     8487 
    8854    10076    10814    10544     9898     9738    10054    10131 
    9736     9439     9625     9899     9867     9703     9751    10239 
   10883    10924    10370    10060    10269    10574    10620    10440 
   10368    10519    10648    10678    10845    11167    11173    10588 
    9900     9796    10226    10544    10450    10228    10179    10305 
   10405    10405    10539    10854    11101    11171    10998    10696 
   10671    10893    11087    11200    10989    10396    10025    10368 
   11142    11562    11249    10747    10771    11115    11090    10798 
   10804    11060    11232    11192    10948    10654    10412    10368 
   10881    11892    12773    12961    12333    11438    11138    11611 
   12181    12168    11546    10983    11153    11777    12069    11912 
   11651    11476    11541    11797    11880    11794    11983    12438 
   12609    12264    11961    12127    12272    11974    11610    11587 
   11963    12445    12488    12052    11699    11692    11827    11894 
   11785    11574    11527    11618    11622    11585    11448    11057 
   10750    10813    10962    10933    10810    10829    11113    11338 
   11017    10284     9925    10316    10963    11406    11573    11481 
   11375    11421    11445    11372    11188    10825    10504    10546 
   10949    11389    11500    11286    11052    10920    10710    10334 
   10055    10134    10449    10725    10817    10762    10746    10929 
   11229    11437    11429    11095    10597    10389    10470    10459 
   10250     9942     9844    10210    10679    10916    11006    10812 
   10233     9691     9620     9971    10255    10103     9783     9798 
   10193    10550    10555    10365    10253    10269    10309    10274 
   10129     9815     9508     9639    10170    10521    10322     9768 
    9433     9545     9643     9495     9570    10095    10601    10517 
    9837     9266     9391     9830     9946     9747     9445     8999 
    8447     8218     8640     9259     9390     9031     8630     8575 
    8937     9387     9607     9552     9316     9066     9013     9306 
    9769     9981     9853     9702     9737     9892     9940     9691 
    9329     9208     9387     9705     9902     9671     9190     9022 
    9252     9556     9786     9945     9965     9817     9680     9745 
    9909     9819     9417     9184     9420     9877    10241    10280 
    9883     9333     9147     9520    10030    10116     9703     9162 
    8943     9165     9475     9610     9587     9448     9288     9248 
    9452     9872    10114     9813     9161     8621     8494     8889 
    9641    10220    10156     9606     9207     9317     9710    10007 
   10146    10166     9965     9589     9327     9414     9825    10134 
    9938     9487     9221     9158     9180     9327     9524     9524 
    9306     9170     9386     9954    10434    10253     9475     8851 
    8947     9601    10278    10532    10199     9566     9178     9412 
   10084    10427    10075     9586     9576    10131    10882    11214 
   10984    10602    10369    10436    10837    11267    11457    11457 
   11457    11615    11781    11713    11560    11496    11430    11421 
   11542    11551    11286    10863    10466    10405    10843    11311 
   11246    10750    10350    10389    10739    11039    11159    11088 
   10741    10301    10177    10378    10523    10328     9917     9796 
   10127    10308    10000     9667     9713    10004    10154     9989 
    9801     9815     9807     9699     9761    10100    10497    10582 
   10251     9909     9899    10123    10293    10115     9596     9254 
    9510    10161    10720    10894    10658    10220     9950     9996 
   10108    10131    10193    10362    10578    10731    10760    10731 
   10683    10580    10359    10085    10010    10088     9995     9794 
    9744     9807     9865     9891    10075    10570    10858    10454 
    9896     9802    10050    10386    10763    11098    11260    11233 
   11159    11250    11533    11738    11747    11700    11615    11614 
   11907    12193    12032    11561    11207    11259    11599    11708 
   11291    10709    10485    10662    10921    11059    11037    10883 
   10743    10741    10794    10728    10474    10211    10153    10288 
   10480    10552    10442    10372    10484    10631    10580    10262 
    9987     9984    10103    10285    10509    10662    10748    10750 
   10660    10566    10453    10357    10386    10407    10381    10497 
   10615    10486    10268    10088     9976    10085    10384    10642 
   10706    10438     9987     9832    10135    10592    10793    10604 
   10376    10467    10704    10732    10514    10207     9903     9680 
    9670     9907    10142    10042     9699     9535     9734    10146 
   10435    10296     9907     9684     9747    10068    10476    10611 
   10476    10332    10215    10054     9969    10153    10598    10975 
   10947    10594    10323    10355    10485    10446    10347    10417 
   10579    10628    10537    10417    10342    10328    10339    10270 
   10110     9973     9913     9876     9818     9695     9477     9312 
    9413     9769    10169    10362    10263    10004     9849     9910 
   10031    10102    10121    10055     9954     9952    10071    10272 
   10446    10509    10493    10454    10478    10627    10758    10714 
   10481    10162    10008    10210    10606    10735    10332     9795 
    9724    10169    10694    10831    10503    10164    10274    10720 
   11060    11071    10828    10544    10471    10639    10827    10879 
   10820    10774    10801    10785    10685    10652    10674    10577 
   10422    10481    10783    10996    10867    10570    10465    10588 
   10682    10708    10825    10928    10773    10401    10045     9850 
    9872    10099    10412    10582    10498    10288    10077     9965 
   10054    10314    10642    10837    10721    10492    10440    10511 
   10631    10800    10835    10754    10805    10854    10681    10444 
   10329    10315    10327    10370    10509    10697    10693    10362 
   10018    10053    10444    10841    10879    10586    10357    10409 
   10678    10959    11076    11097    11105    11091    11144    11230 
   11199    11034    10836    10814    11087    11431    11562    11419 
   11146    10955    10879    10787    10704    10743    10831    10840 
   10751    10605    10511    10540    10638    10836    11099    11122 
   10832    10616    10704    10933    11092    11155    11204    11164 
   10891    10593    10681    11118    11333    11017    10579    10486 
   10655    10743    10696    10698    10689    10580    10531    10493 
   10342    10272    10341    10388    10462    10531    10447    10380 
   10447    10597    10903    11164    11013    10655    10536    10686 
   10955    11256    11379    11252    11084    10956    10917    11091 
   11280    11206    10935    10654    10476    10496    10677    10779 
   10656    10550    10791    11267    11583    11506    11078    10643 
   10501    10500    10409    10299    10318    10417    10341    10017 
    9795     9960    10347    10570    10423    10099     9906     9907 
   10050    10263    10413    10431    10300     9957     9570     9560 
   10019    10557    10781    10580    10088     9633     9485     9637 
    9918    10112    10081     9900     9741     9783    10130    10569 
   10712    10451    10048     9829     9940    10293    10624    10754 
   10747    10577    10160     9780     9818    10201    10471    10345 
   10044     9981    10207    10390    10332    10154    10088    10251 
   10492    10554    10427    10335    10343    10278    10211    10385 
   10625    10588    10369    10304    10449    10544    10504    10635 
   11013    11240    11075    10685    10347    10318    10598    10821 
   10741    10504    10250    10099    10323    10797    11038    10989 
   10821    10592    10447    10432    10386    10315    10296    10247 
   10157    10160    10253    10296    10211    10037     9906     9884 
    9886     9892     9925     9913     9880     9917     9979    10095 
   10353    10567    10447    10098     9853     9842    10030    10292 
   10465    10561    10550    10369    10291    10516    10808    10854 
   10544    10184    10206    10496    10737    10786    10498    10064 
    9948    10204    10573    10837    10737    10227     9715     9563 
    9738    10010    10145    10022     9803     9752     9836     9869 
    9837     9795     9818     9983    10121    10096    10050     9931 
    9674     9629     9989    10457    10712    10602    10220     9922 
    9886     9999    10224    10420    10272     9898     9738     9907 
   10204    10349    10195    10007    10133    10427    10604    10764 
   10945    10862    10575    10449    10507    10631    10782    10816 
   10787    10889    10998    10974    10875    10697    10511    10417 
   10320    10218    10263    10440    10508    10309    10065    10072 
   10224    10234    10095    10002     9998     9998    10018    10042 
    9915     9664     9516     9570     9842    10239    10417    10277 
   10118    10073    10092    10179    10237    10121     9830     9568 
    9556     9725     9911     9995     9823     9516     9378     9379 
    9425     9593     9784     9814     9636     9354     9240     9474 
    9856     9952     9702     9602     9886    10183    10185    10017 
    9950    10022    10080    10119    10242    10401    10455    10349 
   10187    10116    10149    10238    10361    10489    10527    10365 
   10116    10066    10301    10629    10694    10342    10006    10153 
   10575    10835    10831    10613    10324    10195    10152    10042 
    9991     9937     9794     9863    10064     9995     9876     9895 
    9822     9815    10018    10220    10362    10380    10227    10079 
   10055    10207    10465    10589    10488    10326    10323    10420 
   10388    10329    10482    10631    10494    10270    10180    10110 
   10087    10255    10482    10562    10407    10068     9859     9963 
   10033     9969    10143    10304    10104     9927     9923    10003 
   10228    10269     9983     9818     9818     9740     9783    10107 
   10467    10543    10216     9868     9969    10296    10411    10457 
   10629    10656    10423    10250    10450    10886    10951    10517 
   10218    10262    10309    10323    10350    10277    10197    10233 
   10316    10428    10470    10351    10184    10003     9756     9602 
    9779    10112    10179    10057    10008     9882     9578     9298 
    9347     9830    10323    10407    10200     9985     9911    10041 
   10346    10619    10627    10453    10339    10335    10440    10674 
   10839    10698    10507    10669    10944    10901    10646    10419 
   10285    10265    10204    10131    10347    10579    10386    10068 
    9979    10075    10208    10156     9948     9949    10258    10542 
   10465    10088     9794     9847    10099    10095     9755     9533 
    9598     9734     9875     9957     9917     9891     9900     9895 
    9963    10045    10072    10149    10150    10029    10133    10420 
   10477    10381    10492    10817    11130    11211    10943    10544 
   10459    10747    11047    11078    10845    10662    10817    11128 
   11267    11237    11118    10970    10917    10883    10806    10910 
   11145    11125    10821    10550    10501    10721    11076    11299 
   11279    11113    11039    11180    11194    10833    10457    10396 
   10681    11246    11803    11901    11394    10656    10201    10291 
   10882    11443    11492    11176    10733    10343    10303    10554 
   10806    10956    10994    10968    10854    10627    10588    10872 
   11079    10936    10677    10666    10871    10966    11011    11218 
   11299    11002    10594    10390    10474    10762    11024    11114 
   11016    10779    10665    10751    10767    10755    10891    10966 
   10887    10835    10860    10875    10702    10386    10358    10741 
   11119    11227    11184    11005    10685    10600    10901    11184 
   11169    10903    10602    10458    10381    10396    10635    10852 
   10806    10617    10466    10403    10465    10677    10879    10797 
   10366     9981    10065    10329    10320    10164    10072    10076 
   10164    10197    10104     9927     9668     9416     9364     9570 
    9821    10008    10149    10064     9753     9491     9398     9558 
    9940    10250    10353    10268     9979     9713     9759    10119 
   10555    10748    10574    10164     9771     9703    10033    10385 
   10385    10083     9861    10008    10331    10400    10135     9786 
    9637     9917    10443    10708    10573    10319    10207    10273 
   10284    10193    10289    10559    10648    10393    10029     9988 
   10285    10484    10416    10281    10166    10049    10062    10263 
   10455    10536    10490    10386    10436    10473    10315    10392 
   10828    11163    11242    11134    10922    10825    10771    10600 
   10557    10669    10629    10563    10623    10609    10659    10918 
   11060    10976    10797    10609    10694    11075    11329    11236 
   10833    10309    10110    10434    10963    11194    10751     9918 
    9482     9856    10744    11329    11029    10247     9778     9923 
   10469    10991    11169    10871    10200     9639     9643    10107 
   10569    10551     9887     9244     9390    10021    10482    10606 
   10288     9702     9397     9578    10069    10593    10814    10570 
   10133     9960    10162    10601    11011    10883    10287     9977 
   10092    10350    10736    10831    10327     9814     9648     9670 
    9906    10091     9998    10002    10031     9864     9871     9967 
    9971    10255    10650    10566     9996     9528     9744    10329 
   10434    10048     9767     9753     9806     9771     9733     9906 
   10110    10045     9972    10158    10320    10291    10214    10125 
   10066    10103    10149    10085     9911     9899    10200    10500 
   10633    10720    10681    10350     9859     9636     9867    10247 
   10528    10617    10397    10064    10050    10481    11105    11372 
   10970    10531    10679    10952    10859    10592    10282     9981 
    9965    10338    10998    11608    11618    11064    10467    10146 
   10326    10828    11090    10940    10552    10276    10390    10646 
   10722    10608    10409    10378    10612    10905    10979    10686 
   10341    10281    10359    10436    10477    10407    10301    10293 
   10419    10565    10579    10453    10170     9852     9891    10245 
   10438    10547    10770    10837    10821    10881    10777    10633 
   10725    10885    10978    10998    10856    10615    10431    10362 
   10535    10959    11308    11358    11218    11060    10901    10655 
   10486    10651    10983    11122    11036    10980    11005    10858 
   10476    10173    10239    10580    10870    10921    10725    10396 
   10142     9975     9855    10134    10791    11107    10902    10646 
   10540    10609    10851    10994    10788    10424    10215    10135 
   10149    10329    10435    10320    10270    10381    10500    10590 
   10566    10304    10007     9949    10015    10061    10168    10251 
   10280    10381    10354    10121    10039    10055     9906     9911 
   10320    10720    10817    10722    10476    10277    10520    11029 
   11161    10817    10565    10577    10496    10278    10017     9678 
    9590    10055    10652    10890    10643     9915     9329     9529 
    9950    10093    10263    10354    10114     9745     9441     9481 
   10042    10552    10311     9661     9362     9505     9934    10442 
   10563    10300    10061    10011    10266    10669    10675    10376 
   10274    10273    10196    10211    10255    10308    10392    10173 
    9879    10120    10590    10818    10781    10409    10099    10228 
   10339    10219    10015     9655     9558    10116    10736    10809 
   10428     9976     9795     9999    10397    10660    10708    10612 
   10296    10010    10200    10694    11041    11009    10604    10255 
   10323    10611    10890    11125    11206    11128    11068    11091 
   11072    10913    10673    10503    10500    10554    10507    10434 
   10343    10193    10292    10694    10924    10744    10393    10262 
   10388    10395    10289    10400    10592    10523    10242    10042 
   10079    10200    10230    10211    10257    10324    10308    10311 
   10374    10377    10413    10431    10268    10303    10700    10891 
   10665    10293     9988    10025    10376    10606    10639    10507 
   10110     9832    10026    10438    10746    10760    10461    10170 
   10152    10223    10196    10119    10066    10149    10451    10797 
   10858    10485     9991     9833    10088    10493    10648    10389 
   10007     9879    10157    10582    10619    10269    10060    10177 
   10435    10532    10230     9801     9632     9787    10334    10947 
   10963    10458     9899     9580     9728    10107    10287    10278 
   10304    10403    10481    10469    10351    10168    10030    10045 
   10230    10346    10088     9602     9255     9300     9776    10280 
   10435    10486    10632    10542    10061     9676     9856    10341 
   10516    10200     9732     9486     9583     9991    10590    10930 
   10605    10011     9817    10045    10292    10269    10019     9830 
    9863    10049    10258    10443    10586    10465     9989     9653 
    9896    10494    10852    10659    10308    10281    10420    10386 
   10216    10123    10100     9950     9760     9887    10335    10689 
   10624    10145     9562     9282     9460     9906    10345    10574 
   10552    10503    10476    10204     9711     9362     9433     9876 
   10199    10045     9682     9599     9981    10374    10295     9949 
    9598     9315     9292     9536     9941    10404    10521    10095 
    9543     9351     9670    10197    10336    10030     9869    10035 
   10237    10351    10329    10116     9895     9983    10462    10956 
   10925    10326     9747     9771    10301    10767    10871    10692 
   10349    10030    10027    10351    10624    10567    10255     9996 
   10062    10254    10224    10084    10062    10206    10480    10663 
   10503    10088     9703     9563     9769    10207    10577    10689 
   10537    10285    10278    10596    10945    11126    11011    10598 
   10227    10149    10345    10689    10725    10227     9855    10226 
   10986    11399    11199    10728    10492    10478    10303    10042 
   10035    10277    10662    11049    11132    10741    10053     9535 
    9645    10250    10651    10503    10108     9850     9879    10088 
   10184    10120    10174    10404    10382     9891     9489     9618 
   10060    10432    10368    10037    10129    10555    10689    10508 
   10300    10166    10087     9991     9861     9783     9807     9867 
   10038    10428    10605    10195     9652     9596    10054    10532 
   10494    10054     9813     9910    10087    10278    10431    10430 
   10234     9902     9834    10224    10563    10516    10234     9872 
    9583     9601    10052    10566    10589    10280    10057     9954 
   10060    10436    10837    10945    10546     9882     9660    10088 
   10627    10840    10623    10214    10180    10623    11090    11275 
   11043    10566    10314    10350    10535    10956    11364    11259 
   10702    10233    10358    11094    11753    11772    11377    10874 
   10353    10176    10519    10755    10537    10405    10520    10582 
   10682    10828    10916    11047    11126    11169    11331    11303 
   10858    10430    10555    11213    11722    11566    11090    10903 
   11132    11384    11265    10872    10652    10839    11219    11421 
   11260    10910    10746    10837    11036    11292    11408    11199 
   10909    10856    11074    11326    11302    10982    10656    10608 
   10935    11361    11487    11218    10752    10430    10473    10704 
   10922    11103    11021    10602    10381    10767    11395    11526 
   10983    10500    10588    10897    11094    11164    11146    11140 
   10995    10563    10218    10314    10746    11259    11512    11272 
   10777    10547    10746    10972    10901    10663    10455    10413 
   10525    10528    10482    10692    10975    11028    10864    10598 
   10473    10709    11059    11113    10980    10986    11074    11039 
   10843    10535    10262    10227    10458    10787    11070    11133 
   10859    10443    10207    10276    10592    10975    11128    10887 
   10466    10249    10370    10563    10596    10532    10303     9815 
    9520     9864    10531    10854    10558     9958     9590     9621 
    9992    10503    10632    10211     9736     9634     9965    10431 
   10577    10331    10010     9872     9979    10280    10508    10204 
    9433     9020     9526    10590    11240    10798     9853     9552 
    9960    10353    10449    10362    10282    10397    10577    10557 
   10481    10503    10365    10099    10177    10563    10788    10747 
   10585    10476    10525    10463    10141     9956    10091    10351 
   10635    10763    10598    10386    10285    10196    10189    10314 
   10466    10701    10848    10648    10404    10314    10215    10277 
   10542    10731    10775    10639    10318    10033     9931    10102 
   10511    10781    10700    10550    10484    10233     9733     9450 
    9796    10547    11020    10854    10474    10319    10214    10141 
   10362    10720    10791    10269     9325     8826     9258    10104 
   10677    10685    10329    10098    10169    10457    10913    11253 
   11071    10343     9609     9612    10416    11267    11507    11094 
   10461    10050     9945    10103    10341    10407    10434    10557 
   10629    10659    10628    10423    10216    10147    10185    10494 
   10929    10978    10714    10473    10211    10075    10300    10659 
   10862    10733    10214     9738     9837    10328    10602    10287 
    9516     8911     9089     9899    10616    10770    10315     9539 
    8995     9053     9649    10346    10571    10187     9580     9178 
    9170     9464     9802    10012    10076    10000     9761     9483 
    9513     9963    10521    10793    10528    10025     9968    10415 
   10758    10620    10116     9649     9702    10281    10801    10836 
   10416     9861     9769    10327    10840    10755    10235     9720 
    9701    10183    10546    10485    10201     9842     9508     9397 
    9636    10184    10755    10817    10164     9410     9243     9640 
   10106    10269    10164    10045     9950     9720     9475     9505 
    9792    10085    10111     9873     9784     9938    10050    10176 
   10247     9999     9729     9763    10004    10300    10382    10234 
   10327    10725    10929    10728    10324     9973     9890    10108 
   10395    10579    10650    10547    10331    10131    10006    10103 
   10389    10521    10435    10369    10270     9957     9629     9633 
    9976    10339    10324     9956     9759    10019    10357    10280 
    9813     9443     9568     9984    10114     9931     9877     9933 
    9842     9767     9975    10324    10465    10336    10179    10156 
   10224    10242    10147    10021     9917     9869    10042    10458 
   10741    10501     9813     9200     9150     9566     9971    10131 
   10071     9832     9622     9725    10081    10296    10137     9734 
    9490     9711    10154    10393    10399    10156     9763     9679 
   10031    10547    10937    10897    10508    10241    10327    10611 
   10839    10928    10862    10536    10129    10021    10243    10562 
   10817    10972    11133    11232    11067    10870    10825    10677 
   10504    10584    10770    10859    10714    10392    10401    10906 
   11275    11098    10692    10477    10527    10747    11011    11137 
   11070    10905    10709    10594    10659    10878    11049    10993 
   10906    11005    11190    11356    11329    11059    10922    11033 
   11083    10878    10392     9890     9764     9942    10226    10584 
   10786    10724    10532    10224    10068    10368    10705    10550 
   10071     9786     9956    10403    10731    10743    10567    10293 
    9973     9896    10238    10696    10879    10781    10693    10808 
   11010    11018    10754    10435    10245    10174    10195    10343 
   10520    10467    10273    10304    10536    10682    10612    10324 
   10068    10134    10357    10405    10176     9888     9958    10327 
   10530    10492    10339    10118    10027    10233    10635    10937 
   10905    10655    10457    10434    10650    10976    11010    10609 
   10177    10180    10650    11102 
