Origin Time       2016/04/16 01:25:00
Lat.              32.753
Long.             130.762
Depth. (km)       12
Mag.              7.3
Station Code      NAR007
Station Lat.      34.2213
Station Long.     135.7369
Station Height(m) 760
Record Time       2016/04/16 01:27:32
Sampling Freq(Hz) 100Hz
Duration Time(s)  60
Dir.              E-W
Scale Factor      7845(gal)/8223790
Max. Acc. (gal)   1.224
Last Correction   2016/04/16 01:27:33
Memo.             
     931      928      928      935      949      969      996     1026 
    1051     1074     1094     1107     1116     1119     1119     1107 
    1086     1053     1009      966      928      899      882      874 
     876      886      901      915      928      943      957      966 
     974      978      976      976      980      986     1000     1015 
    1028     1039     1043     1039     1028     1016     1003      990 
     978      965      958      959      963      974      989     1003 
    1021     1046     1062     1075     1088     1096     1100     1098 
    1090     1081     1069     1057     1044     1028     1009      989 
     970      950      934      927      924      923      926      928 
     935      940      951      965      976      992     1015     1034 
    1053     1077     1096     1113     1131     1140     1148     1155 
    1152     1143     1136     1124     1105     1088     1067     1042 
    1015      996      977      962      955      950      946      945 
     943      947      955      969      987     1008     1030     1055 
    1080     1093     1100     1107     1113     1109     1104     1100 
    1088     1069     1047     1023      997      970      945      922 
     899      877      858      838      819      804      792      780 
     772      769      774      783      793      804      814      819 
     822      819      815      814      815      816      818      819 
     822      823      818      812      815      818      820      828 
     843      859      876      895      913      927      940      951 
     954      957      957      953      949      942      939      945 
     953      963      984     1008     1030     1051     1069     1085 
    1094     1101     1107     1105     1098     1089     1070     1050 
    1026      999      976      958      936      913      892      873 
     858      851      854      864      877      905      935      962 
     990     1021     1053     1081     1102     1127     1144     1150 
    1154     1155     1147     1136     1128     1116     1101     1080 
    1050     1019      992      967      940      920      908      899 
     896      896      901      912      926      943      959      967 
     972      973      967      959      950      936      919      903 
     885      868      855      849      847      853      864      877 
     885      890      900      903      900      893      892      896 
     899      900      903      908      913      918      922      928 
     934      936      938      934      929      919      901      885 
     872      855      838      823      807      792      776      762 
     751      745      738      735      730      722      715      708 
     702      706      714      720      733      743      750      761 
     774      791      812      838      869      896      919      935 
     945      953      958      957      954      947      938      926 
     911      899      885      872      864      854      845      845 
     846      854      872      895      920      950      980     1003 
    1024     1044     1055     1059     1057     1042     1026     1008 
     986      965      945      929      918      907      896      886 
     881      885      895      903      916      935      955      969 
     984     1004     1020     1035     1048     1065     1085     1101 
    1116     1131     1142     1148     1144     1129     1109     1081 
    1046     1008      974      939      903      876      855      842 
     842      847      861      882      901      919      938      953 
     959      966      973      976      977      977      981      985 
     984      982      985      978      965      953      938      920 
     903      893      888      889      893      895      897      903 
     901      893      882      872      854      838      835      837 
     845      862      884      909      928      942      953      966 
     978      985      994     1011     1023     1030     1039     1044 
    1050     1062     1070     1074     1075     1073     1065     1058 
    1046     1026     1007      987      967      949      935      923 
     916      915      912      911      911      916      926      938 
     953      972      990     1008     1021     1031     1039     1050 
    1059     1069     1081     1090     1102     1117     1132     1147 
    1161     1171     1181     1185     1185     1181     1170     1152 
    1132     1111     1088     1063     1042     1023     1008     1000 
     997      994      996     1003     1011     1020     1032     1043 
    1055     1073     1093     1116     1138     1158     1177     1188 
    1185     1177     1162     1136     1102     1067     1032     1003 
     977      958      945      935      929      926      926      928 
     931      934      938      936      935      935      936      940 
     946      955      967      978      985      980      972      966 
     951      932      923      913      905      903      900      897 
     897      899      901      909      923      935      946      958 
     967      974      981      989      994      999     1004     1007 
    1005     1000      997      986      974      966      953      938 
     924      907      884      861      842      818      792      770 
     743      720      702      687      676      675      679      687 
     700      711      724      741      756      769      783      797 
     811      822      838      858      872      885      899      907 
     913      922      926      927      928      929      934      940 
     946      953      963      974      985      996     1000     1000 
     999      999      992      981      966      949      929      911 
     897      888      877      873      877      881      884      890 
     897      900      903      908      909      909      912      915 
     916      922      934      945      954      966      982      994 
    1000     1009     1016     1020     1028     1038     1042     1048 
    1053     1051     1046     1036     1023     1007      980      954 
     932      905      884      869      858      850      846      846 
     846      849      855      868      886      908      928      955 
     986     1016     1043     1073     1104     1128     1147     1161 
    1167     1165     1152     1133     1115     1093     1071     1053 
    1036     1024     1015     1005      992      976      959      940 
     915      885      857      827      795      767      747      733 
     724      719      719      724      731      737      747      761 
     776      791      804      822      837      842      849      855 
     855      854      857      858      854      851      849      849 
     849      850      851      851      853      853      846      841 
     838      834      830      830      837      847      857      864 
     873      877      877      877      885      892      903      919 
     936      955      970      982      994     1008     1023     1039 
    1053     1063     1065     1059     1044     1030     1007      980 
     959      940      920      907      893      876      862      857 
     851      851      858      864      870      880      889      897 
     903      908      915      920      928      942      958      973 
     984      992      994      987      973      958      947      935 
     922      913      912      909      903      900      900      897 
     897      903      912      920      927      932      938      946 
     951      958      972      987     1004     1017     1026     1035 
    1039     1036     1032     1031     1031     1034     1035     1039 
    1048     1058     1067     1075     1084     1094     1102     1107 
    1112     1109     1102     1100     1093     1085     1077     1070 
    1070     1073     1071     1073     1077     1080     1084     1089 
    1093     1094     1093     1090     1085     1073     1065     1058 
    1050     1042     1038     1035     1034     1036     1042     1047 
    1051     1053     1046     1038     1024     1000      980      959 
     936      915      897      882      870      858      847      842 
     838      834      835      843      854      862      870      880 
     889      901      915      927      938      949      959      969 
     977      985      993     1000     1009     1017     1028     1039 
    1050     1058     1067     1067     1058     1046     1034     1017 
    1000      984      974      972      969      974      986      999 
    1015     1032     1044     1053     1062     1062     1055     1048 
    1035     1012      992      973      947      927      909      895 
     882      873      869      869      874      889      908      922 
     927      931      931      922      909      897      885      874 
     866      858      855      861      864      868      876      888 
     900      909      924      939      945      949      954      949 
     939      932      928      927      929      934      942      955 
     969      980      989      997     1007     1016     1026     1030 
    1030     1030     1030     1030     1034     1038     1038     1036 
    1032     1016      994      976      953      928      913      901 
     892      892      903      918      929      946      958      962 
     961      958      957      953      951      954      962      980 
     999     1013     1028     1044     1055     1058     1055     1051 
    1046     1042     1034     1023     1011      996      978      958 
     942      932      923      920      922      920      920      929 
     940      950      963      977      982      978      973      959 
     936      912      889      870      853      837      820      808 
     799      793      791      795      801      807      816      827 
     834      842      854      861      866      873      877      877 
     873      868      862      849      824      801      780      757 
     738      724      715      712      710      708      715      730 
     747      773      803      831      869      909      946      984 
    1020     1051     1077     1093     1093     1084     1073     1051 
    1026     1012      999      982      967      957      947      936 
     928      923      916      911      901      889      877      873 
     868      862      858      858      858      850      846      847 
     843      841      842      838      835      828      820      811 
     796      781      770      761      757      757      761      766 
     769      770      770      769      767      765      762      764 
     764      760      757      754      751      751      760      769 
     783      803      822      838      851      858      855      854 
     857      853      850      849      843      841      845      845 
     850      866      885      903      926      950      976     1000 
    1028     1060     1102     1146     1189     1236     1278     1314 
    1351     1377     1397     1418     1437     1451     1466     1471 
    1474     1479     1478     1471     1468     1470     1472     1475 
    1480     1479     1474     1466     1456     1444     1435     1426 
    1416     1408     1398     1390     1383     1378     1372     1368 
    1366     1367     1363     1344     1325     1304     1270     1237 
    1205     1174     1147     1119     1090     1065     1042     1016 
     993      969      949      931      912      893      876      858 
     838      816      797      778      760      746      733      720 
     715      712      710      707      702      702      706      706 
     704      704      706      702      700      702      697      696 
     702      706      711      719      720      715      710      704 
     697      692      687      683      680      679      677      683 
     693      710      730      754      784      814      842      876 
     905      938      974     1016     1057     1093     1129     1165 
    1188     1202     1213     1220     1221     1217     1205     1194 
    1181     1162     1143     1125     1105     1085     1069     1058 
    1051     1053     1059     1065     1073     1081     1089     1097 
    1107     1119     1133     1148     1159     1169     1181     1193 
    1206     1227     1250     1271     1298     1323     1343     1362 
    1372     1377     1378     1374     1363     1348     1327     1298 
    1270     1236     1198     1155     1107     1058     1008      955 
     905      857      815      783      754      734      722      714 
     714      715      726      741      751      767      787      803 
     820      827      823      818      803      778      747      706 
     656      608      557      506      456      405      359      321 
     286      257      237      221      210      201      194      187 
     182      174      167      160      155      156      159      160 
     166      171      172      172      171      167      168      174 
     183      199      221      244      270      303      340      382 
     425      469      514      553      581      600      621      637 
     649      658      673      683      683      679      672      665 
     657      650      645      638      637      639      646      665 
     693      727      772      822      870      916      965     1016 
    1065     1115     1163     1208     1252     1294     1331     1362 
    1394     1428     1456     1486     1513     1535     1557     1576 
    1595     1614     1628     1641     1655     1657     1658     1663 
    1661     1661     1663     1661     1658     1656     1651     1647 
    1642     1634     1629     1622     1606     1591     1576     1556 
    1537     1520     1502     1489     1475     1464     1462     1463 
    1468     1482     1501     1520     1537     1556     1574     1590 
    1606     1626     1644     1667     1692     1715     1741     1776 
    1810     1842     1880     1917     1949     1977     1999     2014 
    2019     2019     2014     1996     1972     1941     1900     1850 
    1796     1741     1684     1621     1552     1478     1398     1317 
    1236     1154     1074      997      923      853      784      718 
     656      599      545      499      461      429      402      386 
     386      395      406      419      438      453      463      469 
     471      467      461      453      437      415      390      363 
     332      292      251      206      157      108       60       18 
     -13      -35      -45      -47      -41      -31      -20       -5 
      13       32       47       64       72       81       90       95 
      95       91       81       67       51       25       -2      -32 
     -67     -101     -131     -167     -201     -233     -263     -289 
    -313     -330     -338     -340     -336     -328     -313     -286 
    -252     -217     -176     -135      -93      -49       -8       25 
      60       94      122      151      178      201      224      246 
     266      294      326      355      382      414      446      479 
     514      546      581      619      654      691      731      766 
     803      845      886      929      976     1026     1074     1117 
    1161     1197     1224     1252     1279     1297     1314     1334 
    1351     1364     1377     1386     1395     1405     1414     1426 
    1437     1445     1453     1459     1459     1455     1445     1431 
    1418     1399     1372     1350     1329     1308     1282     1260 
    1244     1227     1208     1188     1167     1152     1143     1133 
    1129     1131     1136     1147     1161     1177     1193     1209 
    1225     1239     1252     1267     1279     1286     1291     1297 
    1289     1275     1264     1251     1230     1213     1201     1193 
    1190     1193     1200     1215     1232     1252     1275     1305 
    1336     1366     1395     1422     1445     1463     1476     1485 
    1485     1480     1476     1466     1456     1449     1440     1436 
    1437     1444     1457     1480     1506     1532     1559     1591 
    1628     1663     1692     1729     1769     1800     1825     1848 
    1865     1873     1873     1867     1852     1830     1803     1773 
    1740     1706     1671     1634     1595     1556     1521     1486 
    1456     1435     1413     1391     1377     1367     1359     1348 
    1336     1324     1310     1294     1271     1243     1212     1171 
    1125     1080     1032      980      927      874      815      751 
     696      643      589      542      506      481      464      454 
     453      456      464      475      488      499      506      508 
     515      518      513      502      488      469      446      419 
     390      357      324      294      266      244      222      207 
     212      228      246      278      324      372      425      483 
     544      604      666      726      777      820      857      880 
     892      899      896      884      872      853      826      795 
     760      724      689      656      623      599      583      571 
     566      576      592      611      638      668      696      722 
     745      760      767      764      753      738      715      683 
     649      615      579      544      514      486      464      446 
     425      415      415      418      429      445      467      503 
     540      575      615      660      702      741      783      820 
     849      872      893      905      911      915      912      905 
     896      889      881      872      866      868      873      884 
     897      915      938      963      993     1028     1063     1102 
    1142     1177     1205     1229     1247     1255     1255     1251 
    1242     1228     1213     1194     1175     1161     1146     1135 
    1128     1127     1138     1154     1173     1201     1237     1273 
    1310     1355     1399     1440     1480     1516     1544     1563 
    1567     1561     1549     1528     1499     1467     1431     1393 
    1348     1308     1267     1223     1183     1147     1105     1067 
    1035     1005      980      954      934      922      912      903 
     897      897      900      903      909      919      929      943 
     957      976     1000     1021     1038     1058     1077     1089 
    1101     1115     1123     1125     1125     1121     1116     1107 
    1093     1085     1075     1065     1059     1057     1053     1047 
    1038     1026     1011      993      970      945      920      892 
     857      818      780      738      689      646      607      564 
     521      481      442      403      368      333      298      268 
     243      220      203      195      189      187      194      203 
     216      232      253      275      298      322      342      359 
     370      379      387      392      391      388      383      372 
     361      348      332      321      309      291      271      252 
     236      222      211      203      201      201      207      224 
     248      275      309      348      383      421      453      483 
     510      530      544      552      556      553      546      532 
     522      511      496      481      467      453      440      425 
     421      422      425      440      459      480      510      540 
     575      615      662      712      762      812      861      903 
     950      999     1043     1090     1142     1188     1229     1277 
    1314     1347     1382     1412     1435     1455     1468     1474 
    1470     1462     1455     1443     1426     1412     1404     1398 
    1389     1383     1385     1390     1398     1413     1429     1451 
    1475     1502     1532     1563     1593     1625     1656     1683 
    1707     1734     1759     1773     1784     1796     1806     1807 
    1803     1800     1802     1798     1792     1790     1787     1780 
    1776     1779     1781     1787     1796     1807     1822     1833 
    1842     1854     1868     1872     1876     1876     1867     1854 
    1838     1814     1790     1767     1741     1717     1694     1675 
    1657     1638     1621     1602     1583     1561     1533     1498 
    1466     1431     1391     1348     1306     1271     1239     1202 
    1169     1143     1120     1094     1070     1050     1028     1000 
     980      962      939      911      882      855      826      797 
     770      741      711      684      657      630      607      585 
     566      553      540      532      529      526      523      523 
     529      540      558      569      579      594      607      618 
     630      641      653      661      666      670      669      665 
     660      658      660      658      653      650      653      650 
     643      641      638      635      631      627      623      616 
     608      596      581      571      557      538      519      503 
     488      473      460      451      445      437      430      423 
     418      415      413      410      413      417      417      417 
     422      425      429      429      434      438      442      450 
     461      471      481      498      514      532      553      577 
     604      635      664      692      727      762      795      830 
     862      889      920      947      965      984     1000     1009 
    1019     1021     1016     1008      999      984      969      953 
     929      903      877      850      815      781      754      724 
     695      668      648      630      614      604      600      602 
     614      630      653      680      711      747      788      831 
     874      916      958      999     1035     1063     1092     1116 
    1129     1143     1163     1175     1178     1189     1200     1208 
    1217     1229     1237     1242     1244     1247     1247     1246 
    1243     1240     1242     1240     1242     1248     1256     1269 
    1282     1293     1308     1324     1336     1354     1370     1387 
    1402     1413     1426     1441     1453     1467     1480     1497 
    1514     1528     1539     1545     1547     1552     1554     1549 
    1544     1539     1532     1524     1516     1516     1518     1518 
    1524     1537     1551     1566     1578     1593     1611     1629 
    1642     1660     1676     1690     1706     1718     1734     1750 
    1761     1775     1781     1788     1796     1796     1803     1807 
    1802     1800     1795     1783     1771     1759     1745     1729 
    1711     1699     1688     1676     1665     1653     1644     1641 
    1636     1624     1618     1615     1610     1606     1606     1606 
    1609     1613     1620     1626     1632     1638     1647     1655 
    1661     1665     1674     1680     1679     1676     1671     1657 
    1641     1624     1602     1579     1553     1525     1499     1475 
    1451     1431     1421     1413     1410     1410     1413     1416 
    1416     1416     1414     1412     1405     1394     1377     1355 
    1332     1305     1271     1235     1204     1167     1129     1096 
    1063     1031     1004      982      961      945      932      922 
     913      909      907      903      903      903      907      911 
     916      923      931      929      926      927      926      920 
     915      907      899      895      888      884      885      885 
     885      889      895      897      899      903      912      918 
     922      929      938      942      945      945      940      934 
     926      913      903      888      869      853      841      824 
     811      803      796      793      792      788      787      785 
     781      780      780      778      776      774      778      780 
     784      788      791      793      793      791      783      770 
     757      746      731      707      691      680      661      642 
     627      608      591      579      564      549      538      529 
     522      517      515      513      514      521      526      532 
     540      546      553      561      562      568      576      579 
     579      576      573      565      549      533      517      500 
     488      476      464      459      449      441      441      442 
     441      446      457      468      480      493      513      532 
     552      573      598      616      631      648      661      673 
     684      692      702      712      724      735      749      765 
     784      800      816      837      855      874      899      922 
     943      967      993     1017     1043     1067     1092     1117 
    1140     1165     1183     1197     1210     1221     1225     1230 
    1232     1230     1232     1237     1240     1246     1255     1269 
    1287     1310     1333     1363     1393     1420     1449     1479 
    1502     1525     1543     1556     1566     1571     1575     1580 
    1586     1586     1584     1579     1568     1556     1541     1526 
    1509     1497     1483     1476     1475     1472     1474     1480 
    1491     1507     1528     1551     1576     1603     1632     1655 
    1671     1687     1702     1707     1705     1696     1683     1664 
    1637     1602     1561     1518     1471     1422     1375     1328 
    1279     1230     1185     1142     1102     1065     1028      994 
     965      938      912      892      877      858      845      838 
     828      820      814      810      810      807      799      793 
     791      785      783      784      784      783      783      781 
     780      778      774      770      765      756      741      728 
     712      695      680      662      641      621      608      594 
     577      566      553      540      532      521      510      506 
     503      499      498      498      498      496      491      484 
     476      464      450      432      411      391      364      338 
     315      289      266      245      225      212      202      191 
     184      180      176      170      162      151      136      117 
      95       71       44       20       -5      -31      -49      -64 
     -81      -90      -90      -86      -75      -56      -32       -4 
      27       60       97      131      164      199      228      252 
     276      297      314      332      349      364      375      387 
     400      414      425      438      450      463      476      490 
     506      522      540      562      583      603      623      643 
     660      677      692      702      715      727      741      757 
     769      783      800      822      838      853      873      895 
     916      940      966      987     1007     1023     1036     1047 
    1051     1053     1051     1048     1048     1046     1039     1030 
    1021     1013     1003      989      981      973      965      954 
     946      942      939      938      939      943      950      958 
     967      976      984      989      997     1004     1011     1016 
    1021     1026     1028     1030     1031     1034     1032     1031 
    1031     1032     1030     1026     1028     1030     1032     1035 
    1039     1047     1055     1063     1073     1081     1088     1094 
    1101     1107     1112     1116     1119     1124     1132     1139 
    1142     1143     1146     1144     1140     1135     1131     1119 
    1101     1089     1078     1059     1042     1028     1015     1005 
     996      992      992      994     1003     1011     1017     1032 
    1048     1062     1075     1088     1096     1102     1104     1101 
    1096     1088     1073     1053     1028     1004      976      945 
     915      884      853      823      792      765      743      722 
     707      695      684      677      675      673      675      676 
     681      685      687      692      695      699      704      700 
     696      692      687      683      677      670      664      657 
     649      643      635      631      627      622      625      631 
     635      643      658      676      699      722      749      780 
     810      841      872      899      926      951      973      993 
    1009     1024     1043     1055     1062     1070     1077     1077 
    1071     1060     1048     1034     1011      985      961      934 
     907      880      854      831      810      788      777      769 
     758      754      757      762      770      781      796      814 
     830      846      858      872      882      889      896      899 
     896      888      877      864      849      837      820      801 
     788      776      758      743      728      715      706      693 
     685      677      670      666      662      658      656      653 
     649      652      654      653      654      656      653      653 
     650      643      635      625      616      607      595      589 
     585      579      579      579      583      589      596      604 
     616      627      642      660      679      700      720      737 
     756      773      791      808      823      841      857      868 
     881      897      908      919      931      940      951      966 
     980      994     1009     1023     1036     1055     1070     1085 
    1100     1116     1136     1154     1166     1185     1205     1221 
    1242     1260     1277     1294     1310     1321     1333     1341 
    1347     1354     1356     1354     1352     1351     1347     1339 
    1331     1324     1314     1301     1289     1279     1269     1254 
    1239     1230     1220     1210     1206     1200     1196     1201 
    1202     1204     1209     1213     1223     1235     1244     1256 
    1270     1282     1293     1302     1314     1324     1325     1325 
    1324     1314     1305     1297     1282     1264     1252     1235 
    1215     1200     1181     1159     1140     1120     1101     1085 
    1067     1053     1042     1032     1026     1021     1012     1005 
     999      992      986      984      978      974      973      973 
     969      966      967      970      973      974      978      984 
     994     1004     1012     1021     1028     1035     1046     1055 
    1065     1077     1089     1100     1109     1116     1123     1125 
    1128     1132     1129     1127     1128     1123     1115     1109 
    1100     1088     1081     1071     1060     1053     1046     1038 
    1031     1024     1016     1009     1000      987      978      966 
     951      939      926      915      908      903      900      900 
     903      907      908      912      916      920      924      931 
     931      929      931      927      913      900      882      861 
     838      818      795      773      750      731      715      704 
     697      693      693      697      706      715      727      741 
     754      767      781      795      810      826      831      831 
     837      835      828      826      823      814      803      795 
     783      767      754      741      727      712      699      685 
     675      665      652      637      625      615      604      591 
     575      562      552      537      522      515      508      500 
     495      492      487      483      484      486      487      490 
     496      502      504      510      515      518      523      532 
     537      540      548      550      556      564      569      576 
     583      585      591      595      596      603      611      616 
     623      630      635      639      646      654      658      661 
     668      672      676      683      693      706      712      719 
     731      741      750      754      757      760      762      762 
     762      762      758      753      749      750      756      758 
     764      777      791      805      824      843      864      889 
     919      946      972      999     1021     1042     1060     1077 
    1089     1098     1105     1112     1115     1113     1107     1100 
    1092     1081     1071     1062     1053     1038     1026     1015 
    1008     1005     1009     1015     1024     1038     1048     1060 
    1078     1093     1104     1116     1127     1129     1131     1132 
    1132     1131     1128     1123     1117     1113     1107     1096 
    1081     1070     1059     1050     1039     1032     1021     1008 
     990      976      966      954      939      932      927      918 
     907      903      900      897      899      899      893      889 
     889      886      877      866      861      857      847      837 
     828      816      804      792      776      758      743      728 
     707      685      664      643      627      611      591      575 
     560      542      523      506      492      479      468      460 
     451      445      444      446      450      464      479      491 
     508      530      548      566      589      611      630      652 
     672      688      702      714      720      726      733      733 
     726      720      719      712      706      704      702      699 
     700      702      700      708      715      723      734      745 
     757      773      787      797      807      814      823      831 
     834      838      845      846      841      837      837      834 
     828      823      822      823      823      822      826      834 
     841      849      858      868      877      886      895      901 
     908      916      920      920      924      926      924      926 
     927      926      929      931      931      934      935      934 
     938      940      940      946      947      945      946      947 
     946      946      945      942      940      939      936      935 
     932      924      918      912      901      892      881      870 
     861      850      837      826      815      801      791      781 
     770      762      757      750      745      749      751      753 
     760      767      774      781      789      796      800      800 
     797      793      789      778      765      753      739      723 
     707      692      677      665      652      639      633      633 
     631      630      635      648      660      675      693      714 
     735      760      784      807      830      851      873      893 
     909      926      945      958      963      976      989      993 
    1003     1013     1020     1026     1032     1039     1047     1051 
    1060     1067     1074     1088     1094     1096     1104     1107 
    1105     1111     1115     1119     1127     1131     1131     1136 
    1146     1148     1151     1155     1155     1155     1156     1158 
    1156     1156     1163     1170     1170     1175     1185     1196 
    1204     1213     1221     1230     1239     1240     1243     1250 
    1251     1246     1246     1247     1246     1242     1236     1235 
    1235     1230     1227     1228     1228     1225     1224     1228 
    1225     1219     1219     1220     1219     1213     1210     1212 
    1212     1212     1212     1213     1212     1208     1204     1205 
    1201     1194     1189     1181     1173     1165     1155     1142 
    1131     1121     1109     1104     1097     1088     1081     1081 
    1078     1075     1075     1075     1074     1071     1067     1065 
    1065     1067     1067     1065     1067     1067     1065     1062 
    1058     1053     1050     1043     1034     1026     1021     1012 
    1000      994      990      987      985      985      985      986 
     992      997     1003     1012     1026     1038     1051     1065 
    1078     1093     1104     1115     1125     1138     1148     1156 
    1163     1170     1177     1185     1189     1192     1201     1205 
    1202     1205     1208     1204     1200     1197     1193     1188 
    1179     1174     1173     1169     1163     1165     1169     1169 
    1166     1167     1170     1169     1170     1173     1177     1183 
    1189     1193     1204     1215     1225     1240     1256     1274 
    1293     1312     1332     1348     1364     1383     1397     1409 
    1425     1439     1448     1460     1466     1471     1478     1479 
    1476     1480     1479     1474     1472     1468     1463     1462 
    1463     1463     1460     1457     1456     1453     1451     1451 
    1448     1445     1445     1448     1445     1444     1448     1456 
    1463     1471     1480     1490     1501     1507     1518     1532 
    1541     1551     1564     1575     1583     1593     1603     1611 
    1615     1620     1625     1629     1629     1629     1628     1625 
    1621     1618     1615     1611     1606     1602     1594     1587 
    1586     1578     1567     1563     1559     1552     1548     1544 
    1535     1532     1526     1517     1507     1501     1493     1486 
    1479     1470     1464     1462     1457     1457     1459     1460 
    1463     1470     1474     1480     1491     1498     1506     1516 
    1521     1524     1532     1539     1540     1544     1552     1559 
    1563     1568     1578     1586     1595     1605     1614     1621 
    1632     1641     1647     1653     1661     1668     1672     1677 
    1683     1686     1687     1688     1687     1684     1682     1677 
    1671     1664     1657     1647     1636     1629     1620     1603 
    1590     1579     1566     1551     1534     1520     1507     1491 
    1472     1460     1448     1431     1413     1401     1386     1366 
    1351     1337     1318     1302     1285     1269     1256     1242 
    1227     1217     1208     1200     1194     1190     1188     1185 
    1183     1175     1169     1163     1156     1154     1154     1150 
    1146     1144     1143     1140     1139     1140     1140     1140 
    1142     1142     1144     1148     1151     1151     1154     1159 
    1163     1165     1166     1167     1169     1171     1169     1163 
    1159     1156     1150     1140     1133     1125     1116     1109 
    1102     1090     1081     1078     1073     1070     1070     1067 
    1069     1070     1065     1065     1067     1069     1071     1073 
    1070     1069     1069     1067     1063     1062     1059     1055 
    1051     1047     1044     1042     1035     1031     1028     1023 
    1019     1013     1005      997      992      985      977      972 
     965      955      945      936      929      919      905      893 
     882      872      857      846      837      826      818      811 
     804      801      799      792      788      788      787      783 
     780      778      778      776      777      780      783      785 
     791      799      804      810      819      826      830      838 
     842      843      845      850      854      853      855      858 
     861      864      864      864      864      866      869      869 
     872      880      881      884      889      892      893      896 
     896      893      890      886      877      869      857      842 
     830      816      801      785      772      754      738      724 
     712      700      689      679      669      662      653      645 
     638      633      629      626      622      616      612      606 
     596      589      583      569      556      545      530      514 
     499      481      461      446      436      425      418      411 
     409      407      407      410      414      417      422      429 
     436      440      441      440      440      436      432      430 
     423      414      407      398      387      380      370      361 
     357      352      344      341      337      334      337      338 
     341      344      348      352      356      357      361      365 
     368      373      378      376      375      378      378      373 
     372      369      367      361      355      352      349      342 
     340      336      330      326      324      322      322      321 
     321      321      321      319      319      318      317      315 
     311      311      313      310      310      311      309      309 
     310      310      311      315      318      319      321      326 
     328      326      328      328      329      329      324      321 
     322      318      314      311      310      307      305      301 
     301      302      301      303      309      311      317      324 
     330      341      353      361      370      380      394      410 
     425      433      445      459      468      472      477      480 
     483      484      481      479      477      472      467      456 
     446      441      433      422      414      409      398      388 
     386      383      382      382      383      383      387      390 
     395      400      402      405      410      417      423      427 
     430      438      448      453      461      464      469      473 
     475      476      480      479      479      481      480      479 
     479      479      480      483      486      491      499      506 
     514      529      542      553      568      579      594      604 
     615      629      643      658      670      683      692      702 
     712      723      734      747      761      774      787      796 
     805      819      831      846      859      869      882      896 
     903      909      923      935      945      954      967      976 
     978      986      992      993      996     1000     1003     1004 
    1003     1004     1005     1005     1007     1012     1016     1019 
    1019     1020     1020     1019     1021     1026     1032     1038 
    1039     1046     1048     1050     1053     1058     1062     1071 
    1081     1088     1092     1096     1101     1107     1113     1117 
    1121     1124     1127     1129     1133     1136     1140     1148 
    1156     1161     1165     1169     1170     1171     1174     1177 
    1181     1188     1194     1202     1209     1212     1213     1219 
    1224     1229     1237     1244     1247     1252     1256     1259 
    1264     1269     1274     1281     1282     1289     1298     1304 
    1312     1320     1323     1327     1329     1325     1327     1327 
    1320     1316     1313     1308     1302     1294     1289     1282 
    1275     1263     1248     1236     1225     1212     1204     1200 
    1193     1190     1190     1185     1181     1179     1177     1175 
    1177     1178     1183     1189     1193     1200     1201     1200 
    1201     1202     1201     1201     1200     1200     1204     1209 
    1212     1210     1215     1221     1224     1230     1235     1236 
    1244     1255     1264     1273     1285     1293     1293     1296 
    1300     1298     1298     1302     1302     1301     1300     1294 
    1286     1279     1270     1259     1248     1239     1228     1216 
    1205     1196     1182     1169     1156     1147     1136     1124 
    1116     1107     1105     1105     1104     1105     1107     1107 
    1112     1113     1112     1112     1113     1111     1109     1109 
    1112     1113     1115     1116     1120     1123     1124     1129 
    1133     1133     1138     1140     1140     1144     1147     1147 
    1152     1154     1152     1151     1148     1143     1144     1148 
    1151     1151     1150     1146     1142     1140     1140     1136 
    1135     1135     1131     1128     1125     1123     1120     1117 
    1119     1121     1120     1119     1120     1121     1124     1131 
    1135     1136     1140     1143     1146     1148     1151     1151 
    1152     1158     1159     1158     1158     1159     1161     1162 
    1165     1169     1169     1169     1167     1169     1171     1173 
    1173     1174     1173     1166     1163     1161     1151     1142 
    1136     1129     1120     1107     1092     1080     1067     1053 
    1039     1032     1026     1015     1008     1004      999      993 
     993      994      989      985      984      980      973      969 
     969      970      966      957      950      946      938      926 
     916      907      897      893      888      873      862      855 
     843      827      819      812      804      796      787      776 
     764      751      739      731      720      711      710      708 
     702      699      692      688      685      684      685      688 
     689      691      691      688      684      679      676      675 
     675      676      675      670      665      658      650      645 
     646      645      642      639      637      629      623      626 
     626      623      625      627      634      641      639      635 
     637      637      634      633      631      627      625      621 
     611      599      589      579      572      568      561      553 
     548      538      530      522      511      504      500      498 
     495      490      486      481      476      473      472      472 
     469      464      464      459      448      444      442      440 
     438      437      434      430      427      423      419      418 
     422      427      432      434      437      438      438      436 
     436      440      440      438      441      438      434      434 
     432      432      436      434      433      434      434      436 
     441      450      460      464      471      480      484      491 
     493      495      506      513      514      519      523      525 
     531      537      540      548      560      569      579      588 
     599      610      622      634      642      652      666      676 
     684      699      707      715      727      741      751      758 
     770      783      787      792      801      810      816      823 
     832      845      854      861      868      873      876      881 
     889      892      888      888      886      877      877      880 
     877      877      885      884      880      880      877      877 
     877      880      881      885      890      896      901      908 
     916      922      928      936      945      951      957      962 
     969      973      972      972      977      981      982      984 
     986      992     1000     1005     1012     1020     1028     1039 
    1053     1059     1067     1075     1081     1090     1098     1104 
    1109     1117     1125     1132     1138     1146     1152     1154 
    1156     1165     1169     1170     1175     1181     1185     1189 
    1188     1190     1193     1192     1196     1206     1215     1219 
    1227     1236     1240     1242     1248     1255     1262     1267 
    1275     1282     1287     1291     1298     1302     1306     1313 
    1316     1318     1321     1323     1320     1318     1321     1324 
    1323     1321     1325     1329     1332     1333     1339     1347 
    1352     1362     1372     1377     1382     1393     1401     1409 
    1421     1435     1449     1463     1476     1489     1499     1509 
    1518     1525     1532     1539     1547     1549     1554     1563 
    1564     1568     1574     1575     1576     1584     1586     1583 
    1586     1587     1588     1594     1597     1597     1601     1603 
    1602     1599     1601     1605     1609     1611     1615     1618 
    1621     1621     1620     1618     1622     1624     1621     1618 
    1621     1622     1621     1622     1625     1625     1625     1622 
    1617     1615     1613     1606     1606     1606     1603     1601 
    1602     1603     1601     1597     1595     1590     1583     1578 
    1576     1576     1570     1564     1559     1551     1541     1530 
    1520     1509     1497     1483     1474     1463     1449     1435 
    1422     1410     1395     1381     1372     1364     1360     1356 
    1350     1341     1334     1328     1321     1313     1308     1308 
    1302     1296     1293     1286     1278     1270     1260     1251 
    1236     1223     1213     1204     1189     1182     1177     1170 
    1167     1165     1159     1155     1146     1138     1138     1139 
    1140     1142     1144     1151     1150     1146     1144     1142 
    1135     1129     1124     1115     1102     1092     1084     1069 
    1053     1042     1024     1004      986      969      951      939 
     928      919      912      905      900      895      889      885 
     884      880      874      869      861      853      847      842 
     835      827      820      814      801      792      787      777 
     766      761      754      747      738      727      720      715 
     707      702      699      692      683      677      673      666 
     661      662      658      650      645      642      635      630 
     626      623      622      619      618      618      615      618 
     622      621      619      618      614      612      608      606 
     606      607      610      614      616      618      618      619 
     619      618      618      618      619      622      621      619 
     621      616      614      611      607      603      598      588 
     579      572      560      550      542      537      532      526 
     521      514      510      504      499      495      492      490 
     488      487      483      481      477      471      464      459 
     453      449      445      440      433      427      425      418 
     411      411      410      407      406      405      400      400 
     400      396      396      398      396      399      400      400 
     406      410      410      413      417      421      427      433 
     437      444      445      442      445      450      451      454 
     457      463      467      471      472      473      479      484 
     486      491      498      500      503      506      511      517 
     521      522      525      531      537      537      538      540 
     544      545      550      557      562      569      575      579 
     585      594      599      606      615      625      633      638 
     641      646      654      662      668      675      681      691 
     700      710      715      719      726      734      738      741 
     747      754      760      761      762      767      773      778 
     783      785      795      804      810      815      822      828 
     832      835      838      843      847      851      851      853 
     857      859      859      864      868      870      874      876 
     877      881      885      885      888      896      900      901 
     907      913      919      923      928      934      939      949 
     957      962      969      974      976      980      981      985 
     987      990      994      997     1000     1005     1012     1016 
    1017     1019     1023     1023     1024     1034     1042     1042 
    1046     1057     1065     1070     1075     1081     1089     1098 
    1101     1105     1113     1119     1123     1125     1128     1133 
    1136     1140     1144     1147     1148     1148     1152     1161 
    1163     1167     1174     1178     1183     1192     1198     1204 
    1206     1212     1217     1220     1228     1233     1236     1242 
    1247     1248     1247     1247     1247     1243     1242     1246 
    1250     1248     1246     1247     1247     1247     1250     1254 
    1258     1263     1273     1278     1282     1282     1285     1293 
    1300     1304     1308     1314     1323     1331     1339     1350 
    1356     1366     1377     1383     1391     1401     1405     1410 
    1416     1418     1420     1422     1429     1433     1435     1439 
    1440     1440     1445     1448     1448     1449     1452     1453 
    1452     1448     1444     1443     1440     1436     1433     1431 
    1431     1426     1420     1418     1414     1405     1398     1390 
    1383     1375     1366     1360     1354     1344     1341     1339 
    1332     1328     1327     1323     1318     1316     1313     1310 
    1305     1300     1297     1293     1285     1279     1277     1274 
    1264     1254     1244     1227     1215     1208     1194     1181 
    1173     1161     1147     1135     1123     1113     1107     1094 
    1081     1071     1062     1051     1042     1035     1026     1020 
    1013     1004      996      989      985      981      977      972 
     967      963      955      946      940      932      927      922 
     913      908      903      892      881      870      866      861 
     855      853      847      841      835      830      823      820 
     818      812      814      815      810      804      800      795 
     789      787      785      784      785      787      784      783 
     783      778      774      767      765      764      760      757 
     758      753      749      749      745      737      735      734 
     727      723      722      720      720      720      719      719 
     715      712      711      710      707      704      702      704 
     702      699      697      697      693      688      685      683 
     680      676      672      668      662      658      657      656 
     653      649      648      646      642      637      633      630 
     626      621      615      612      610      607      603      598 
     592      589      587      581      577      575      572      569 
     566      562      560      557      557      560      562      568 
     572      575      579      583      587      595      603      608 
     615      626      635      645      657      668      675      681 
     685      688      693      696      696      693      695      700 
     700      702      707      714      718      722      724      730 
     737      739      743      747      750      753      756      760 
     766      767      767      774      778      780      787      791 
     793      797      800      808      818      819      822      828 
     832      835      845      854      864      873      886      901 
     913      924      935      946      958      969      980      994 
    1005     1017     1032     1044     1057     1070     1081     1092 
