Origin Time       2016/04/16 01:25:00
Lat.              32.753
Long.             130.762
Depth. (km)       12
Mag.              7.3
Station Code      NGN024
Station Lat.      35.5232
Station Long.     137.8374
Station Height(m) 538
Record Time       2016/04/16 01:28:40
Sampling Freq(Hz) 100Hz
Duration Time(s)  67
Dir.              N-S
Scale Factor      7845(gal)/8223790
Max. Acc. (gal)   2.125
Last Correction   2016/04/16 01:28:41
Memo.             
  -25729   -25733   -25741   -25731   -25710   -25708   -25716   -25708 
  -25695   -25704   -25708   -25691   -25679   -25687   -25690   -25677 
  -25678   -25685   -25668   -25660   -25682   -25682   -25656   -25652 
  -25664   -25659   -25650   -25652   -25655   -25648   -25637   -25629 
  -25631   -25632   -25633   -25632   -25620   -25606   -25618   -25644 
  -25640   -25622   -25627   -25640   -25647   -25652   -25656   -25663 
  -25681   -25693   -25693   -25688   -25697   -25722   -25749   -25752 
  -25747   -25760   -25779   -25783   -25783   -25802   -25820   -25820 
  -25820   -25822   -25825   -25834   -25834   -25825   -25820   -25820 
  -25820   -25813   -25803   -25797   -25794   -25793   -25786   -25770 
  -25760   -25767   -25762   -25740   -25736   -25747   -25747   -25737 
  -25736   -25740   -25736   -25736   -25743   -25745   -25749   -25753 
  -25740   -25733   -25749   -25751   -25728   -25716   -25725   -25732 
  -25726   -25714   -25705   -25708   -25714   -25699   -25685   -25687 
  -25687   -25683   -25686   -25674   -25666   -25688   -25695   -25662 
  -25650   -25670   -25666   -25643   -25648   -25662   -25652   -25645 
  -25645   -25635   -25627   -25629   -25629   -25635   -25635   -25610 
  -25608   -25621   -25604   -25596   -25617   -25610   -25589   -25608 
  -25622   -25596   -25590   -25612   -25606   -25593   -25600   -25600 
  -25594   -25606   -25609   -25586   -25583   -25601   -25593   -25574 
  -25585   -25596   -25587   -25581   -25581   -25578   -25582   -25591 
  -25594   -25602   -25617   -25616   -25614   -25633   -25648   -25643 
  -25640   -25658   -25679   -25688   -25690   -25694   -25702   -25713 
  -25720   -25718   -25722   -25740   -25749   -25744   -25743   -25748 
  -25756   -25767   -25775   -25779   -25783   -25791   -25795   -25787 
  -25791   -25814   -25825   -25813   -25812   -25828   -25833   -25824 
  -25825   -25826   -25816   -25825   -25848   -25834   -25816   -25830 
  -25848   -25834   -25826   -25845   -25855   -25839   -25826   -25832 
  -25841   -25843   -25834   -25837   -25843   -25834   -25820   -25820 
  -25817   -25812   -25810   -25797   -25776   -25782   -25794   -25777 
  -25749   -25729   -25722   -25725   -25722   -25701   -25685   -25685 
  -25672   -25651   -25651   -25658   -25645   -25632   -25625   -25621 
  -25618   -25608   -25602   -25612   -25617   -25604   -25597   -25608 
  -25609   -25600   -25613   -25637   -25636   -25620   -25636   -25664 
  -25662   -25655   -25674   -25688   -25681   -25687   -25705   -25698 
  -25691   -25706   -25718   -25720   -25713   -25706   -25713   -25725 
  -25721   -25706   -25702   -25709   -25699   -25686   -25683   -25686 
  -25685   -25671   -25663   -25672   -25666   -25633   -25622   -25641 
  -25650   -25639   -25629   -25628   -25622   -25613   -25605   -25601 
  -25610   -25618   -25616   -25612   -25608   -25605   -25608   -25614 
  -25618   -25622   -25625   -25627   -25631   -25639   -25645   -25651 
  -25656   -25651   -25647   -25664   -25685   -25682   -25683   -25721 
  -25749   -25731   -25720   -25759   -25783   -25772   -25776   -25797 
  -25818   -25826   -25818   -25817   -25836   -25849   -25845   -25851 
  -25866   -25860   -25852   -25866   -25868   -25859   -25870   -25874 
  -25849   -25839   -25848   -25841   -25825   -25820   -25820   -25810 
  -25801   -25799   -25787   -25771   -25767   -25776   -25780   -25762 
  -25744   -25754   -25766   -25745   -25737   -25758   -25764   -25751 
  -25743   -25734   -25726   -25739   -25745   -25736   -25731   -25733 
  -25720   -25701   -25699   -25708   -25711   -25706   -25699   -25702 
  -25704   -25697   -25694   -25697   -25695   -25693   -25699   -25697 
  -25686   -25685   -25686   -25685   -25695   -25704   -25698   -25701 
  -25708   -25699   -25698   -25718   -25731   -25716   -25714   -25733 
  -25732   -25717   -25728   -25745   -25749   -25751   -25752   -25760 
  -25764   -25758   -25760   -25774   -25774   -25772   -25785   -25797 
  -25790   -25783   -25797   -25802   -25786   -25791   -25810   -25809 
  -25802   -25807   -25814   -25810   -25799   -25791   -25791   -25787 
  -25780   -25782   -25783   -25782   -25771   -25763   -25763   -25756 
  -25749   -25748   -25745   -25745   -25739   -25728   -25740   -25752 
  -25737   -25722   -25728   -25736   -25731   -25724   -25728   -25731 
  -25732   -25737   -25729   -25721   -25725   -25724   -25721   -25724 
  -25721   -25713   -25713   -25711   -25706   -25709   -25706   -25694 
  -25697   -25706   -25693   -25685   -25699   -25704   -25694   -25693 
  -25688   -25679   -25685   -25693   -25682   -25670   -25675   -25685 
  -25686   -25681   -25667   -25667   -25686   -25683   -25656   -25656 
  -25677   -25672   -25659   -25660   -25658   -25656   -25663   -25650 
  -25625   -25633   -25643   -25631   -25625   -25625   -25616   -25610 
  -25605   -25594   -25597   -25610   -25598   -25579   -25593   -25596 
  -25573   -25571   -25593   -25596   -25589   -25604   -25610   -25590 
  -25591   -25620   -25616   -25591   -25605   -25639   -25635   -25614 
  -25612   -25617   -25629   -25633   -25617   -25613   -25627   -25627 
  -25620   -25621   -25622   -25620   -25616   -25608   -25606   -25620 
  -25632   -25637   -25637   -25631   -25632   -25641   -25635   -25620 
  -25629   -25647   -25641   -25631   -25631   -25635   -25633   -25621 
  -25606   -25613   -25614   -25587   -25578   -25593   -25581   -25556 
  -25564   -25575   -25551   -25531   -25543   -25544   -25521   -25517 
  -25528   -25520   -25506   -25508   -25512   -25501   -25492   -25496 
  -25500   -25488   -25475   -25483   -25482   -25473   -25482   -25489 
  -25479   -25485   -25505   -25498   -25479   -25500   -25521   -25502 
  -25510   -25554   -25556   -25535   -25556   -25594   -25596   -25582 
  -25591   -25616   -25633   -25636   -25631   -25647   -25677   -25678 
  -25670   -25683   -25695   -25688   -25688   -25706   -25705   -25698 
  -25724   -25739   -25717   -25709   -25725   -25733   -25729   -25737 
  -25756   -25760   -25754   -25754   -25762   -25772   -25777   -25772 
  -25768   -25783   -25794   -25777   -25758   -25766   -25779   -25767 
  -25752   -25758   -25754   -25743   -25741   -25725   -25704   -25721 
  -25736   -25708   -25687   -25701   -25701   -25685   -25688   -25695 
  -25683   -25675   -25675   -25670   -25668   -25672   -25667   -25659 
  -25651   -25637   -25636   -25655   -25658   -25639   -25632   -25639 
  -25631   -25620   -25636   -25650   -25647   -25651   -25655   -25660 
  -25677   -25672   -25660   -25679   -25720   -25732   -25721   -25729 
  -25749   -25752   -25766   -25789   -25794   -25797   -25820   -25834 
  -25822   -25820   -25843   -25861   -25868   -25876   -25878   -25879 
  -25888   -25895   -25895   -25907   -25921   -25920   -25918   -25934 
  -25948   -25952   -25955   -25961   -25978   -25988   -25983   -25984 
  -26007   -26030   -26037   -26038   -26044   -26059   -26086   -26098 
  -26090   -26100   -26133   -26144   -26138   -26147   -26165   -26180 
  -26195   -26200   -26204   -26219   -26236   -26246   -26257   -26261 
  -26266   -26284   -26291   -26287   -26306   -26329   -26318   -26308 
  -26334   -26350   -26333   -26334   -26357   -26362   -26368   -26383 
  -26381   -26370   -26387   -26403   -26383   -26368   -26396   -26411 
  -26392   -26383   -26388   -26384   -26381   -26383   -26372   -26362 
  -26366   -26356   -26335   -26331   -26325   -26302   -26284   -26272 
  -26257   -26249   -26230   -26191   -26167   -26164   -26150   -26118 
  -26091   -26073   -26049   -26018   -25987   -25956   -25932   -25922 
  -25907   -25868   -25820   -25795   -25780   -25749   -25717   -25697 
  -25675   -25645   -25624   -25601   -25559   -25531   -25517   -25496 
  -25473   -25452   -25421   -25386   -25369   -25359   -25330   -25290 
  -25278   -25284   -25265   -25231   -25218   -25213   -25186   -25159 
  -25165   -25159   -25120   -25101   -25111   -25101   -25073   -25060 
  -25054   -25039   -25026   -25022   -25008   -24979   -24976   -24996 
  -24980   -24938   -24933   -24948   -24933   -24902   -24898   -24899 
  -24879   -24864   -24856   -24849   -24856   -24848   -24810   -24800 
  -24821   -24813   -24787   -24780   -24784   -24783   -24786   -24790 
  -24781   -24779   -24792   -24799   -24791   -24792   -24815   -24841 
  -24845   -24840   -24854   -24876   -24879   -24881   -24902   -24926 
  -24941   -24956   -24966   -24984   -25011   -25029   -25034   -25054 
  -25083   -25105   -25126   -25146   -25159   -25186   -25227   -25247 
  -25255   -25297   -25347   -25358   -25370   -25413   -25447   -25462 
  -25493   -25539   -25570   -25593   -25624   -25648   -25667   -25698 
  -25731   -25748   -25766   -25801   -25830   -25843   -25860   -25883 
  -25906   -25929   -25952   -25972   -25979   -25975   -25984   -26014 
  -26037   -26032   -26026   -26059   -26077   -26053   -26048   -26075 
  -26077   -26059   -26069   -26086   -26065   -26057   -26076   -26061 
  -26029   -26029   -26038   -26021   -25994   -25988   -25988   -25972 
  -25942   -25920   -25915   -25911   -25886   -25860   -25851   -25843 
  -25828   -25805   -25780   -25772   -25772   -25747   -25713   -25702 
  -25698   -25683   -25674   -25663   -25644   -25636   -25625   -25591 
  -25577   -25594   -25582   -25551   -25554   -25563   -25552   -25547 
  -25551   -25536   -25532   -25544   -25532   -25525   -25542   -25533 
  -25528   -25556   -25563   -25536   -25548   -25578   -25569   -25559 
  -25575   -25575   -25581   -25613   -25631   -25632   -25641   -25647 
  -25650   -25675   -25697   -25690   -25699   -25725   -25733   -25737 
  -25748   -25756   -25764   -25767   -25762   -25768   -25783   -25777 
  -25774   -25801   -25807   -25782   -25785   -25805   -25787   -25779 
  -25810   -25826   -25818   -25824   -25828   -25818   -25818   -25822 
  -25820   -25839   -25866   -25857   -25832   -25841   -25852   -25830 
  -25820   -25837   -25847   -25847   -25852   -25839   -25814   -25822 
  -25839   -25822   -25822   -25848   -25855   -25855   -25861   -25853 
  -25852   -25875   -25878   -25859   -25872   -25901   -25898   -25895 
  -25909   -25906   -25897   -25907   -25909   -25898   -25909   -25922 
  -25903   -25898   -25918   -25922   -25903   -25893   -25894   -25891 
  -25897   -25902   -25890   -25882   -25876   -25867   -25863   -25856 
  -25849   -25853   -25847   -25825   -25817   -25825   -25820   -25801 
  -25789   -25776   -25759   -25749   -25748   -25744   -25732   -25711 
  -25698   -25691   -25671   -25648   -25645   -25640   -25614   -25594 
  -25596   -25586   -25559   -25544   -25532   -25508   -25496   -25490 
  -25465   -25444   -25444   -25421   -25381   -25373   -25375   -25353 
  -25327   -25316   -25305   -25289   -25274   -25259   -25252   -25242 
  -25211   -25196   -25204   -25200   -25181   -25178   -25177   -25161 
  -25153   -25163   -25165   -25153   -25147   -25161   -25170   -25158 
  -25147   -25169   -25195   -25191   -25186   -25205   -25215   -25213 
  -25224   -25234   -25232   -25247   -25267   -25266   -25261   -25272 
  -25272   -25267   -25276   -25281   -25290   -25307   -25295   -25277 
  -25294   -25316   -25307   -25299   -25317   -25331   -25332   -25338 
  -25343   -25351   -25363   -25366   -25374   -25401   -25415   -25404 
  -25413   -25446   -25447   -25440   -25469   -25493   -25490   -25506 
  -25535   -25536   -25539   -25555   -25564   -25578   -25594   -25594 
  -25600   -25629   -25644   -25637   -25636   -25644   -25659   -25672 
  -25670   -25671   -25701   -25725   -25713   -25710   -25743   -25760 
  -25756   -25777   -25805   -25802   -25810   -25836   -25841   -25845 
  -25874   -25902   -25918   -25922   -25924   -25945   -25979   -25990 
  -25994   -26022   -26048   -26048   -26059   -26087   -26096   -26096 
  -26126   -26154   -26156   -26165   -26188   -26192   -26192   -26207 
  -26217   -26221   -26229   -26238   -26241   -26253   -26265   -26252 
  -26246   -26268   -26273   -26264   -26262   -26272   -26287   -26299 
  -26296   -26279   -26277   -26293   -26300   -26296   -26304   -26312 
  -26304   -26298   -26299   -26300   -26302   -26308   -26311   -26295 
  -26284   -26291   -26293   -26279   -26273   -26281   -26283   -26259 
  -26242   -26245   -26245   -26229   -26210   -26206   -26208   -26198 
  -26184   -26175   -26161   -26147   -26141   -26131   -26117   -26106 
  -26104   -26099   -26084   -26079   -26071   -26046   -26036   -26045 
  -26032   -26002   -26003   -26007   -25979   -25961   -25969   -25964 
  -25942   -25936   -25933   -25924   -25913   -25899   -25894   -25901 
  -25888   -25863   -25866   -25874   -25857   -25843   -25855   -25866 
  -25861   -25855   -25852   -25852   -25848   -25837   -25848   -25870 
  -25866   -25845   -25849   -25863   -25857   -25853   -25867   -25874 
  -25867   -25866   -25878   -25884   -25888   -25893   -25886   -25888 
  -25902   -25909   -25914   -25921   -25925   -25921   -25911   -25915 
  -25924   -25920   -25911   -25906   -25920   -25938   -25922   -25894 
  -25893   -25905   -25895   -25878   -25879   -25880   -25863   -25855 
  -25857   -25841   -25813   -25810   -25818   -25790   -25753   -25753 
  -25744   -25710   -25698   -25686   -25650   -25629   -25614   -25581 
  -25555   -25544   -25513   -25473   -25459   -25446   -25404   -25367 
  -25346   -25318   -25303   -25299   -25265   -25219   -25204   -25186 
  -25143   -25119   -25116   -25099   -25062   -25038   -25027   -25000 
  -24964   -24942   -24929   -24915   -24889   -24853   -24835   -24838 
  -24821   -24786   -24757   -24736   -24723   -24726   -24707   -24665 
  -24648   -24652   -24632   -24610   -24614   -24607   -24583   -24588 
  -24606   -24586   -24563   -24574   -24579   -24570   -24582   -24601 
  -24602   -24611   -24629   -24632   -24642   -24671   -24683   -24694 
  -24732   -24761   -24763   -24783   -24829   -24857   -24876   -24912 
  -24945   -24965   -24999   -25039   -25070   -25099   -25137   -25178 
  -25209   -25242   -25284   -25320   -25343   -25378   -25435   -25477 
  -25496   -25532   -25573   -25597   -25637   -25686   -25714   -25745 
  -25790   -25825   -25852   -25886   -25929   -25968   -26006   -26038 
  -26072   -26118   -26160   -26183   -26221   -26271   -26298   -26325 
  -26379   -26426   -26453   -26492   -26538   -26563   -26599   -26659 
  -26694   -26708   -26746   -26788   -26811   -26846   -26890   -26921 
  -26947   -26974   -26998   -27037   -27071   -27075   -27090   -27141 
  -27170   -27168   -27189   -27222   -27245   -27263   -27272   -27283 
  -27311   -27336   -27332   -27334   -27363   -27375   -27375   -27395 
  -27409   -27403   -27409   -27423   -27415   -27400   -27402   -27405 
  -27391   -27379   -27380   -27383   -27360   -27324   -27314   -27329 
  -27311   -27263   -27241   -27232   -27202   -27175   -27148   -27111 
  -27091   -27070   -27016   -26963   -26933   -26901   -26854   -26804 
  -26754   -26704   -26666   -26624   -26558   -26496   -26451   -26392 
  -26318   -26257   -26210   -26157   -26100   -26041   -25971   -25909 
  -25860   -25801   -25731   -25674   -25625   -25571   -25513   -25455 
  -25400   -25346   -25293   -25250   -25203   -25143   -25096   -25062 
  -25019   -24964   -24921   -24900   -24877   -24827   -24775   -24759 
  -24742   -24694   -24661   -24648   -24622   -24609   -24605   -24575 
  -24545   -24545   -24537   -24499   -24478   -24494   -24503   -24484 
  -24463   -24462   -24463   -24459   -24451   -24451   -24455   -24466 
  -24472   -24460   -24451   -24463   -24484   -24494   -24493   -24498 
  -24525   -24555   -24556   -24556   -24594   -24645   -24661   -24667 
  -24699   -24741   -24767   -24793   -24830   -24864   -24892   -24927 
  -24962   -24985   -25019   -25066   -25099   -25112   -25134   -25166 
  -25193   -25219   -25251   -25277   -25295   -25326   -25347   -25353 
  -25361   -25381   -25404   -25417   -25427   -25450   -25470   -25473 
  -25474   -25496   -25517   -25525   -25536   -25550   -25559   -25574 
  -25587   -25594   -25609   -25639   -25654   -25659   -25691   -25725 
  -25734   -25752   -25785   -25797   -25813   -25849   -25874   -25886 
  -25915   -25951   -25971   -25988   -26015   -26037   -26049   -26075 
  -26107   -26127   -26144   -26157   -26168   -26184   -26198   -26210 
  -26223   -26227   -26225   -26234   -26238   -26225   -26218   -26227 
  -26226   -26212   -26203   -26200   -26193   -26185   -26180   -26168 
  -26152   -26147   -26152   -26146   -26130   -26114   -26109   -26106 
  -26109   -26106   -26086   -26069   -26071   -26080   -26083   -26061 
  -26044   -26057   -26063   -26045   -26040   -26046   -26049   -26049 
  -26042   -26033   -26033   -26037   -26037   -26037   -26048   -26050 
  -26036   -26038   -26052   -26046   -26037   -26044   -26050   -26057 
  -26064   -26052   -26036   -26037   -26048   -26053   -26056   -26053 
  -26048   -26045   -26040   -26037   -26045   -26053   -26052   -26060 
  -26065   -26052   -26045   -26057   -26067   -26073   -26083   -26095 
  -26104   -26111   -26118   -26133   -26157   -26165   -26164   -26190 
  -26222   -26226   -26236   -26269   -26281   -26284   -26311   -26339 
  -26342   -26341   -26361   -26384   -26387   -26383   -26393   -26410 
  -26411   -26411   -26422   -26422   -26403   -26392   -26401   -26397 
  -26380   -26380   -26387   -26372   -26350   -26345   -26341   -26316 
  -26293   -26298   -26302   -26277   -26250   -26239   -26231   -26221 
  -26213   -26204   -26187   -26177   -26173   -26157   -26134   -26119 
  -26118   -26133   -26130   -26102   -26092   -26103   -26096   -26084 
  -26086   -26088   -26090   -26090   -26079   -26076   -26091   -26094 
  -26080   -26084   -26096   -26090   -26086   -26099   -26098   -26092 
  -26111   -26123   -26113   -26117   -26138   -26144   -26134   -26137 
  -26154   -26180   -26198   -26185   -26172   -26195   -26218   -26222 
  -26230   -26245   -26264   -26284   -26288   -26281   -26293   -26325 
  -26345   -26347   -26361   -26380   -26388   -26403   -26406   -26397 
  -26411   -26442   -26449   -26451   -26464   -26465   -26472   -26493 
  -26500   -26492   -26507   -26528   -26516   -26505   -26528   -26542 
  -26532   -26532   -26541   -26526   -26523   -26550   -26543   -26500 
  -26504   -26530   -26497   -26454   -26470   -26489   -26454   -26411 
  -26407   -26408   -26399   -26383   -26360   -26345   -26343   -26333 
  -26306   -26276   -26265   -26268   -26256   -26225   -26203   -26193 
  -26170   -26134   -26115   -26106   -26083   -26057   -26040   -26017 
  -25982   -25952   -25934   -25907   -25872   -25845   -25828   -25802 
  -25758   -25720   -25705   -25687   -25652   -25616   -25583   -25548 
  -25513   -25488   -25465   -25442   -25423   -25394   -25354   -25331 
  -25321   -25297   -25266   -25249   -25239   -25212   -25180   -25168 
  -25165   -25147   -25128   -25118   -25097   -25076   -25065   -25042 
  -25018   -25026   -25027   -24992   -24970   -24984   -24981   -24956 
  -24954   -24972   -24960   -24943   -24957   -24964   -24957   -24968 
  -24991   -25003   -25003   -25006   -25029   -25053   -25054   -25062 
  -25096   -25124   -25134   -25147   -25169   -25189   -25208   -25229 
  -25252   -25281   -25313   -25338   -25361   -25384   -25404   -25429 
  -25462   -25500   -25528   -25551   -25570   -25594   -25631   -25660 
  -25685   -25722   -25752   -25759   -25766   -25791   -25824   -25837 
  -25843   -25875   -25894   -25894   -25914   -25929   -25922   -25938 
  -25964   -25961   -25951   -25967   -25992   -25986   -25974   -25991 
  -26007   -26002   -25995   -25995   -25990   -25982   -25984   -25999 
  -26007   -25992   -25974   -25980   -25987   -25969   -25956   -25967 
  -25967   -25945   -25944   -25969   -25974   -25951   -25941   -25951 
  -25952   -25941   -25929   -25929   -25938   -25940   -25934   -25926 
  -25917   -25920   -25924   -25905   -25884   -25897   -25911   -25894 
  -25879   -25886   -25886   -25857   -25836   -25845   -25848   -25833 
  -25833   -25830   -25817   -25817   -25817   -25793   -25777   -25799 
  -25810   -25793   -25795   -25807   -25790   -25782   -25799   -25801 
  -25801   -25832   -25848   -25828   -25822   -25837   -25840   -25845 
  -25870   -25888   -25901   -25909   -25914   -25924   -25936   -25944 
  -25952   -25967   -25980   -26001   -26017   -26017   -26028   -26059 
  -26073   -26063   -26071   -26096   -26113   -26123   -26144   -26164 
  -26185   -26211   -26225   -26225   -26253   -26296   -26307   -26306 
  -26339   -26380   -26391   -26411   -26447   -26461   -26469   -26493 
  -26497   -26497   -26536   -26577   -26586   -26589   -26603   -26619 
  -26632   -26640   -26642   -26652   -26669   -26669   -26658   -26667 
  -26685   -26682   -26677   -26678   -26670   -26662   -26658   -26644 
  -26634   -26638   -26628   -26605   -26601   -26600   -26573   -26542 
  -26526   -26503   -26481   -26477   -26470   -26430   -26399   -26395 
  -26372   -26326   -26293   -26269   -26246   -26231   -26206   -26164 
  -26130   -26104   -26075   -26055   -26030   -25988   -25961   -25951 
  -25917   -25880   -25868   -25856   -25834   -25824   -25801   -25758 
  -25747   -25760   -25737   -25701   -25701   -25699   -25675   -25659 
  -25659   -25639   -25614   -25616   -25612   -25585   -25574   -25577 
  -25552   -25519   -25513   -25513   -25489   -25455   -25431   -25412 
  -25388   -25359   -25338   -25318   -25290   -25257   -25226   -25193 
  -25153   -25119   -25099   -25068   -25024   -24999   -24975   -24933 
  -24904   -24894   -24857   -24807   -24779   -24752   -24725   -24713 
  -24680   -24637   -24610   -24571   -24516   -24490   -24472   -24428 
  -24400   -24387   -24339   -24285   -24247   -24197   -24154   -24139 
  -24113   -24069   -24043   -24025   -23981   -23936   -23895   -23838 
  -23819   -23839   -23815   -23761   -23739   -23714   -23656   -23630 
  -23639   -23629   -23616   -23619   -23593   -23549   -23522   -23507 
  -23506   -23522   -23533   -23542   -23545   -23519   -23504   -23534 
  -23558   -23548   -23557   -23602   -23625   -23637   -23672   -23699 
  -23707   -23733   -23768   -23793   -23835   -23897   -23959   -24004 
  -24043   -24070   -24101   -24152   -24217   -24294   -24368   -24422 
  -24476   -24549   -24607   -24645   -24706   -24793   -24871   -24934 
  -25011   -25095   -25154   -25205   -25263   -25330   -25401   -25469 
  -25536   -25613   -25685   -25737   -25775   -25818   -25878   -25940 
  -26005   -26079   -26127   -26146   -26187   -26248   -26283   -26300 
  -26345   -26408   -26450   -26468   -26487   -26509   -26528   -26549 
  -26568   -26589   -26615   -26631   -26636   -26652   -26659   -26639 
  -26624   -26639   -26654   -26647   -26635   -26622   -26597   -26569 
  -26547   -26530   -26509   -26497   -26497   -26485   -26447   -26399 
  -26349   -26310   -26285   -26261   -26236   -26219   -26196   -26165 
  -26122   -26063   -26011   -25991   -25975   -25938   -25913   -25909 
  -25866   -25802   -25776   -25752   -25698   -25666   -25655   -25628 
  -25601   -25573   -25513   -25461   -25456   -25450   -25404   -25358 
  -25338   -25318   -25280   -25239   -25208   -25177   -25142   -25099 
  -25069   -25045   -25002   -24954   -24926   -24895   -24854   -24815 
  -24773   -24734   -24700   -24657   -24611   -24579   -24551   -24522 
  -24497   -24463   -24420   -24387   -24376   -24341   -24288   -24281 
  -24291   -24271   -24244   -24228   -24212   -24198   -24193   -24197 
  -24208   -24209   -24201   -24197   -24204   -24217   -24225   -24229 
  -24245   -24255   -24252   -24268   -24300   -24308   -24306   -24328 
  -24359   -24372   -24385   -24412   -24433   -24439   -24452   -24479 
  -24501   -24516   -24547   -24588   -24611   -24614   -24636   -24669 
  -24695   -24722   -24753   -24784   -24817   -24841   -24859   -24883 
  -24906   -24929   -24960   -24999   -25037   -25068   -25092   -25111 
  -25135   -25169   -25195   -25211   -25236   -25272   -25307   -25326 
  -25335   -25353   -25371   -25386   -25419   -25463   -25482   -25486 
  -25501   -25509   -25513   -25546   -25591   -25622   -25641   -25654 
  -25656   -25656   -25672   -25702   -25733   -25751   -25763   -25783 
  -25806   -25816   -25826   -25857   -25874   -25870   -25890   -25934 
  -25952   -25952   -25974   -26002   -26011   -26006   -26025   -26049 
  -26045   -26050   -26087   -26103   -26091   -26096   -26125   -26140 
  -26136   -26125   -26123   -26141   -26158   -26154   -26158   -26176 
  -26169   -26145   -26142   -26141   -26122   -26122   -26136   -26119 
  -26084   -26079   -26088   -26071   -26041   -26022   -26006   -25983 
  -25974   -25976   -25964   -25940   -25920   -25894   -25868   -25866 
  -25863   -25837   -25812   -25801   -25779   -25753   -25733   -25704 
  -25683   -25691   -25683   -25636   -25601   -25583   -25556   -25528 
  -25500   -25474   -25467   -25451   -25400   -25361   -25342   -25299 
  -25258   -25250   -25226   -25181   -25153   -25126   -25092   -25073 
  -25042   -24985   -24957   -24952   -24914   -24873   -24861   -24834 
  -24790   -24775   -24761   -24726   -24707   -24695   -24657   -24634 
  -24633   -24617   -24594   -24592   -24590   -24575   -24572   -24572 
  -24560   -24570   -24592   -24592   -24590   -24607   -24628   -24645 
  -24664   -24678   -24699   -24740   -24772   -24781   -24808   -24859 
  -24892   -24910   -24956   -25018   -25045   -25064   -25114   -25168 
  -25209   -25251   -25288   -25331   -25381   -25425   -25463   -25510 
  -25555   -25585   -25635   -25695   -25726   -25753   -25805   -25852 
  -25898   -25941   -25965   -25995   -26055   -26109   -26138   -26175 
  -26218   -26246   -26289   -26353   -26387   -26397   -26438   -26493 
  -26536   -26572   -26599   -26624   -26666   -26704   -26724   -26757 
  -26806   -26838   -26847   -26878   -26917   -26939   -26962   -27005 
  -27044   -27060   -27071   -27090   -27122   -27156   -27177   -27197 
  -27220   -27234   -27251   -27280   -27302   -27309   -27321   -27352 
  -27376   -27376   -27382   -27398   -27409   -27414   -27425   -27437 
  -27436   -27423   -27432   -27449   -27440   -27415   -27406   -27405 
  -27395   -27382   -27378   -27376   -27355   -27324   -27309   -27295 
  -27270   -27259   -27263   -27249   -27207   -27171   -27151   -27131 
  -27116   -27101   -27072   -27036   -27004   -26973   -26943   -26913 
  -26873   -26840   -26817   -26775   -26728   -26698   -26659   -26608 
  -26570   -26536   -26488   -26439   -26396   -26341   -26288   -26253 
  -26210   -26163   -26126   -26073   -26009   -25968   -25937   -25878 
  -25816   -25790   -25759   -25699   -25654   -25632   -25598   -25551 
  -25512   -25483   -25455   -25427   -25407   -25384   -25359   -25338 
  -25328   -25320   -25307   -25282   -25270   -25272   -25272   -25272 
  -25284   -25290   -25288   -25292   -25304   -25313   -25321   -25338 
  -25361   -25377   -25389   -25411   -25438   -25455   -25470   -25496 
  -25520   -25533   -25556   -25601   -25632   -25645   -25679   -25714 
  -25732   -25760   -25790   -25806   -25839   -25891   -25917   -25915 
  -25944   -25988   -26003   -26021   -26049   -26064   -26080   -26111 
  -26137   -26147   -26164   -26191   -26213   -26223   -26230   -26246 
  -26271   -26288   -26299   -26314   -26327   -26329   -26343   -26368 
  -26380   -26391   -26403   -26406   -26419   -26442   -26437   -26428 
  -26451   -26468   -26466   -26477   -26493   -26482   -26472   -26476 
  -26477   -26485   -26496   -26493   -26488   -26495   -26489   -26468 
  -26454   -26446   -26441   -26446   -26441   -26415   -26393   -26393 
  -26395   -26376   -26349   -26338   -26337   -26326   -26300   -26279 
  -26285   -26285   -26268   -26264   -26253   -26219   -26203   -26212 
  -26207   -26193   -26208   -26215   -26190   -26181   -26200   -26196 
  -26184   -26187   -26183   -26181   -26199   -26208   -26206   -26212 
  -26213   -26208   -26221   -26229   -26215   -26215   -26239   -26249 
  -26235   -26233   -26235   -26248   -26265   -26256   -26236   -26239 
  -26249   -26249   -26248   -26235   -26229   -26245   -26252   -26229 
  -26218   -26238   -26234   -26203   -26208   -26235   -26230   -26210 
  -26210   -26213   -26215   -26227   -26223   -26202   -26202   -26222 
  -26223   -26212   -26217   -26223   -26217   -26219   -26225   -26215 
  -26210   -26222   -26225   -26218   -26217   -26221   -26219   -26211 
  -26206   -26204   -26200   -26198   -26203   -26204   -26191   -26173 
  -26170   -26177   -26180   -26175   -26168   -26154   -26138   -26131 
  -26142   -26144   -26118   -26103   -26117   -26111   -26079   -26067 
  -26061   -26049   -26053   -26048   -26015   -26002   -25995   -25955 
  -25918   -25909   -25899   -25876   -25857   -25832   -25794   -25760 
  -25736   -25714   -25693   -25664   -25625   -25598   -25579   -25546 
  -25516   -25505   -25496   -25473   -25447   -25421   -25401   -25389 
  -25374   -25353   -25344   -25348   -25350   -25350   -25343   -25334 
  -25336   -25344   -25338   -25338   -25358   -25374   -25375   -25400 
  -25434   -25442   -25446   -25467   -25479   -25486   -25509   -25544 
  -25566   -25582   -25612   -25628   -25631   -25664   -25708   -25721 
  -25734   -25771   -25794   -25809   -25847   -25886   -25909   -25941 
  -25982   -26009   -26030   -26059   -26091   -26129   -26169   -26212 
  -26250   -26281   -26322   -26362   -26387   -26403   -26443   -26508 
  -26553   -26570   -26604   -26662   -26705   -26732   -26770   -26808 
  -26838   -26883   -26943   -26977   -26997   -27047   -27101   -27121 
  -27147   -27194   -27225   -27251   -27284   -27305   -27325   -27357 
  -27380   -27395   -27422   -27446   -27450   -27446   -27464   -27484 
  -27473   -27457   -27471   -27490   -27473   -27459   -27472   -27453 
  -27398   -27386   -27395   -27360   -27319   -27309   -27284   -27238 
  -27214   -27184   -27137   -27098   -27067   -27024   -26977   -26925 
  -26873   -26838   -26811   -26757   -26690   -26651   -26606   -26535 
  -26476   -26433   -26374   -26310   -26259   -26218   -26165   -26104 
  -26038   -25969   -25911   -25866   -25799   -25721   -25671   -25632 
  -25575   -25510   -25447   -25382   -25320   -25262   -25205   -25147 
  -25092   -25037   -24979   -24925   -24872   -24813   -24756   -24707 
  -24669   -24618   -24552   -24491   -24455   -24418   -24354   -24295 
  -24266   -24232   -24177   -24129   -24100   -24052   -23994   -23970 
  -23951   -23901   -23868   -23852   -23814   -23780   -23768   -23730 
  -23688   -23677   -23664   -23638   -23627   -23619   -23591   -23577 
  -23584   -23571   -23544   -23533   -23531   -23527   -23527   -23525 
  -23523   -23530   -23533   -23525   -23534   -23554   -23556   -23560 
  -23584   -23600   -23603   -23629   -23664   -23679   -23704   -23749 
  -23777   -23800   -23843   -23882   -23916   -23971   -24021   -24057 
  -24109   -24169   -24214   -24278   -24349   -24395   -24451   -24538 
  -24610   -24653   -24713   -24792   -24865   -24943   -25014   -25068 
  -25153   -25258   -25315   -25361   -25454   -25547   -25614   -25698 
  -25791   -25867   -25947   -26033   -26104   -26179   -26272   -26356 
  -26423   -26501   -26590   -26670   -26747   -26816   -26877   -26944 
  -27012   -27076   -27144   -27206   -27260   -27322   -27379   -27409 
  -27438   -27492   -27546   -27580   -27608   -27634   -27650   -27668 
  -27689   -27707   -27715   -27716   -27719   -27722   -27716   -27695 
  -27677   -27664   -27643   -27625   -27600   -27561   -27527   -27498 
  -27453   -27406   -27360   -27306   -27259   -27214   -27162   -27095 
  -27035   -26985   -26927   -26855   -26786   -26730   -26674   -26611 
  -26538   -26464   -26396   -26326   -26253   -26190   -26125   -26052 
  -25979   -25909   -25843   -25772   -25694   -25620   -25559   -25496 
  -25413   -25338   -25278   -25223   -25159   -25087   -25016   -24953 
  -24894   -24846   -24799   -24734   -24669   -24622   -24574   -24517 
  -24468   -24428   -24382   -24336   -24293   -24256   -24224   -24192 
  -24148   -24097   -24062   -24047   -24025   -23997   -23984   -23970 
  -23938   -23911   -23903   -23882   -23859   -23865   -23872   -23854 
  -23843   -23854   -23847   -23828   -23845   -23874   -23878   -23884 
  -23901   -23909   -23920   -23946   -23969   -23986   -24017   -24054 
  -24077   -24093   -24124   -24165   -24198   -24213   -24236   -24281 
  -24325   -24354   -24385   -24416   -24443   -24472   -24514   -24555 
  -24575   -24607   -24652   -24679   -24704   -24746   -24779   -24790 
  -24811   -24859   -24891   -24898   -24925   -24968   -24988   -24996 
  -25011   -25034   -25061   -25085   -25097   -25107   -25130   -25146 
  -25147   -25159   -25173   -25181   -25197   -25199   -25189   -25204 
  -25234   -25228   -25204   -25219   -25252   -25246   -25232   -25252 
  -25257   -25234   -25234   -25254   -25258   -25254   -25258   -25265 
  -25257   -25247   -25265   -25288   -25284   -25272   -25285   -25309 
  -25303   -25277   -25288   -25315   -25312   -25309   -25331   -25344 
  -25343   -25350   -25363   -25359   -25361   -25393   -25409   -25398 
  -25419   -25450   -25436   -25427   -25463   -25489   -25479   -25493 
  -25523   -25524   -25528   -25552   -25559   -25570   -25602   -25627 
  -25622   -25622   -25650   -25674   -25683   -25699   -25717   -25731 
  -25749   -25770   -25780   -25789   -25809   -25836   -25852   -25861 
  -25876   -25898   -25915   -25922   -25922   -25933   -25956   -25972 
  -25983   -25998   -26015   -26036   -26041   -26021   -26018   -26044 
  -26049   -26033   -26040   -26063   -26065   -26056   -26055   -26045 
  -26026   -26018   -26015   -26006   -26007   -26002   -25975   -25957 
  -25952   -25932   -25913   -25905   -25886   -25872   -25863   -25836 
  -25806   -25790   -25770   -25747   -25734   -25724   -25701   -25678 
  -25660   -25639   -25612   -25582   -25563   -25559   -25550   -25525 
  -25513   -25497   -25459   -25427   -25419   -25415   -25407   -25394 
  -25382   -25373   -25361   -25343   -25334   -25342   -25347   -25336 
  -25318   -25313   -25320   -25330   -25327   -25313   -25326   -25355 
  -25354   -25338   -25350   -25366   -25369   -25373   -25388   -25404 
  -25411   -25412   -25429   -25454   -25458   -25447   -25458   -25477 
  -25482   -25489   -25510   -25529   -25536   -25527   -25501   -25502 
  -25528   -25527   -25527   -25566   -25575   -25539   -25528   -25536 
  -25512   -25493   -25520   -25535   -25520   -25525   -25533   -25508 
  -25496   -25504   -25490   -25475   -25485   -25496   -25498   -25504 
  -25500   -25486   -25485   -25490   -25493   -25512   -25535   -25533 
  -25521   -25525   -25547   -25570   -25582   -25593   -25609   -25629 
  -25647   -25663   -25679   -25699   -25718   -25740   -25772   -25799 
  -25814   -25832   -25860   -25884   -25905   -25936   -25968   -25984 
  -26002   -26028   -26045   -26063   -26088   -26118   -26144   -26165 
  -26187   -26200   -26210   -26229   -26249   -26259   -26266   -26288 
  -26331   -26360   -26353   -26360   -26387   -26391   -26384   -26408 
  -26438   -26445   -26461   -26489   -26501   -26497   -26500   -26512 
  -26532   -26546   -26554   -26574   -26595   -26608   -26616   -26613 
  -26616   -26628   -26644   -26659   -26662   -26662   -26677   -26693 
  -26689   -26674   -26672   -26684   -26681   -26672   -26684   -26692 
  -26681   -26674   -26666   -26650   -26644   -26654   -26651   -26635 
  -26629   -26639   -26634   -26605   -26584   -26589   -26596   -26581 
  -26565   -26572   -26572   -26546   -26527   -26526   -26522   -26507 
  -26484   -26474   -26477   -26474   -26462   -26447   -26426   -26411 
  -26407   -26391   -26373   -26358   -26345   -26345   -26342   -26311 
  -26284   -26279   -26261   -26227   -26229   -26236   -26210   -26184 
  -26176   -26158   -26142   -26137   -26118   -26096   -26088   -26069 
  -26040   -26033   -26034   -26015   -25988   -25969   -25951   -25926 
  -25915   -25909   -25884   -25852   -25839   -25830   -25809   -25779 
  -25758   -25752   -25737   -25705   -25683   -25677   -25650   -25620 
  -25613   -25601   -25573   -25554   -25550   -25529   -25508   -25502 
  -25488   -25463   -25466   -25475   -25452   -25427   -25436   -25459 
  -25452   -25429   -25424   -25427   -25435   -25450   -25458   -25451 
  -25465   -25492   -25493   -25479   -25486   -25509   -25531   -25543 
  -25551   -25556   -25570   -25594   -25606   -25609   -25632   -25663 
  -25672   -25670   -25681   -25701   -25718   -25734   -25749   -25751 
  -25764   -25801   -25807   -25786   -25805   -25848   -25851   -25841 
  -25860   -25882   -25891   -25899   -25897   -25897   -25924   -25952 
  -25959   -25963   -25976   -25979   -25984   -26006   -26018   -26022 
  -26040   -26061   -26071   -26082   -26099   -26107   -26114   -26137 
  -26157   -26164   -26179   -26196   -26202   -26213   -26238   -26245 
  -26246   -26275   -26298   -26289   -26298   -26322   -26327   -26329 
  -26352   -26358   -26347   -26360   -26379   -26377   -26388   -26403 
  -26391   -26393   -26420   -26420   -26401   -26414   -26433   -26424 
  -26416   -26427   -26427   -26416   -26426   -26438   -26428   -26424 
  -26434   -26445   -26434   -26422   -26424   -26427   -26416   -26414 
  -26427   -26433   -26415   -26401   -26411   -26410   -26388   -26387 
  -26393   -26388   -26387   -26387   -26379   -26362   -26353   -26350 
  -26339   -26333   -26330   -26312   -26292   -26279   -26279   -26279 
  -26266   -26236   -26223   -26223   -26198   -26169   -26172   -26168 
  -26138   -26119   -26114   -26102   -26082   -26064   -26045   -26032 
  -26018   -25988   -25967   -25979   -25969   -25932   -25914   -25907 
  -25886   -25880   -25875   -25837   -25818   -25826   -25803   -25770 
  -25774   -25764   -25726   -25714   -25699   -25662   -25654   -25660 
  -25625   -25593   -25594   -25573   -25535   -25528   -25524   -25500 
  -25481   -25469   -25446   -25431   -25427   -25407   -25371   -25359 
  -25363   -25357   -25336   -25315   -25301   -25297   -25284   -25269 
  -25265   -25265   -25262   -25243   -25215   -25220   -25236   -25218 
  -25195   -25200   -25204   -25186   -25174   -25178   -25181   -25177 
  -25173   -25163   -25158   -25170   -25180   -25168   -25151   -25153 
  -25170   -25172   -25155   -25155   -25169   -25163   -25143   -25142 
  -25157   -25159   -25155   -25154   -25154   -25154   -25150   -25146 
  -25142   -25141   -25142   -25139   -25124   -25118   -25135   -25153 
  -25139   -25115   -25119   -25135   -25128   -25116   -25115   -25116 
  -25122   -25127   -25118   -25112   -25123   -25127   -25119   -25122 
  -25138   -25135   -25126   -25132   -25139   -25138   -25135   -25135 
  -25154   -25165   -25151   -25154   -25176   -25178   -25177   -25196 
  -25203   -25184   -25188   -25216   -25215   -25199   -25224   -25261 
  -25262   -25245   -25242   -25261   -25280   -25288   -25303   -25323 
  -25327   -25327   -25350   -25375   -25377   -25375   -25393   -25408 
  -25425   -25454   -25459   -25455   -25482   -25512   -25513   -25517 
  -25539   -25551   -25562   -25578   -25591   -25606   -25632   -25650 
  -25643   -25644   -25667   -25687   -25704   -25722   -25731   -25737 
  -25749   -25752   -25756   -25783   -25807   -25810   -25817   -25843 
  -25855   -25849   -25861   -25878   -25872   -25879   -25903   -25914 
  -25913   -25914   -25914   -25922   -25938   -25941   -25937   -25947 
  -25956   -25938   -25917   -25921   -25929   -25928   -25928   -25922 
  -25911   -25903   -25897   -25893   -25880   -25849   -25840   -25849 
  -25829   -25799   -25803   -25807   -25777   -25747   -25736   -25721 
  -25695   -25682   -25672   -25655   -25636   -25608   -25575   -25573 
  -25578   -25555   -25529   -25513   -25483   -25456   -25447   -25438 
  -25417   -25404   -25397   -25378   -25361   -25348   -25335   -25316 
  -25295   -25280   -25277   -25276   -25259   -25243   -25246   -25240 
  -25223   -25211   -25212   -25212   -25197   -25177   -25181   -25197 
  -25192   -25177   -25184   -25191   -25180   -25178   -25188   -25188 
  -25189   -25200   -25195   -25193   -25208   -25211   -25205   -25220 
  -25232   -25222   -25215   -25235   -25246   -25234   -25240   -25265 
  -25272   -25274   -25297   -25312   -25304   -25308   -25335   -25343 
  -25342   -25361   -25381   -25384   -25394   -25415   -25432   -25439 
  -25442   -25455   -25479   -25488   -25486   -25506   -25531   -25535 
  -25546   -25563   -25563   -25570   -25606   -25624   -25610   -25616 
  -25654   -25664   -25647   -25663   -25701   -25701   -25693   -25721 
  -25747   -25743   -25747   -25768   -25770   -25766   -25789   -25807 
  -25801   -25816   -25841   -25837   -25828   -25845   -25860   -25855 
  -25859   -25876   -25883   -25882   -25880   -25874   -25883   -25903 
  -25901   -25888   -25899   -25909   -25899   -25884   -25878   -25886 
  -25895   -25890   -25874   -25861   -25866   -25867   -25855   -25843 
  -25841   -25832   -25822   -25810   -25787   -25780   -25793   -25775 
  -25728   -25726   -25759   -25737   -25681   -25672   -25697   -25674 
  -25629   -25629   -25644   -25614   -25575   -25570   -25578   -25569 
  -25551   -25532   -25505   -25490   -25486   -25475   -25470   -25467 
  -25444   -25424   -25417   -25404   -25394   -25400   -25398   -25380 
  -25363   -25359   -25355   -25351   -25355   -25357   -25342   -25331 
  -25331   -25324   -25320   -25328   -25324   -25313   -25324   -25338 
  -25320   -25309   -25324   -25320   -25300   -25308   -25326   -25320 
  -25312   -25312   -25316   -25321   -25324   -25323   -25326   -25330 
  -25328   -25330   -25338   -25353   -25359   -25361   -25365   -25365 
  -25374   -25394   -25407   -25401   -25407   -25425   -25432   -25434 
  -25450   -25470   -25481   -25489   -25493   -25498   -25515   -25532 
  -25536   -25540   -25556   -25570   -25578   -25596   -25610   -25609 
  -25616   -25635   -25645   -25651   -25667   -25686   -25686   -25688 
  -25718   -25732   -25721   -25733   -25768   -25782   -25782   -25795 
  -25805   -25809   -25830   -25849   -25853   -25866   -25888   -25901 
  -25905   -25917   -25928   -25938   -25963   -25990   -25991   -25990 
  -26018   -26044   -26045   -26065   -26087   -26088   -26106   -26138 
  -26144   -26145   -26179   -26202   -26193   -26211   -26242   -26245 
  -26261   -26291   -26288   -26293   -26326   -26335   -26326   -26339 
  -26364   -26374   -26379   -26388   -26395   -26404   -26424   -26416 
  -26399   -26411   -26431   -26441   -26446   -26434   -26427   -26445 
  -26454   -26441   -26428   -26445   -26461   -26445   -26426   -26433 
  -26441   -26437   -26431   -26433   -26433   -26420   -26411   -26415 
  -26418   -26422   -26419   -26408   -26397   -26387   -26393   -26400 
  -26377   -26360   -26388   -26406   -26364   -26342   -26358   -26345 
  -26331   -26347   -26334   -26304   -26308   -26304   -26276   -26272 
  -26279   -26257   -26235   -26227   -26210   -26196   -26184   -26157 
  -26152   -26161   -26126   -26082   -26091   -26094   -26048   -26022 
  -26026   -25994   -25961   -25967   -25947   -25906   -25901   -25894 
  -25853   -25833   -25834   -25809   -25785   -25780   -25760   -25726 
  -25716   -25711   -25688   -25681   -25687   -25670   -25637   -25624 
  -25620   -25602   -25579   -25575   -25581   -25579   -25569   -25551 
  -25539   -25531   -25520   -25508   -25500   -25501   -25500   -25492 
  -25496   -25496   -25475   -25461   -25458   -25454   -25450   -25447 
  -25447   -25443   -25447   -25450   -25427   -25415   -25424   -25429 
  -25427   -25434   -25435   -25425   -25424   -25431   -25424   -25417 
  -25436   -25458   -25454   -25447   -25450   -25452   -25461   -25473 
  -25475   -25478   -25504   -25525   -25523   -25524   -25544   -25566 
  -25573   -25582   -25601   -25614   -25632   -25655   -25672   -25693 
  -25716   -25729   -25736   -25748   -25772   -25803   -25825   -25843 
  -25867   -25884   -25902   -25918   -25936   -25956   -25982   -26009 
  -26026   -26036   -26048   -26057   -26080   -26115   -26137   -26147 
  -26169   -26179   -26172   -26193   -26230   -26234   -26234   -26265 
  -26283   -26269   -26272   -26298   -26302   -26295   -26311   -26327 
  -26329   -26320   -26316   -26322   -26322   -26316   -26318   -26329 
  -26326   -26308   -26295   -26284   -26276   -26277   -26272   -26250 
  -26236   -26234   -26219   -26207   -26208   -26193   -26170   -26156 
  -26137   -26121   -26125   -26119   -26090   -26065   -26073   -26065 
  -26028   -26009   -26005   -25991   -25980   -25967   -25937   -25922 
  -25922   -25903   -25875   -25867   -25857   -25826   -25813   -25814 
  -25782   -25749   -25751   -25743   -25722   -25714   -25694   -25658 
  -25645   -25647   -25627   -25602   -25600   -25589   -25570   -25559 
  -25546   -25525   -25516   -25506   -25493   -25488   -25483   -25465 
  -25447   -25451   -25451   -25432   -25420   -25429   -25432   -25423 
  -25415   -25409   -25407   -25409   -25408   -25411   -25420   -25424 
  -25423   -25427   -25432   -25424   -25427   -25444   -25446   -25447 
  -25469   -25483   -25479   -25489   -25504   -25510   -25527   -25546 
  -25546   -25552   -25581   -25600   -25600   -25613   -25644   -25660 
  -25666   -25683   -25705   -25724   -25749   -25775   -25786   -25803 
  -25832   -25847   -25853   -25875   -25907   -25938   -25956   -25960 
  -25971   -25995   -26025   -26040   -26041   -26059   -26090   -26110 
  -26122   -26131   -26138   -26150   -26172   -26181   -26172   -26170 
  -26191   -26217   -26226   -26211   -26202   -26210   -26210   -26196 
  -26198   -26204   -26193   -26181   -26183   -26184   -26177   -26153 
  -26130   -26130   -26134   -26121   -26098   -26082   -26069   -26055 
  -26050   -26040   -26011   -25994   -25990   -25975   -25951   -25932 
  -25924   -25920   -25903   -25879   -25860   -25853   -25843   -25825 
  -25810   -25801   -25785   -25772   -25764   -25740   -25721   -25731 
  -25722   -25687   -25681   -25688   -25670   -25651   -25654   -25647 
  -25629   -25624   -25625   -25614   -25601   -25600   -25596   -25583 
  -25579   -25577   -25573   -25573   -25566   -25556   -25556   -25559 
  -25554   -25544   -25550   -25555   -25543   -25539   -25555   -25567 
  -25563   -25552   -25547   -25554   -25566   -25570   -25567   -25570 
  -25573   -25579   -25591   -25593   -25589   -25597   -25614   -25625 
  -25622   -25622   -25636   -25654   -25666   -25670   -25674   -25687 
  -25708   -25721   -25729   -25732   -25734   -25741   -25752   -25764 
  -25789   -25807   -25803   -25806   -25820   -25828   -25828   -25832 
  -25849   -25867   -25875   -25883   -25884   -25874   -25886   -25914 
  -25913   -25893   -25897   -25918   -25922   -25917   -25915   -25907 
  -25913   -25938   -25934   -25902   -25897   -25907   -25899   -25891 
  -25897   -25894   -25883   -25878   -25874   -25863   -25852   -25847 
  -25843   -25843   -25829   -25805   -25793   -25794   -25785   -25771 
  -25772   -25766   -25744   -25734   -25725   -25709   -25706   -25706 
  -25687   -25679   -25686   -25677   -25654   -25650   -25659   -25650 
  -25628   -25632   -25647   -25639   -25621   -25621   -25633   -25628 
  -25610   -25612   -25620   -25618   -25624   -25641   -25636   -25612 
  -25622   -25654   -25648   -25628   -25635   -25654   -25656   -25651 
  -25656   -25660   -25660   -25666   -25667   -25666   -25668   -25667 
  -25668   -25683   -25694   -25687   -25682   -25688   -25690   -25682 
  -25682   -25693   -25699   -25698   -25695   -25688   -25678   -25666 
  -25671   -25691   -25685   -25655   -25652   -25662   -25652   -25636 
  -25632   -25633   -25635   -25637   -25622   -25590   -25582   -25591 
  -25582   -25570   -25569   -25562   -25551   -25546   -25536   -25515 
  -25501   -25504   -25506   -25508   -25493   -25469   -25465   -25474 
  -25465   -25461   -25473   -25466   -25442   -25436   -25443   -25444 
  -25442   -25443   -25458   -25470   -25458   -25443   -25454   -25467 
  -25470   -25478   -25486   -25479   -25481   -25506   -25520   -25506 
  -25505   -25527   -25544   -25547   -25544   -25555   -25570   -25567 
  -25569   -25586   -25596   -25597   -25604   -25614   -25614   -25612 
  -25629   -25651   -25651   -25647   -25659   -25670   -25667   -25668 
  -25686   -25695   -25688   -25687   -25697   -25709   -25724   -25725 
  -25714   -25717   -25737   -25748   -25744   -25744   -25745   -25756 
  -25776   -25785   -25779   -25787   -25799   -25801   -25801   -25806 
  -25813   -25826   -25839   -25841   -25855   -25874   -25874   -25867 
  -25878   -25893   -25899   -25909   -25909   -25906   -25929   -25947 
  -25929   -25926   -25955   -25964   -25947   -25949   -25969   -25965 
  -25959   -25968   -25975   -25976   -25972   -25968   -25971   -25976 
  -25974   -25968   -25972   -25974   -25963   -25957   -25959   -25956 
  -25952   -25955   -25949   -25948   -25949   -25937   -25924   -25926 
  -25926   -25917   -25911   -25907   -25902   -25901   -25895   -25886 
  -25880   -25871   -25863   -25871   -25875   -25856   -25836   -25836 
  -25836   -25824   -25817   -25820   -25813   -25795   -25786   -25787 
  -25782   -25770   -25762   -25759   -25753   -25745   -25739   -25732 
  -25733   -25736   -25714   -25688   -25702   -25721   -25701   -25670 
  -25671   -25683   -25671   -25655   -25663   -25668   -25656   -25650 
  -25650   -25644   -25635   -25636   -25641   -25633   -25625   -25624 
  -25629   -25635   -25633   -25622   -25613   -25613   -25617   -25620 
  -25620   -25614   -25610   -25616   -25620   -25613   -25605   -25598 
  -25601   -25612   -25614   -25601   -25587   -25590   -25594   -25583 
  -25575   -25577   -25577   -25559   -25548   -25559   -25555   -25525 
  -25520   -25529   -25516   -25496   -25485   -25473   -25473   -25478 
  -25456   -25419   -25412   -25425   -25409   -25378   -25366   -25367 
  -25355   -25335   -25321   -25311   -25290   -25272   -25265   -25258 
  -25236   -25216   -25204   -25193   -25177   -25157   -25141   -25135 
  -25130   -25110   -25085   -25074   -25065   -25050   -25046   -25041 
  -25019   -25003   -25004   -25000   -24984   -24976   -24972   -24957 
  -24950   -24952   -24943   -24938   -24945   -24939   -24922   -24922 
  -24934   -24929   -24921   -24927   -24934   -24935   -24939   -24937 
  -24934   -24942   -24956   -24964   -24961   -24957   -24964   -24973 
  -24979   -24988   -24999   -25002   -25006   -25023   -25045   -25034 
  -25020   -25042   -25069   -25077   -25085   -25093   -25095   -25108 
  -25127   -25135   -25141   -25162   -25181   -25185   -25199   -25224 
  -25227   -25224   -25252   -25289   -25299   -25300   -25315   -25343 
  -25369   -25384   -25393   -25409   -25435   -25463   -25482   -25496 
  -25520   -25544   -25562   -25585   -25605   -25616   -25636   -25667 
  -25693   -25704   -25717   -25748   -25776   -25783   -25801   -25836 
  -25855   -25863   -25882   -25906   -25926   -25944   -25964   -25980 
  -25994   -26015   -26033   -26042   -26059   -26076   -26088   -26098 
  -26110   -26130   -26149   -26158   -26167   -26169   -26170   -26183 
  -26198   -26191   -26187   -26211   -26217   -26192   -26199   -26221 
  -26204   -26185   -26192   -26193   -26180   -26183   -26179   -26153 
  -26138   -26134   -26121   -26110   -26102   -26087   -26069   -26052 
  -26030   -26009   -26003   -26002   -25971   -25932   -25928   -25922 
  -25890   -25871   -25863   -25840   -25809   -25793   -25779   -25766 
  -25754   -25729   -25694   -25693   -25694   -25654   -25627   -25641 
  -25633   -25596   -25587   -25581   -25546   -25539   -25552   -25531 
  -25506   -25516   -25512   -25486   -25486   -25488   -25462   -25458 
  -25475   -25466   -25447   -25452   -25455   -25439   -25442   -25452 
  -25444   -25435   -25447   -25456   -25447   -25447   -25459   -25465 
  -25470   -25479   -25478   -25478   -25493   -25510   -25510   -25512 
  -25535   -25554   -25552   -25559   -25582   -25589   -25589   -25610 
  -25633   -25640   -25644   -25659   -25678   -25690   -25705   -25716 
  -25716   -25725   -25756   -25775   -25770   -25777   -25813   -25834 
  -25822   -25824   -25856   -25876   -25875   -25886   -25906   -25914 
  -25928   -25942   -25947   -25956   -25975   -25983   -25988   -26006 
  -26018   -26018   -26026   -26044   -26049   -26053   -26071   -26083 
  -26079   -26087   -26103   -26102   -26099   -26125   -26150   -26152 
  -26147   -26157   -26167   -26176   -26181   -26173   -26180   -26215 
  -26226   -26204   -26210   -26235   -26230   -26225   -26248   -26259 
  -26257   -26259   -26261   -26262   -26268   -26272   -26271   -26273 
  -26284   -26288   -26285   -26284   -26279   -26283   -26292   -26285 
  -26273   -26284   -26300   -26298   -26281   -26268   -26268   -26277 
  -26285   -26275   -26262   -26272   -26273   -26256   -26250   -26254 
  -26248   -26236   -26236   -26234   -26223   -26218   -26219   -26217 
  -26217   -26212   -26193   -26181   -26193   -26192   -26173   -26168 
  -26170   -26167   -26167   -26168   -26161   -26157   -26156   -26150 
  -26141   -26144   -26156   -26158   -26149   -26141   -26142   -26144 
  -26140   -26145   -26157   -26157   -26154   -26156   -26149   -26145 
  -26154   -26160   -26160   -26167   -26169   -26163   -26165   -26170 
  -26164   -26154   -26160   -26172   -26167   -26152   -26157   -26161 
  -26150   -26145   -26147   -26146   -26146   -26140   -26125   -26122 
  -26123   -26109   -26098   -26109   -26102   -26079   -26084   -26091 
  -26071   -26057   -26056   -26045   -26038   -26041   -26029   -26017 
  -26014   -26005   -25994   -25988   -25979   -25968   -25969   -25969 
  -25949   -25936   -25940   -25936   -25929   -25925   -25906   -25897 
  -25901   -25886   -25872   -25879   -25870   -25840   -25843   -25859 
  -25834   -25810   -25820   -25824   -25809   -25805   -25797   -25776 
  -25774   -25779   -25760   -25744   -25752   -25753   -25739   -25736 
  -25736   -25721   -25713   -25722   -25718   -25709   -25706   -25694 
  -25690   -25699   -25688   -25682   -25695   -25683   -25659   -25671 
  -25682   -25654   -25644   -25668   -25671   -25644   -25637   -25650 
  -25652   -25643   -25632   -25625   -25628   -25636   -25624   -25601 
  -25613   -25635   -25621   -25612   -25616   -25610   -25608   -25613 
  -25602   -25587   -25606   -25632   -25617   -25598   -25606   -25617 
  -25625   -25628   -25610   -25612   -25637   -25637   -25621   -25633 
  -25655   -25651   -25639   -25647   -25660   -25664   -25664   -25670 
  -25679   -25687   -25686   -25682   -25693   -25710   -25714   -25717 
  -25722   -25718   -25729   -25751   -25751   -25739   -25741   -25754 
  -25772   -25785   -25777   -25766   -25780   -25799   -25794   -25791 
  -25810   -25824   -25820   -25824   -25826   -25820   -25830   -25843 
  -25843   -25852   -25859   -25848   -25851   -25872   -25871   -25856 
  -25872   -25890   -25871   -25870   -25903   -25902   -25878   -25888 
  -25902   -25897   -25901   -25909   -25905   -25905   -25922   -25925 
  -25905   -25909   -25924   -25915   -25907   -25913   -25922   -25928 
  -25921   -25909   -25901   -25902   -25905   -25893   -25880   -25894 
  -25901   -25868   -25843   -25857   -25868   -25845   -25825   -25828 
  -25824   -25803   -25790   -25782   -25768   -25762   -25752   -25725 
  -25708   -25710   -25698   -25671   -25658   -25647   -25627   -25617 
  -25605   -25570   -25551   -25552   -25529   -25496   -25490   -25485 
  -25461   -25443   -25427   -25407   -25396   -25375   -25344   -25338 
  -25338   -25313   -25289   -25282   -25269   -25252   -25235   -25208 
  -25203   -25218   -25193   -25147   -25143   -25147   -25122   -25105 
  -25114   -25103   -25084   -25077   -25064   -25047   -25043   -25031 
  -25019   -25018   -25011   -24993   -24985   -24983   -24970   -24965 
  -24966   -24953   -24938   -24942   -24945   -24938   -24927   -24918 
  -24921   -24926   -24916   -24902   -24908   -24919   -24918   -24918 
  -24925   -24922   -24918   -24926   -24925   -24911   -24927   -24960 
  -24956   -24933   -24945   -24975   -24975   -24968   -24980   -24997 
  -25010   -25007   -25003   -25022   -25041   -25042   -25047   -25060 
  -25058   -25068   -25093   -25093   -25085   -25107   -25123   -25116 
  -25130   -25145   -25137   -25145   -25162   -25153   -25153   -25191 
  -25201   -25172   -25173   -25201   -25204   -25200   -25209   -25203 
  -25195   -25219   -25236   -25220   -25216   -25231   -25239   -25239 
  -25240   -25242   -25243   -25254   -25258   -25249   -25246   -25257 
  -25269   -25276   -25274   -25272   -25276   -25276   -25282   -25299 
  -25301   -25294   -25290   -25293   -25311   -25327   -25317   -25305 
  -25317   -25340   -25344   -25334   -25334   -25347   -25363   -25374 
  -25375   -25373   -25382   -25393   -25401   -25408   -25411   -25415 
  -25427   -25440   -25443   -25447   -25466   -25481   -25478   -25475 
  -25493   -25513   -25513   -25513   -25535   -25551   -25547   -25550 
  -25562   -25562   -25563   -25585   -25604   -25600   -25598   -25614 
  -25624   -25622   -25627   -25635   -25640   -25641   -25643   -25645 
  -25648   -25644   -25652   -25668   -25662   -25647   -25652   -25663 
  -25659   -25659   -25672   -25672   -25656   -25654   -25664   -25667 
  -25664   -25666   -25666   -25663   -25660   -25662   -25658   -25644 
  -25651   -25675   -25675   -25644   -25631   -25655   -25666   -25645 
  -25643   -25663   -25658   -25644   -25655   -25660   -25644   -25643 
  -25656   -25658   -25647   -25640   -25633   -25635   -25650   -25652 
  -25637   -25637   -25650   -25644   -25628   -25632   -25636   -25627 
  -25622   -25643   -25655   -25635   -25612   -25624   -25647   -25650 
  -25636   -25631   -25643   -25650   -25645   -25651   -25656   -25651 
  -25656   -25672   -25677   -25671   -25677   -25699   -25710   -25701 
  -25704   -25728   -25733   -25724   -25733   -25758   -25772   -25774 
  -25779   -25787   -25799   -25820   -25830   -25829   -25849   -25874 
  -25883   -25890   -25902   -25921   -25944   -25959   -25967   -25979 
  -25994   -26010   -26028   -26050   -26073   -26082   -26084   -26100 
  -26121   -26145   -26164   -26169   -26185   -26221   -26238   -26239 
  -26250   -26275   -26288   -26295   -26312   -26329   -26337   -26361 
  -26381   -26381   -26391   -26414   -26426   -26434   -26442   -26450 
  -26464   -26476   -26482   -26499   -26514   -26509   -26505   -26516 
  -26530   -26541   -26543   -26539   -26543   -26551   -26547   -26546 
  -26563   -26573   -26558   -26551   -26561   -26561   -26553   -26558 
  -26565   -26557   -26557   -26557   -26542   -26532   -26543   -26547 
  -26531   -26520   -26527   -26522   -26509   -26511   -26511   -26501 
  -26496   -26496   -26489   -26481   -26474   -26466   -26462   -26462 
  -26460   -26451   -26443   -26430   -26414   -26418   -26428   -26420 
  -26406   -26400   -26399   -26388   -26368   -26364   -26380   -26379 
  -26350   -26330   -26333   -26331   -26326   -26325   -26306   -26281 
  -26288   -26300   -26281   -26258   -26261   -26258   -26236   -26223 
  -26222   -26221   -26212   -26187   -26173   -26183   -26170   -26141 
  -26140   -26146   -26123   -26100   -26099   -26090   -26065   -26063 
  -26065   -26041   -26021   -26022   -26015   -25994   -25967   -25952 
  -25957   -25956   -25932   -25901   -25886   -25890   -25872   -25837 
  -25832   -25843   -25828   -25786   -25756   -25753   -25752   -25741 
  -25721   -25686   -25664   -25678   -25667   -25618   -25600   -25614 
  -25600   -25563   -25554   -25551   -25527   -25510   -25509   -25497 
  -25474   -25463   -25455   -25436   -25425   -25427   -25416   -25392 
  -25386   -25402   -25396   -25361   -25346   -25361   -25371   -25363 
  -25347   -25336   -25340   -25351   -25338   -25326   -25344   -25358 
  -25342   -25342   -25363   -25361   -25361   -25381   -25390   -25389 
  -25407   -25415   -25412   -25435   -25459   -25461   -25463   -25474 
  -25489   -25517   -25540   -25536   -25550   -25590   -25605   -25585 
  -25608   -25662   -25675   -25678   -25709   -25724   -25722   -25752 
  -25783   -25783   -25797   -25839   -25861   -25866   -25879   -25899 
  -25915   -25940   -25960   -25963   -25980   -26011   -26026   -26041 
  -26060   -26072   -26091   -26111   -26114   -26118   -26141   -26165 
  -26172   -26176   -26192   -26207   -26208   -26212   -26223   -26231 
  -26238   -26248   -26254   -26264   -26266   -26254   -26248   -26262 
  -26273   -26264   -26261   -26264   -26248   -26236   -26245   -26239 
  -26231   -26231   -26217   -26198   -26192   -26175   -26163   -26176 
  -26167   -26129   -26109   -26107   -26092   -26076   -26065   -26048 
  -26030   -26010   -25982   -25967 
