Origin Time       2016/04/16 01:25:00
Lat.              32.753
Long.             130.762
Depth. (km)       12
Mag.              7.3
Station Code      NGN010
Station Lat.      36.3281
Station Long.     138.4357
Station Height(m) 740
Record Time       2016/04/16 01:29:16
Sampling Freq(Hz) 100Hz
Duration Time(s)  60
Dir.              E-W
Scale Factor      7845(gal)/8223790
Max. Acc. (gal)   1.212
Last Correction   2016/04/16 01:29:18
Memo.             
   -2258    -2261    -2267    -2280    -2295    -2307    -2319    -2330 
   -2338    -2347    -2357    -2363    -2371    -2381    -2394    -2413 
   -2431    -2444    -2454    -2463    -2477    -2490    -2500    -2506 
   -2516    -2538    -2563    -2578    -2583    -2590    -2605    -2621 
   -2629    -2632    -2643    -2663    -2681    -2694    -2702    -2706 
   -2714    -2727    -2737    -2745    -2758    -2772    -2783    -2781 
   -2776    -2786    -2803    -2811    -2809    -2808    -2817    -2829 
   -2837    -2841    -2840    -2839    -2840    -2843    -2847    -2855 
   -2860    -2863    -2860    -2856    -2857    -2866    -2870    -2866 
   -2867    -2871    -2874    -2871    -2866    -2868    -2879    -2884 
   -2880    -2874    -2867    -2867    -2875    -2886    -2889    -2884 
   -2879    -2874    -2876    -2887    -2894    -2893    -2887    -2879 
   -2878    -2884    -2889    -2887    -2884    -2882    -2886    -2889 
   -2884    -2880    -2879    -2880    -2882    -2882    -2880    -2882 
   -2886    -2882    -2872    -2866    -2868    -2874    -2875    -2872 
   -2866    -2863    -2866    -2867    -2863    -2857    -2851    -2851 
   -2855    -2855    -2851    -2844    -2843    -2844    -2844    -2841 
   -2836    -2837    -2840    -2843    -2841    -2836    -2832    -2836 
   -2836    -2830    -2825    -2825    -2829    -2836    -2832    -2822 
   -2817    -2813    -2811    -2818    -2818    -2810    -2802    -2797 
   -2792    -2795    -2794    -2786    -2776    -2767    -2759    -2756 
   -2751    -2743    -2736    -2728    -2717    -2709    -2704    -2694 
   -2685    -2675    -2659    -2643    -2635    -2629    -2619    -2604 
   -2586    -2574    -2565    -2558    -2544    -2529    -2516    -2501 
   -2485    -2473    -2461    -2444    -2428    -2416    -2403    -2388 
   -2374    -2363    -2350    -2334    -2317    -2300    -2285    -2276 
   -2261    -2243    -2228    -2215    -2204    -2187    -2172    -2157 
   -2142    -2130    -2118    -2101    -2087    -2073    -2060    -2045 
   -2029    -2014    -2000    -1985    -1973    -1962    -1948    -1929 
   -1912    -1900    -1890    -1876    -1864    -1850    -1837    -1823 
   -1811    -1803    -1792    -1780    -1768    -1761    -1755    -1748 
   -1738    -1729    -1722    -1715    -1707    -1702    -1698    -1692 
   -1688    -1684    -1679    -1676    -1675    -1676    -1674    -1671 
   -1667    -1667    -1667    -1664    -1664    -1664    -1665    -1672 
   -1676    -1676    -1676    -1676    -1683    -1688    -1687    -1688 
   -1694    -1701    -1709    -1713    -1718    -1728    -1729    -1729 
   -1740    -1748    -1755    -1773    -1787    -1791    -1794    -1800 
   -1813    -1826    -1837    -1844    -1856    -1869    -1881    -1892 
   -1903    -1914    -1925    -1935    -1948    -1964    -1979    -1993 
   -2006    -2020    -2034    -2045    -2060    -2073    -2085    -2101 
   -2119    -2133    -2150    -2168    -2182    -2199    -2214    -2226 
   -2241    -2259    -2274    -2288    -2305    -2323    -2338    -2353 
   -2366    -2378    -2390    -2404    -2420    -2438    -2454    -2465 
   -2474    -2490    -2506    -2520    -2531    -2540    -2554    -2569 
   -2579    -2592    -2606    -2621    -2635    -2646    -2655    -2666 
   -2685    -2701    -2714    -2727    -2735    -2743    -2754    -2768 
   -2782    -2797    -2808    -2821    -2837    -2852    -2862    -2870 
   -2880    -2894    -2910    -2924    -2934    -2947    -2960    -2971 
   -2976    -2983    -2991    -3002    -3014    -3025    -3033    -3042 
   -3049    -3055    -3060    -3064    -3068    -3076    -3086    -3088 
   -3090    -3096    -3100    -3102    -3105    -3107    -3106    -3102 
   -3103    -3109    -3115    -3118    -3118    -3114    -3107    -3103 
   -3100    -3099    -3096    -3095    -3096    -3098    -3092    -3086 
   -3080    -3073    -3067    -3060    -3052    -3046    -3048    -3048 
   -3042    -3033    -3021    -3007    -2997    -2988    -2980    -2972 
   -2967    -2964    -2956    -2943    -2929    -2914    -2902    -2894 
   -2884    -2871    -2862    -2852    -2841    -2830    -2817    -2801 
   -2785    -2771    -2755    -2744    -2735    -2721    -2709    -2695 
   -2682    -2667    -2652    -2636    -2624    -2609    -2597    -2587 
   -2577    -2565    -2552    -2538    -2516    -2500    -2489    -2477 
   -2465    -2455    -2442    -2430    -2416    -2401    -2385    -2369 
   -2354    -2343    -2332    -2319    -2305    -2293    -2285    -2276 
   -2261    -2245    -2232    -2219    -2207    -2196    -2188    -2174 
   -2162    -2154    -2143    -2128    -2116    -2106    -2095    -2085 
   -2076    -2064    -2053    -2049    -2041    -2030    -2025    -2018 
   -2006    -1999    -1993    -1987    -1981    -1979    -1975    -1969 
   -1962    -1958    -1958    -1956    -1949    -1946    -1945    -1948 
   -1949    -1949    -1949    -1949    -1949    -1949    -1949    -1953 
   -1960    -1962    -1964    -1969    -1977    -1984    -1988    -1991 
   -1995    -2003    -2010    -2019    -2026    -2029    -2038    -2052 
   -2058    -2064    -2070    -2079    -2088    -2097    -2107    -2120 
   -2133    -2142    -2150    -2160    -2172    -2182    -2192    -2203 
   -2215    -2226    -2239    -2253    -2262    -2274    -2289    -2299 
   -2304    -2315    -2328    -2340    -2353    -2365    -2380    -2396 
   -2408    -2413    -2421    -2436    -2452    -2463    -2475    -2488 
   -2496    -2506    -2520    -2532    -2542    -2550    -2560    -2573 
   -2589    -2602    -2608    -2613    -2623    -2633    -2640    -2648 
   -2662    -2674    -2685    -2694    -2700    -2705    -2713    -2720 
   -2724    -2732    -2740    -2747    -2754    -2762    -2767    -2771 
   -2775    -2781    -2790    -2792    -2790    -2795    -2802    -2805 
   -2811    -2817    -2821    -2822    -2828    -2833    -2833    -2837 
   -2843    -2844    -2849    -2859    -2863    -2866    -2867    -2870 
   -2870    -2872    -2880    -2889    -2896    -2902    -2903    -2898 
   -2893    -2899    -2914    -2917    -2911    -2914    -2922    -2929 
   -2930    -2925    -2915    -2913    -2924    -2940    -2940    -2925 
   -2915    -2911    -2906    -2899    -2896    -2898    -2901    -2899 
   -2891    -2879    -2863    -2843    -2829    -2822    -2818    -2818 
   -2810    -2789    -2767    -2745    -2729    -2717    -2700    -2685 
   -2671    -2647    -2623    -2602    -2582    -2563    -2543    -2517 
   -2489    -2461    -2442    -2428    -2403    -2367    -2338    -2319 
   -2297    -2272    -2241    -2207    -2184    -2173    -2155    -2124 
   -2093    -2069    -2045    -2016    -1989    -1971    -1952    -1930 
   -1908    -1883    -1856    -1836    -1819    -1798    -1775    -1755 
   -1734    -1715    -1699    -1682    -1663    -1644    -1626    -1610 
   -1593    -1572    -1559    -1543    -1524    -1509    -1495    -1480 
   -1468    -1455    -1440    -1421    -1404    -1394    -1385    -1371 
   -1356    -1344    -1333    -1324    -1314    -1308    -1300    -1289 
   -1281    -1275    -1271    -1262    -1254    -1250    -1251    -1248 
   -1239    -1232    -1233    -1239    -1243    -1244    -1242    -1243 
   -1244    -1246    -1251    -1259    -1264    -1273    -1282    -1291 
   -1298    -1305    -1310    -1323    -1340    -1352    -1370    -1387 
   -1397    -1409    -1431    -1449    -1464    -1479    -1499    -1520 
   -1539    -1557    -1580    -1606    -1626    -1644    -1668    -1696 
   -1723    -1749    -1773    -1798    -1823    -1852    -1877    -1899 
   -1926    -1958    -1988    -2015    -2045    -2073    -2098    -2124 
   -2154    -2185    -2214    -2245    -2272    -2297    -2324    -2351 
   -2374    -2400    -2432    -2465    -2493    -2517    -2543    -2563 
   -2582    -2604    -2625    -2650    -2678    -2705    -2727    -2747 
   -2767    -2785    -2798    -2810    -2824    -2841    -2862    -2886 
   -2906    -2918    -2933    -2945    -2951    -2961    -2974    -2984 
   -2997    -3010    -3018    -3026    -3036    -3042    -3049    -3057 
   -3061    -3061    -3065    -3073    -3079    -3080    -3084    -3084 
   -3083    -3086    -3090    -3094    -3092    -3090    -3088    -3087 
   -3083    -3076    -3076    -3080    -3076    -3068    -3063    -3057 
   -3051    -3045    -3041    -3030    -3017    -3011    -3007    -3002 
   -2995    -2986    -2974    -2964    -2956    -2947    -2937    -2929 
   -2917    -2903    -2891    -2884    -2876    -2867    -2859    -2847 
   -2835    -2824    -2814    -2805    -2795    -2783    -2770    -2759 
   -2749    -2739    -2729    -2718    -2708    -2700    -2695    -2686 
   -2677    -2667    -2658    -2646    -2635    -2625    -2620    -2610 
   -2601    -2592    -2581    -2569    -2558    -2548    -2540    -2531 
   -2519    -2508    -2500    -2488    -2477    -2469    -2461    -2448 
   -2439    -2427    -2416    -2409    -2401    -2392    -2382    -2370 
   -2359    -2350    -2342    -2334    -2324    -2313    -2301    -2292 
   -2284    -2274    -2265    -2258    -2254    -2245    -2236    -2227 
   -2215    -2212    -2211    -2205    -2200    -2195    -2188    -2180 
   -2174    -2168    -2165    -2163    -2160    -2157    -2154    -2147 
   -2146    -2146    -2141    -2138    -2139    -2135    -2134    -2138 
   -2138    -2138    -2142    -2143    -2144    -2149    -2151    -2147 
   -2149    -2154    -2155    -2158    -2163    -2168    -2170    -2173 
   -2174    -2178    -2184    -2189    -2195    -2199    -2205    -2211 
   -2215    -2223    -2227    -2231    -2238    -2243    -2250    -2258 
   -2265    -2273    -2280    -2285    -2292    -2297    -2304    -2312 
   -2319    -2328    -2336    -2342    -2350    -2359    -2366    -2376 
   -2386    -2394    -2404    -2415    -2425    -2438    -2446    -2450 
   -2461    -2477    -2488    -2496    -2508    -2520    -2532    -2543 
   -2552    -2560    -2571    -2583    -2598    -2613    -2623    -2633 
   -2646    -2659    -2671    -2681    -2688    -2700    -2717    -2732 
   -2740    -2748    -2758    -2767    -2778    -2787    -2794    -2805 
   -2817    -2822    -2828    -2837    -2844    -2852    -2863    -2868 
   -2872    -2880    -2887    -2893    -2899    -2906    -2911    -2917 
   -2922    -2928    -2930    -2932    -2934    -2938    -2943    -2944 
   -2945    -2947    -2948    -2949    -2949    -2953    -2956    -2956 
   -2956    -2957    -2956    -2953    -2955    -2957    -2959    -2957 
   -2957    -2957    -2955    -2952    -2948    -2945    -2947    -2944 
   -2941    -2940    -2937    -2933    -2930    -2925    -2922    -2918 
   -2915    -2913    -2907    -2903    -2899    -2894    -2889    -2880 
   -2870    -2862    -2855    -2844    -2836    -2830    -2824    -2814 
   -2801    -2787    -2771    -2759    -2748    -2736    -2724    -2713 
   -2697    -2677    -2656    -2636    -2624    -2609    -2593    -2577 
   -2556    -2535    -2516    -2492    -2466    -2446    -2427    -2405 
   -2384    -2363    -2342    -2319    -2297    -2273    -2246    -2220 
   -2196    -2177    -2160    -2134    -2110    -2089    -2068    -2046 
   -2023    -1993    -1968    -1949    -1933    -1915    -1892    -1865 
   -1838    -1817    -1799    -1783    -1768    -1753    -1732    -1709 
   -1686    -1664    -1648    -1637    -1626    -1609    -1593    -1583 
   -1570    -1552    -1539    -1528    -1518    -1505    -1497    -1494 
   -1486    -1478    -1475    -1471    -1468    -1463    -1457    -1457 
   -1457    -1459    -1463    -1468    -1478    -1486    -1489    -1491 
   -1499    -1509    -1517    -1530    -1545    -1560    -1574    -1588 
   -1605    -1621    -1640    -1658    -1676    -1694    -1714    -1737 
   -1764    -1788    -1809    -1833    -1858    -1885    -1911    -1937 
   -1962    -1989    -2019    -2049    -2077    -2106    -2134    -2162 
   -2193    -2224    -2255    -2286    -2317    -2349    -2380    -2412 
   -2446    -2475    -2508    -2546    -2582    -2616    -2650    -2682 
   -2714    -2745    -2779    -2816    -2851    -2886    -2922    -2953 
   -2984    -3017    -3049    -3083    -3115    -3148    -3183    -3215 
   -3240    -3265    -3294    -3322    -3354    -3385    -3414    -3438 
   -3454    -3472    -3499    -3524    -3546    -3566    -3584    -3599 
   -3612    -3627    -3643    -3658    -3673    -3682    -3686    -3692 
   -3703    -3715    -3721    -3721    -3723    -3730    -3734    -3734 
   -3730    -3724    -3724    -3730    -3731    -3726    -3721    -3717 
   -3711    -3707    -3701    -3696    -3693    -3684    -3670    -3661 
   -3657    -3650    -3643    -3634    -3623    -3613    -3605    -3595 
   -3585    -3574    -3561    -3554    -3549    -3539    -3526    -3514 
   -3500    -3491    -3485    -3473    -3456    -3442    -3433    -3422 
   -3410    -3399    -3388    -3377    -3368    -3354    -3338    -3326 
   -3316    -3303    -3288    -3272    -3261    -3254    -3246    -3234 
   -3217    -3199    -3184    -3169    -3157    -3145    -3132    -3117 
   -3102    -3090    -3079    -3067    -3055    -3042    -3025    -3007 
   -2997    -2986    -2975    -2964    -2953    -2940    -2926    -2915 
   -2902    -2887    -2874    -2867    -2862    -2855    -2848    -2836 
   -2817    -2799    -2790    -2791    -2791    -2787    -2779    -2768 
   -2758    -2745    -2739    -2736    -2733    -2729    -2720    -2709 
   -2706    -2706    -2702    -2697    -2691    -2682    -2674    -2669 
   -2668    -2664    -2656    -2652    -2654    -2651    -2647    -2640 
   -2632    -2624    -2619    -2619    -2616    -2609    -2600    -2596 
   -2593    -2583    -2574    -2567    -2562    -2556    -2546    -2536 
   -2527    -2517    -2511    -2504    -2494    -2484    -2469    -2458 
   -2450    -2439    -2430    -2417    -2403    -2392    -2381    -2366 
   -2354    -2349    -2342    -2332    -2319    -2308    -2296    -2286 
   -2280    -2270    -2262    -2258    -2251    -2246    -2241    -2236 
   -2235    -2230    -2226    -2224    -2223    -2222    -2223    -2226 
   -2230    -2228    -2224    -2230    -2238    -2239    -2245    -2251 
   -2255    -2261    -2267    -2272    -2278    -2288    -2297    -2308 
   -2319    -2328    -2334    -2338    -2347    -2358    -2370    -2382 
   -2394    -2407    -2416    -2423    -2428    -2440    -2457    -2467 
   -2479    -2494    -2508    -2521    -2531    -2542    -2554    -2565 
   -2579    -2596    -2608    -2617    -2629    -2641    -2654    -2667 
   -2675    -2688    -2704    -2714    -2725    -2737    -2751    -2764 
   -2772    -2781    -2790    -2803    -2817    -2826    -2833    -2843 
   -2853    -2862    -2868    -2878    -2886    -2891    -2896    -2902 
   -2905    -2910    -2913    -2917    -2925    -2930    -2933    -2936 
   -2933    -2932    -2930    -2928    -2930    -2934    -2932    -2929 
   -2925    -2918    -2913    -2909    -2902    -2894    -2882    -2876 
   -2874    -2867    -2852    -2841    -2832    -2820    -2808    -2797 
   -2785    -2771    -2759    -2749    -2735    -2718    -2705    -2691 
   -2674    -2655    -2640    -2624    -2606    -2589    -2571    -2552 
   -2536    -2520    -2504    -2488    -2467    -2448    -2430    -2409 
   -2393    -2377    -2358    -2343    -2328    -2308    -2290    -2274 
   -2255    -2238    -2220    -2203    -2187    -2170    -2155    -2141 
   -2126    -2107    -2095    -2084    -2068    -2053    -2045    -2033 
   -2019    -2006    -1991    -1981    -1973    -1964    -1954    -1945 
   -1934    -1926    -1919    -1912    -1903    -1896    -1888    -1880 
   -1876    -1873    -1869    -1868    -1865    -1856    -1845    -1840 
   -1838    -1838    -1840    -1837    -1833    -1830    -1829    -1826 
   -1825    -1819    -1814    -1810    -1806    -1807    -1811    -1814 
   -1813    -1807    -1802    -1800    -1802    -1802    -1804    -1810 
   -1806    -1800    -1799    -1802    -1804    -1810    -1813    -1814 
   -1813    -1814    -1821    -1826    -1831    -1842    -1844    -1842 
   -1846    -1854    -1863    -1872    -1880    -1890    -1895    -1899 
   -1908    -1922    -1935    -1945    -1952    -1960    -1968    -1981 
   -2001    -2019    -2030    -2041    -2053    -2064    -2079    -2093 
   -2107    -2126    -2141    -2153    -2173    -2192    -2205    -2219 
   -2232    -2246    -2263    -2282    -2301    -2319    -2335    -2350 
   -2366    -2384    -2396    -2409    -2425    -2444    -2463    -2482 
   -2493    -2505    -2521    -2536    -2550    -2565    -2581    -2593 
   -2605    -2621    -2636    -2648    -2663    -2671    -2679    -2690 
   -2704    -2716    -2729    -2740    -2747    -2751    -2763    -2775 
   -2779    -2782    -2787    -2794    -2805    -2808    -2808    -2814 
   -2818    -2817    -2818    -2822    -2826    -2828    -2829    -2828 
   -2826    -2828    -2829    -2825    -2820    -2818    -2816    -2809 
   -2803    -2801    -2798    -2795    -2789    -2783    -2778    -2771 
   -2764    -2759    -2756    -2747    -2736    -2727    -2721    -2718 
   -2712    -2700    -2688    -2679    -2671    -2667    -2660    -2648 
   -2640    -2633    -2624    -2612    -2604    -2600    -2590    -2577 
   -2567    -2556    -2548    -2546    -2540    -2532    -2519    -2504 
   -2498    -2496    -2486    -2475    -2467    -2461    -2457    -2452 
   -2442    -2436    -2432    -2425    -2419    -2415    -2405    -2397 
   -2393    -2390    -2385    -2380    -2378    -2373    -2363    -2357 
   -2353    -2347    -2343    -2338    -2332    -2328    -2323    -2319 
   -2316    -2307    -2296    -2286    -2284    -2278    -2270    -2263 
   -2255    -2247    -2239    -2230    -2222    -2215    -2204    -2193 
   -2187    -2182    -2176    -2166    -2154    -2143    -2135    -2124 
   -2115    -2106    -2098    -2095    -2088    -2073    -2064    -2057 
   -2046    -2038    -2034    -2029    -2023    -2016    -2008    -2001 
   -1998    -1991    -1984    -1979    -1975    -1972    -1968    -1964 
   -1961    -1954    -1948    -1952    -1954    -1954    -1954    -1945 
   -1933    -1933    -1939    -1946    -1949    -1946    -1945    -1944 
   -1942    -1945    -1954    -1958    -1960    -1961    -1960    -1961 
   -1971    -1975    -1977    -1980    -1981    -1981    -1987    -1991 
   -1995    -2006    -2018    -2023    -2023    -2023    -2026    -2033 
   -2041    -2047    -2056    -2065    -2072    -2077    -2083    -2088 
   -2093    -2101    -2106    -2107    -2115    -2124    -2134    -2141 
   -2144    -2149    -2153    -2160    -2168    -2172    -2174    -2180 
   -2185    -2192    -2199    -2204    -2208    -2205    -2208    -2215 
   -2220    -2222    -2223    -2227    -2234    -2236    -2236    -2235 
   -2236    -2239    -2236    -2234    -2235    -2238    -2239    -2238 
   -2238    -2238    -2235    -2236    -2239    -2232    -2224    -2224 
   -2226    -2227    -2227    -2223    -2222    -2222    -2215    -2211 
   -2208    -2207    -2205    -2205    -2208    -2209    -2209    -2207 
   -2203    -2201    -2200    -2199    -2199    -2203    -2203    -2201 
   -2204    -2208    -2212    -2212    -2211    -2212    -2212    -2212 
   -2215    -2223    -2228    -2232    -2232    -2232    -2239    -2243 
   -2246    -2250    -2254    -2262    -2272    -2277    -2280    -2285 
   -2292    -2299    -2304    -2308    -2315    -2324    -2334    -2342 
   -2349    -2355    -2363    -2371    -2378    -2385    -2394    -2407 
   -2415    -2421    -2434    -2442    -2452    -2465    -2477    -2484 
   -2488    -2496    -2509    -2523    -2535    -2546    -2559    -2569 
   -2579    -2589    -2597    -2609    -2625    -2636    -2647    -2656 
   -2664    -2679    -2694    -2700    -2708    -2724    -2733    -2739 
   -2751    -2764    -2775    -2783    -2791    -2798    -2808    -2816 
   -2824    -2835    -2843    -2851    -2863    -2874    -2879    -2887 
   -2893    -2898    -2905    -2911    -2917    -2924    -2930    -2938 
   -2944    -2945    -2948    -2952    -2955    -2956    -2960    -2963 
   -2964    -2967    -2967    -2967    -2967    -2970    -2967    -2964 
   -2961    -2961    -2959    -2953    -2956    -2955    -2945    -2938 
   -2936    -2929    -2926    -2922    -2913    -2907    -2903    -2891 
   -2882    -2880    -2875    -2871    -2862    -2852    -2847    -2841 
   -2830    -2825    -2818    -2808    -2802    -2799    -2794    -2789 
   -2782    -2775    -2768    -2764    -2758    -2748    -2744    -2745 
   -2740    -2737    -2735    -2728    -2721    -2720    -2720    -2716 
   -2714    -2714    -2713    -2712    -2706    -2702    -2698    -2697 
   -2697    -2695    -2695    -2695    -2695    -2700    -2698    -2690 
   -2687    -2690    -2690    -2690    -2693    -2694    -2694    -2693 
   -2691    -2693    -2690    -2688    -2690    -2697    -2700    -2698 
   -2698    -2697    -2690    -2685    -2686    -2690    -2694    -2698 
   -2700    -2695    -2690    -2686    -2685    -2685    -2679    -2677 
   -2683    -2686    -2682    -2678    -2671    -2663    -2659    -2656 
   -2651    -2643    -2639    -2635    -2631    -2628    -2625    -2616 
   -2604    -2592    -2586    -2581    -2574    -2570    -2560    -2546 
   -2536    -2528    -2517    -2511    -2504    -2489    -2474    -2465 
   -2458    -2447    -2435    -2425    -2415    -2401    -2385    -2366 
   -2353    -2350    -2346    -2336    -2319    -2300    -2284    -2272 
   -2262    -2257    -2250    -2234    -2215    -2204    -2191    -2180 
   -2174    -2162    -2147    -2134    -2121    -2111    -2102    -2091 
   -2083    -2077    -2066    -2049    -2034    -2026    -2023    -2023 
   -2016    -2006    -1991    -1977    -1968    -1968    -1972    -1971 
   -1965    -1956    -1948    -1944    -1941    -1941    -1941    -1937 
   -1930    -1927    -1925    -1925    -1930    -1937    -1938    -1937 
   -1930    -1923    -1929    -1939    -1945    -1948    -1949    -1948 
   -1949    -1956    -1964    -1971    -1975    -1977    -1982    -1985 
   -1989    -1998    -2004    -2010    -2019    -2026    -2027    -2033 
   -2041    -2050    -2062    -2072    -2076    -2079    -2085    -2093 
   -2104    -2111    -2118    -2126    -2134    -2138    -2147    -2158 
   -2165    -2172    -2182    -2196    -2200    -2203    -2208    -2215 
   -2227    -2245    -2253    -2257    -2262    -2265    -2277    -2299 
   -2313    -2319    -2322    -2326    -2338    -2355    -2365    -2371 
   -2381    -2388    -2400    -2416    -2424    -2430    -2440    -2452 
   -2466    -2474    -2477    -2486    -2504    -2523    -2532    -2533 
   -2536    -2546    -2562    -2577    -2590    -2596    -2601    -2610 
   -2623    -2632    -2636    -2639    -2650    -2663    -2675    -2683 
   -2687    -2693    -2702    -2712    -2724    -2735    -2740    -2744 
   -2751    -2766    -2781    -2787    -2789    -2797    -2808    -2814 
   -2820    -2833    -2847    -2857    -2868    -2874    -2878    -2890 
   -2902    -2911    -2921    -2932    -2943    -2949    -2956    -2967 
   -2984    -2994    -2999    -3002    -3006    -3019    -3038    -3051 
   -3060    -3065    -3068    -3071    -3083    -3099    -3109    -3117 
   -3119    -3125    -3133    -3141    -3148    -3153    -3159    -3161 
   -3163    -3169    -3180    -3191    -3194    -3194    -3194    -3194 
   -3199    -3208    -3217    -3222    -3223    -3222    -3222    -3222 
   -3226    -3234    -3234    -3231    -3234    -3237    -3234    -3235 
   -3241    -3237    -3234    -3235    -3234    -3231    -3231    -3226 
   -3221    -3221    -3225    -3223    -3221    -3211    -3200    -3199 
   -3200    -3194    -3183    -3173    -3163    -3156    -3161    -3163 
   -3146    -3126    -3111    -3107    -3106    -3098    -3082    -3065 
   -3051    -3038    -3029    -3019    -3005    -2991    -2976    -2960 
   -2945    -2930    -2913    -2894    -2871    -2853    -2843    -2826 
   -2806    -2785    -2759    -2740    -2728    -2709    -2688    -2669 
   -2650    -2621    -2594    -2579    -2567    -2550    -2520    -2493 
   -2474    -2454    -2432    -2413    -2394    -2370    -2342    -2324 
   -2308    -2288    -2265    -2246    -2226    -2204    -2184    -2166 
   -2153    -2139    -2119    -2096    -2079    -2069    -2061    -2046 
   -2020    -2001    -1992    -1985    -1975    -1965    -1956    -1945 
   -1927    -1912    -1906    -1904    -1898    -1888    -1878    -1868 
   -1863    -1857    -1845    -1838    -1841    -1841    -1833    -1819 
   -1810    -1810    -1807    -1799    -1794    -1794    -1795    -1802 
   -1806    -1795    -1773    -1760    -1765    -1777    -1779    -1772 
   -1768    -1769    -1772    -1772    -1765    -1753    -1752    -1761 
   -1769    -1768    -1763    -1755    -1753    -1757    -1768    -1779 
   -1783    -1781    -1784    -1787    -1781    -1773    -1781    -1802 
   -1822    -1829    -1823    -1817    -1822    -1833    -1848    -1857 
   -1861    -1867    -1877    -1894    -1917    -1930    -1926    -1917 
   -1921    -1948    -1984    -2003    -2001    -1999    -2003    -2014 
   -2039    -2076    -2096    -2093    -2084    -2093    -2126    -2160 
   -2173    -2173    -2182    -2203    -2223    -2236    -2249    -2259 
   -2278    -2299    -2311    -2319    -2336    -2355    -2367    -2373 
   -2384    -2403    -2421    -2434    -2440    -2448    -2461    -2477 
   -2490    -2505    -2517    -2525    -2532    -2539    -2548    -2560 
   -2573    -2583    -2592    -2597    -2600    -2606    -2619    -2631 
   -2636    -2641    -2643    -2650    -2662    -2666    -2664    -2668 
   -2679    -2686    -2685    -2681    -2688    -2700    -2702    -2698 
   -2695    -2695    -2700    -2705    -2708    -2705    -2702    -2700 
   -2695    -2687    -2685    -2688    -2693    -2691    -2681    -2669 
   -2667    -2667    -2663    -2655    -2646    -2640    -2636    -2629 
   -2617    -2608    -2602    -2597    -2587    -2575    -2563    -2555 
   -2546    -2535    -2524    -2512    -2502    -2494    -2485    -2471 
   -2457    -2444    -2436    -2427    -2417    -2405    -2386    -2376 
   -2373    -2363    -2350    -2336    -2324    -2316    -2308    -2297 
   -2292    -2284    -2267    -2253    -2247    -2246    -2242    -2234 
   -2222    -2214    -2205    -2196    -2191    -2188    -2181    -2176 
   -2170    -2163    -2158    -2155    -2153    -2147    -2139    -2138 
   -2141    -2139    -2134    -2133    -2130    -2126    -2126    -2128 
   -2128    -2124    -2119    -2118    -2121    -2126    -2124    -2123 
   -2123    -2121    -2120    -2121    -2124    -2124    -2126    -2126 
   -2123    -2121    -2126    -2126    -2126    -2126    -2121    -2124 
   -2130    -2130    -2124    -2123    -2120    -2118    -2119    -2118 
   -2118    -2119    -2115    -2110    -2110    -2106    -2098    -2098 
   -2100    -2096    -2089    -2088    -2089    -2089    -2083    -2077 
   -2076    -2074    -2070    -2069    -2070    -2070    -2068    -2064 
   -2064    -2061    -2053    -2050    -2052    -2053    -2056    -2056 
   -2053    -2053    -2050    -2047    -2050    -2057    -2060    -2058 
   -2057    -2061    -2064    -2066    -2069    -2072    -2077    -2084 
   -2088    -2092    -2100    -2107    -2110    -2110    -2115    -2124 
   -2141    -2154    -2157    -2161    -2168    -2169    -2176    -2192 
   -2205    -2212    -2218    -2222    -2231    -2245    -2254    -2259 
   -2272    -2284    -2288    -2286    -2296    -2316    -2336    -2343 
   -2340    -2338    -2349    -2365    -2374    -2381    -2389    -2394 
   -2397    -2400    -2407    -2419    -2434    -2439    -2442    -2440 
   -2436    -2444    -2465    -2482    -2484    -2473    -2473    -2489 
   -2506    -2512    -2505    -2494    -2502    -2528    -2542    -2543 
   -2542    -2538    -2538    -2544    -2554    -2574    -2593    -2593 
   -2581    -2578    -2586    -2598    -2612    -2623    -2627    -2624 
   -2620    -2633    -2655    -2663    -2663    -2660    -2667    -2681 
   -2683    -2682    -2695    -2712    -2720    -2717    -2712    -2721 
   -2744    -2752    -2749    -2754    -2764    -2771    -2772    -2771 
   -2781    -2798    -2805    -2798    -2789    -2797    -2817    -2833 
   -2835    -2821    -2814    -2828    -2844    -2847    -2840    -2843 
   -2856    -2863    -2856    -2848    -2855    -2863    -2859    -2859 
   -2867    -2874    -2872    -2870    -2866    -2857    -2855    -2870 
   -2882    -2880    -2874    -2863    -2860    -2872    -2879    -2875 
   -2874    -2870    -2863    -2860    -2859    -2862    -2870    -2874 
   -2863    -2847    -2841    -2844    -2847    -2844    -2837    -2835 
   -2832    -2817    -2808    -2809    -2805    -2795    -2789    -2775 
   -2759    -2758    -2770    -2766    -2732    -2694    -2694    -2728 
   -2727    -2671    -2631    -2644    -2677    -2669    -2619    -2583 
   -2596    -2613    -2592    -2554    -2540    -2539    -2529    -2517 
   -2515    -2496    -2466    -2466    -2478    -2459    -2416    -2385 
   -2400    -2448    -2457    -2392    -2327    -2332    -2382    -2393 
   -2342    -2299    -2324    -2366    -2349    -2295    -2276    -2300 
   -2317    -2313    -2309    -2299    -2278    -2274    -2290    -2305 
   -2299    -2274    -2273    -2305    -2327    -2312    -2299    -2303 
   -2307    -2317    -2338    -2358    -2363    -2344    -2338    -2362 
   -2389    -2401    -2409    -2416    -2428    -2440    -2442    -2458 
   -2490    -2504    -2500    -2505    -2528    -2555    -2569    -2574 
   -2589    -2612    -2625    -2636    -2655    -2677    -2686    -2694 
   -2714    -2740    -2764    -2768    -2763    -2778    -2814    -2843 
   -2851    -2848    -2857    -2884    -2911    -2922    -2922    -2932 
   -2953    -2974    -2980    -2988    -3005    -3025    -3040    -3045 
   -3049    -3060    -3080    -3096    -3100    -3107    -3125    -3140 
   -3141    -3140    -3148    -3168    -3188    -3191    -3180    -3184 
   -3200    -3211    -3219    -3225    -3222    -3219    -3226    -3242 
   -3257    -3254    -3244    -3246    -3260    -3261    -3248    -3245 
   -3269    -3284    -3265    -3240    -3240    -3262    -3279    -3264 
   -3246    -3248    -3253    -3253    -3252    -3246    -3235    -3227 
   -3229    -3238    -3232    -3210    -3200    -3206    -3207    -3199 
   -3180    -3169    -3176    -3180    -3167    -3146    -3134    -3132 
   -3127    -3119    -3117    -3111    -3090    -3082    -3087    -3078 
   -3059    -3041    -3033    -3036    -3032    -3011    -2998    -2995 
   -2986    -2975    -2960    -2949    -2948    -2940    -2929    -2921 
   -2909    -2889    -2870    -2862    -2863    -2862    -2844    -2835 
   -2826    -2808    -2785    -2772    -2768    -2767    -2759    -2740 
   -2716    -2695    -2686    -2681    -2678    -2669    -2650    -2631 
   -2617    -2605    -2592    -2577    -2563    -2558    -2551    -2524 
   -2497    -2488    -2479    -2469    -2461    -2442    -2416    -2401 
   -2396    -2388    -2378    -2362    -2335    -2313    -2303    -2297 
   -2292    -2281    -2265    -2243    -2224    -2211    -2201    -2195 
   -2191    -2177    -2153    -2133    -2120    -2118    -2118    -2096 
   -2072    -2070    -2073    -2061    -2037    -2015    -2014    -2022 
   -2018    -1993    -1966    -1953    -1956    -1958    -1946    -1927 
   -1917    -1915    -1914    -1902    -1881    -1869    -1876    -1883 
   -1868    -1844    -1826    -1829    -1837    -1840    -1826    -1802 
   -1786    -1796    -1811    -1804    -1786    -1771    -1767    -1773 
   -1779    -1773    -1763    -1755    -1755    -1761    -1759    -1748 
   -1746    -1755    -1760    -1760    -1757    -1757    -1755    -1757 
   -1759    -1755    -1759    -1773    -1779    -1773    -1779    -1780 
   -1780    -1796    -1806    -1795    -1795    -1809    -1817    -1822 
   -1825    -1829    -1840    -1846    -1844    -1850    -1863    -1871 
   -1877    -1880    -1877    -1883    -1896    -1904    -1915    -1922 
   -1917    -1919    -1938    -1952    -1953    -1952    -1954    -1968 
   -1979    -1980    -1985    -1996    -2000    -2003    -2011    -2023 
   -2029    -2026    -2034    -2047    -2052    -2060    -2070    -2079 
   -2083    -2081    -2087    -2106    -2126    -2133    -2120    -2123 
   -2144    -2153    -2154    -2163    -2184    -2199    -2192    -2196 
   -2218    -2227    -2234    -2245    -2255    -2262    -2267    -2284 
   -2303    -2307    -2312    -2327    -2344    -2358    -2362    -2361 
   -2373    -2409    -2439    -2436    -2419    -2419    -2452    -2498 
   -2513    -2504    -2512    -2519    -2508    -2521    -2565    -2594 
   -2593    -2586    -2587    -2594    -2614    -2644    -2663    -2666 
   -2655    -2647    -2673    -2714    -2721    -2705    -2694    -2709 
   -2747    -2758    -2729    -2735    -2764    -2755    -2743    -2767 
   -2792    -2785    -2763    -2770    -2786    -2779    -2778    -2797 
   -2798    -2782    -2778    -2776    -2775    -2785    -2785    -2770 
   -2762    -2764    -2768    -2759    -2736    -2733    -2740    -2717 
   -2704    -2727    -2727    -2687    -2658    -2662    -2673    -2650 
   -2613    -2608    -2625    -2624    -2593    -2558    -2540    -2544 
   -2544    -2523    -2496    -2478    -2463    -2455    -2448    -2430 
   -2404    -2382    -2366    -2359    -2350    -2331    -2312    -2303 
   -2280    -2245    -2227    -2234    -2238    -2215    -2180    -2161 
   -2155    -2149    -2139    -2126    -2106    -2085    -2076    -2076 
   -2069    -2050    -2033    -2027    -2025    -2018    -2007    -1993 
   -1984    -1977    -1972    -1968    -1964    -1956    -1949    -1949 
   -1949    -1942    -1938    -1937    -1939    -1941    -1935    -1930 
   -1930    -1937    -1941    -1942    -1944    -1948    -1949    -1949 
   -1953    -1962    -1969    -1972    -1979    -1984    -1987    -1992 
   -2004    -2018    -2033    -2034    -2030    -2039    -2057    -2072 
   -2085    -2092    -2093    -2107    -2124    -2135    -2139    -2147 
   -2163    -2188    -2203    -2201    -2196    -2212    -2245    -2269 
   -2269    -2262    -2280    -2311    -2322    -2316    -2326    -2353 
   -2376    -2378    -2381    -2401    -2423    -2430    -2432    -2442 
   -2461    -2478    -2493    -2505    -2515    -2521    -2535    -2558 
   -2575    -2574    -2574    -2590    -2614    -2628    -2633    -2636 
   -2648    -2673    -2685    -2682    -2695    -2721    -2731    -2724 
   -2727    -2745    -2758    -2768    -2783    -2785    -2776    -2782 
   -2803    -2822    -2826    -2818    -2820    -2830    -2839    -2843 
   -2843    -2844    -2855    -2859    -2857    -2857    -2856    -2859 
   -2866    -2863    -2856    -2857    -2863    -2863    -2856    -2849 
   -2848    -2848    -2844    -2841    -2832    -2825    -2825    -2826 
   -2822    -2811    -2798    -2792    -2794    -2790    -2778    -2762 
   -2751    -2748    -2744    -2735    -2721    -2704    -2695    -2691 
   -2675    -2659    -2655    -2650    -2629    -2612    -2608    -2597 
   -2578    -2569    -2558    -2539    -2521    -2513    -2505    -2493 
   -2478    -2461    -2447    -2435    -2427    -2413    -2404    -2394 
   -2376    -2365    -2359    -2343    -2331    -2324    -2315    -2303 
   -2292    -2284    -2280    -2273    -2261    -2247    -2243    -2247 
   -2249    -2235    -2215    -2212    -2218    -2219    -2215    -2208 
   -2203    -2203    -2205    -2207    -2201    -2199    -2200    -2201 
   -2205    -2212    -2207    -2199    -2208    -2222    -2228    -2223 
   -2215    -2219    -2236    -2257    -2254    -2234    -2238    -2265 
   -2280    -2274    -2267    -2269    -2281    -2300    -2313    -2317 
   -2315    -2313    -2317    -2330    -2351    -2363    -2355    -2351 
   -2362    -2381    -2390    -2384    -2377    -2388    -2407    -2420 
   -2417    -2412    -2417    -2431    -2435    -2430    -2431    -2442 
   -2459    -2463    -2454    -2448    -2459    -2474    -2479    -2478 
   -2474    -2474    -2479    -2492    -2505    -2508    -2502    -2501 
   -2509    -2516    -2519    -2524    -2532    -2536    -2539    -2543 
   -2551    -2563    -2571    -2573    -2574    -2582    -2589    -2594 
   -2605    -2613    -2614    -2619    -2629    -2641    -2647    -2651 
   -2654    -2659    -2675    -2694    -2698    -2690    -2694    -2712 
   -2727    -2735    -2740    -2743    -2749    -2759    -2770    -2775 
   -2783    -2791    -2791    -2795    -2806    -2816    -2821    -2829 
   -2840    -2844    -2844    -2849    -2857    -2863    -2868    -2875 
   -2880    -2886    -2895    -2901    -2903    -2909    -2917    -2921 
   -2924    -2932    -2934    -2934    -2941    -2947    -2947    -2951 
   -2964    -2971    -2967    -2963    -2967    -2978    -2986    -2986 
   -2980    -2972    -2975    -2986    -2991    -2988    -2986    -2980 
   -2980    -2986    -2984    -2983    -2986    -2988    -2983    -2976 
   -2970    -2961    -2960    -2965    -2964    -2959    -2956    -2953 
   -2949    -2943    -2929    -2920    -2920    -2922    -2920    -2910 
   -2896    -2884    -2880    -2879    -2870    -2857    -2853    -2847 
   -2843    -2841    -2833    -2818    -2803    -2790    -2789    -2789 
   -2781    -2770    -2763    -2763    -2759    -2744    -2727    -2718 
   -2717    -2720    -2718    -2706    -2693    -2678    -2668    -2673 
   -2678    -2667    -2655    -2650    -2647    -2648    -2654    -2647 
   -2627    -2617    -2620    -2619    -2616    -2612    -2609    -2613 
   -2612    -2602    -2596    -2593    -2597    -2606    -2608    -2601 
   -2593    -2587    -2589    -2597    -2604    -2604    -2598    -2596 
   -2596    -2600    -2605    -2610    -2608    -2600    -2600    -2609 
   -2613    -2617    -2627    -2631    -2621    -2606    -2597    -2606 
   -2629    -2648    -2647    -2625    -2604    -2604    -2621    -2636 
   -2636    -2625    -2614    -2614    -2617    -2617    -2616    -2614 
   -2617    -2609    -2596    -2592    -2594    -2594    -2596    -2592 
   -2579    -2562    -2552    -2555    -2558    -2555    -2551    -2542 
   -2527    -2516    -2515    -2512    -2502    -2493    -2490    -2485 
   -2471    -2455    -2446    -2442    -2448    -2442    -2421    -2404 
   -2398    -2403    -2408    -2401    -2384    -2366    -2355    -2357 
   -2362    -2354    -2338    -2328    -2326    -2324    -2327    -2324 
   -2311    -2299    -2296    -2299    -2299    -2290    -2284    -2286 
   -2284    -2273    -2263    -2259    -2263    -2280    -2292    -2281 
   -2261    -2249    -2251    -2265    -2276    -2270    -2253    -2245 
   -2255    -2270    -2280    -2277    -2267    -2263    -2270    -2278 
   -2282    -2284    -2282    -2285    -2286    -2286    -2285    -2289 
   -2303    -2317    -2319    -2315    -2307    -2305    -2317    -2336 
   -2346    -2338    -2332    -2334    -2340    -2350    -2358    -2361 
   -2359    -2363    -2370    -2376    -2377    -2380    -2382    -2385 
   -2384    -2381    -2388    -2396    -2398    -2400    -2401    -2405 
   -2408    -2405    -2403    -2405    -2409    -2411    -2415    -2417 
   -2408    -2401    -2408    -2420    -2428    -2425    -2415    -2412 
   -2420    -2425    -2423    -2420    -2413    -2409    -2413    -2423 
   -2434    -2434    -2427    -2425    -2428    -2431    -2431    -2428 
   -2428    -2434    -2435    -2432    -2430    -2430    -2436    -2446 
   -2452    -2447    -2439    -2442    -2452    -2455    -2454    -2454 
   -2450    -2446    -2448    -2457    -2463    -2463    -2458    -2457 
   -2466    -2471    -2469    -2466    -2463    -2461    -2461    -2465 
   -2475    -2484    -2478    -2466    -2461    -2470    -2486    -2493 
   -2484    -2471    -2467    -2474    -2489    -2502    -2502    -2489 
   -2477    -2477    -2485    -2498    -2511    -2509    -2498    -2494 
   -2497    -2501    -2511    -2520    -2521    -2519    -2512    -2508 
   -2519    -2536    -2546    -2542    -2533    -2528    -2531    -2540 
   -2552    -2558    -2559    -2558    -2559    -2565    -2569    -2571 
   -2570    -2573    -2578    -2579    -2582    -2586    -2592    -2593 
   -2592    -2590    -2587    -2587    -2597    -2604    -2601    -2596 
   -2592    -2592    -2594    -2594    -2592    -2589    -2586    -2586 
   -2583    -2578    -2573    -2569    -2565    -2565    -2562    -2552 
   -2540    -2536    -2533    -2528    -2521    -2513    -2501    -2492 
   -2493    -2489    -2470    -2458    -2457    -2450    -2436    -2421 
   -2408    -2398    -2398    -2400    -2382    -2355    -2342    -2340 
   -2338    -2331    -2312    -2288    -2274    -2274    -2272    -2261 
   -2245    -2231    -2220    -2211    -2200    -2192    -2185    -2177 
   -2168    -2157    -2142    -2126    -2120    -2124    -2124    -2115 
   -2097    -2081    -2074    -2077    -2079    -2072    -2057    -2043 
   -2037    -2039    -2043    -2042    -2034    -2027    -2018    -2011 
   -2011    -2014    -2012    -2008    -2006    -2004    -2008    -2007 
   -2000    -1996    -1995    -1998    -2004    -2006    -2001    -2000 
   -2000    -2001    -2006    -2011    -2015    -2012    -2006    -2007 
   -2015    -2025    -2030    -2030    -2031    -2030    -2030    -2039 
   -2049    -2049    -2049    -2052    -2056    -2062    -2069    -2074 
   -2074    -2076    -2084    -2089    -2089    -2093    -2101    -2106 
   -2107    -2107    -2111    -2115    -2123    -2130    -2134    -2134 
   -2135    -2139    -2147    -2154    -2154    -2154    -2157    -2160 
   -2162    -2170    -2178    -2184    -2182    -2180    -2184    -2193 
   -2193    -2195    -2199    -2203    -2204    -2208    -2211    -2211 
   -2215    -2222    -2222    -2223    -2231    -2238    -2234    -2231 
   -2234    -2239    -2243    -2247    -2246    -2243    -2246    -2251 
   -2254    -2255    -2259    -2258    -2251    -2249    -2253    -2259 
   -2265    -2270    -2270    -2263    -2259    -2261    -2266    -2274 
   -2276    -2270    -2265    -2267    -2276    -2281    -2282    -2284 
   -2285    -2284    -2286    -2293    -2295    -2295    -2295    -2295 
   -2296    -2297    -2300    -2307    -2309    -2308    -2311    -2312 
   -2316    -2323    -2330    -2331    -2331    -2332    -2336    -2340 
   -2344    -2351    -2357    -2361    -2362    -2365    -2371    -2378 
   -2382    -2386    -2390    -2392    -2396    -2407    -2416    -2416 
   -2419    -2424    -2430    -2438    -2447    -2451    -2454    -2459 
   -2461    -2470    -2479    -2486    -2492    -2497    -2498    -2505 
   -2515    -2520    -2528    -2532    -2531    -2535    -2543    -2554 
   -2562    -2565    -2565    -2569    -2575    -2584    -2590    -2592 
   -2594    -2597    -2600    -2602    -2609    -2616    -2623    -2625 
   -2624    -2624    -2628    -2633    -2640    -2644    -2641    -2636 
   -2641    -2650    -2658    -2659    -2652    -2648    -2652    -2658 
   -2659    -2656    -2652    -2652    -2659    -2663    -2663    -2660 
   -2659    -2659    -2659    -2659    -2662    -2663    -2660    -2659 
   -2660    -2660    -2656    -2655    -2659    -2658    -2656    -2654 
   -2650    -2652    -2659    -2656    -2650    -2650    -2655    -2659 
   -2659    -2658    -2656    -2654    -2654    -2662    -2668    -2668 
   -2667    -2668    -2671    -2678    -2682    -2685    -2686    -2687 
   -2690    -2695    -2702    -2706    -2713    -2718    -2720    -2725 
   -2736    -2740    -2743    -2748    -2756    -2763    -2768    -2775 
   -2783    -2791    -2797    -2802    -2808    -2818    -2829    -2835 
   -2837    -2844    -2853    -2860    -2867    -2875    -2882    -2890 
   -2895    -2902    -2910    -2918    -2925    -2930    -2937    -2947 
   -2955    -2960    -2965    -2974    -2980    -2986    -2991    -2999 
   -3009    -3014    -3017    -3024    -3029    -3032    -3040    -3045 
   -3048    -3053    -3061    -3067    -3069    -3071    -3073    -3080 
   -3086    -3088    -3090    -3092    -3092    -3095    -3102    -3107 
   -3107    -3109    -3113    -3115    -3113    -3111    -3109    -3113 
   -3118    -3118    -3114    -3114    -3113    -3111    -3115    -3114 
   -3111    -3111    -3109    -3109    -3114    -3109    -3102    -3099 
   -3100    -3102    -3100    -3096    -3090    -3090    -3088    -3086 
   -3083    -3082    -3076    -3071    -3075    -3075    -3067    -3061 
   -3061    -3060    -3059    -3056    -3049    -3045    -3044    -3041 
   -3037    -3033    -3032    -3028    -3021    -3017    -3015    -3010 
   -3005    -3001    -2992    -2988    -2986    -2979    -2970    -2961 
   -2953    -2948    -2941    -2932    -2921    -2911    -2905    -2896 
   -2886    -2874    -2860    -2849    -2841    -2830    -2817    -2806 
   -2792    -2778    -2766    -2755    -2740    -2728    -2714    -2701 
   -2685    -2664    -2647    -2635    -2623    -2605    -2583    -2567 
   -2558    -2542    -2521    -2502    -2485    -2471    -2455    -2438 
   -2420    -2400    -2382    -2369    -2357    -2343    -2319    -2299 
   -2286    -2273    -2253    -2238    -2224    -2211    -2195    -2177 
   -2160    -2143    -2130    -2123    -2111    -2092    -2076    -2062 
   -2052    -2042    -2031    -2014    -2000    -1992    -1981    -1972 
   -1961    -1945    -1930    -1923    -1917    -1907    -1895    -1887 
   -1883    -1873    -1861    -1854    -1849    -1841    -1833    -1823 
   -1815    -1806    -1799    -1795    -1787    -1776    -1772    -1769 
   -1765    -1761    -1752    -1741    -1734    -1732    -1728    -1722 
   -1714    -1706    -1701    -1702    -1701    -1692    -1680    -1672 
   -1668    -1667    -1668    -1664    -1655    -1648    -1642    -1637 
   -1632    -1632    -1630    -1622    -1621    -1618    -1611    -1609 
   -1606    -1606    -1605    -1603    -1602    -1601    -1597    -1591 
   -1594    -1599    -1602    -1603    -1601    -1599    -1602    -1605 
   -1613    -1620    -1620    -1618    -1622    -1622    -1625    -1637 
   -1653    -1660    -1661    -1663    -1665    -1675    -1690    -1701 
   -1707    -1711    -1718    -1729    -1740    -1749    -1761    -1772 
   -1781    -1794    -1802    -1807    -1818    -1833    -1845    -1856 
   -1865    -1876    -1888    -1902    -1914    -1926    -1934    -1945 
   -1956    -1966    -1979    -1992    -2003    -2014    -2026    -2041 
   -2052    -2057    -2068    -2081    -2092    -2106    -2116    -2123 
   -2130    -2143    -2154    -2161    -2166    -2173    -2184    -2195 
   -2201    -2211    -2219    -2224    -2230    -2238    -2245    -2253 
   -2258    -2265    -2270    -2274    -2276    -2277    -2285    -2295 
   -2296    -2296    -2299    -2301    -2301    -2304    -2311    -2313 
   -2312    -2308    -2305    -2307    -2311    -2315    -2312    -2305 
   -2299    -2300    -2305    -2304    -2299    -2293    -2292    -2289 
   -2284    -2280    -2281    -2281    -2277    -2267    -2258    -2255 
   -2254    -2253    -2257    -2253    -2239    -2228    -2227    -2228 
   -2230    -2224    -2219    -2214    -2208    -2205    -2205    -2199 
   -2193    -2192    -2191    -2187    -2181    -2176    -2176    -2180 
   -2177    -2172    -2168    -2165    -2160    -2158    -2162    -2163 
   -2161    -2157    -2153    -2150    -2154    -2161    -2161    -2155 
   -2151    -2149    -2153    -2160    -2161    -2160    -2160    -2161 
   -2162    -2165    -2170    -2174    -2173    -2172    -2176    -2180 
   -2185    -2189    -2193    -2196    -2196    -2199    -2203    -2207 
   -2215    -2220    -2223    -2228    -2238    -2242    -2242    -2245 
   -2254    -2263    -2269    -2272    -2280    -2288    -2295    -2301 
   -2311    -2316    -2319    -2324    -2338    -2350    -2354    -2359 
   -2370    -2377    -2381    -2390    -2400    -2408    -2416    -2425 
   -2434    -2442    -2451    -2459    -2469    -2477    -2486    -2494 
   -2502    -2512    -2521    -2528    -2535    -2546    -2558    -2565 
   -2574    -2579    -2584    -2596    -2606    -2614    -2624    -2632 
   -2639    -2647    -2656    -2666    -2673    -2681    -2687    -2693 
   -2702    -2713    -2718    -2721    -2729    -2737    -2745    -2751 
   -2755    -2762    -2772    -2778    -2783    -2790    -2792    -2795 
   -2803    -2810    -2814    -2817    -2824    -2828    -2830    -2837 
   -2841    -2840    -2844    -2848    -2849    -2853    -2857    -2859 
   -2859    -2862    -2866    -2867    -2867    -2868    -2874    -2874 
   -2872    -2874    -2874    -2874    -2874    -2875    -2876    -2880 
   -2880    -2879    -2880    -2882    -2882    -2880    -2879    -2878 
   -2879    -2878    -2876    -2879    -2879    -2875    -2878    -2880 
   -2878    -2875    -2874    -2878    -2882    -2876    -2874    -2874 
   -2872    -2872    -2872    -2871    -2870    -2867    -2867    -2870 
   -2867    -2862    -2862    -2863    -2862    -2860    -2860    -2859 
   -2859    -2857    -2851    -2849    -2851    -2848    -2844    -2844 
   -2843    -2840    -2836    -2832    -2835    -2833    -2832    -2832 
   -2829    -2824    -2824    -2822    -2821    -2822    -2816    -2809 
   -2810    -2813    -2810    -2809    -2809    -2803    -2797    -2794 
   -2795    -2797    -2794    -2791    -2787    -2785    -2782    -2779 
   -2778    -2776    -2774    -2770    -2767    -2767    -2763    -2759 
   -2756    -2751    -2744    -2743    -2743    -2740    -2737    -2733 
   -2728    -2727    -2725    -2720    -2716    -2714    -2710    -2704 
   -2701    -2700    -2694    -2691    -2688    -2685    -2679    -2678 
   -2675    -2671    -2668    -2667    -2662    -2655    -2652    -2651 
   -2648    -2643    -2640    -2636    -2629    -2627    -2625    -2623 
   -2619    -2614    -2609    -2604    -2601    -2600    -2597    -2594 
   -2589    -2582    -2579    -2579    -2574    -2570    -2567    -2562 
   -2552    -2546    -2550    -2551    -2546    -2542    -2536    -2531 
   -2528    -2525    -2521    -2521    -2519    -2512    -2505    -2504 
   -2506    -2505    -2500    -2494    -2493    -2493    -2493    -2489 
   -2486    -2488    -2484    -2477    -2474    -2475    -2475    -2474 
   -2475    -2477    -2471    -2471    -2477    -2478    -2475    -2474 
   -2474    -2475    -2474    -2477    -2484    -2484    -2478    -2479 
   -2486    -2492    -2493    -2493    -2497    -2500    -2500    -2505 
   -2511    -2515    -2519    -2523    -2527    -2532    -2535    -2540 
   -2546    -2551    -2551    -2555    -2562    -2567    -2574    -2581 
   -2586    -2590    -2593    -2597    -2602    -2609    -2619    -2627 
   -2629    -2629    -2635    -2640    -2647    -2655    -2660    -2659 
   -2660    -2668    -2674    -2677    -2683    -2686    -2687    -2693 
   -2701    -2705    -2705    -2709    -2714    -2717    -2718    -2720 
   -2727    -2733    -2735    -2733    -2737    -2740    -2744    -2748 
   -2752    -2755    -2756    -2759    -2763    -2766    -2767    -2770 
   -2771    -2772    -2776    -2779    -2782    -2782    -2781    -2783 
   -2787    -2789    -2791    -2792    -2791    -2792    -2797    -2798 
   -2798    -2799    -2801    -2801    -2799    -2802    -2808    -2811 
   -2810    -2808    -2805    -2808    -2810    -2809    -2810    -2814 
   -2810    -2808    -2809    -2813    -2816    -2813    -2811    -2811 
   -2813    -2814    -2813    -2813    -2813    -2811    -2809    -2810 
   -2811    -2810    -2805    -2803    -2808    -2805    -2801    -2799 
   -2801    -2798    -2792    -2791    -2792    -2790    -2786    -2785 
   -2783    -2778    -2774    -2774    -2774    -2767    -2759    -2762 
   -2762    -2754    -2751    -2752    -2747    -2737    -2735    -2733 
   -2731    -2724    -2717    -2716    -2713    -2708    -2704    -2698 
   -2691    -2686    -2681    -2679    -2675    -2668    -2663    -2658 
   -2652    -2648    -2644    -2636    -2631    -2628    -2623    -2616 
   -2613    -2612    -2602    -2596    -2592    -2584    -2578    -2575 
   -2573    -2569    -2563    -2556    -2550    -2544    -2542    -2535 
   -2529    -2525    -2520    -2516    -2511    -2502    -2501    -2500 
   -2492    -2484    -2481    -2474    -2469    -2467    -2466    -2463 
   -2457    -2450    -2447    -2440    -2435    -2434    -2430    -2421 
   -2419    -2416    -2412    -2409    -2404    -2396    -2397    -2397 
   -2388    -2382    -2381    -2377    -2371    -2366    -2363    -2362 
   -2357    -2349    -2346    -2346    -2338    -2334    -2328    -2324 
   -2319    -2313    -2311    -2312    -2308    -2301    -2296    -2292 
   -2289    -2285    -2282    -2277    -2270    -2263    -2261    -2259 
   -2254    -2250    -2243    -2241    -2239    -2235    -2231    -2227 
   -2220    -2215    -2215    -2214    -2211    -2207    -2199    -2193 
   -2196    -2195    -2189    -2189    -2189    -2182    -2176    -2177 
   -2181    -2174    -2172    -2174    -2173    -2168    -2168    -2168 
   -2168    -2170    -2169    -2168    -2170    -2172    -2169    -2170 
   -2173    -2170    -2169    -2174    -2182    -2187    -2184    -2184 
   -2191    -2195    -2196    -2199    -2199    -2199    -2204    -2211 
   -2218    -2219    -2219    -2222    -2228    -2234    -2239    -2243 
   -2249    -2254    -2257    -2261    -2267    -2272    -2276    -2280 
   -2288    -2296    -2299    -2305    -2309    -2309    -2316    -2324 
   -2332    -2336    -2338    -2344    -2353    -2357    -2361    -2366 
   -2370    -2377    -2378    -2381    -2390    -2394    -2397    -2404 
   -2407    -2407    -2411    -2417    -2421    -2423    -2428    -2434 
   -2434    -2434    -2435    -2440    -2446    -2446    -2442    -2447 
   -2450    -2448    -2447    -2452    -2455    -2452    -2451    -2452 
   -2452    -2454    -2452    -2450    -2450    -2450    -2446    -2442 
   -2447    -2447    -2440    -2438    -2438    -2432    -2427    -2424 
   -2423    -2421    -2417    -2412    -2409    -2405    -2400    -2396 
   -2393    -2388    -2382    -2377    -2370    -2366    -2361    -2353 
   -2346    -2340    -2335    -2328    -2322    -2312    -2304    -2297 
   -2289    -2281    -2276    -2266    -2255    -2249    -2239    -2230 
   -2223    -2214    -2204    -2196    -2187    -2177    -2169    -2161 
   -2154    -2143    -2130    -2124    -2118    -2106    -2092    -2084 
   -2079    -2069    -2062    -2057    -2049    -2039    -2029    -2020 
   -2014    -2007    -2000    -1991    -1984    -1980    -1975    -1964 
   -1956    -1954    -1949    -1944    -1941    -1937    -1930    -1927 
   -1926    -1922    -1915    -1911    -1911    -1911    -1906    -1904 
   -1907    -1904    -1899    -1895    -1895    -1895    -1896    -1898 
