Origin Time       2016/04/16 01:25:00
Lat.              32.753
Long.             130.762
Depth. (km)       12
Mag.              7.3
Station Code      NGS018
Station Lat.      32.6341
Station Long.     128.6194
Station Height(m) 6
Record Time       2016/04/16 01:25:48
Sampling Freq(Hz) 100Hz
Duration Time(s)  76
Dir.              E-W
Scale Factor      3920(gal)/6182761
Max. Acc. (gal)   1.505
Last Correction   2016/04/16 01:25:50
Memo.             
   14524    14527    14527    14525    14526    14527    14526    14526 
   14528    14527    14525    14527    14526    14524    14527    14526 
   14525    14526    14525    14526    14526    14523    14525    14526 
   14526    14527    14527    14526    14526    14525    14525    14525 
   14527    14526    14524    14528    14530    14524    14525    14531 
   14526    14522    14527    14528    14522    14524    14528    14523 
   14525    14529    14523    14524    14527    14524    14526    14526 
   14526    14529    14525    14523    14527    14526    14524    14528 
   14527    14524    14525    14529    14526    14525    14527    14523 
   14523    14530    14527    14524    14527    14524    14524    14527 
   14528    14526    14523    14525    14526    14524    14526    14526 
   14526    14526    14525    14526    14526    14524    14527    14526 
   14524    14528    14526    14522    14527    14530    14526    14525 
   14527    14526    14523    14527    14526    14524    14528    14527 
   14522    14525    14526    14524    14525    14525    14524    14525 
   14526    14525    14525    14525    14524    14524    14524    14523 
   14526    14528    14525    14526    14528    14525    14525    14525 
   14524    14525    14527    14527    14524    14525    14526    14523 
   14525    14528    14524    14525    14528    14524    14525    14527 
   14525    14525    14525    14524    14525    14527    14527    14525 
   14525    14525    14526    14527    14524    14525    14526    14523 
   14525    14527    14524    14526    14526    14523    14524    14526 
   14525    14524    14526    14527    14523    14523    14527    14526 
   14525    14526    14528    14526    14524    14529    14528    14522 
   14527    14528    14523    14526    14529    14525    14525    14526 
   14526    14524    14525    14526    14524    14526    14528    14526 
   14525    14525    14524    14527    14526    14524    14526    14525 
   14523    14527    14526    14523    14526    14527    14523    14524 
   14527    14522    14523    14527    14526    14525    14525    14525 
   14528    14524    14524    14528    14525    14523    14527    14528 
   14526    14526    14529    14528    14526    14526    14525    14524 
   14526    14526    14525    14524    14525    14526    14526    14525 
   14526    14525    14526    14526    14523    14523    14525    14525 
   14524    14524    14525    14525    14523    14527    14525    14523 
   14525    14522    14523    14526    14523    14525    14527    14527 
   14528    14525    14525    14527    14524    14526    14527    14522 
   14523    14526    14523    14522    14525    14528    14526    14524 
   14526    14526    14524    14524    14529    14530    14524    14525 
   14526    14521    14523    14528    14527    14526    14525    14524 
   14525    14529    14532    14531    14529    14529    14526    14528 
   14533    14531    14529    14528    14528    14530    14530    14532 
   14533    14529    14528    14530    14532    14533    14532    14534 
   14534    14532    14536    14538    14536    14535    14528    14529 
   14536    14537    14539    14543    14538    14533    14539    14545 
   14542    14538    14537    14531    14529    14537    14543    14544 
   14540    14532    14528    14529    14533    14539    14537    14531 
   14529    14533    14543    14549    14549    14545    14539    14539 
   14539    14535    14534    14529    14523    14524    14528    14535 
   14540    14542    14542    14540    14541    14544    14544    14543 
   14538    14532    14534    14535    14535    14535    14534    14533 
   14531    14530    14535    14538    14538    14540    14541    14540 
   14537    14539    14540    14536    14536    14535    14528    14527 
   14527    14520    14517    14520    14523    14525    14524    14527 
   14530    14532    14535    14536    14535    14533    14525    14522 
   14522    14518    14513    14513    14514    14512    14512    14519 
   14523    14526    14531    14535    14539    14540    14537    14532 
   14527    14527    14525    14516    14508    14503    14503    14516 
   14530    14533    14530    14528    14524    14528    14539    14542 
   14535    14526    14518    14516    14520    14519    14517    14512 
   14504    14503    14508    14513    14522    14534    14537    14537 
   14538    14537    14529    14522    14522    14519    14515    14508 
   14505    14513    14520    14526    14541    14549    14544    14539 
   14535    14535    14537    14537    14533    14526    14523    14521 
   14514    14507    14503    14503    14513    14520    14522    14530 
   14535    14530    14526    14539    14558    14558    14548    14549 
   14549    14551    14559    14559    14549    14542    14540    14539 
   14541    14546    14549    14552    14551    14545    14549    14556 
   14550    14538    14526    14529    14544    14553    14562    14567 
   14558    14549    14547    14546    14544    14545    14547    14542 
   14537    14545    14546    14534    14524    14526    14537    14547 
   14555    14557    14547    14537    14549    14578    14593    14584 
   14570    14561    14547    14535    14543    14561    14563    14550 
   14546    14549    14546    14548    14557    14563    14568    14564 
   14559    14567    14570    14564    14561    14553    14536    14522 
   14526    14536    14537    14535    14533    14539    14559    14572 
   14570    14565    14558    14563    14583    14592    14584    14565 
   14548    14547    14558    14565    14558    14543    14541    14549 
   14557    14570    14585    14578    14550    14537    14548    14549 
   14537    14533    14533    14534    14549    14581    14607    14605 
   14599    14612    14621    14620    14617    14614    14620    14623 
   14623    14637    14662    14670    14645    14614    14591    14567 
   14556    14569    14579    14570    14546    14528    14541    14574 
   14601    14605    14582    14565    14582    14623    14659    14661 
   14633    14602    14582    14573    14559    14528    14474    14422 
   14413    14448    14500    14544    14565    14567    14561    14572 
   14613    14643    14640    14628    14613    14603    14612    14628 
   14635    14634    14635    14641    14635    14616    14607    14608 
   14598    14564    14529    14516    14510    14512    14542    14588 
   14627    14651    14665    14672    14660    14621    14561    14499 
   14455    14428    14414    14431    14483    14545    14587    14604 
   14600    14568    14534    14528    14551    14582    14596    14588 
   14571    14546    14519    14492    14448    14398    14366    14359 
   14375    14414    14486    14582    14661    14698    14694    14666 
   14637    14612    14584    14547    14510    14496    14510    14530 
   14542    14536    14500    14458    14449    14473    14489    14480 
   14467    14475    14516    14573    14630    14677    14682    14627 
   14546    14466    14390    14345    14351    14381    14396    14414 
   14459    14505    14531    14526    14483    14437    14425    14448 
   14505    14560    14582    14577    14565    14571    14581    14557 
   14511    14474    14466    14487    14525    14571    14598    14593 
   14581    14590    14652    14754    14817    14812    14770    14724 
   14693    14679    14663    14632    14604    14588    14590    14637 
   14699    14709    14678    14640    14613    14612    14621    14601 
   14541    14466    14419    14402    14389    14373    14346    14310 
   14275    14246    14235    14248    14263    14264    14251    14212 
   14145    14075    14031    14023    14051    14104    14167    14241 
   14344    14484    14621    14679    14655    14599    14518    14432 
   14391    14406    14445    14454    14428    14416    14411    14401 
   14414    14447    14483    14511    14512    14476    14429    14420 
   14446    14458    14464    14504    14562    14608    14653    14695 
   14717    14753    14834    14915    14962    14981    14987    15011 
   15060    15077    15052    15003    14914    14780    14654    14583 
   14557    14538    14517    14525    14576    14646    14715    14743 
   14689    14572    14452    14356    14300    14287    14296    14324 
   14381    14492    14655    14803    14871    14841    14726    14566 
   14401    14277    14224    14236    14302    14392    14470    14531 
   14610    14719    14810    14814    14737    14656    14629    14649 
   14685    14721    14735    14699    14630    14566    14503    14443 
   14422    14463    14564    14699    14832    14938    14982    14912 
   14763    14656    14644    14665    14671    14699    14788    14921 
   15027    15064    15045    14989    14904    14795    14669    14541 
   14427    14331    14265    14257    14314    14402    14491    14555 
   14580    14578    14542    14454    14344    14258    14189    14100 
   13995    13960    14080    14312    14524    14663    14758    14815 
   14849    14886    14911    14900    14839    14723    14576    14442 
   14349    14308    14301    14322    14384    14470    14558    14651 
   14754    14876    14974    14976    14876    14717    14561    14489 
   14514    14599    14718    14824    14868    14839    14745    14605 
   14428    14198    13957    13778    13669    13591    13569    13653 
   13832    14057    14278    14457    14586    14665    14696    14687 
   14632    14546    14467    14410    14397    14445    14493    14489 
   14488    14562    14704    14862    14959    14927    14789    14634 
   14531    14487    14455    14406    14365    14366    14441    14572 
   14689    14746    14744    14748    14874    15133    15402    15571 
   15658    15731    15781    15746    15642    15532    15421    15311 
   15271    15302    15267    15087    14826    14567    14369    14284 
   14307    14363    14373    14341    14332    14355    14365    14347 
   14337    14338    14309    14266    14267    14324    14408    14475 
   14501    14518    14538    14527    14486    14461    14476    14511 
   14523    14487    14411    14347    14351    14425    14517    14565 
   14541    14447    14306    14171    14088    14053    14035    13999 
   13943    13927    14010    14183    14376    14527    14631    14722 
   14828    14963    15119    15237    15232    15061    14777    14488 
   14272    14142    14070    14024    13983    13955    13984    14091 
   14230    14339    14391    14373    14299    14268    14363    14545 
   14766    14985    15124    15134    15020    14837    14648    14447 
   14224    14028    13880    13759    13678    13687    13776    13882 
   13998    14137    14269    14337    14302    14178    14024    13890 
   13809    13789    13817    13912    14105    14366    14588    14677 
   14680    14703    14787    14917    15043    15137    15185    15143 
   15023    14918    14860    14766    14605    14496    14496    14484 
   14385    14253    14154    14110    14109    14125    14140    14158 
   14225    14346    14439    14446    14393    14354    14396    14531 
   14696    14801    14813    14784    14786    14845    14953    15112 
   15340    15619    15887    16073    16160    16167    16098    16021 
   16032    16077    16012    15770    15375    14939    14593    14385 
   14296    14270    14276    14348    14446    14492    14493    14472 
   14434    14420    14476    14602    14752    14902    15062    15218 
   15326    15360    15338    15298    15259    15221    15160    15052 
   14926    14812    14677    14475    14228    14034    13951    13945 
   13960    13967    13967    13962    13927    13850    13769    13721 
   13706    13702    13718    13766    13852    13997    14170    14355 
   14598    14866    15057    15151    15164    15103    14967    14757 
   14488    14159    13797    13489    13270    13157    13206    13391 
   13556    13565    13444    13332    13290    13270    13218    13130 
   13040    13009    13124    13411    13760    14075    14386    14725 
   15048    15290    15403    15381    15252    15028    14718    14411 
   14203    14080    13981    13865    13739    13665    13648    13641 
   13655    13711    13767    13789    13832    13980    14200    14375 
   14464    14490    14478    14455    14481    14630    14889    15141 
   15310    15429    15523    15573    15604    15656    15696    15686 
   15617    15480    15312    15115    14805    14387    13965    13613 
   13372    13268    13315    13495    13745    14006    14217    14340 
   14417    14487    14519    14501    14449    14354    14218    14111 
   14061    14023    13997    14039    14157    14307    14476    14682 
   14866    14926    14859    14735    14611    14527    14498    14528 
   14576    14563    14470    14313    14105    13917    13817    13805 
   13872    14014    14159    14221    14212    14197    14215    14319 
   14557    14895    15218    15393    15384    15282    15199    15192 
   15254    15340    15449    15606    15795    15976    16085    16097 
   16066    16005    15853    15608    15380    15274    15278    15320 
   15321    15221    15051    14875    14698    14522    14383    14274 
   14102    13846    13639    13561    13565    13617    13710    13806 
   13896    14023    14174    14306    14439    14589    14731    14844 
   14906    14928    14927    14862    14710    14502    14255    14020 
   13898    13917    14003    14085    14108    14046    13952    13891 
   13836    13747    13614    13447    13337    13385    13580    13799 
   13926    13960    13994    14124    14382    14692    14951    15134 
   15270    15424    15627    15837    15970    15933    15704    15386 
   15098    14873    14664    14423    14101    13676    13272    13035 
   12983    13073    13193    13208    13134    13076    13125    13323 
   13610    13892    14130    14326    14522    14742    14933    15020 
   14971    14831    14694    14587    14490    14419    14409    14442 
   14510    14665    14899    15129    15275    15270    15144    15024 
   14926    14764    14547    14326    14105    13918    13832    13831 
   13817    13742    13616    13467    13363    13338    13392    13532 
   13740    13992    14249    14439    14529    14536    14476    14340 
   14150    13934    13640    13237    12845    12585    12458    12425 
   12483    12627    12813    13024    13274    13517    13706    13858 
   13983    14080    14170    14237    14207    14054    13839    13670 
   13642    13729    13832    13959    14185    14507    14841    15118 
   15321    15433    15429    15329    15196    15068    14942    14799 
   14658    14574    14515    14426    14359    14363    14375    14375 
   14424    14489    14498    14461    14408    14373    14389    14450 
   14561    14681    14736    14742    14745    14766    14802    14779 
   14655    14484    14328    14231    14164    14081    14010    13925 
   13803    13772    13876    14024    14195    14372    14505    14598 
   14692    14874    15169    15444    15599    15650    15674    15778 
   15930    15961    15832    15620    15356    15144    15094    15109 
   15058    14949    14866    14876    14963    15075    15170    15186 
   15117    15043    14981    14910    14832    14711    14559    14455 
   14418    14453    14531    14577    14579    14571    14539    14500 
   14482    14436    14349    14271    14219    14201    14186    14144 
   14127    14149    14149    14123    14101    14064    14025    14012 
   14045    14163    14316    14415    14451    14430    14360    14298 
   14281    14278    14277    14309    14399    14534    14689    14816 
   14855    14777    14619    14466    14387    14399    14478    14576 
   14715    14953    15280    15653    15998    16197    16210    16118 
   16009    15923    15838    15681    15445    15219    15063    14944 
   14813    14655    14474    14288    14107    13961    13895    13922 
   14025    14174    14336    14468    14531    14563    14596    14568 
   14434    14246    14083    13976    13948    14036    14221    14419 
   14568    14625    14577    14472    14342    14185    14036    13897 
   13754    13621    13534    13557    13703    13919    14158    14393 
   14630    14907    15206    15427    15509    15503    15469    15428 
   15415    15453    15498    15462    15328    15151    14932    14641 
   14331    14067    13887    13824    13815    13799    13814    13867 
   13925    14019    14200    14425    14595    14692    14767    14845 
   14934    15055    15187    15277    15325    15370    15369    15253 
   15056    14866    14737    14652    14565    14464    14353    14242 
   14164    14150    14174    14186    14196    14249    14324    14372 
   14410    14448    14470    14482    14505    14568    14660    14733 
   14814    14972    15170    15278    15250    15170    15111    15097 
   15118    15108    15042    14963    14886    14814    14772    14758 
   14739    14708    14691    14683    14640    14531    14384    14276 
   14252    14236    14120    13935    13837    13893    14036    14217 
   14398    14506    14556    14636    14782    14966    15122    15219 
   15276    15249    15050    14707    14357    14079    13855    13699 
   13627    13577    13489    13411    13425    13528    13702    13938 
   14167    14342    14518    14727    14909    14981    14913    14758 
   14564    14345    14122    13901    13701    13591    13602    13730 
   13969    14241    14477    14713    14971    15219    15448    15620 
   15629    15419    15051    14636    14274    14027    13893    13848 
   13846    13831    13773    13680    13637    13712    13828    13906 
   13976    14087    14267    14498    14735    14947    15109    15167 
   15069    14842    14599    14399    14239    14129    14084    14116 
   14224    14369    14509    14633    14751    14864    14979    15099 
   15209    15299    15347    15331    15283    15220    15093    14868 
   14578    14317    14153    14047    13974    13941    13915    13881 
   13852    13856    13922    14036    14189    14363    14505    14578 
   14604    14627    14671    14752    14866    14944    14958    14945 
   14917    14871    14847    14887    14962    15035    15166    15394 
   15610    15712    15707    15610    15416    15141    14863    14681 
   14602    14564    14516    14470    14482    14545    14607    14647 
   14632    14549    14459    14459    14580    14737    14821    14807 
   14728    14663    14662    14667    14611    14516    14392    14224 
   14068    13994    13959    13889    13778    13638    13483    13347 
   13293    13352    13457    13556    13680    13818    13965    14173 
   14412    14579    14644    14640    14637    14709    14861    15038 
   15187    15274    15285    15243    15163    15056    14981    14958 
   14910    14781    14603    14442    14343    14308    14298    14270 
   14237    14260    14342    14445    14538    14556    14457    14274 
   14085    13984    14026    14155    14252    14268    14288    14372 
   14480    14596    14740    14930    15165    15394    15559    15619 
   15542    15350    15101    14831    14567    14345    14184    14053 
   13921    13804    13734    13732    13794    13886    14003    14145 
   14274    14381    14495    14639    14846    15120    15392    15589 
   15686    15656    15494    15263    15038    14860    14746    14672 
   14595    14505    14445    14469    14566    14667    14749    14826 
   14848    14767    14651    14596    14594    14609    14654    14710 
   14711    14665    14671    14790    14958    15086    15190    15296 
   15406    15579    15839    16073    16163    16099    15945    15753 
   15535    15298    15085    14894    14655    14378    14183    14118 
   14162    14300    14477    14627    14752    14876    14987    15095 
   15224    15332    15357    15325    15293    15271    15238    15184 
   15115    15015    14889    14771    14677    14602    14551    14558 
   14651    14752    14761    14689    14620    14598    14611    14597 
   14499    14306    14069    13885    13802    13805    13911    14117 
   14333    14467    14517    14545    14553    14486    14337    14159 
   14030    13984    13995    14014    14002    13976    13972    13942 
   13850    13785    13865    14064    14255    14388    14502    14593 
   14665    14769    14911    15046    15148    15195    15147    15014 
   14832    14611    14397    14250    14166    14135    14127    14076 
   13984    13897    13860    13877    13861    13792    13776    13836 
   13904    13991    14116    14211    14256    14368    14613    14866 
   15040    15206    15411    15597    15728    15808    15793    15670 
   15533    15464    15452    15459    15468    15481    15492    15498 
   15507    15474    15367    15255    15196    15179    15169    15152 
   15136    15111    15074    15071    15124    15187    15213    15211 
   15170    15052    14885    14730    14614    14546    14513    14501 
   14516    14524    14506    14505    14525    14496    14377    14242 
   14191    14184    14132    14027    13908    13819    13758    13708 
   13705    13768    13852    13909    13935    13948    13947    13942 
   13967    14038    14173    14371    14575    14740    14826    14778 
   14601    14354    14129    14023    14049    14158    14311    14495 
   14701    14931    15179    15387    15497    15534    15512    15370 
   15108    14832    14630    14497    14394    14294    14202    14116 
   14019    13947    13917    13848    13707    13575    13488    13422 
   13380    13398    13499    13624    13703    13771    13922    14182 
   14451    14609    14650    14622    14556    14484    14433    14433 
   14505    14612    14674    14660    14633    14638    14655    14661 
   14625    14510    14363    14293    14344    14475    14616    14704 
   14714    14702    14732    14799    14850    14856    14817    14757 
   14689    14617    14511    14328    14111    13921    13740    13575 
   13460    13390    13353    13361    13425    13522    13613    13701 
   13818    13983    14165    14321    14434    14491    14519    14580 
   14670    14739    14745    14666    14537    14400    14267    14167 
   14133    14160    14186    14182    14188    14220    14287    14394 
   14486    14549    14615    14660    14679    14712    14785    14877 
   14906    14867    14869    14952    15045    15113    15196    15354 
   15542    15635    15621    15604    15615    15574    15442    15266 
   15073    14860    14672    14545    14451    14362    14312    14322 
   14361    14385    14356    14279    14232    14268    14349    14403 
   14393    14346    14305    14298    14339    14384    14375    14330 
   14304    14303    14276    14206    14141    14076    13990    13938 
   13943    13940    13881    13810    13811    13903    14042    14170 
   14235    14244    14263    14320    14425    14586    14781    14994 
   15204    15322    15266    15088    14882    14662    14425    14197 
   14003    13883    13849    13888    13984    14093    14195    14315 
   14438    14542    14642    14728    14784    14829    14889    14934 
   14900    14791    14669    14570    14490    14418    14373    14345 
   14299    14262    14283    14376    14539    14713    14797    14741 
   14569    14388    14293    14260    14191    14052    13904    13832 
   13858    13936    14023    14131    14262    14362    14442    14548 
   14624    14602    14535    14502    14485    14416    14337    14315 
   14291    14202    14124    14161    14296    14443    14591    14768 
   14949    15079    15143    15177    15189    15135    15015    14845 
   14629    14402    14200    14046    13955    13924    13967    14082 
   14214    14324    14428    14554    14680    14753    14765    14742 
   14672    14529    14342    14204    14158    14167    14210    14266 
   14304    14351    14432    14481    14410    14247    14095    14007 
   13974    13959    13920    13870    13829    13760    13669    13637 
   13707    13846    14017    14198    14368    14505    14620    14698 
   14686    14586    14471    14367    14220    14040    13928    13972 
   14191    14502    14819    15144    15460    15707    15869    15968 
   16017    16009    15944    15846    15741    15654    15590    15516 
   15438    15400    15417    15494    15621    15726    15741    15669 
   15547    15409    15287    15164    14970    14696    14421    14205 
   14070    14022    14037    14086    14126    14113    14077    14043 
   13951    13792    13681    13712    13850    14027    14236    14469 
   14677    14815    14887    14918    14903    14834    14747    14685 
   14649    14642    14679    14731    14727    14652    14533    14399 
   14298    14247    14228    14251    14320    14431    14583    14733 
   14842    14917    14952    14908    14737    14466    14208    14079 
   14113    14222    14323    14428    14518    14545    14540    14562 
   14599    14608    14581    14535    14468    14397    14348    14328 
   14319    14277    14189    14097    14023    13980    13980    14021 
   14130    14319    14509    14616    14657    14689    14706    14701 
   14721    14766    14793    14792    14778    14760    14714    14635 
   14579    14585    14639    14727    14856    15003    15095    15097 
   15067    15037    14972    14857    14735    14651    14588    14520 
   14477    14487    14547    14645    14750    14825    14858    14842 
   14764    14648    14551    14493    14482    14550    14688    14840 
   14975    15088    15166    15195    15204    15258    15363    15462 
   15515    15512    15452    15358    15252    15126    14968    14775 
   14555    14327    14144    14025    13921    13840    13846    13911 
   13942    13927    13929    13951    13968    14003    14082    14185 
   14268    14319    14412    14580    14731    14792    14770    14702 
   14631    14588    14558    14504    14409    14293    14197    14154 
   14150    14145    14137    14140    14171    14211    14222    14236 
   14281    14316    14331    14351    14379    14419    14486    14584 
   14668    14668    14579    14452    14352    14317    14297    14259 
   14225    14183    14136    14138    14199    14295    14403    14503 
   14610    14764    14954    15088    15120    15122    15108    15007 
   14852    14744    14659    14524    14380    14286    14204    14084 
   13948    13853    13835    13850    13860    13914    14046    14212 
   14362    14487    14586    14644    14676    14698    14688    14663 
   14659    14675    14711    14785    14898    15021    15102    15139 
   15158    15138    15093    15049    14973    14847    14717    14639 
   14635    14678    14724    14741    14733    14726    14745    14763 
   14740    14679    14615    14546    14453    14358    14277    14216 
   14196    14202    14193    14162    14134    14127    14122    14100 
   14080    14107    14201    14343    14505    14694    14878    14984 
   15014    15026    15012    14918    14783    14679    14589    14501 
   14465    14485    14523    14573    14631    14662    14668    14700 
   14744    14742    14693    14620    14523    14425    14390    14446 
   14541    14636    14735    14826    14900    14948    14949    14900 
   14808    14698    14598    14480    14323    14194    14102    13988 
   13883    13852    13862    13855    13847    13850    13867    13935 
   14076    14275    14514    14747    14915    15000    14999    14907 
   14777    14682    14630    14605    14621    14699    14831    14966 
   15037    15047    15038    15016    14962    14842    14666    14502 
   14389    14328    14327    14366    14417    14488    14550    14531 
   14406    14218    14022    13882    13825    13796    13754    13705 
   13685    13781    14010    14261    14450    14580    14681    14789 
   14918    15041    15088    14999    14810    14625    14506    14433 
   14337    14194    14062    13992    13965    13954    13963    13959 
   13912    13879    13902    13944    13993    14053    14103    14161 
   14278    14459    14652    14815    14958    15067    15109    15091 
   15024    14905    14741    14559    14404    14294    14213    14123 
   14007    13897    13816    13773    13794    13873    13970    14066 
   14165    14270    14358    14392    14365    14272    14106    13889 
   13662    13476    13374    13371    13457    13591    13759    13977 
   14188    14317    14359    14334    14244    14119    14038    14057 
   14154    14287    14420    14526    14631    14779    14980    15184 
   15319    15350    15290    15200    15168    15196    15225    15215 
   15145    15038    14933    14826    14729    14693    14706    14683 
   14596    14493    14436    14462    14558    14638    14645    14583 
   14469    14326    14198    14096    13979    13822    13679    13638 
   13731    13917    14125    14270    14312    14312    14352    14411 
   14424    14393    14367    14364    14356    14305    14212    14152 
   14196    14326    14475    14597    14674    14721    14768    14784 
   14743    14686    14644    14599    14531    14427    14315    14242 
   14222    14252    14321    14387    14385    14313    14235    14156 
   14032    13854    13631    13409    13280    13283    13361    13440 
   13488    13524    13583    13688    13843    14015    14151    14243 
   14308    14335    14306    14262    14265    14333    14466    14644 
   14806    14867    14799    14663    14527    14402    14307    14263 
   14270    14308    14338    14337    14334    14374    14498    14709 
   14944    15132    15269    15382    15458    15462    15396    15274 
   15094    14917    14834    14886    15046    15221    15322    15311 
   15199    15055    14931    14826    14787    14868    15033    15199 
   15344    15499    15615    15602    15479    15308    15119    14961 
   14873    14835    14833    14866    14906    14912    14879    14810 
   14693    14539    14392    14324    14365    14488    14688    14937 
   15168    15347    15445    15455    15443    15436    15421    15405 
   15382    15352    15342    15365    15424    15473    15415    15243 
   15071    14968    14892    14788    14637    14458    14299    14193 
   14145    14141    14146    14175    14283    14440    14558    14608 
   14630    14682    14800    14947    15017    14961    14856    14786 
   14741    14694    14650    14623    14596    14553    14509    14477 
   14448    14428    14444    14514    14596    14610    14574    14567 
   14613    14681    14707    14670    14624    14622    14655    14707 
   14795    14892    14930    14906    14844    14677    14348    13909 
   13456    13058    12736    12482    12281    12153    12178    12411 
   12819    13301    13727    14047    14310    14535    14702    14826 
   14931    14975    14949    14942    14995    15055    15063    14974 
   14797    14618    14492    14424    14425    14497    14617    14735 
   14802    14793    14717    14613    14506    14404    14358    14412 
   14548    14738    14950    15128    15219    15211    15105    14914 
   14690    14479    14247    13984    13758    13642    13663    13795 
   14002    14232    14387    14420    14364    14259    14141    14013 
   13871    13782    13805    13934    14149    14431    14742    15046 
   15308    15478    15498    15387    15245    15152    15100    15035 
   14977    15009    15113    15180    15170    15096    14930    14638 
   14280    13950    13672    13466    13384    13415    13473    13498 
   13493    13479    13486    13544    13627    13677    13700    13755 
   13892    14123    14394    14630    14798    14910    14946    14863 
   14700    14530    14391    14337    14377    14444    14517    14636 
   14821    15062    15335    15616    15890    16110    16154    15939 
   15567    15201    14916    14736    14645    14585    14534    14499 
   14480    14492    14530    14566    14599    14653    14734    14831 
   14946    15057    15112    15090    15016    14908    14750    14558 
   14413    14341    14306    14326    14414    14484    14469    14409 
   14388    14426    14480    14501    14468    14372    14215    14029 
   13887    13828    13861    14010    14255    14524    14756    14914 
   14960    14855    14605    14286    14011    13872    13868    13917 
   13989    14131    14371    14655    14882    14989    14987    14938 
   14879    14764    14548    14284    14056    13926    13943    14117 
   14411    14721    14959    15127    15215    15218    15199    15205 
   15213    15187    15113    14973    14737    14400    14038    13797 
   13784    13981    14266    14510    14665    14774    14886    15006 
   15100    15116    15031    14877    14660    14376    14086    13861 
   13741    13720    13735    13740    13755    13826    13974    14178 
   14405    14620    14789    14869    14823    14710    14638    14617 
   14601    14576    14546    14504    14416    14266    14064    13791 
   13455    13142    12941    12903    13012    13223    13527    13895 
   14265    14606    14924    15208    15412    15506    15486    15361 
   15192    15090    15115    15214    15287    15288    15223    15082 
   14863    14616    14413    14281    14195    14169    14218    14278 
   14286    14251    14182    14085    14002    13933    13824    13708 
   13675    13705    13742    13812    13954    14141    14322    14460 
   14542    14518    14352    14126    13946    13848    13840    13938 
   14139    14379    14586    14747    14872    14961    15015    15045 
   15054    15020    14955    14930    14987    15098    15209    15251 
   15196    15104    15034    14964    14840    14655    14438    14272 
   14259    14382    14527    14632    14688    14700    14687    14653 
   14594    14532    14491    14444    14357    14265    14199    14114 
   13986    13864    13803    13812    13886    14046    14243    14384 
   14489    14586    14619    14589    14579    14625    14697    14777 
   14847    14857    14819    14799    14766    14651    14492    14382 
   14334    14286    14219    14145    14040    13945    13967    14125 
   14356    14606    14821    14926    14854    14646    14412    14224 
   14082    13955    13848    13781    13755    13802    13957    14162 
   14354    14537    14760    15067    15422    15734    15932    15991 
   15912    15704    15409    15127    14948    14890    14929    15025 
   15116    15133    15093    15067    15056    14985    14809    14583 
   14394    14263    14192    14203    14272    14342    14414    14523 
   14633    14686    14709    14733    14715    14645    14590    14575 
   14562    14541    14507    14437    14353    14349    14465    14614 
   14695    14697    14681    14697    14767    14873    14940    14932 
   14886    14815    14724    14662    14653    14694    14780    14908 
   15083    15268    15397    15461    15494    15526    15582    15662 
   15743    15784    15763    15679    15515    15307    15136    15026 
   14944    14851    14723    14595    14534    14567    14652    14747 
   14854    14955    15015    15067    15173    15300    15321    15158 
   14885    14637    14477    14367    14219    13984    13712    13505 
   13434    13497    13636    13771    13851    13898    13956    14041 
   14144    14203    14155    14028    13905    13813    13701    13546 
   13411    13345    13341    13377    13412    13414    13387    13383 
   13462    13627    13856    14104    14304    14410    14416    14381 
   14375    14390    14396    14399    14409    14421    14427    14439 
   14452    14418    14329    14244    14223    14279    14371    14485 
   14648    14858    15076    15261    15387    15447    15436    15347 
   15181    14963    14769    14675    14678    14729    14790    14837 
   14852    14834    14826    14850    14864    14843    14812    14771 
   14681    14535    14390    14308    14292    14318    14352    14346 
   14281    14197    14149    14110    14012    13873    13802    13882 
   14124    14487    14868    15130    15228    15230    15193    15131 
   15047    14949    14868    14817    14764    14692    14610    14533 
   14494    14512    14530    14464    14343    14254    14198    14149 
   14106    14085    14161    14401    14782    15233    15639    15874 
   15902    15781    15619    15486    15347    15160    14981    14906 
   14948    15064    15217    15356    15424    15425    15405    15385 
   15341    15265    15212    15234    15302    15372    15432    15456 
   15380    15156    14822    14494    14258    14094    13970    13905 
   13904    13950    14039    14156    14252    14276    14224    14122 
   13987    13851    13773    13750    13722    13679    13664    13695 
   13758    13867    14028    14209    14394    14580    14731    14814 
   14822    14788    14763    14768    14776    14753    14700    14647 
   14585    14489    14401    14409    14547    14757    14949    15047 
   14976    14735    14482    14368    14413    14545    14667    14729 
   14737    14716    14686    14642    14584    14530    14499    14519 
   14605    14720    14792    14778    14705    14593    14421    14203 
   13982    13789    13653    13575    13556    13634    13812    14038 
   14258    14434    14522    14501    14406    14298    14226    14198 
   14169    14107    14050    14037    14058    14073    14029    13920 
   13798    13734    13756    13837    13982    14202    14422    14555 
   14603    14601    14546    14434    14292    14152    14040    13959 
   13885    13819    13783    13775    13774    13763    13768    13814 
   13859    13873    13875    13853    13843    13946    14169    14396 
   14517    14528    14488    14450    14476    14558    14595    14555 
   14486    14399    14305    14248    14242    14263    14307    14384 
   14491    14600    14696    14766    14802    14818    14817    14772 
   14691    14616    14523    14347    14130    13978    13909    13887 
   13887    13917    14029    14237    14458    14599    14674    14758 
   14871    14984    15055    15048    14976    14893    14798    14656 
   14495    14381    14328    14321    14349    14399    14470    14547 
   14565    14476    14311    14166    14122    14142    14144    14132 
   14167    14300    14536    14812    15056    15245    15377    15429 
   15393    15322    15253    15181    15123    15114    15145    15187 
   15250    15367    15501    15551    15493    15385    15293    15229 
   15152    15050    14954    14883    14831    14771    14701    14658 
   14666    14717    14793    14864    14916    14951    14950    14906 
   14835    14764    14720    14701    14681    14670    14691    14724 
   14729    14706    14664    14562    14362    14063    13701    13335 
   13023    12819    12734    12733    12797    12910    13057    13241 
   13422    13544    13612    13654    13664    13662    13721    13878 
   14090    14292    14421    14460    14472    14479    14435    14323 
   14156    13969    13819    13720    13675    13700    13781    13898 
   14053    14236    14396    14469    14462    14430    14411    14415 
   14483    14666    14939    15199    15356    15373    15284    15187 
   15140    15140    15172    15239    15329    15392    15391    15304 
   15109    14830    14541    14304    14146    14056    14032    14113 
   14296    14501    14675    14841    15042    15261    15438    15540 
   15572    15543    15440    15275    15128    15030    14947    14870 
   14797    14701    14560    14408    14335    14397    14529    14594 
   14541    14431    14328    14273    14269    14263    14210    14132 
   14048    13983    13973    14004    14047    14076    14051    13988 
   13942    13910    13853    13779    13736    13783    13945    14159 
   14332    14415    14389    14295    14204    14170    14221    14334 
   14428    14469    14443    14336    14199    14086    14031    14054 
   14105    14127    14143    14211    14373    14629    14936    15221 
   15410    15463    15389    15262    15168    15082    14922    14711 
   14553    14482    14455    14441    14413    14307    14113    13906 
   13743    13640    13617    13700    13884    14139    14422    14656 
   14823    15014    15276    15539    15715    15759    15685    15533 
   15335    15147    14990    14858    14785    14795    14863    14959 
   15042    15086    15100    15086    15037    14974    14929    14874 
   14759    14605    14488    14444    14448    14460    14455    14436 
   14425    14439    14478    14526    14554    14553    14568    14630 
   14727    14850    14977    15069    15137    15231    15357    15453 
   15476    15458    15450    15478    15538    15566    15476    15276 
   15068    14952    14941    14974    15009    15041    15094    15178 
   15259    15306    15324    15341    15387    15423    15424    15413 
   15376    15317    15272    15231    15139    14970    14759    14554 
   14405    14340    14317    14276    14226    14210    14241    14317 
   14438    14573    14672    14712    14706    14682    14661    14628 
   14564    14503    14466    14414    14323    14205    14083    13947 
   13798    13686    13623    13586    13576    13615    13723    13895 
   14093    14273    14393    14441    14440    14406    14359    14308 
   14219    14078    13924    13829    13840    13944    14094    14270 
   14467    14667    14832    14946    15009    15006    14951    14912 
   14936    14996    15031    15036    15063    15120    15180    15232 
   15294    15368    15416    15418    15415    15432    15448    15423 
   15351    15267    15180    15078    14974    14901    14885    14918 
   14972    15048    15147    15238    15278    15237    15132    15021 
   14941    14871    14773    14653    14559    14529    14571    14658 
   14756    14856    14964    15085    15215    15342    15458    15555 
   15615    15605    15511    15368    15224    15102    15020    14961 
   14864    14729    14603    14507    14454    14459    14488    14492 
   14485    14515    14566    14578    14523    14413    14285    14179 
   14093    13992    13866    13761    13706    13686    13705    13765 
   13850    13977    14164    14398    14611    14731    14759    14720 
   14632    14540    14457    14352    14224    14096    13991    13928 
   13923    13970    14052    14152    14263    14370    14437    14430 
   14358    14255    14158    14120    14154    14211    14254    14264 
   14218    14118    13972    13786    13600    13485    13472    13524 
   13590    13636    13656    13692    13751    13782    13784    13793 
   13817    13851    13913    14014    14098    14107    14073    14046 
   14042    14054    14066    14075    14075    14063    14062    14084 
   14126    14195    14284    14344    14326    14237    14116    13988 
   13867    13785    13765    13810    13907    14015    14073    14055 
   14006    13965    13929    13919    13961    14032    14099    14165 
   14261    14386    14517    14670    14862    15059    15189    15185 
   15051    14856    14638    14426    14254    14104    13925    13725 
   13555    13428    13336    13284    13247    13197    13147    13130 
   13186    13313    13458    13566    13611    13602    13591    13622 
   13703    13822    13922    13950    13933    13941    13988    14038 
   14074    14095    14104    14133    14207    14325    14457    14568 
   14660    14756    14858    14954    15013    15012    14989    15002 
   15053    15102    15107    15052    14954    14844    14750    14706 
   14733    14806    14885    14967    15063    15135    15130    15023 
   14861    14697    14523    14328    14161    14065    14045    14097 
   14201    14311    14372    14359    14282    14175    14077    13999 
   13942    13902    13882    13884    13909    13969    14077    14207 
   14310    14372    14426    14480    14507    14506    14513    14547 
   14603    14662    14718    14780    14856    14932    14965    14900 
   14741    14555    14410    14313    14224    14128    14022    13916 
   13854    13869    13932    13996    14033    14053    14070    14070 
   14040    13997    13978    14022    14128    14244    14312    14304 
   14261    14240    14231    14181    14105    14064    14038    13986 
   13952    13968    13999    14038    14091    14153    14216    14285 
   14390    14509    14562    14528    14462    14409    14374    14321 
   14214    14078    13997    13998    14021    14027    14037    14088 
   14196    14323    14399    14378    14254    14091    13987    13961 
   13996    14089    14203    14283    14320    14353    14399    14444 
   14474    14469    14414    14309    14176    14050    13939    13838 
   13774    13779    13847    13955    14079    14197    14274    14303 
   14317    14336    14354    14368    14376    14398    14445    14490 
   14517    14536    14572    14647    14754    14869    14966    15009 
   14994    14962    14958    14984    15001    14981    14938    14895 
   14855    14820    14792    14744    14665    14623    14665    14739 
   14780    14767    14750    14779    14836    14876    14878    14852 
   14827    14799    14736    14654    14599    14581    14560    14495 
   14397    14290    14199    14143    14133    14162    14213    14272 
   14333    14378    14407    14438    14468    14483    14488    14497 
   14534    14584    14631    14709    14840    15009    15173    15298 
   15372    15386    15356    15345    15392    15486    15597    15703 
   15783    15794    15736    15676    15636    15591    15519    15428 
   15367    15379    15465    15619    15825    16040    16191    16235 
   16196    16107    15979    15831    15680    15541    15416    15305 
   15230    15205    15214    15233    15245    15243    15223    15198 
   15173    15129    15088    15093    15122    15127    15100    15040 
   14939    14807    14651    14476    14290    14101    13908    13721 
   13580    13518    13540    13591    13579    13490    13374    13269 
   13199    13166    13161    13195    13277    13409    13571    13727 
   13855    13955    14058    14202    14405    14641    14849    15005 
   15135    15248    15334    15387    15408    15433    15486    15542 
   15584    15618    15663    15743    15836    15872    15820    15713 
   15572    15404    15248    15129    15039    14972    14936    14925 
   14943    15005    15095    15159    15171    15131    15030    14895 
   14762    14632    14514    14437    14413    14421    14431    14438 
   14461    14508    14585    14691    14783    14804    14763    14728 
   14734    14753    14742    14682    14588    14549    14612    14705 
   14746    14735    14712    14708    14737    14808    14911    15022 
   15143    15286    15451    15617    15756    15853    15918    15964 
   16014    16070    16097    16058    15956    15814    15647    15488 
   15367    15271    15200    15172    15161    15121    15023    14873 
   14704    14545    14400    14253    14103    13971    13870    13814 
   13836    13940    14105    14301    14490    14624    14671    14652 
   14612    14558    14493    14439    14397    14358    14313    14270 
   14237    14205    14177    14165    14163    14169    14174    14165 
   14128    14059    13973    13882    13787    13703    13661    13704 
   13822    13960    14096    14235    14369    14489    14592    14689 
   14780    14795    14698    14557    14433    14329    14258    14244 
   14276    14321    14359    14386    14403    14409    14403    14392 
   14382    14351    14295    14243    14236    14295    14405    14544 
   14697    14835    14928    14964    14937    14836    14675    14515 
   14379    14222    14040    13875    13768    13739    13763    13820 
   13915    14021    14096    14113    14077    14023    13979    13959 
   13957    13961    13983    14024    14073    14146    14244    14338 
   14408    14456    14502    14553    14601    14649    14693    14739 
   14820    14924    14977    14953    14895    14833    14756    14661 
   14567    14486    14414    14343    14282    14268    14298    14342 
   14383    14427    14493    14566    14608    14588    14484    14328 
   14208    14170    14198    14256    14321    14389    14451    14507 
   14584    14707    14867    15023    15122    15138    15101    15066 
   15038    14993    14936    14864    14756    14641    14551    14479 
   14422    14385    14359    14324    14258    14157    14069    14066 
   14147    14242    14325    14412    14504    14593    14680    14753 
   14789    14794    14820    14889    14982    15093    15215    15323 
   15400    15421    15369    15250    15092    14921    14752    14609 
   14516    14494    14546    14648    14773    14912    15031    15109 
   15142    15139    15124    15113    15094    15036    14930    14811 
   14727    14717    14780    14858    14902    14908    14884    14851 
   14820    14781    14757    14748    14714    14657    14613    14595 
   14603    14628    14652    14661    14668    14706    14761    14783 
   14743    14652    14535    14409    14285    14173    14089    14066 
   14114    14204    14304    14380    14393    14329    14218    14125 
   14090    14090    14087    14065    14043    14051    14092    14140 
   14159    14141    14105    14063    14026    14029    14099    14229 
   14388    14548    14702    14841    14945    15007    15021    14971 
   14869    14763    14682    14619    14580    14556    14504    14412 
   14315    14235    14168    14089    13991    13888    13797    13747 
   13745    13775    13805    13805    13777    13753    13743    13736 
   13714    13691    13709    13780    13877    13955    13991    14015 
   14067    14155    14245    14272    14218    14127    14066    14087 
   14178    14272    14316    14293    14239    14215    14239    14290 
   14325    14306    14245    14192    14178    14197    14209    14199 
   14189    14208    14260    14320    14382    14466    14584    14719 
   14816    14833    14787    14715    14666    14673    14714    14744 
   14738    14720    14726    14752    14788    14827    14844    14822 
   14774    14734    14720    14716    14720    14729    14711    14668 
   14652    14688    14738    14751    14727    14689    14632    14556 
   14479    14419    14372    14336    14329    14358    14414    14488 
   14558    14595    14608    14601    14570    14509    14431    14370 
   14352    14388    14449    14488    14491    14476    14445    14394 
   14321    14231    14144    14077    14041    14006    13955    13905 
   13862    13834    13840    13876    13938    14010    14061    14092 
   14124    14151    14149    14111    14055    13987    13907    13841 
   13804    13779    13759    13765    13820    13915    14043    14199 
   14354    14482    14563    14591    14591    14581    14578    14604 
   14641    14655    14650    14661    14693    14733    14791    14865 
   14926    14971    14987    14954    14903    14869    14844    14821 
   14809    14810    14824    14844    14848    14812    14763    14729 
   14688    14642    14617    14599    14575    14550    14527    14500 
   14469    14450    14465    14512    14580    14658    14721    14764 
   14798    14808    14776    14736    14716    14701    14687    14671 
   14637    14609    14604    14604    14615    14641    14678    14737 
   14786    14796    14791    14786    14791    14797    14770    14724 
   14693    14672    14661    14677    14714    14771    14846    14928 
   15008    15059    15052    14990    14900    14814    14761    14738 
   14714    14685    14669    14671    14702    14749    14797    14847 
   14885    14901    14903    14889    14853    14801    14751    14723 
   14708    14687    14668    14673    14698    14752    14845    14938 
   14995    15035    15081    15139    15203    15267    15339    15399 
   15441    15502    15566    15590    15584    15569    15541    15483 
   15377    15247    15113    14978    14864    14787    14746    14744 
   14763    14782    14803    14819    14838    14865    14880    14868 
   14828    14758    14688    14638    14598    14558    14517    14479 
   14447    14421    14382    14317    14230    14141    14073    14024 
   13979    13945    13918    13896    13901    13923    13953    13988 
   14006    14019    14054    14105    14169    14252    14347    14441 
   14527    14605    14663    14679    14666    14657    14663    14653 
   14631    14631    14640    14639    14651    14673    14682    14677 
   14642    14572    14495    14434    14409    14410    14416    14427 
   14443    14458    14473    14483    14487    14481    14464    14465 
   14479    14479    14466    14460    14459    14449    14433    14414 
   14385    14360    14372    14437    14531    14603    14628    14617 
   14584    14530    14446    14338    14235    14162    14149    14204 
   14292    14382    14464    14547    14629    14680    14673    14613 
   14539    14498    14499    14530    14563    14562    14526    14488 
   14480    14509    14542    14568    14596    14616    14652    14740 
   14858    14977    15083    15167    15230    15258    15255    15230 
   15183    15128    15084    15068    15084    15093    15062    15016 
   14988    14974    14967    14980    15013    15038    15057    15080 
   15091    15087    15073    15064    15062    15032    14970    14899 
   14838    14800    14790    14812    14865    14918    14946    14959 
   14960    14954    14960    14995    15055    15115    15153    15149 
   15098    15029    14971    14945    14936    14913    14864    14796 
   14732    14695    14689    14717    14752    14744    14702    14660 
   14609    14542    14466    14384    14315    14278    14290    14349 
   14413    14446    14453    14450    14455    14469    14477    14471 
   14458    14452    14463    14491    14528    14568    14610    14652 
   14675    14655    14586    14487    14367    14233    14138    14115 
   14130    14149    14156    14162    14181    14204    14216    14219 
   14206    14170    14127    14100    14087    14067    14045    14033 
   14028    14027    14040    14082    14156    14239    14318    14385 
   14431    14460    14489    14532    14590    14666    14759    14838 
   14873    14873    14860    14839    14806    14766    14726    14690 
   14646    14567    14449    14328    14225    14138    14066    13999 
   13927    13868    13829    13803    13800    13814    13836    13871 
   13913    13952    13984    14001    13987    13957    13942    13941 
   13943    13951    13973    14029    14135    14278    14423    14542 
   14615    14644    14644    14636    14611    14562    14509    14460 
   14416    14401    14412    14427    14439    14432    14405    14364 
   14317    14277    14239    14196    14157    14134    14135    14156 
   14198    14258    14321    14373    14394    14385    14370    14343 
   14294    14231    14147    14057    13991    13953    13927    13879 
   13801    13731    13695    13679    13666    13658    13644    13604 
   13536    13469    13432    13443    13501    13583    13665    13745 
   13823    13888    13936    13983    14030    14066    14079    14063 
   14033    13995    13947    13902    13868    13840    13819    13801 
   13788    13789    13810    13864    13956    14068    14173    14244 
   14294    14341    14389    14447    14501    14522    14517    14513 
   14531    14579    14629    14660    14678    14698    14725    14760 
   14813    14881    14942    14985    15000    14979    14938    14901 
   14871    14836    14782    14729    14698    14693    14722    14772 
   14814    14833    14831    14817    14802    14793    14789    14776 
   14754    14744    14757    14788    14838    14912    14985    15022 
   15025    15015    14987    14942    14896    14843    14779    14710 
   14633    14553    14495    14472    14460    14439    14411    14382 
   14369    14374    14375    14372    14370    14362    14351    14332 
   14318    14324    14343    14366    14374    14371    14375    14387 
   14419    14487    14558    14596    14599    14589    14585    14597 
   14631    14669    14694    14720    14750    14760    14762    14775 
   14802    14837    14868    14899    14943    14995    15035    15048 
   15039    15010    14956    14893    14838    14781    14715    14629 
   14522    14402    14300    14234    14187    14147    14115    14088 
   14076    14091    14125    14169    14207    14231    14243    14240 
   14214    14163    14089    14005    13936    13909    13926    13971 
   14033    14097    14159    14218    14259    14272    14262    14238 
   14220    14209    14196    14193    14210    14244    14281    14310 
   14346    14381    14399    14410    14412    14405    14398    14378 
   14348    14327    14331    14375    14450    14526    14593    14648 
   14693    14731    14771    14817    14859    14893    14909    14894 
   14864    14820    14751    14677    14606    14539    14490    14459 
   14446    14444    14427    14384    14320    14268    14248    14241 
   14231    14212    14177    14141    14121    14119    14136    14170 
   14217    14267    14321    14377    14416    14439    14462    14481 
   14489    14492    14489    14491    14500    14503    14497    14477 
   14450    14428    14425    14444    14478    14524    14566    14584 
   14599    14616    14626    14642    14668    14691    14700    14676 
   14631    14607    14617    14648    14684    14709    14710    14687 
   14649    14611    14590    14601    14640    14693    14752    14794 
   14796    14762    14724    14710    14713    14728    14747    14749 
   14733    14704    14668    14643    14642    14640    14613    14574 
   14540    14510    14490    14483    14481    14501    14538    14554 
   14553    14545    14520    14489    14466    14456    14464    14479 
   14493    14512    14530    14542    14548    14547    14543    14536 
   14515    14475    14436    14411    14396    14391    14397    14397 
   14389    14374    14359    14358    14361    14342    14304    14275 
   14273    14287    14306    14338    14386    14453    14528    14575 
   14571    14532    14483    14430    14361    14286    14213    14144 
   14103    14104    14140    14199    14264    14308    14316    14312 
   14331    14362    14379    14390    14396    14387    14367    14344 
   14328    14321    14324    14341    14368    14395    14408    14405 
   14399    14390    14373    14374    14404    14443    14466    14474 
   14480    14486    14512    14563    14612    14647    14664    14656 
   14640    14619    14581    14530    14494    14493    14510    14532 
   14554    14557    14542    14528    14516    14496    14468    14440 
   14405    14362    14330    14307    14282    14261    14256    14260 
   14269    14276    14273    14259    14243    14251    14282    14322 
   14360    14381    14384    14372    14335    14284    14230    14181 
   14146    14128    14119    14118    14113    14094    14067    14037 
   14011    13984    13952    13918    13883    13851    13813    13770 
   13744    13739    13747    13761    13781    13812    13845    13885 
   13942    13998    14052    14114    14175    14215    14224    14206 
   14166    14120    14098    14096    14084    14067    14051    14035 
   14033    14050    14082    14119    14145    14156    14163    14170 
   14181    14190    14183    14159    14137    14128    14126    14122 
   14099    14053    14005    13963    13927    13911    13913    13909 
   13898    13882    13857    13834    13825    13836    13862    13893 
   13925    13961    14011    14069    14129    14199    14275    14345 
   14397    14425    14432    14426    14413    14406    14409    14414 
   14419    14415    14389    14340    14277    14226    14201    14202 
   14224    14252    14274    14299    14335    14389    14451    14516 
   14589    14659    14713    14749    14768    14778    14787    14793 
   14783    14757    14734    14716    14691    14667    14658    14667 
   14689    14706    14707    14692    14668    14644    14606    14563 
   14544    14547    14568    14609    14663    14723    14776    14804 
   14809    14799    14789    14785    14777    14776    14789    14805 
   14823    14863    14932    15012    15077    15126    15151    15151 
   15143    15140    15154    15178    15182    15161    15122    15075 
   15038    15014    15005    15013    15033    15062    15085    15101 
   15125    15150    15173    15198    15212    15216    15221    15240 
   15276    15308    15332    15366    15413    15463    15505    15543 
   15570    15567    15561    15568    15583    15610    15631    15625 
   15598    15552    15499    15458    15427    15408    15400    15393 
   15387    15389    15400    15418    15438    15453    15457    15449 
   15430    15401    15368    15337    15302    15270    15240    15215 
   15214    15239    15268    15284    15288    15288    15286    15277 
   15256    15217    15163    15112    15076    15059    15056    15072 
   15110    15158    15204    15228    15225    15207    15180    15155 
   15137    15117    15099    15091    15090    15104    15131    15172 
   15229    15284    15335    15384    15421    15452    15481    15504 
   15519    15526    15527    15528    15525    15520    15503    15473 
   15449    15433    15415    15403    15397    15391    15375    15354 
   15334    15304    15263    15225    15187    15150    15117    15087 
   15057    15029    15024    15041    15060    15067    15059    15038 
   15009    14971    14932    14904    14890    14890    14896    14904 
   14918    14931    14943    14955    14959    14955    14945    14932 
   14924    14923    14925    14941    14976    15012    15037    15055 
   15068    15069    15063    15054    15033    15005    14980    14971 
   14979    14991    15005    15021    15027    15020    14995    14952 
   14905    14864    14833    14817    14808    14800    14792    14782 
   14765    14757    14762    14759    14749    14745    14741    14742 
   14750    14742    14715    14686    14664    14653    14645    14628 
   14605    14579    14553    14530    14514    14506    14501    14499 
   14500    14499    14498    14503    14526    14567    14615    14671 
   14736    14795    14844    14882    14914    14944    14964    14976 
   14987    14994    15000    15007    15013    15010    14985    14943 
   14897    14853    14823    14799    14774    14755    14742    14735 
   14730    14721    14709    14693    14680    14672    14652    14621 
   14590    14558    14525    14494    14460    14424    14392    14366 
   14334    14290    14247    14201    14139    14066    13986    13916 
   13865    13823    13783    13749    13717    13687    13664    13655 
   13660    13670    13683    13697    13705    13713    13726    13741 
   13761    13778    13791    13805    13821    13831    13829    13823 
   13816    13807    13805    13803    13792    13769    13735    13703 
   13684    13676    13684    13699    13711    13727    13745    13760 
   13771    13775    13776    13769    13746    13722    13702    13687 
   13681    13682    13683    13686    13689    13690    13689    13691 
   13691    13684    13673    13665    13674    13702    13731    13758 
   13790    13819    13837    13846    13857    13876    13896    13914 
   13925    13924    13916    13904    13898    13909    13933    13961 
   13991    14022    14050    14075    14103    14138    14178    14217 
   14247    14262    14268    14266    14256    14248    14241    14230 
   14216    14201    14191    14192    14196    14200    14201    14198 
   14190    14176    14155    14128    14102    14076    14045    14020 
   14004    13987    13968    13949    13936    13923    13904    13890 
   13886    13891    13908    13929    13946    13963    13983    14001 
   14010    14018    14018    14009    14008    14016    14029    14048 
   14065    14076    14091    14112    14131    14150    14168    14178 
   14182    14190    14207    14231    14258    14274    14270    14256 
   14238    14225    14223    14224    14225    14238    14266    14294 
   14303    14301    14301    14302    14306    14309    14310    14313 
   14312    14311    14317    14325    14336    14346    14344    14328 
   14299    14265    14243    14229    14217    14211    14209    14216 
   14238    14262    14281    14304    14334    14363    14386    14400 
   14401    14395    14384    14364    14350    14353    14365    14383 
   14401    14418    14434    14444    14454    14459    14449    14434 
   14420    14408    14400    14388    14376    14382    14405    14437 
   14472    14499    14517    14527    14528    14524    14517    14511 
   14504    14497    14491    14478    14465    14453    14437    14431 
   14437    14438    14433    14425    14411    14393    14380    14376 
   14375    14373    14363    14344    14328    14322    14326    14343 
   14357    14368    14385    14404    14424    14446    14466    14487 
   14498    14493    14491    14498    14511    14519    14521    14524 
   14534    14553    14581    14608    14627    14637    14646    14665 
   14685    14700    14710    14711    14700    14686    14680    14691 
   14718    14747    14758    14748    14737    14732    14736    14753 
   14767    14779    14794    14814    14837    14851    14857    14874 
   14904    14933    14945    14925    14888    14865    14864    14874 
   14883    14889    14893    14894    14890    14887    14886    14881 
   14871    14860    14841    14804    14756    14708    14665    14634 
   14616    14611    14604    14581    14553    14520    14488    14468 
   14454    14446    14454    14470    14489    14513    14536    14562 
   14599    14649    14702    14747    14790    14827    14850    14868 
   14878    14884    14885    14878    14876    14875    14870    14872 
   14872    14867    14873    14888    14916    14956    14997    15019 
   15011    14981    14949    14923    14904    14878    14836    14785 
   14730    14691    14671    14659    14654    14656    14667    14693 
   14720    14743    14765    14775    14777    14784    14791    14800 
   14812    14815    14808    14788    14765    14734    14690    14638 
   14580    14528    14496    14482    14493    14524    14555    14583 
   14613    14650    14681    14696    14703    14702    14694    14694 
   14706    14730    14762    14801    14846    14885    14914    14942 
   14954    14954    14947    14927    14902    14864    14819    14790 
   14763    14734    14711    14679    14636    14595    14567    14556 
   14552    14549    14545    14541    14544    14557    14581    14611 
   14642    14676    14710    14729    14739    14752    14771    14790 
   14806    14818    14817    14803    14785    14763    14742    14729 
   14713    14698    14688    14675    14666    14664    14658    14641 
   14618    14587    14547    14501    14459    14425    14398    14390 
   14399    14421    14450    14479    14503    14517    14526    14525 
   14509    14479    14436    14396    14380    14377    14375    14375 
   14369    14366    14367    14372    14391    14408    14415    14416 
   14412    14417    14432    14447    14465    14480    14485    14485 
   14474    14457    14435    14407    14385    14375    14369    14365 
   14355    14349    14354    14365    14388    14411    14421    14426 
   14425    14416    14399    14374    14351    14333    14331    14345 
   14358    14370    14383    14391    14398    14408    14420    14440 
   14467    14497    14522    14540    14556    14571    14587    14590 
   14580    14572    14564    14553    14542    14518    14485    14458 
   14436    14423    14421    14417    14417    14419    14417    14416 
   14423    14440    14463    14487    14514    14537    14552    14566 
   14576    14580    14576    14558    14530    14499    14473    14462 
   14459    14461    14472    14485    14503    14528    14553    14577 
   14595    14605    14615    14624    14625    14621    14616    14618 
   14628    14634    14631    14618    14598    14577    14571    14579 
   14593    14622    14660    14695    14726    14740    14736    14721 
   14701    14681    14664    14648    14630    14603    14584    14581 
   14579    14577    14572    14563    14561    14569    14581    14591 
   14600    14612    14622    14631    14640    14635    14624    14619 
   14615    14611    14609    14614    14622    14620    14607    14587 
   14566    14555    14547    14532    14519    14507    14496    14490 
   14488    14492    14501    14505    14505    14503    14497    14489 
   14480    14473    14466    14464    14471    14480    14485    14488 
