Origin Time       2016/04/16 01:25:00
Lat.              32.753
Long.             130.762
Depth. (km)       12
Mag.              7.3
Station Code      NGS020
Station Lat.      34.6609
Station Long.     129.4594
Station Height(m) 10
Record Time       2016/04/16 01:25:47
Sampling Freq(Hz) 100Hz
Duration Time(s)  106
Dir.              E-W
Scale Factor      3920(gal)/6182761
Max. Acc. (gal)   4.780
Last Correction   2016/04/16 01:25:47
Memo.             
    4914     4904     4905     4915     4916     4913     4916     4907 
    4903     4916     4913     4910     4913     4907     4909     4914 
    4911     4912     4913     4910     4910     4913     4911     4909 
    4910     4912     4914     4914     4912     4906     4907     4916 
    4915     4910     4909     4906     4911     4914     4911     4911 
    4912     4911     4910     4912     4912     4907     4911     4911 
    4908     4913     4914     4911     4909     4911     4915     4909 
    4909     4914     4911     4909     4914     4915     4909     4912 
    4913     4908     4913     4911     4905     4914     4917     4912 
    4910     4911     4911     4909     4914     4914     4906     4913 
    4916     4912     4911     4910     4915     4915     4911     4910 
    4910     4910     4910     4917     4916     4904     4909     4917 
    4908     4909     4917     4909     4908     4914     4906     4912 
    4920     4902     4906     4920     4908     4907     4917     4908 
    4910     4917     4908     4908     4914     4911     4908     4914 
    4915     4902     4909     4915     4912     4919     4910     4905 
    4913     4911     4914     4913     4909     4911     4913     4917 
    4913     4908     4908     4906     4914     4917     4909     4908 
    4910     4912     4917     4912     4907     4910     4908     4910 
    4917     4910     4912     4914     4904     4912     4918     4907 
    4908     4910     4908     4916     4916     4909     4909     4912 
    4912     4910     4910     4911     4912     4910     4910     4911 
    4909     4911     4915     4911     4909     4913     4910     4909 
    4913     4914     4909     4903     4912     4919     4908     4910 
    4913     4907     4914     4915     4906     4909     4913     4911 
    4909     4915     4917     4905     4907     4914     4911     4917 
    4911     4907     4917     4907     4908     4917     4906     4912 
    4914     4906     4916     4913     4906     4914     4910     4904 
    4914     4915     4908     4914     4916     4905     4910     4915 
    4906     4913     4920     4906     4908     4915     4910     4912 
    4914     4905     4908     4921     4911     4904     4917     4910 
    4908     4919     4911     4909     4909     4904     4914     4919 
    4908     4906     4914     4910     4906     4913     4911     4908 
    4912     4912     4911     4913     4911     4910     4912     4911 
    4911     4912     4910     4912     4912     4907     4909     4913 
    4911     4911     4913     4910     4909     4912     4910     4910 
    4916     4913     4908     4912     4908     4909     4917     4912 
    4906     4910     4913     4912     4911     4908     4908     4907 
    4914     4922     4905     4902     4915     4910     4910     4913 
    4912     4910     4906     4912     4914     4908     4913     4913 
    4906     4915     4913     4904     4916     4918     4907     4906 
    4914     4913     4908     4913     4910     4907     4915     4914 
    4908     4909     4912     4912     4912     4910     4909     4911 
    4911     4914     4912     4907     4913     4912     4906     4914 
    4914     4905     4908     4915     4911     4912     4915     4905 
    4909     4922     4913     4906     4911     4913     4912     4913 
    4913     4907     4905     4911     4916     4916     4909     4905 
    4909     4914     4914     4909     4908     4911     4915     4906 
    4905     4917     4912     4907     4912     4908     4908     4917 
    4911     4905     4913     4913     4909     4916     4913     4902 
    4909     4917     4909     4914     4916     4900     4910     4920 
    4912     4912     4911     4908     4912     4915     4908     4908 
    4918     4911     4912     4916     4906     4910     4915     4911 
    4912     4911     4907     4911     4913     4915     4913     4907 
    4909     4914     4911     4912     4914     4908     4908     4914 
    4913     4910     4913     4911     4904     4914     4918     4903 
    4907     4921     4914     4908     4912     4909     4908     4915 
    4912     4908     4912     4915     4909     4908     4916     4913 
    4905     4909     4911     4913     4915     4908     4910     4915 
    4910     4908     4912     4917     4912     4903     4910     4915 
    4914     4916     4908     4905     4913     4913     4908     4911 
    4914     4908     4908     4914     4912     4911     4910     4904 
    4913     4919     4910     4909     4909     4911     4915     4910 
    4911     4914     4907     4908     4912     4911     4909     4909 
    4915     4914     4906     4911     4915     4911     4911     4909 
    4910     4913     4911     4912     4910     4909     4913     4907 
    4909     4919     4912     4906     4909     4913     4915     4912 
    4906     4910     4918     4912     4906     4911     4910     4910 
    4913     4910     4909     4913     4904     4906     4920     4908 
    4910     4919     4903     4906     4918     4906     4906     4916 
    4912     4907     4910     4914     4910     4907     4910     4910 
    4914     4913     4909     4914     4907     4907     4915     4910 
    4913     4911     4906     4916     4914     4905     4911     4915 
    4907     4907     4915     4907     4910     4918     4904     4908 
    4915     4903     4913     4916     4906     4913     4910     4911 
    4914     4904     4911     4914     4907     4912     4912     4911 
    4914     4911     4908     4913     4913     4906     4909     4918 
    4907     4906     4921     4912     4907     4916     4912     4913 
    4915     4908     4906     4914     4918     4908     4909     4915 
    4907     4908     4913     4911     4909     4912     4910     4906 
    4915     4915     4907     4913     4908     4908     4916     4908 
    4907     4911     4911     4915     4914     4904     4910     4915 
    4905     4911     4920     4910     4906     4911     4911     4914 
    4915     4907     4907     4913     4913     4912     4909     4911 
    4913     4905     4914     4915     4905     4913     4912     4908 
    4916     4916     4910     4906     4914     4915     4908     4912 
    4911     4907     4915     4912     4909     4914     4908     4910 
    4917     4909     4907     4914     4914     4912     4912     4909 
    4909     4908     4910     4916     4910     4909     4916     4908 
    4905     4915     4917     4908     4906     4911     4908     4913 
    4918     4906     4909     4915     4909     4912     4913     4908 
    4911     4911     4907     4910     4915     4914     4906     4905 
    4912     4917     4909     4904     4910     4910     4915     4914 
    4902     4910     4916     4910     4914     4913     4907     4914 
    4913     4902     4912     4920     4907     4906     4916     4912 
    4907     4912     4910     4912     4918     4906     4906     4917 
    4912     4905     4914     4916     4908     4911     4912     4906 
    4914     4916     4908     4909     4909     4912     4916     4911 
    4908     4913     4912     4909     4911     4911     4907     4911 
    4917     4912     4909     4911     4909     4912     4915     4910 
    4910     4910     4908     4915     4914     4907     4911     4915 
    4910     4906     4910     4914     4908     4906     4912     4909 
    4909     4913     4908     4912     4915     4907     4910     4912 
    4908     4911     4909     4909     4915     4911     4907     4912 
    4914     4909     4911     4913     4906     4910     4912     4910 
    4916     4910     4902     4913     4911     4903     4915     4913 
    4902     4915     4917     4907     4911     4912     4904     4910 
    4918     4906     4906     4918     4906     4901     4922     4918 
    4897     4905     4916     4910     4913     4913     4905     4908 
    4917     4912     4904     4910     4910     4906     4912     4911 
    4907     4911     4911     4908     4911     4909     4904     4909 
    4909     4906     4911     4915     4910     4907     4911     4903 
    4910     4924     4911     4910     4916     4909     4914     4917 
    4908     4909     4916     4907     4903     4913     4910     4909 
    4915     4908     4912     4913     4896     4893     4906     4916 
    4925     4919     4906     4900     4896     4898     4913     4935 
    4937     4928     4904     4881     4891     4903     4919     4939 
    4935     4925     4902     4873     4875     4896     4922     4944 
    4936     4912     4896     4879     4880     4899     4916     4939 
    4944     4934     4921     4893     4878     4883     4900     4930 
    4943     4938     4922     4897     4885     4884     4894     4912 
    4914     4911     4909     4900     4890     4894     4902     4908 
    4927     4946     4940     4915     4882     4852     4858     4901 
    4954     4981     4971     4943     4891     4848     4852     4884 
    4939     4969     4948     4913     4868     4835     4845     4883 
    4928     4954     4948     4921     4894     4883     4881     4881 
    4895     4921     4940     4951     4947     4928     4907     4884 
    4892     4933     4958     4951     4915     4874     4852     4844 
    4859     4900     4945     4979     4976     4928     4870     4824 
    4822     4878     4943     4982     4974     4920     4866     4843 
    4854     4899     4963     5004     4986     4924     4856     4815 
    4830     4882     4943     4988     4972     4912     4878     4877 
    4886     4905     4921     4913     4903     4900     4885     4900 
    4938     4943     4922     4904     4899     4910     4910     4892 
    4897     4924     4937     4938     4933     4925     4915     4888 
    4849     4831     4862     4916     4944     4947     4919     4864 
    4837     4848     4889     4959     4989     4961     4909     4844 
    4833     4901     4960     4977     4975     4960     4946     4920 
    4901     4921     4932     4930     4936     4936     4943     4930 
    4879     4839     4824     4831     4856     4885     4926     4964 
    4961     4911     4852     4833     4868     4920     4958     4981 
    4978     4951     4935     4917     4889     4879     4856     4838 
    4884     4960     5027     5037     4941     4825     4778     4795 
    4857     4929     4972     4966     4915     4859     4842     4890 
    4957     4991     5005     4984     4940     4904     4833     4770 
    4812     4910     4994     5044     5023     4929     4822     4757 
    4777     4873     4977     5034     5020     4942     4870     4852 
    4870     4893     4889     4853     4843     4895     4981     5028 
    4985     4878     4790     4787     4850     4951     5045     5055 
    4986     4871     4771     4779     4883     4985     5004     4960 
    4922     4928     4962     4963     4913     4841     4763     4729 
    4814     4974     5077     5050     4901     4744     4697     4761 
    4898     5025     5057     5014     4926     4847     4876     4997 
    5078     5038     4927     4838     4795     4818     4897     4974 
    5025     5004     4892     4782     4733     4749     4835     4922 
    4926     4868     4812     4818     4906     4986     4974     4882 
    4770     4724     4783     4915     5050     5110     5063     4941 
    4841     4828     4857     4907     4975     4992     4957     4891 
    4804     4785     4871     4968     4978     4905     4827     4816 
    4885     4943     4953     4969     4981     4913     4757     4639 
    4651     4744     4875     5012     5084     5036     4895     4771 
    4744     4809     4916     4984     4988     4947     4890     4865 
    4876     4922     5003     5027     4955     4860     4788     4755 
    4775     4843     4939     4999     4958     4848     4756     4764 
    4902     5075     5169     5127     4966     4761     4612     4636 
    4829     5036     5111     5049     4944     4818     4714     4743 
    4880     5011     5045     4973     4902     4865     4818     4772 
    4772     4835     4901     4899     4860     4838     4860     4936 
    5022     5068     5077     5041     4928     4798     4762     4854 
    4976     4992     4908     4836     4856     4925     4963     4986 
    4964     4856     4713     4583     4565     4705     4929     5145 
    5246     5161     4943     4749     4675     4686     4753     4835 
    4875     4894     4904     4875     4833     4858     4964     5107 
    5234     5263     5155     4968     4799     4750     4846     4976 
    5009     4912     4738     4634     4727     4932     5068     5055 
    4931     4789     4713     4747     4854     4942     4945     4870 
    4827     4885     4967     4972     4866     4704     4638     4761 
    5019     5308     5494     5442     5162     4786     4482     4405 
    4567     4843     5087     5198     5191     5136     5078     5022 
    4909     4764     4706     4740     4791     4809     4775     4710 
    4683     4766     4966     5177     5270     5216     5065     4878 
    4731     4715     4824     4928     4925     4804     4656     4614 
    4705     4892     5128     5290     5262     5064     4828     4679 
    4624     4584     4546     4621     4884     5247     5522     5525 
    5215     4761     4434     4470     4902     5446     5729     5589 
    5109     4528     4140     4115     4413     4841     5146     5131 
    4871     4670     4731     5030     5365     5496     5343     4958 
    4495     4225     4325     4774     5332     5651     5578     5177 
    4609     4130     3952     4144     4601     5065     5341     5338 
    5035     4593     4300     4375     4809     5359     5685     5587 
    5159     4694     4472     4566     4824     5056     5125     4986 
    4738     4571     4630     4883     5157     5320     5301     5079 
    4781     4596     4569     4646     4830     5120     5423     5593 
    5485     5118     4718     4515     4604     4943     5304     5343 
    4915     4230     3710     3726     4321     5189     5852     5898 
    5267     4344     3739     3822     4487     5342     5945     5980 
    5439     4670     4187     4266     4726     5187     5405     5348 
    5107     4825     4606     4500     4568     4803     5061     5188 
    5128     4949     4779     4693     4754     5041     5451     5724 
    5695     5361     4822     4247     3860     3835     4191     4753 
    5169     5161     4756     4285     4148     4472     5099     5720 
    6004     5823     5286     4696     4436     4547     4707     4706 
    4589     4494     4508     4612     4784     5022     5224     5222 
    4990     4734     4703     4940     5234     5324     5204     5040 
    4932     4862     4737     4601     4589     4725     4978     5287 
    5547     5575     5229     4705     4338     4282     4475     4718 
    4908     5035     5020     4831     4593     4491     4599     4840 
    5083     5209     5172     5068     5004     4953     4875     4861 
    4960     5085     5159     5133     4975     4716     4500     4548 
    4911     5375     5629     5515     5160     4813     4618     4627 
    4851     5186     5368     5182     4732     4278     4024     4096 
    4433     4857     5278     5595     5655     5424     5068     4803 
    4735     4880     5150     5383     5478     5344     4965     4576 
    4421     4502     4712     4923     5026     4985     4864     4775 
    4831     5068     5288     5243     4906     4409     3981     3863 
    4118     4606     5144     5585     5774     5622     5206     4717 
    4398     4379     4590     4881     5077     5042     4809     4528 
    4351     4401     4645     4910     5087     5116     4995     4825 
    4725     4766     4907     4987     4889     4652     4495     4633 
    4969     5207     5270     5282     5234     5084     4990     5105 
    5364     5578     5554     5236     4813     4561     4604     4872 
    5146     5168     4875     4473     4182     4161     4465     4889 
    5233     5409     5300     4977     4683     4529     4491     4496 
    4505     4529     4575     4652     4755     4844     4860     4810 
    4878     5173     5460     5501     5346     5136     4964     4853 
    4769     4681     4579     4531     4584     4674     4723     4646 
    4450     4243     4099     4132     4480     5074     5575     5653 
    5248     4535     3906     3832     4450     5455     6275     6374 
    5697     4699     3944     3774     4209     4971     5618     5838 
    5625     5160     4648     4272     4111     4158     4425     4821 
    5160     5273     5051     4588     4157     4058     4434     5120 
    5789     6116     5882     5118     4159     3561     3713     4507 
    5429     5871     5581     4830     4095     3747     3911     4501 
    5285     5901     6041     5636     4908     4271     3977     4033 
    4358     4815     5229     5390     5198     4822     4557     4575 
    4809     5073     5291     5417     5302     4872     4283     3868 
    3939     4506     5262     5871     6113     5886     5294     4601 
    4083     3957     4239     4723     5154     5300     5075     4679 
    4391     4312     4398     4558     4681     4723     4767     4897 
    5080     5246     5357     5422     5456     5434     5365     5273 
    5137     4916     4635     4397     4261     4232     4312     4506 
    4805     5137     5439     5671     5704     5417     4910     4444 
    4219     4277     4549     4886     5079     4967     4629     4373 
    4428     4759     5160     5361     5244     4956     4729     4706 
    4936     5419     5983     6296     6110     5443     4621     4067 
    3986     4313     4811     5195     5325     5277     5154     5009 
    4923     5002     5233     5432     5448     5240     4824     4372 
    4182     4417     4907     5354     5620     5671     5545     5373 
    5234     5058     4775     4458     4225     4169     4356     4686 
    4918     4937     4844     4813     4955     5235     5528     5677 
    5522     5087     4600     4268     4209     4431     4770     5043 
    5201     5251     5207     5095     4938     4849     4939     5160 
    5404     5597     5679     5574     5256     4873     4663     4769 
    5087     5328     5296     4981     4539     4255     4320     4695 
    5141     5393     5340     5077     4800     4647     4617     4604 
    4537     4465     4441     4483     4619     4820     5042     5252 
    5418     5548     5602     5509     5288     5071     5024     5175 
    5399     5497     5352     5045     4724     4518     4500     4618 
    4833     5093     5237     5212     5084     4933     4838     4825 
    4865     4892     4886     4896     4981     5165     5417     5656 
    5788     5762     5616     5406     5190     5030     4915     4768 
    4582     4451     4463     4650     4964     5265     5364     5125 
    4615     4160     4080     4435     5046     5616     5834     5549 
    4917     4246     3850     3904     4304     4879     5460     5813 
    5821     5498     4936     4350     3984     4007     4381     4861 
    5199     5219     4886     4394     4041     4056     4379     4711 
    4883     4891     4756     4587     4526     4660     4966     5253 
    5316     5131     4842     4616     4574     4702     4872     5009 
    5072     5057     4992     4875     4722     4565     4420     4334 
    4368     4482     4584     4642     4616     4459     4271     4234 
    4394     4702     5060     5299     5365     5330     5257     5153 
    5006     4882     4843     4869     4966     5148     5411     5636 
    5576     5210     4803     4559     4522     4637     4770     4792 
    4678     4463     4215     4047     4011     4134     4442     4874 
    5361     5813     6043     5931     5633     5468     5573     5870 
    6194     6294     6054     5610     5148     4829     4724     4771 
    4909     5102     5256     5291     5203     5028     4816     4630 
    4475     4306     4147     4061     4043     4064     4164     4454 
    4990     5644     6174     6399     6246     5803     5345     5083 
    4997     4974     4894     4702     4536     4595     4902     5298 
    5529     5469     5273     5145     5087     4993     4819     4578 
    4336     4231     4400     4839     5337     5603     5488     5088 
    4677     4483     4541     4740     4894     4825     4554     4282 
    4171     4298     4600     4848     4941     4962     4982     5082 
    5284     5452     5431     5225     4981     4834     4865     5046 
    5248     5352     5271     5048     4895     4909     4995     5008 
    4828     4459     4005     3659     3654     4033     4611     5107 
    5349     5398     5387     5388     5419     5481     5576     5665 
    5628     5351     4893     4440     4158     4121     4269     4397 
    4327     4131     4057     4254     4619     4851     4735     4323 
    3889     3732     4012     4706     5580     6316     6666     6479 
    5858     5148     4689     4638     4921     5297     5530     5555 
    5474     5460     5554     5576     5410     5141     4854     4601 
    4440     4397     4473     4618     4751     4866     4983     5093 
    5214     5327     5381     5403     5435     5464     5463     5423 
    5277     4929     4484     4212     4263     4582     4970     5206 
    5213     5056     4869     4833     5031     5377     5738     5993 
    6010     5764     5378     5032     4851     4809     4787     4733 
    4700     4735     4813     4916     5052     5138     5059     4836 
    4614     4520     4562     4675     4821     4993     5193     5356 
    5301     4945     4514     4286     4314     4481     4626     4640 
    4486     4250     4134     4268     4677     5271     5690     5584 
    5002     4301     3889     3996     4558     5271     5727     5765 
    5514     5191     5014     5069     5276     5455     5424     5195 
    4912     4652     4493     4519     4697     4955     5250     5476 
    5516     5403     5250     5090     4962     4913     4875     4828 
    4815     4771     4657     4582     4709     5084     5540     5753 
    5507     4915     4285     3870     3800     4055     4482     4946 
    5360     5627     5710     5631     5440     5207     4941     4671 
    4532     4597     4761     4875     4895     4889     4911     4962 
    5015     5036     5053     5074     4986     4809     4762     4955 
    5277     5556     5657     5525     5291     5201     5334     5600 
    5844     5893     5689     5314     4935     4733     4765     4957 
    5183     5270     5111     4785     4537     4598     4950     5362 
    5612     5551     5164     4596     4052     3723     3664     3843 
    4233     4675     4968     5042     4900     4669     4521     4500 
    4570     4677     4768     4844     4913     4935     4900     4862 
    4833     4834     4923     5067     5214     5387     5551     5613 
    5529     5341     5136     4960     4870     4897     4981     5043 
    5031     4974     4950     4968     5025     5101     5178     5289 
    5394     5367     5152     4785     4442     4392     4697     5163 
    5481     5356     4765     4036     3611     3740     4320     5009 
    5491     5631     5452     5071     4719     4666     4991     5510 
    5964     6168     6041     5693     5318     5055     4942     4905 
    4911     5003     5113     5087     4881     4565     4287     4251 
    4519     4957     5383     5627     5571     5198     4628     4104 
    3910     4191     4803     5394     5619     5386     4922     4518 
    4369     4513     4781     4962     4975     4851     4690     4613 
    4680     4843     5017     5146     5227     5306     5382     5418 
    5438     5443     5403     5363     5417     5588     5787     5907 
    5837     5526     5117     4847     4839     5030     5230     5279 
    5171     5047     5039     5168     5348     5480     5519     5463 
    5285     4939     4507     4145     3942     3983     4278     4684 
    5030     5170     5054     4774     4496     4392     4548     4911 
    5262     5371     5163     4681     4152     3877     3924     4162 
    4444     4688     4856     4931     4957     4966     4951     4920 
    4923     4992     5042     4983     4773     4443     4139     3995 
    4063     4263     4455     4617     4802     5004     5146     5172 
    5112     4964     4668     4303     4068     4080     4342     4788 
    5215     5405     5336     5157     5029     5021     5113     5228 
    5277     5259     5260     5334     5427     5460     5421     5347 
    5267     5189     5149     5215     5366     5465     5394     5164 
    4880     4669     4602     4664     4796     4910     4909     4780 
    4652     4656     4797     5036     5297     5431     5377     5201 
    4978     4805     4809     5012     5321     5591     5682     5603 
    5515     5482     5452     5348     5086     4702     4417     4433 
    4744     5146     5407     5432     5299     5149     5063     5045 
    5034     4958     4825     4681     4565     4533     4609     4741 
    4812     4747     4570     4373     4313     4481     4783     5046 
    5119     4925     4541     4192     4079     4245     4576     4882 
    5030     5034     4954     4856     4845     4977     5201     5405 
    5478     5378     5181     5030     4996     5062     5181     5274 
    5316     5344     5332     5192     4937     4718     4658     4722 
    4784     4745     4553     4239     3916     3685     3579     3616 
    3833     4214     4603     4796     4736     4519     4309     4246 
    4350     4530     4741     5014     5296     5444     5364     5117 
    4908     4859     4922     5034     5135     5170     5110     4951 
    4764     4599     4488     4461     4453     4452     4530     4680 
    4883     5109     5285     5357     5333     5274     5227     5212 
    5218     5191     5124     5051     4990     5000     5101     5240 
    5344     5304     5102     4867     4735     4802     5010     5152 
    5075     4770     4359     4021     3927     4151     4562     4929 
    5061     4921     4690     4599     4790     5211     5607     5759 
    5651     5417     5233     5197     5281     5356     5303     5117 
    4894     4766     4792     4892     4933     4825     4598     4388 
    4273     4267     4370     4491     4540     4555     4589     4650 
    4771     4946     5099     5175     5165     5100     5033     5026 
    5073     5130     5209     5294     5309     5215     5024     4792 
    4615     4554     4602     4689     4684     4540     4399     4418 
    4625     4955     5272     5390     5203     4787     4326     4044 
    4092     4427     4830     5056     5011     4763     4431     4152 
    4036     4148     4449     4776     5006     5140     5224     5275 
    5283     5271     5258     5201     5041     4778     4507     4323 
    4253     4258     4239     4193     4210     4317     4491     4689 
    4836     4905     4983     5128     5280     5380     5358     5169 
    4933     4791     4792     4958     5248     5526     5643     5521 
    5241     5020     4972     5055     5157     5135     4949     4680 
    4409     4264     4352     4590     4833     5034     5158     5221 
    5294     5349     5337     5283     5159     4936     4699     4533 
    4499     4616     4790     4960     5152     5360     5516     5504 
    5265     4895     4569     4452     4569     4841     5190     5453 
    5492     5364     5191     5058     4966     4839     4659     4479 
    4385     4470     4712     4977     5144     5163     5067     4949 
    4892     4920     5013     5117     5143     5115     5131     5206 
    5309     5359     5284     5111     4866     4577     4386     4454 
    4776     5184     5461     5469     5239     4890     4553     4314 
    4186     4142     4117     4102     4151     4295     4529     4726 
    4720     4551     4376     4309     4403     4597     4781     4883 
    4835     4621     4326     4086     4037     4212     4531     4829 
    4981     5016     4991     4917     4841     4848     5006     5261 
    5481     5581     5493     5242     4978     4812     4755     4732 
    4655     4527     4416     4392     4512     4769     5076     5310 
    5374     5274     5130     5031     4982     4956     4941     4927 
    4880     4818     4815     4910     5111     5372     5557     5564 
    5428     5256     5122     5025     4930     4797     4626     4510 
    4552     4751     5016     5209     5225     5071     4834     4635 
    4556     4588     4655     4699     4690     4632     4595     4622 
    4747     5005     5264     5377     5344     5191     4993     4859 
    4810     4819     4877     4977     5085     5162     5176     5100 
    4952     4799     4723     4742     4823     4920     4948     4855 
    4683     4558     4615     4860     5117     5190     5060     4851 
    4678     4595     4631     4763     4872     4833     4619     4321 
    4156     4267     4583     4939     5136     5053     4762     4426 
    4167     4063     4184     4495     4791     4917     4938     4967 
    5049     5136     5124     4977     4708     4399     4216     4176 
    4184     4234     4319     4420     4540     4688     4855     4981 
    5053     5079     5048     5021     5030     5062     5140     5205 
    5197     5148     5078     5010     4987     4998     4973     4868 
    4765     4737     4786     4903     5016     5089     5159     5238 
    5283     5220     5039     4805     4601     4523     4606     4751 
    4796     4661     4447     4316     4305     4375     4527     4735 
    4912     4998     4974     4902     4899     5007     5186     5299 
    5247     5085     4872     4711     4686     4744     4868     5052 
    5226     5349     5367     5252     5068     4863     4684     4597 
    4636     4789     4989     5174     5285     5287     5229     5178 
    5164     5192     5207     5177     5144     5088     4976     4870 
    4814     4839     4993     5265     5543     5671     5575     5277 
    4898     4579     4407     4435     4649     4954     5228     5358 
    5297     5086     4842     4672     4619     4694     4810     4849 
    4814     4786     4868     5083     5305     5428     5414     5292 
    5154     5066     5070     5172     5317     5441     5478     5370 
    5119     4860     4736     4768     4904     5028     5040     4942 
    4794     4676     4658     4761     4938     5121     5244     5229 
    5067     4839     4627     4485     4452     4568     4824     5154 
    5459     5609     5497     5137     4688     4397     4439     4777 
    5200     5471     5469     5271     5075     5022     5107     5222 
    5271     5218     5074     4866     4686     4651     4740     4884 
    5000     4986     4926     4929     4983     5029     4958     4721 
    4407     4197     4229     4427     4619     4728     4743     4696 
    4671     4725     4831     4922     4966     4953     4842     4633 
    4429     4334     4437     4739     5088     5324     5361     5226 
    5015     4769     4508     4314     4281     4429     4665     4819 
    4813     4723     4684     4763     4929     5116     5257     5294 
    5192     4960     4691     4524     4543     4732     4978     5154 
    5206     5169     5110     5061     4979     4767     4391     3971 
    3709     3706     3953     4374     4779     5005     5030     4855 
    4563     4355     4334     4455     4646     4786     4805     4816 
    4921     5059     5154     5189     5137     5023     4932     4895 
    4965     5136     5280     5303     5151     4832     4491     4330 
    4448     4755     5083     5280     5295     5206     5120     5063 
    5003     4934     4882     4847     4794     4715     4659     4637 
    4683     4867     5143     5330     5263     4937     4499     4109 
    3876     3867     4101     4502     4919     5193     5250     5152 
    5044     5041     5123     5179     5185     5174     5173     5207 
    5246     5266     5330     5480     5665     5805     5865     5803 
    5587     5282     5003     4837     4784     4764     4756     4756 
    4712     4675     4743     4934     5210     5495     5648     5546 
    5240     4886     4634     4602     4753     4954     5107     5119 
    4989     4896     5006     5289     5614     5826     5795     5523 
    5110     4709     4502     4517     4676     4909     5086     5083 
    4938     4781     4701     4725     4852     5047     5221     5281 
    5188     4979     4778     4691     4756     4908     4989     4968 
    4915     4849     4782     4718     4695     4789     5005     5289 
    5549     5684     5619     5379     5107     4884     4709     4647 
    4725     4872     5059     5223     5278     5233     5091     4875 
    4665     4492     4432     4617     4981     5348     5648     5758 
    5602     5290     4928     4641     4545     4617     4787     4989 
    5162     5200     5022     4738     4533     4505     4684     4968 
    5180     5200     4956     4541     4179     4034     4144     4403 
    4688     4958     5149     5199     5108     4938     4792     4733 
    4753     4848     5009     5178     5337     5491     5587     5572 
    5444     5267     5132     5095     5144     5185     5127     4982 
    4809     4674     4631     4694     4816     4855     4703     4386 
    4033     3863     4011     4367     4686     4753     4530     4211 
    4032     4047     4192     4389     4520     4578     4644     4731 
    4828     4895     4836     4618     4311     4051     3952     4056 
    4347     4709     4981     5089     5060     4988     4913     4800 
    4669     4497     4268     4154     4241     4456     4706     4873 
    4929     4925     4938     5097     5381     5637     5751     5654 
    5430     5291     5379     5710     6085     6181     5866     5306 
    4766     4485     4592     4984     5421     5675     5630     5364 
    5036     4782     4708     4764     4796     4770     4737     4742 
    4837     4982     5067     5053     4980     4887     4830     4926 
    5194     5483     5595     5454     5149     4796     4507     4417 
    4519     4672     4790     4861     4932     5097     5387     5653 
    5710     5541     5227     4933     4782     4712     4685     4750 
    4889     5036     5147     5228     5301     5350     5302     5114 
    4848     4621     4529     4637     4929     5258     5469     5504 
    5372     5138     4913     4771     4765     4953     5273     5529 
    5584     5421     5110     4788     4562     4477     4539     4676 
    4801     4898     4949     4938     4896     4832     4750     4658 
    4573     4558     4613     4689     4778     4869     4966     5054 
    5070     5016     4947     4862     4757     4624     4463     4340 
    4290     4284     4315     4400     4565     4801     5006     5053 
    4926     4698     4456     4298     4337     4631     5075     5428 
    5504     5295     4938     4622     4495     4581     4794     5026 
    5164     5188     5183     5183     5157     5050     4815     4548 
    4428     4540     4858     5250     5532     5580     5385     5067 
    4797     4724     4893     5229     5581     5737     5567     5144 
    4647     4254     4074     4141     4414     4771     5093     5299 
    5360     5295     5179     5143     5244     5378     5455     5516 
    5586     5603     5523     5324     5024     4729     4580     4620 
    4790     5046     5341     5615     5827     5919     5849     5614 
    5250     4890     4658     4559     4595     4773     5015     5200 
    5250     5203     5137     5087     5072     5018     4806     4473 
    4207     4176     4432     4867     5298     5595     5678     5554 
    5337     5106     4907     4847     4955     5125     5247     5235 
    5077     4906     4918     5190     5599     5900     5947     5772 
    5466     5108     4759     4469     4263     4174     4259     4514 
    4860     5182     5354     5318     5125     4883     4741     4813 
    5089     5442     5643     5532     5192     4829     4600     4569 
    4738     5048     5343     5473     5384     5101     4782     4589 
    4493     4409     4337     4266     4177     4103     4098     4179 
    4309     4425     4517     4604     4656     4646     4595     4538 
    4494     4475     4508     4614     4795     5008     5203     5339 
    5380     5350     5333     5429     5636     5817     5884     5841 
    5714     5559     5423     5304     5173     5045     4999     5030 
    5047     5015     4931     4806     4659     4540     4527     4639 
    4841     5100     5336     5450     5401     5231     5071     5025 
    5029     4990     4884     4715     4557     4551     4748     5044 
    5287     5341     5152     4792     4404     4116     3980     4011 
    4161     4342     4526     4715     4905     5081     5174     5136 
    5011     4935     4995     5151     5337     5468     5494     5424 
    5261     5071     5036     5295     5763     6175     6289     6034 
    5574     5147     4881     4833     4968     5128     5180     5084 
    4851     4599     4512     4678     5054     5461     5645     5490 
    5091     4650     4369     4295     4318     4345     4346     4334 
    4339     4409     4633     5024     5418     5629     5624     5530 
    5509     5635     5856     6065     6180     6139     5975     5799 
    5637     5477     5403     5474     5594     5646     5577     5373 
    5088     4786     4486     4255     4161     4167     4228     4334 
    4448     4559     4632     4572     4379     4134     3929     3913 
    4177     4641     5143     5525     5659     5545     5303     5074 
    4956     4902     4824     4698     4511     4360     4395     4671 
    5191     5771     6131     6161     5888     5476     5189     5209 
    5499     5797     5880     5697     5290     4817     4482     4382 
    4528     4842     5174     5395     5476     5447     5358     5271 
    5205     5124     5007     4843     4609     4332     4095     3952 
    3973     4197     4520     4830     5075     5204     5220     5171 
    5095     4995     4831     4609     4400     4346     4522     4829 
    5175     5448     5541     5541     5603     5794     6080     6313 
    6308     5935     5265     4576     4156     4188     4635     5223 
    5656     5755     5509     5084     4669     4365     4223     4261 
    4443     4670     4822     4818     4603     4221     3882     3804 
    4100     4703     5362     5821     5927     5681     5217     4688 
    4292     4218     4456     4840     5249     5638     5953     6118 
    6082     5868     5568     5289     5142     5180     5341     5506 
    5604     5638     5637     5683     5847     6075     6254     6286 
    6141     5889     5631     5446     5401     5561     5894     6248 
    6481     6551     6456     6144     5586     4898     4306     4009 
    4070     4387     4767     4993     4985     4870     4829     5007 
    5425     5874     6114     6055     5742     5346     5031     4917 
    5117     5590     6119     6442     6364     5906     5255     4610 
    4148     3993     4155     4522     4910     5143     5074     4646 
    4009     3423     3110     3213     3683     4269     4675     4715 
    4408     3942     3494     3168     3063     3169     3356     3555 
    3787     4113     4603     5233     5848     6208     6112     5590 
    4897     4302     3953     3847     3887     3940     3930     3900 
    3909     3944     3970     3932     3806     3677     3699     3964 
    4383     4784     5064     5157     5109     5062     5061     5055 
    4985     4765     4356     3871     3516     3450     3691     4161 
    4715     5153     5347     5275     5076     4955     4944     4939 
    4837     4616     4335     4066     3922     3958     4160     4539 
    4987     5344     5549     5548     5374     5235     5332     5662 
    6082     6469     6708     6681     6381     5904     5401     5050 
    4950     5093     5435     5872     6268     6551     6702     6690 
    6497     6227     6099     6223     6514     6773     6819     6612 
    6224     5819     5619     5735     6105     6535     6764     6606 
    6106     5481     4970     4788     5034     5567     6107     6452 
    6540     6435     6271     6174     6205     6331     6492     6622 
    6694     6750     6748     6543     6059     5319     4499     3895 
    3714     3974     4502     5002     5250     5187     4867     4396 
    3901     3483     3174     3001     2973     3080     3297     3568 
    3901     4354     4911     5534     6133     6540     6607     6316 
    5856     5511     5476     5750     6067     6134     5939     5637 
    5419     5437     5712     6196     6745     7053     6761     5769 
    4452     3361     2926     3384     4615     6146     7423     7961 
    7481     6073     4156     2342     1156      761     1009     1583 
    2130     2408     2409     2317     2255     2297     2555     2950 
    3286     3555     3854     4239     4730     5231     5572     5624 
    5346     4872     4486     4371     4520     4859     5245     5460 
    5346     4820     3962     3150     2761     2877     3343     3892 
    4361     4857     5575     6540     7599     8473     8846     8534 
    7588     6311     5245     4961     5661     7066     8570     9554 
    9721     9065     7805     6493     5738     5825     6651     7812 
    8771     9111     8746     7955     7168     6718     6727     7095 
    7564     7802     7552     6823     5937     5253     4866     4715 
    4730     4808     4863     4868     4854     4863     4898     4949 
    4944     4791     4493     4028     3325     2431     1552      981 
    1001     1716     3009     4588     6078     7140     7487     6967 
    5731     4216     2939     2301     2509     3562     5113     6531 
    7219     6895     5806     4547     3576     3007     2687     2356 
    1834     1122      378     -176     -284      238     1241     2314 
    3108     3399     3107     2302     1194      214     -177      207 
    1288     2819     4355     5375     5640     5299     4685     4077 
    3603     3414     3712     4460     5355     6089     6435     6294 
    5892     5718     6131     7178     8592     9879    10537    10191 
    8724     6509     4328     2916     2622     3388     4832     6350 
    7386     7737     7553     7137     6774     6613     6657     6855 
    7069     7055     6673     6111     5755     5806     6255     7070 
    7994     8479     8103     6859     5195     3820     3262     3628 
    4710     6099     7250     7771     7608     6928     6016     5106 
    4264     3484     2764     2116     1618     1395     1524     2015 
    2904     4280     6053     7741     8701     8515     7211     5279 
    3500     2640     3053     4497     6337     7803     8374     8133 
    7586     7243     7375     7976     8808     9473     9590     9063 
    8144     7237     6682     6630     6941     7269     7341     7185 
    6945     6560     5840     4797     3761     3152     3191     3750 
    4405     4741     4590     3946     2952     1871      932      319 
     152      418      963     1535     1903     1959     1709     1236 
     632       57     -297     -327      -74      244      369      146 
    -490    -1411    -2244    -2629    -2410    -1587     -359      898 
    1731     1781     1111      145     -704    -1029     -405     1304 
    3724     6128     7770     8090     6883     4517     1924      125 
    -421       61     1130     2438     3700     4703     5317     5501 
    5319     4842     4165     3540     3153     2929     2707     2391 
    1948     1368      680       63     -222     -110      201      513 
     762      933     1043     1221     1624     2231     2854     3289 
    3397     3164     2730     2423     2642     3507     4779     6020 
    6775     6825     6252     5375     4697     4575     4985     5642 
    6206     6375     5990     5233     4601     4478     4852     5450 
    6011     6449     6801     7079     7237     7177     6781     5992 
    5002     4294     4379     5397     6960     8345     8948     8666 
    7823     6875     6275     6271     6736     7374     7957     8378 
    8542     8321     7711     6913     6272     6076     6337     6867 
    7353     7386     6676     5282     3625     2299     1804     2236 
    3178     4092     4743     5156     5433     5675     6002     6524 
    7235     7985     8524     8580     8072     7236     6493     6169 
    6327     6876     7726     8682     9421     9699     9436     8694 
    7664     6640     5916     5635     5793     6299     6925     7362 
    7404     7072     6578     6151     5818     5377     4638     3606 
    2511     1736     1564     1968     2582     2922     2742     2117 
    1376      969     1165     1910     2908     3767     4169     3966 
    3267     2491     2136     2404     3165     4155     5040     5456 
    5171     4230     3032     2170     2001     2461     3191     3716 
    3719     3248     2684     2455     2712     3272     3750     3819 
    3423     2824     2454     2598     3304     4453     5714     6659 
    7004     6702     5945     5059     4317     3930     4035     4525 
    5062     5398     5505     5447     5394     5534     5898     6451 
    7080     7581     7835     7775     7284     6279     4776     3022 
    1479      579      575     1476     2915     4194     4710     4286 
    3056     1364     -259    -1340    -1614    -1056       42     1190 
    1933     2081     1823     1559     1610     2102     3028     4295 
    5685     6855     7446     7350     6807     6271     6289     7059 
    8114     8749     8458     7155     5382     3972     3420     3688 
    4393     5162     5798     6174     6138     5655     4995     4554 
    4419     4286     3857     3198     2598     2221     2019     1944 
    2112     2615     3339     4091     4666     4867     4606     4026 
    3443     3060     2881     2873     3030     3337     3771     4267 
    4662     4808     4665     4291     3876     3671     3807     4250 
    4817     5235     5346     5206     4873     4297     3450     2446 
    1648     1493     2128     3348     4657     5485     5613     5179 
    4450     3731     3238     2951     2731     2631     2809     3240 
    3768     4184     4275     3978     3519     3285     3454     3890 
    4334     4531     4387     4013     3625     3470     3719     4303 
    4886     5140     5064     4906     4917     5234     5708     6000 
    5992     5894     5984     6384     7022     7678     8070     8030 
    7590     6923     6352     6228     6565     7022     7209     6916 
    6247     5551     5202     5418     6072     6827     7391     7525 
    7061     6016     4690     3537     2816     2566     2762     3363 
    4256     5184     5817     5905     5429     4652     3936     3522 
    3550     4054     4802     5343     5302     4617     3623     2863 
    2768     3503     4912     6537     7825     8447     8343     7589 
    6459     5400     4842     5010     5751     6669     7387     7607 
    7268     6608     5978     5696     5971     6805     7861     8613 
    8762     8309     7399     6242     5067     4144     3750     4013 
    4768     5630     6211     6252     5703     4798     3982     3747 
    4355     5560     6745     7395     7353     6788     6026     5362 
    4919     4623     4392     4170     3827     3331     2839     2471 
    2129     1577      694     -428    -1496    -2079    -1892     -972 
     405     1805     2780     3159     3087     2705     2152     1710 
    1593     1811     2237     2735     3241     3680     4009     4310 
    4657     5035     5399     5743     6075     6340     6467     6409 
    6140     5747     5465     5485     5826     6373     7016     7654 
    8056     8013     7477     6522     5419     4524     4064     4099 
    4476     4938     5321     5584     5790     6010     6242     6363 
    6175     5611     4833     4112     3640     3423     3354     3395 
    3600     3914     4185     4304     4219     4022     3904     3973 
    4216     4562     4987     5487     5950     6231     6309     6262 
    6166     6019     5799     5428     4786     3949     3161     2563 
    2245     2286     2633     3078     3300     3071     2434     1626 
    1024     1053     1839     3000     3975     4412     4187     3419 
    2524     1993     2113     2926     4188     5348     5847     5442 
    4331     3131     2463     2544     3232     4104     4637     4573 
    3973     3013     1936     1046      586      631     1063     1625 
    2008     1935     1361      595       -5     -296     -235      198 
    1008     2116     3291     4293     5015     5427     5512     5295 
    4913     4503     4138     3881     3717     3607     3548     3499 
    3464     3505     3631     3785     3841     3684     3313     2784 
    2201     1777     1728     2056     2624     3395     4307     5157 
    5749     5972     5812     5283     4397     3289     2245     1595 
    1509     1896     2572     3363     4083     4555     4663     4467 
    4175     3966     3929     4039     4183     4308     4478     4836 
    5485     6361     7289     8079     8551     8580     8171     7532 
    6976     6716     6836     7317     7986     8592     8927     8874 
    8439     7796     7222     6902     6800     6723     6526     6177 
    5679     5136     4742     4659     4960     5564     6260     6847 
    7226     7409     7520     7696     7973     8273     8445     8380 
    8091     7666     7273     7125     7309     7726     8173     8429 
    8416     8197     7841     7476     7269     7289     7449     7562 
    7476     7161     6745     6390     6118     5882     5647     5388 
    5158     5062     5171     5526     6075     6633     7069     7440 
    7811     8143     8427     8746     9165     9546     9637     9410 
    9038     8638     8241     7839     7410     7034     6927     7173 
    7547     7731     7613     7329     7057     6874     6793     6832 
    6973     7141     7256     7256     7210     7335     7744     8300 
    8731     8849     8673     8377     8170     8132     8176     8198 
    8133     7976     7825     7832     8082     8469     8775     8850 
    8594     8010     7308     6809     6719     7051     7618     8088 
    8200     7854     7070     6035     5014     4234     3812     3682 
    3705     3836     4083     4474     4989     5467     5703     5631 
    5352     5034     4819     4743     4785     4909     4956     4777 
    4394     3836     3195     2708     2544     2730     3179     3716 
    4179     4382     4188     3666     3068     2698     2760     3188 
    3642     3751     3400     2738     2027     1462     1170     1320 
    1939     2771     3557     4172     4534     4586     4309     3787 
    3221     2829     2773     3131     3842     4671     5402     5964 
    6282     6315     6170     5901     5548     5260     5117     5086 
    5100     5102     5099     5131     5200     5242     5211     5167 
    5192     5317     5524     5749     5905     6020     6207     6462 
    6690     6868     7049     7247     7393     7455     7423     7264 
    7005     6742     6552     6482     6595     6948     7503     8081 
    8477     8578     8355     7855     7198     6487     5790     5230 
    4971     5057     5363     5677     5831     5792     5624     5490 
    5640     6200     7039     7873     8386     8330     7681     6697 
    5750     5160     5088     5442     5991     6503     6744     6573 
    6098     5553     5115     4881     4787     4732     4756     4840 
    4875     4861     4812     4708     4566     4445     4421     4529 
    4739     4960     5064     4979     4733     4482     4436     4699 
    5299     6140     6928     7423     7561     7336     6879     6454 
    6276     6364     6546     6636     6595     6534     6522     6494 
    6398     6235     6013     5746     5440     5135     4906     4832 
    4974     5281     5668     6088     6470     6702     6675     6395 
    5967     5474     4982     4582     4361     4329     4439     4623 
    4795     4881     4827     4657     4452     4257     4142     4158 
    4244     4286     4207     4004     3779     3668     3720     3890 
    4070     4189     4278     4349     4356     4253     4044     3836 
    3747     3775     3845     3875     3809     3646     3448     3305 
    3325     3547     3868     4178     4450     4639     4711     4713 
    4714     4769     4903     5035     5050     4951     4765     4504 
    4204     3868     3567     3393     3309     3260     3181     3020 
    2883     2907     3143     3544     3988     4398     4701     4826 
    4787     4609     4368     4209     4201     4347     4584     4786 
    4907     4974     4963     4846     4665     4496     4416     4449 
    4506     4535     4589     4698     4840     4962     5029     5076 
    5084     4969     4706     4367     4094     3989     4086     4365 
    4713     4988     5108     5032     4777     4441     4139     3963 
    3910     3930     3994     4077     4199     4385     4610     4809 
    4883     4800     4638     4457     4271     4155     4212     4424 
    4670     4856     4946     4961     5001     5108     5216     5230 
    5075     4766     4399     4089     3951     4043     4296     4562 
    4746     4780     4591     4193     3739     3463     3488     3738 
    4084     4373     4429     4201     3796     3356     2984     2767 
    2752     2954     3353     3837     4289     4650     4858     4898 
    4838     4734     4631     4592     4660     4869     5230     5692 
    6174     6576     6806     6785     6499     6088     5739     5555 
    5624     5984     6539     7093     7441     7505     7368     7167 
    7005     6905     6859     6902     7023     7127     7139     7039 
    6889     6815     6900     7122     7355     7464     7396     7188 
    6903     6594     6304     6111     6089     6213     6430     6661 
    6800     6805     6668     6428     6187     6022     5984     6095 
    6319     6520     6534     6327     5980     5631     5415     5403 
    5633     6051     6507     6846     6904     6648     6237     5880 
    5718     5764     5932     6113     6194     6104     5822     5456 
    5177     5027     4997     5081     5222     5361     5467     5497 
    5429     5308     5194     5102     5050     5089     5273     5598 
    5978     6293     6436     6402     6250     5990     5654     5304 
    4988     4790     4779     4938     5189     5419     5541     5492 
    5211     4761     4342     4133     4159     4301     4447     4598 
    4762     4903     4995     4999     4914     4826     4781     4760 
    4798     4910     5025     5059     4950     4703     4411     4176 
    4074     4131     4316     4496     4546     4466     4295     4110 
    4008     4006     4090     4229     4368     4518     4721     4943 
    5081     5063     4904     4720     4618     4597     4623     4647 
    4633     4613     4617     4622     4577     4436     4206     3946 
    3714     3544     3406     3279     3235     3335     3538     3757 
    3950     4077     4085     3976     3812     3631     3471     3422 
    3525     3734     3996     4256     4479     4681     4833     4849 
    4700     4427     4133     3926     3815     3741     3677     3681 
    3816     4066     4374     4653     4847     4945     4929     4832 
    4740     4724     4778     4827     4807     4684     4485     4324 
    4294     4370     4411     4288     3994     3618     3268     3055 
    3070     3270     3499     3626     3628     3567     3521     3570 
    3739     3905     3974     3992     4051     4214     4437     4599 
    4602     4405     4055     3684     3479     3579     3959     4436 
    4803     4945     4866     4656     4470     4460     4654     4948 
    5193     5273     5179     4973     4748     4605     4576     4636 
    4753     4876     4918     4857     4766     4716     4761     4914 
    5092     5206     5185     4982     4637     4312     4177     4308 
    4679     5140     5543     5796     5838     5740     5593     5436 
    5327     5276     5255     5229     5151     5022     4890     4843 
    4944     5162     5463     5810     6113     6279     6261     6087 
    5861     5708     5682     5779     5957     6115     6195     6214 
    6198     6230     6403     6699     7044     7303     7320     7058 
    6642     6294     6172     6291     6551     6790     6899     6844 
    6654     6441     6340     6419     6660     6941     7100     7147 
    7194     7288     7437     7571     7589     7497     7349     7167 
    6964     6768     6620     6579     6666     6808     6913     6946 
    6893     6791     6687     6552     6403     6303     6233     6189 
    6189     6216     6281     6393     6558     6768     6959     7077 
    7115     7058     6897     6661     6415     6229     6159     6199 
    6264     6314     6352     6350     6297     6199     6061     5920 
    5814     5737     5673     5611     5545     5497     5485     5510 
    5536     5493     5379     5225     5055     4906     4813     4792 
    4796     4731     4585     4416     4237     4067     3929     3779 
    3628     3518     3407     3313     3278     3258     3260     3349 
    3498     3626     3699     3710     3689     3689     3697     3664 
    3601     3530     3455     3385     3308     3224     3182     3192 
    3219     3263     3305     3298     3254     3190     3089     2942 
    2757     2597     2580     2750     3034     3309     3470     3473 
    3356     3177     2987     2874     2906     3060     3254     3427 
    3578     3722     3857     3980     4112     4236     4245     4092 
    3849     3615     3484     3496     3610     3737     3822     3883 
    3942     4006     4062     4102     4123     4111     4099     4119 
    4134     4118     4083     4081     4175     4352     4570     4785 
    4903     4904     4856     4796     4780     4837     4924     5023 
    5106     5151     5181     5227     5311     5435     5521     5463 
    5257     4979     4725     4588     4585     4682     4831     4949 
    4969     4886     4726     4545     4464     4554     4746     4959 
    5176     5361     5452     5438     5329     5168     5020     4897 
    4825     4846     4935     5037     5075     4976     4783     4609 
    4521     4568     4744     4958     5131     5226     5250     5198 
    5047     4822     4602     4496     4537     4623     4672     4667 
    4595     4487     4369     4234     4117     4036     3949     3841 
    3736     3648     3598     3639     3762     3905     4027     4069 
    3991     3825     3610     3357     3091     2881     2796     2882 
    3146     3497     3757     3821     3722     3540     3381     3348 
    3482     3792     4213     4611     4895     5013     4962     4796 
    4565     4300     4084     4011     4058     4152     4275     4414 
    4520     4551     4526     4498     4494     4506     4462     4318 
    4100     3862     3749     3880     4207     4610     4927     5041 
    4986     4851     4691     4547     4450     4408     4412     4443 
    4494     4619     4851     5143     5432     5615     5612     5454 
    5238     5059     4985     5011     5082     5167     5226     5238 
    5243     5299     5450     5661     5803     5809     5696     5513 
    5332     5213     5186     5228     5277     5273     5193     5136 
    5182     5287     5425     5544     5560     5498     5381     5209 
    5055     4957     4925     4944     4974     4990     4949     4859 
    4766     4706     4748     4913     5123     5311     5438     5487 
    5497     5505     5522     5546     5550     5505     5396     5232 
    5059     4899     4768     4712     4742     4810     4865     4852 
    4761     4646     4537     4414     4298     4203     4109     4032 
    4004     4033     4114     4234     4339     4356     4233     3965 
    3637     3369     3230     3252     3392     3565     3759     3940 
    4054     4092     4057     3983     3885     3765     3661     3605 
    3620     3694     3759     3775     3734     3653     3571     3529 
    3545     3580     3580     3531     3436     3320     3192     3073 
    3037     3106     3234     3346     3407     3449     3492     3539 
    3568     3550     3525     3526     3549     3590     3631     3673 
    3737     3826     3932     4008     3965     3783     3533     3301 
    3157     3140     3245     3419     3615     3811     3962     4059 
    4119     4115     4054     3986     3926     3905     3942     3954 
    3922     3915     3913     3879     3842     3820     3815     3826 
    3829     3827     3825     3785     3691     3579     3532     3627 
    3850     4154     4446     4620     4657     4593     4502     4450 
    4438     4471     4551     4640     4684     4675     4657     4669 
    4737     4858     4991     5124     5262     5367     5406     5397 
    5368     5388     5531     5759     6006     6264     6492     6629 
    6651     6556     6399     6288     6256     6252     6236     6178 
    6096     6042     6032     6059     6103     6120     6104     6082 
    6072     6052     5998     5922     5854     5794     5704     5562 
    5419     5317     5258     5245     5272     5304     5303     5239 
    5092     4862     4597     4384     4284     4286     4372     4530 
    4715     4920     5160     5326     5326     5195     4963     4692 
    4516     4475     4551     4706     4827     4838     4764     4645 
    4532     4484     4472     4415     4312     4209     4159     4220 
    4370     4514     4582     4585     4570     4560     4588     4662 
    4764     4929     5120     5251     5335     5375     5345     5298 
    5248     5168     5095     5013     4898     4826     4802     4785 
    4801     4828     4824     4823     4846     4877     4897     4887 
    4859     4820     4791     4798     4823     4866     4880     4823 
    4748     4648     4507     4402     4357     4345     4324     4256 
    4155     4059     4019     4048     4107     4156     4133     4022 
    3872     3722     3612     3545     3498     3488     3526     3593 
    3694     3815     3916     3953     3888     3719     3495     3296 
    3191     3196     3278     3386     3479     3536     3565     3588 
    3617     3674     3772     3885     4003     4125     4253     4416 
    4628     4852     5038     5143     5147     5101     5053     5002 
    4960     4923     4890     4884     4903     4947     4996     5006 
    5000     5010     5026     5041     5059     5091     5138     5181 
    5198     5176     5135     5131     5183     5254     5325     5390 
    5448     5517     5597     5659     5692     5683     5628     5576 
    5565     5618     5760     5960     6127     6186     6110     5914 
    5662     5409     5186     5069     5102     5269     5532     5801 
    5984     6048     5995     5870     5733     5658     5666     5694 
    5715     5680     5541     5387     5326     5392     5586     5827 
    5982     6006     5942     5835     5747     5726     5758     5801 
    5821     5820     5811     5810     5832     5866     5897     5879 
    5784     5652     5498     5364     5315     5344     5420     5507 
    5539     5503     5434     5337     5225     5152     5126     5134 
    5214     5374     5563     5763     5919     5959     5909     5804 
    5686     5616     5565     5502     5433     5363     5318     5330 
    5411     5523     5622     5706     5747     5734     5688     5629 
    5569     5471     5316     5152     5007     4937     4979     5064 
    5138     5163     5085     4924     4755     4658     4689     4836 
    5037     5169     5215     5259     5302     5371     5458     5484 
    5506     5549     5565     5597     5627     5616     5594     5565 
    5529     5494     5495     5550     5608     5631     5557     5354 
    5092     4851     4706     4710     4799     4896     4957     4957 
    4891     4758     4611     4507     4452     4456     4477     4477 
    4488     4519     4579     4664     4745     4819     4867     4886 
    4908     4925     4946     5005     5104     5239     5390     5521 
    5617     5663     5687     5732     5794     5871     5968     6059 
    6132     6168     6124     6026     5933     5868     5844     5846 
    5844     5838     5811     5725     5588     5424     5253     5113 
    5026     5016     5083     5144     5136     5023     4807     4542 
    4280     4082     3977     3940     3942     3956     3997     4070 
    4160     4273     4395     4513     4608     4660     4675     4680 
    4729     4846     4999     5119     5130     5012     4818     4616 
    4470     4448     4577     4772     4903     4880     4702     4465 
    4263     4160     4201     4328     4453     4536     4561     4562 
    4546     4445     4262     4045     3877     3864     4017     4273 
    4502     4585     4526     4356     4159     4082     4161     4376 
    4683     4952     5102     5141     5092     5019     4978     4971 
    4997     5074     5206     5344     5428     5424     5323     5175 
    5047     4986     5033     5170     5308     5381     5343     5181 
    4973     4796     4706     4774     4968     5160     5258     5211 
    5008     4705     4371     4048     3811     3726     3780     3931 
    4100     4170     4095     3905     3708     3627     3669     3760 
    3826     3823     3749     3660     3644     3769     4055     4439 
    4782     4933     4839     4548     4180     3917     3859     3982 
    4214     4457     4649     4785     4854     4829     4737     4647 
    4611     4659     4737     4721     4566     4307     4030     3868 
    3865     4008     4316     4712     5035     5160     5076     4884 
    4684     4540     4452     4402     4447     4643     5027     5622 
    6259     6664     6684     6345     5871     5519     5425     5582 
    5818     5927     5794     5423     5000     4742     4742     4989 
    5276     5315     5044     4588     4135     3890     3888     4032 
    4239     4415     4509     4513     4438     4338     4246     4184 
    4193     4294     4433     4484     4408     4263     4096     4007 
    4096     4323     4586     4742     4631     4288     3852     3421 
    3181     3246     3502     3814     4076     4179     4128     4051 
    4063     4175     4370     4604     4846     5100     5329     5532 
    5710     5809     5849     5877     5918     6019     6203     6384 
    6399     6176     5822     5501     5355     5472     5799     6179 
    6457     6491     6277     5981     5736     5594     5587     5670 
    5768     5804     5705     5506     5306     5177     5151     5205 
    5278     5326     5329     5278     5202     5198     5317     5482 
    5629     5736     5763     5750     5766     5780     5767     5776 
    5814     5894     6036     6211     6386     6503     6477     6276 
    5906     5454     5141     5185     5575     6073     6420     6431 
    6058     5442     4812     4437     4520     5003     5637     6168 
    6368     6208     5898     5616     5457     5480     5614     5789 
    6009     6253     6512     6750     6928     7054     7105     7083 
    7078     7180     7376     7570     7640     7473     7083     6630 
    6277     6130     6274     6703     7224     7567     7568     7224 
    6723     6281     5988     5907     6023     6186     6341     6496 
    6590     6598     6519     6352     6181     6067     6001     6004 
    6085     6159     6117     5950     5735     5556     5486     5552 
    5721     5893     5940     5791     5483     5138     4895     4799 
    4802     4866     4982     5093     5162     5228     5337     5501 
    5674     5759     5713     5564     5367     5170     4953     4696 
    4460     4343     4390     4534     4695     4832     4932     4945 
    4803     4536     4225     3996     3978     4148     4396     4601 
    4711     4775     4797     4784     4796     4831     4864     4894 
    4919     4907     4830     4728     4654     4602     4593     4686 
    4869     5065     5175     5125     4924     4663     4498     4511 
    4610     4689     4675     4520     4280     4051     3940     3984 
    4062     4071     4012     3954     3984     4131     4414     4768 
    5060     5205     5131     4869     4548     4303     4271     4456 
    4724     4995     5243     5423     5462     5280     4890     4430 
    4086     4003     4219     4670     5193     5594     5777     5743 
    5563     5322     5122     5061     5070     5060     5040     5007 
    5015     5099     5212     5311     5317     5195     4998     4811 
    4770     4952     5296     5673     5913     5921     5770     5582 
    5465     5506     5650     5769     5791     5694     5512     5306 
    5149     5135     5270     5459     5577     5521     5303     5035 
    4824     4766     4845     4958     5036     5053     5039     5017 
    5001     5053     5133     5160     5092     4893     4589     4240 
    3923     3743     3748     3937     4239     4515     4653     4575 
    4285     3932     3721     3754     3966     4221     4420     4510 
    4481     4375     4259     4189     4202     4288     4387     4411 
    4295     4111     3989     3994     4101     4211     4288     4344 
    4339     4266     4161     4078     4082     4154     4218     4256 
    4310     4399     4484     4522     4512     4460     4372     4285 
    4261     4321     4438     4551     4590     4542     4442     4374 
    4419     4537     4604     4542     4368     4155     3977     3891 
    3903     3990     4132     4275     4348     4304     4158     3974 
    3810     3706     3691     3774     3933     4136     4356     4495 
    4448     4244     3979     3777     3712     3739     3816     3894 
    3919     3900     3843     3780     3778     3851     3938     3951 
    3886     3826     3783     3725     3656     3610     3635     3711 
    3809     3922     4012     4092     4183     4246     4280     4299 
    4315     4349     4385     4391     4372     4357     4353     4351 
    4372     4434     4478     4469     4432     4359     4252     4160 
    4121     4190     4345     4479     4539     4524     4471     4423 
    4372     4286     4183     4153     4249     4396     4521     4611 
    4639     4615     4589     4586     4628     4701     4782     4869 
    4901     4836     4742     4688     4669     4638     4558     4456 
    4376     4335     4341     4401     4507     4612     4652     4601 
    4448     4234     4057     3961     3982     4112     4255     4366 
    4434     4444     4421     4379     4332     4307     4325     4379 
    4441     4497     4544     4605     4699     4828     4995     5162 
    5265     5255     5130     4986     4899     4863     4880     4941 
    5002     5054     5099     5129     5169     5219     5215     5165 
    5084     4965     4864     4808     4804     4829     4832     4825 
    4820     4833     4873     4920     4963     4980     4947     4848 
    4712     4625     4642     4791     5027     5224     5311     5275 
    5149     4988     4830     4730     4685     4659     4653     4630 
    4580     4542     4543     4613     4737     4852     4929     4954 
    4917     4828     4706     4601     4593     4707     4917     5156 
    5341     5445     5464     5409     5312     5193     5087     5042 
    5071     5159     5244     5279     5284     5279     5274     5281 
    5297     5328     5350     5352     5366     5355     5322     5335 
    5397     5499     5615     5686     5684     5610     5505     5411 
    5341     5307     5297     5301     5323     5334     5306     5234 
    5141     5061     5009     5003     5059     5166     5286     5368 
    5394     5377     5346     5292     5229     5191     5144     5075 
    4995     4891     4789     4706     4664     4705     4812     4930 
    4997     4972     4854     4682     4545     4514     4589     4739 
    4917     5079     5193     5238     5202     5075     4895     4730 
    4632     4655     4821     5091     5403     5659     5797     5819 
    5727     5537     5308     5100     4950     4886     4900     4957 
    5019     5023     4934     4805     4724     4732     4806     4869 
    4863     4809     4724     4608     4526     4490     4472     4490 
    4543     4580     4581     4570     4570     4598     4656     4690 
    4652     4581     4531     4538     4603     4681     4716     4656 
    4512     4342     4198     4154     4224     4356     4507     4623 
    4670     4671     4644     4578     4503     4476     4531     4693 
    4895     5041     5108     5059     4914     4768     4700     4752 
    4903     5095     5246     5270     5196     5121     5076     5069 
    5081     5078     5072     5062     5053     5098     5193     5290 
    5354     5351     5299     5255     5280     5399     5515     5537 
    5452     5285     5129     5088     5169     5317     5452     5501 
    5452     5340     5225     5179     5216     5305     5427     5541 
    5589     5586     5558     5508     5454     5418     5405     5417 
    5485     5592     5666     5672     5582     5415     5260     5169 
    5158     5228     5348     5474     5565     5612     5638     5684 
    5790     5937     6075     6166     6171     6093     6001     5916 
    5847     5864     5955     6049     6125     6156     6133     6099 
    6067     6018     5961     5912     5862     5829     5814     5775 
    5702     5598     5472     5358     5294     5297     5355     5458 
    5565     5606     5572     5459     5286     5109     4972     4938 
    5035     5198     5367     5500     5552     5529     5474     5398 
    5297     5216     5162     5102     5058     5032     5020     5060 
    5125     5154     5122     5028     4915     4847     4834     4820 
    4787     4767     4770     4807     4864     4890     4892     4896 
    4900     4895     4859     4798     4773     4823     4910     4996 
    5086     5158     5205     5252     5264     5214     5111     4960 
    4809     4711     4667     4677     4755     4884     5020     5097 
    5096     5036     4924     4809     4729     4667     4641     4658 
    4701     4810     4976     5133     5242     5266     5205     5112 
    5033     5004     5037     5124     5235     5328     5368     5331 
    5227     5117     5044     5002     4984     4972     4943     4907 
    4886     4884     4911     4950     4947     4891     4812     4711 
    4626     4619     4697     4862     5061     5199     5254     5250 
    5223     5224     5272     5340     5415     5502     5600     5706 
    5810     5886     5898     5819     5673     5523     5439     5419 
    5410     5407     5400     5361     5320     5297     5280     5271 
    5241     5151     5007     4864     4769     4764     4852     4939 
    4964     4947     4916     4926     5009     5122     5198     5187 
    5082     4904     4719     4612     4609     4703     4866     5025 
    5135     5194     5189     5140     5073     4959     4813     4694 
    4604     4576     4615     4671     4757     4861     4939     4982 
    4966     4888     4799     4756     4760     4781     4825     4878 
    4930     4988     5031     5056     5067     5055     5034     5006 
    4966     4942     4936     4955     5019     5091     5134     5121 
    5039     4944     4887     4892     4960     5043     5111     5156 
    5165     5163     5162     5146     5133     5118     5104     5112 
    5128     5138     5123     5085     5042     4989     4960     4965 
    4992     5047     5085     5080     5027     4918     4814     4770 
    4791     4895     5061     5216     5304     5295     5180     4997 
    4816     4696     4644     4655     4725     4818     4900     4951 
    4974     4974     4945     4931     4954     4966     4958     4923 
    4861     4840     4876     4936     4993     5004     4961     4890 
    4803     4729     4682     4675     4716     4797     4903     4984 
    4999     4957     4867     4755     4682     4670     4726     4849 
    4975     5032     4991     4872     4756     4698     4709     4798 
    4918     4982     4955     4860     4745     4657     4627     4671 
    4730     4743     4716     4653     4573     4510     4453     4375 
    4279     4184     4107     4038     3975     3936     3916     3927 
    3964     4002     4043     4057     4038     4033     4012     3958 
    3897     3823     3767     3728     3667     3628     3635     3667 
    3746     3852     3919     3921     3868     3792     3726     3698 
    3725     3770     3816     3860     3864     3842     3834     3831 
    3821     3790     3743     3715     3716     3733     3760     3789 
    3804     3810     3805     3772     3734     3715     3722     3789 
    3924     4059     4150     4198     4198     4183     4201     4261 
    4356     4465     4553     4580     4530     4436     4335     4258 
    4227     4248     4289     4310     4333     4381     4422     4437 
    4415     4344     4275     4234     4179     4129     4121     4157 
    4218     4258     4263     4241     4190     4149     4133     4138 
    4184     4249     4299     4326     4311     4256     4193     4159 
    4173     4218     4281     4354     4426     4502     4568     4604 
    4610     4580     4542     4499     4430     4358     4287     4243 
    4280     4392     4547     4685     4728     4679     4566     4436 
    4352     4327     4375     4470     4557     4621     4655     4641 
    4614     4619     4632     4652     4690     4704     4691     4669 
    4636     4631     4674     4749     4837     4914     4964     4978 
    4978     4968     4937     4926     4928     4889     4834     4788 
    4750     4765     4844     4938     5029     5114     5125     5057 
    4980     4911     4872     4883     4897     4931     5011     5077 
    5118     5153     5151     5111     5055     5009     4986     4973 
    4976     4988     5003     5043     5069     5047     4989     4906 
    4838     4814     4801     4788     4766     4710     4640     4600 
    4618     4707     4845     4966     5022     5014     4953     4872 
    4816     4787     4776     4795     4824     4856     4891     4898 
    4903     4914     4902     4879     4832     4741     4651     4601 
    4591     4632     4716     4773     4786     4782     4758     4751 
    4787     4845     4923     4998     5022     4961     4816     4622 
    4463     4395     4417     4504     4606     4687     4742     4761 
    4735     4689     4666     4668     4669     4682     4708     4752 
    4847     4966     5068     5129     5126     5094     5056     5004 
    4955     4917     4882     4849     4812     4774     4754     4781 
    4848     4919     4981     4997     4958     4934     4914     4886 
    4880     4853     4821     4831     4857     4894     4955     5031 
    5101     5156     5202     5226     5226     5228     5216     5195 
    5195     5204     5252     5334     5406     5488     5548     5566 
    5583     5588     5583     5578     5550     5503     5453     5421 
    5405     5409     5456     5512     5542     5565     5562     5531 
    5512     5494     5463     5441     5427     5417     5423     5448 
    5467     5475     5504     5521     5502     5477     5425     5357 
    5316     5273     5239     5253     5282     5304     5315     5289 
    5226     5146     5083     5067     5080     5102     5105     5077 
    5065     5085     5137     5206     5267     5331     5344     5283 
    5200     5084     4992     4981     5007     5054     5113     5144 
    5175     5238     5305     5354     5383     5388     5369     5339 
    5303     5269     5261     5290     5339     5388     5423     5440 
    5462     5496     5551     5639     5708     5736     5729     5676 
    5614     5561     5522     5525     5546     5547     5525     5483 
    5431     5388     5370     5362     5329     5277     5225     5185 
    5180     5202     5221     5229     5240     5251     5245     5245 
    5264     5275     5287     5297     5297     5299     5307     5322 
    5330     5337     5364     5414     5501     5616     5716     5777 
    5778     5722     5660     5624     5616     5650     5711     5752 
    5752     5713     5660     5636     5641     5662     5679     5666 
    5636     5593     5542     5527     5537     5549     5575     5581 
    5562     5556     5539     5525     5540     5554     5570     5583 
    5568     5528     5471     5432     5421     5427     5469     5514 
    5513     5480     5413     5328     5264     5210     5186     5192 
    5180     5179     5180     5137     5080     5012     4946     4912 
    4907     4927     4954     4982     5014     5027     5044     5073 
    5100     5134     5147     5129     5104     5071     5055     5074 
    5091     5090     5082     5067     5068     5107     5150     5181 
    5203     5210     5200     5157     5115     5104     5111     5140 
    5144     5103     5061     4999     4947     4949     4971     5010 
    5043     5040     5023     4989     4963     4956     4958     4990 
    5034     5067     5099     5111     5090     5062     5045     5038 
    5059     5121     5188     5231     5252     5242     5211     5195 
    5173     5152     5163     5176     5191     5204     5188     5178 
    5193     5219     5254     5297     5348     5408     5448     5443 
    5400     5328     5243     5182     5160     5172     5219     5278 
    5307     5304     5268     5198     5128     5081     5054     5057 
    5074     5075     5065     5063     5070     5086     5106     5111 
    5108     5095     5053     5011     4994     5000     5032     5072 
    5098     5116     5123     5101     5074     5070     5092     5133 
    5190     5227     5202     5146     5097     5062     5075     5124 
    5158     5176     5180     5148     5089     5018     4947     4921 
    4953     4998     5038     5060     5033     4974     4904     4820 
    4756     4727     4709     4705     4708     4705     4712     4727 
    4733     4730     4718     4708     4689     4665     4658     4671 
    4716     4780     4833     4878     4902     4900     4897     4891 
    4890     4899     4893     4879     4866     4845     4810     4775 
    4752     4746     4767     4805     4843     4864     4838     4786 
    4749     4724     4713     4713     4714     4704     4697     4705 
    4711     4725     4744     4736     4728     4730     4712     4688 
    4669     4641     4616     4602     4585     4576     4581     4587 
    4602     4607     4582     4542     4499     4472     4465     4471 
    4494     4514     4536     4566     4589     4603     4588     4553 
    4531     4517     4515     4526     4532     4518     4480     4430 
    4369     4307     4278     4272     4283     4302     4308     4304 
    4293     4282     4287     4304     4316     4313     4287     4245 
    4224     4240     4287     4350     4418     4485     4508     4486 
    4451     4405     4377     4372     4360     4346     4328     4299 
    4284     4281     4268     4242     4207     4166     4126     4093 
    4065     4042     4043     4061     4080     4096     4121     4158 
    4191     4217     4232     4235     4243     4246     4248     4255 
    4246     4244     4266     4293     4326     4358     4369     4367 
    4360     4342     4321     4297     4263     4214     4159     4109 
    4064     4050     4070     4096     4132     4163     4150     4123 
    4096     4054     4029     4040     4091     4198     4339     4463 
    4553     4609     4602     4554     4516     4494     4508     4582 
    4680     4760     4818     4842     4830     4822     4822     4827 
    4854     4867     4861     4858     4843     4826     4817     4812 
    4824     4844     4857     4856     4825     4765     4685     4614 
    4583     4591     4631     4680     4717     4746     4755     4728 
    4686     4654     4633     4634     4670     4718     4769     4820 
    4851     4870     4868     4838     4809     4786     4770     4766 
    4754     4739     4731     4728     4745     4785     4826     4853 
    4851     4825     4799     4781     4785     4819     4871     4930 
    4987     5010     4992     4961     4920     4890     4877     4842 
    4823     4843     4872     4924     4975     4998     5008     4993 
    4965     4959     4956     4960     4967     4945     4916     4895 
    4861     4822     4789     4763     4731     4686     4645     4620 
    4614     4606     4580     4559     4549     4557     4577     4589 
    4593     4578     4548     4531     4532     4544     4558     4576 
    4612     4655     4705     4743     4753     4746     4722     4707 
    4702     4684     4684     4690     4689     4707     4718     4716 
    4734     4761     4787     4822     4864     4909     4967     5038 
    5093     5108     5089     5047     5005     4983     4986     5007 
    5021     5020     5000     4954     4898     4846     4811     4817 
    4846     4875     4916     4955     4975     4989     4980     4948 
    4930     4932     4950     4988     5034     5077     5115     5135 
    5124     5111     5115     5123     5135     5158     5173     5176 
    5188     5202     5218     5248     5273     5273     5241     5205 
    5171     5125     5097     5075     5047     5030     5023     5037 
    5060     5077     5090     5089     5073     5053     5044     5050 
    5086     5155     5228     5305     5377     5397     5377     5338 
    5286     5263     5285     5322     5361     5417     5476     5516 
    5562     5603     5612     5596     5563     5532     5515     5506 
    5514     5528     5522     5497     5474     5445     5407     5384 
    5366     5344     5322     5285     5236     5205     5201     5205 
    5214     5226     5213     5176     5129     5072     5028     5007 
    4988     4974     4983     5000     5016     5044     5065     5060 
    5017     4950     4886     4824     4796     4812     4843     4878 
    4888     4865     4841     4823     4813     4808     4801     4791 
    4778     4766     4757     4754     4770     4781     4777     4781 
    4779     4776     4777     4758     4741     4734     4710     4685 
    4654     4617     4589     4555     4541     4573     4612     4653 
    4694     4710     4711     4690     4638     4596     4588     4605 
    4651     4710     4750     4780     4812     4832     4843     4860 
    4871     4878     4901     4927     4941     4942     4941     4934 
    4937     4973     4998     5000     5016     5011     4982     4972 
    4962     4957     4992     5033     5065     5103     5128     5134 
    5142     5139     5126     5130     5129     5134     5174     5222 
    5276     5322     5344     5350     5335     5328     5330     5322 
    5337     5367     5389     5403     5397     5359     5313     5278 
    5255     5261     5283     5291     5291     5279     5262     5253 
    5259     5279     5279     5255     5220     5166     5121     5113 
    5154     5228     5302     5354     5372     5366     5368     5382 
    5398     5410     5412     5393     5349     5309     5277     5262 
    5275     5278     5260     5233     5184     5144     5138     5155 
    5181     5208     5220     5223     5229     5239     5252     5258 
    5246     5224     5195     5159     5130     5115     5100     5073 
    5046     5024     4998     4991     5015     5038     5053     5044 
    5004     4969     4956     4961     4988     5028     5057     5062 
    5048     5021     4987     4962     4955     4953     4955     4962 
    4972     4978     4965     4944     4919     4891     4871     4846 
    4833     4838     4838     4842     4847     4836     4824     4804 
    4777     4770     4773     4773     4792     4834     4878     4911 
    4948     4963     4952     4952     4938     4921     4933     4952 
    4983     5008     5017     5021     4999     4967     4948     4929 
    4914     4912     4930     4955     4984     5016     5019     5003 
    4980     4951     4948     4961     4982     5010     5006     4968 
    4923     4867     4808     4784     4782     4784     4804     4815 
    4813     4828     4824     4793     4769     4751     4746     4770 
    4817     4860     4881     4881     4853     4831     4823     4794 
    4769     4744     4709     4699     4691     4689     4706     4708 
    4698     4684     4671     4671     4670     4668     4650     4625 
    4603     4560     4518     4498     4477     4463     4468     4467 
    4457     4456     4466     4474     4481     4478     4459     4440 
    4411     4368     4344     4345     4363     4390     4413     4426 
    4413     4373     4312     4257     4234     4230     4246     4291 
    4328     4349     4363     4375     4393     4414     4445     4470 
    4484     4503     4503     4504     4533     4555     4589     4624 
    4628     4644     4661     4658     4665     4671     4677     4696 
    4716     4750     4802     4851     4889     4915     4920     4907 
    4906     4903     4901     4927     4956     4983     5031     5080 
    5110     5125     5122     5092     5050     5015     4979     4945 
    4914     4865     4823     4821     4837     4873     4900     4891 
    4861     4809     4762     4741     4750     4793     4839     4879 
    4907     4888     4846     4807     4779     4780     4783     4772 
    4748     4711     4665     4613     4564     4515     4470     4450 
    4464     4479     4473     4487     4497     4486     4506     4521 
    4527     4580     4648     4704     4771     4838     4886     4917 
    4938     4945     4954     4988     5018     5036     5067     5083 
    5083     5102     5125     5147     5184     5216     5232     5241 
    5227     5194     5172     5168     5186     5233     5306     5373 
    5405     5413     5390     5341     5301     5269     5262     5290 
    5323     5365     5421     5464     5487     5508     5528     5531 
    5534     5539     5534     5552     5587     5593     5585     5573 
    5542     5517     5509     5510     5519     5539     5570     5590 
    5603     5593     5566     5552     5517     5468     5441     5410 
    5375     5351     5327     5302     5281     5274     5264     5242 
    5232     5215     5195     5196     5194     5185     5186     5182 
    5187     5209     5225     5232     5229     5208     5180     5151 
    5135     5133     5133     5143     5164     5184     5214     5242 
    5256     5261     5240     5197     5153     5110     5072     5043 
    5010     4980     4964     4964     4973     4991     5022     5036 
    5023     4999     4963     4919     4891     4878     4866     4875 
    4903     4927     4957     4977     4971     4958     4929     4884 
    4835     4792     4767     4741     4713     4700     4685     4677 
    4691     4708     4735     4779     4803     4807     4800     4788 
    4771     4746     4752     4774     4796     4840     4863     4855 
    4834     4776     4726     4727     4752     4788     4828     4841 
    4827     4809     4783     4761     4759     4772     4790     4816 
    4847     4874     4886     4887     4882     4858     4842     4839 
    4817     4814     4831     4832     4857     4895     4916     4943 
    4975     4996     5010     5023     5018     4991     4976     4963 
    4941     4935     4919     4907     4922     4914     4889     4864 
    4819     4788     4762     4724     4706     4700     4703     4723 
    4738     4739     4721     4700     4690     4679     4674     4673 
    4660     4650     4631     4610     4604     4583     4569     4566 
    4558     4577     4608     4637     4675     4694     4707     4718 
    4713     4730     4766     4806     4859     4908     4940     4955 
    4956     4948     4938     4943     4958     4986     5029     5050 
    5048     5028     4993     4977     4984     4997     5015     5017 
    5012     5015     5034     5074     5121     5180     5237     5258 
    5253     5217     5173     5150     5141     5148     5168     5191 
    5214     5230     5236     5238     5232     5203     5156     5116 
    5088     5068     5067     5080     5080     5071     5059     5039 
    5026     5004     4978     4968     4957     4957     4965     4955 
    4941     4923     4902     4898     4897     4896     4897     4893 
    4893     4888     4887     4902     4915     4920     4916     4905 
    4894     4883     4873     4850     4839     4863     4876     4890 
    4928     4939     4937     4948     4938     4923     4928     4945 
    4966     5001     5033     5037     5036     5037     5035     5045 
    5061     5072     5084     5115     5139     5135     5135     5131 
    5112     5098     5094     5098     5104     5114     5129     5147 
    5160     5174     5193     5192     5179     5161     5130     5099 
    5069     5047     5041     5048     5076     5108     5122     5124 
    5102     5053     5009     4974     4949     4942     4954     4976 
    4992     5009     5013     4988     4963     4936     4908     4895 
    4883     4882     4893     4892     4895     4910     4916     4910 
    4896     4881     4875     4878     4895     4908     4925     4951 
    4955     4949     4956     4946     4927     4920     4916     4909 
    4897     4885     4876     4877     4898     4910     4931     4983 
    5028     5059     5089     5100     5097     5090     5076     5070 
    5073     5084     5101     5125     5155     5167     5163     5155 
    5134     5102     5058     5018     4998     4980     4963     4942 
    4901     4860     4836     4821     4809     4797     4792     4787 
    4778     4777     4773     4768     4770     4759     4731     4699 
    4671     4659     4662     4667     4678     4687     4673     4652 
    4626     4600     4590     4581     4588     4620     4643     4663 
    4683     4689     4700     4717     4725     4730     4732     4733 
    4736     4745     4762     4779     4789     4789     4774     4757 
    4749     4733     4735     4750     4743     4739     4745     4733 
    4734     4749     4767     4799     4820     4809     4783     4760 
    4741     4729     4737     4765     4804     4833     4838     4815 
    4764     4710     4668     4649     4651     4661     4676     4677 
    4673     4668     4643     4618     4603     4588     4583     4590 
    4606     4620     4617     4602     4582     4550     4521     4518 
    4510     4494     4493     4473     4441     4415     4372     4326 
    4302     4304     4326     4345     4357     4372     4382     4395 
    4412     4428     4448     4457     4456     4467     4470     4463 
    4463     4457     4453     4464     4474     4485     4505     4526 
    4545     4564     4590     4613     4627     4641     4647     4657 
    4679     4697     4732     4767     4783     4810     4835     4842 
    4849     4854     4854     4849     4850     4866     4890     4912 
    4927     4942     4950     4948     4950     4966     5003     5050 
    5082     5094     5092     5081     5076     5093     5125     5161 
    5186     5187     5166     5143     5131     5122     5137     5178 
    5206     5222     5222     5197     5172     5153     5139     5129 
    5118     5108     5099     5089     5085     5084     5093     5116 
    5139     5161     5178     5166     5132     5101     5076     5047 
