Origin Time       2016/04/16 01:25:00
Lat.              32.753
Long.             130.762
Depth. (km)       12
Mag.              7.3
Station Code      NGS007
Station Lat.      32.9061
Station Long.     129.7802
Station Height(m) 5
Record Time       2016/04/16 01:25:23
Sampling Freq(Hz) 100Hz
Duration Time(s)  107
Dir.              N-S
Scale Factor      3920(gal)/6182761
Max. Acc. (gal)   22.220
Last Correction   2016/04/16 01:25:23
Memo.             
  -23183   -23182   -23181   -23183   -23182   -23181   -23183   -23183 
  -23181   -23181   -23181   -23180   -23181   -23184   -23185   -23183 
  -23180   -23178   -23181   -23182   -23181   -23181   -23183   -23183 
  -23181   -23183   -23184   -23181   -23180   -23184   -23183   -23180 
  -23183   -23185   -23181   -23182   -23185   -23181   -23177   -23183 
  -23185   -23179   -23180   -23184   -23184   -23184   -23183   -23181 
  -23182   -23183   -23182   -23182   -23182   -23183   -23185   -23184 
  -23183   -23183   -23181   -23183   -23185   -23182   -23180   -23182 
  -23182   -23183   -23184   -23181   -23181   -23181   -23183   -23185 
  -23183   -23180   -23181   -23180   -23183   -23185   -23183   -23184 
  -23184   -23181   -23184   -23183   -23180   -23184   -23188   -23184 
  -23182   -23181   -23179   -23182   -23184   -23182   -23182   -23185 
  -23186   -23184   -23180   -23180   -23180   -23177   -23182   -23188 
  -23185   -23183   -23183   -23181   -23178   -23181   -23183   -23181 
  -23183   -23186   -23181   -23181   -23183   -23181   -23180   -23184 
  -23185   -23182   -23180   -23181   -23181   -23180   -23182   -23183 
  -23183   -23184   -23183   -23182   -23184   -23184   -23181   -23181 
  -23183   -23185   -23184   -23181   -23181   -23181   -23181   -23181 
  -23180   -23180   -23181   -23184   -23184   -23183   -23184   -23181 
  -23176   -23181   -23184   -23180   -23182   -23185   -23185   -23182 
  -23180   -23181   -23181   -23179   -23181   -23182   -23182   -23185 
  -23185   -23180   -23179   -23183   -23181   -23178   -23181   -23182 
  -23180   -23183   -23186   -23184   -23181   -23180   -23180   -23181 
  -23182   -23184   -23184   -23181   -23181   -23183   -23184   -23183 
  -23183   -23183   -23181   -23181   -23181   -23180   -23180   -23182 
  -23182   -23182   -23182   -23181   -23181   -23183   -23180   -23178 
  -23184   -23185   -23180   -23180   -23183   -23183   -23184   -23187 
  -23185   -23181   -23180   -23181   -23181   -23181   -23182   -23182 
  -23183   -23181   -23182   -23184   -23180   -23180   -23183   -23178 
  -23179   -23185   -23184   -23183   -23185   -23181   -23177   -23180 
  -23185   -23186   -23181   -23178   -23181   -23184   -23183   -23180 
  -23178   -23178   -23182   -23186   -23186   -23182   -23180   -23182 
  -23182   -23181   -23181   -23181   -23183   -23183   -23181   -23182 
  -23183   -23183   -23183   -23182   -23179   -23181   -23184   -23183 
  -23180   -23181   -23184   -23185   -23180   -23177   -23181   -23183 
  -23180   -23181   -23183   -23181   -23183   -23185   -23181   -23182 
  -23183   -23179   -23181   -23185   -23185   -23183   -23180   -23180 
  -23179   -23177   -23182   -23186   -23182   -23181   -23183   -23179 
  -23181   -23187   -23181   -23175   -23179   -23186   -23189   -23185 
  -23179   -23178   -23181   -23188   -23188   -23178   -23176   -23186 
  -23185   -23177   -23179   -23184   -23184   -23184   -23183   -23177 
  -23177   -23187   -23189   -23180   -23175   -23179   -23184   -23184 
  -23183   -23182   -23180   -23181   -23185   -23186   -23181   -23174 
  -23178   -23185   -23179   -23177   -23189   -23190   -23178   -23177 
  -23184   -23181   -23176   -23181   -23185   -23182   -23181   -23189 
  -23188   -23171   -23168   -23185   -23188   -23181   -23185   -23181 
  -23172   -23181   -23193   -23188   -23177   -23174   -23182   -23185 
  -23178   -23177   -23188   -23191   -23184   -23178   -23178   -23179 
  -23180   -23184   -23186   -23179   -23177   -23189   -23190   -23178 
  -23176   -23180   -23179   -23182   -23187   -23182   -23177   -23180 
  -23186   -23186   -23181   -23175   -23178   -23184   -23186   -23184 
  -23180   -23178   -23182   -23186   -23183   -23181   -23183   -23183 
  -23181   -23181   -23182   -23180   -23183   -23188   -23182   -23180 
  -23184   -23182   -23180   -23184   -23185   -23181   -23178   -23180 
  -23182   -23181   -23183   -23183   -23180   -23182   -23185   -23183 
  -23180   -23183   -23184   -23181   -23180   -23182   -23184   -23184 
  -23182   -23182   -23182   -23181   -23181   -23183   -23182   -23181 
  -23182   -23182   -23183   -23183   -23181   -23181   -23183   -23184 
  -23183   -23183   -23182   -23180   -23183   -23182   -23179   -23183 
  -23183   -23182   -23182   -23180   -23181   -23182   -23179   -23182 
  -23185   -23181   -23181   -23185   -23184   -23179   -23180   -23183 
  -23182   -23182   -23183   -23182   -23181   -23185   -23185   -23181 
  -23185   -23188   -23180   -23177   -23182   -23181   -23179   -23181 
  -23184   -23189   -23189   -23182   -23178   -23179   -23175   -23178 
  -23191   -23188   -23176   -23183   -23192   -23187   -23178   -23174 
  -23177   -23181   -23184   -23193   -23193   -23179   -23174   -23182 
  -23181   -23181   -23189   -23187   -23177   -23178   -23184   -23183 
  -23183   -23185   -23183   -23180   -23177   -23181   -23187   -23183 
  -23177   -23184   -23188   -23183   -23179   -23179   -23180   -23183 
  -23183   -23182   -23183   -23185   -23183   -23182   -23185   -23182 
  -23176   -23179   -23185   -23183   -23181   -23183   -23183   -23181 
  -23182   -23187   -23185   -23176   -23175   -23183   -23187   -23186 
  -23186   -23183   -23177   -23177   -23185   -23186   -23177   -23176 
  -23181   -23185   -23184   -23179   -23181   -23185   -23179   -23179 
  -23184   -23180   -23180   -23190   -23186   -23175   -23176   -23181 
  -23186   -23188   -23183   -23177   -23177   -23179   -23179   -23184 
  -23191   -23186   -23174   -23179   -23189   -23185   -23176   -23175 
  -23184   -23186   -23183   -23185   -23179   -23178   -23192   -23190 
  -23175   -23172   -23181   -23184   -23185   -23189   -23181   -23171 
  -23182   -23193   -23186   -23176   -23175   -23183   -23186   -23181 
  -23184   -23188   -23181   -23176   -23181   -23186   -23181   -23176 
  -23183   -23188   -23185   -23182   -23181   -23186   -23184   -23177 
  -23182   -23182   -23177   -23182   -23183   -23179   -23187   -23192 
  -23181   -23173   -23180   -23189   -23186   -23176   -23173   -23177 
  -23191   -23197   -23184   -23174   -23176   -23182   -23189   -23181 
  -23170   -23178   -23187   -23187   -23182   -23178   -23186   -23189 
  -23179   -23176   -23181   -23183   -23181   -23179   -23180   -23184 
  -23186   -23182   -23175   -23178   -23188   -23183   -23175   -23177 
  -23185   -23193   -23193   -23181   -23176   -23181   -23186   -23180 
  -23174   -23180   -23190   -23192   -23186   -23180   -23178   -23175 
  -23177   -23186   -23188   -23179   -23175   -23183   -23189   -23183 
  -23179   -23182   -23181   -23181   -23184   -23180   -23176   -23180 
  -23186   -23185   -23179   -23179   -23183   -23184   -23183   -23180 
  -23176   -23181   -23188   -23183   -23180   -23183   -23184   -23183 
  -23183   -23179   -23175   -23176   -23185   -23190   -23185   -23178 
  -23180   -23186   -23181   -23176   -23183   -23182   -23179   -23189 
  -23187   -23172   -23175   -23189   -23190   -23183   -23179   -23182 
  -23183   -23177   -23177   -23184   -23182   -23180   -23187   -23189 
  -23184   -23185   -23182   -23175   -23179   -23186   -23188   -23185 
  -23181   -23181   -23179   -23178   -23185   -23189   -23183   -23178 
  -23179   -23182   -23181   -23179   -23183   -23187   -23186   -23183 
  -23181   -23182   -23181   -23176   -23178   -23185   -23188   -23187 
  -23184   -23181   -23179   -23177   -23177   -23186   -23188   -23178 
  -23178   -23187   -23184   -23179   -23181   -23181   -23177   -23180 
  -23189   -23187   -23177   -23176   -23185   -23187   -23181   -23183 
  -23186   -23178   -23178   -23187   -23183   -23177   -23181   -23185 
  -23188   -23185   -23177   -23181   -23183   -23175   -23180   -23192 
  -23186   -23175   -23182   -23191   -23183   -23175   -23178   -23182 
  -23180   -23180   -23190   -23192   -23177   -23174   -23185   -23185 
  -23177   -23178   -23184   -23187   -23188   -23187   -23179   -23176 
  -23181   -23180   -23179   -23183   -23183   -23183   -23189   -23188 
  -23178   -23174   -23178   -23182   -23186   -23187   -23184   -23181 
  -23183   -23183   -23179   -23176   -23179   -23187   -23190   -23187 
  -23179   -23175   -23178   -23182   -23183   -23181   -23184   -23185 
  -23181   -23182   -23185   -23178   -23174   -23182   -23187   -23181 
  -23184   -23189   -23181   -23178   -23184   -23180   -23178   -23187 
  -23189   -23180   -23176   -23181   -23184   -23181   -23180   -23187 
  -23189   -23182   -23179   -23184   -23180   -23172   -23181   -23189 
  -23182   -23184   -23188   -23181   -23179   -23179   -23177   -23183 
  -23187   -23189   -23188   -23182   -23177   -23176   -23179   -23183 
  -23183   -23186   -23191   -23186   -23176   -23170   -23170   -23183 
  -23200   -23194   -23180   -23184   -23185   -23170   -23160   -23174 
  -23197   -23195   -23182   -23195   -23197   -23161   -23157   -23186 
  -23183   -23177   -23201   -23211   -23185   -23152   -23164   -23201 
  -23189   -23158   -23185   -23218   -23193   -23164   -23179   -23191 
  -23169   -23164   -23192   -23200   -23184   -23182   -23184   -23170 
  -23174   -23192   -23186   -23171   -23179   -23187   -23185   -23187 
  -23187   -23180   -23175   -23173   -23179   -23194   -23191   -23175 
  -23178   -23189   -23185   -23175   -23175   -23186   -23191   -23179 
  -23178   -23188   -23185   -23178   -23177   -23179   -23185   -23185 
  -23178   -23180   -23186   -23179   -23177   -23187   -23188   -23183 
  -23178   -23178   -23181   -23179   -23180   -23192   -23192   -23177 
  -23172   -23179   -23185   -23186   -23183   -23181   -23183   -23184 
  -23184   -23183   -23180   -23179   -23181   -23177   -23178   -23190 
  -23190   -23178   -23179   -23183   -23181   -23188   -23188   -23175 
  -23179   -23187   -23180   -23180   -23186   -23183   -23183   -23183 
  -23180   -23180   -23181   -23189   -23192   -23178   -23174   -23189 
  -23187   -23172   -23176   -23190   -23187   -23180   -23185   -23187 
  -23180   -23177   -23181   -23185   -23180   -23179   -23187   -23187 
  -23180   -23182   -23185   -23185   -23186   -23178   -23174   -23183 
  -23189   -23183   -23180   -23180   -23179   -23181   -23182   -23180 
  -23181   -23183   -23185   -23187   -23181   -23177   -23182   -23184 
  -23181   -23180   -23182   -23186   -23182   -23177   -23181   -23183 
  -23181   -23184   -23185   -23180   -23177   -23184   -23185   -23178 
  -23177   -23181   -23184   -23183   -23180   -23180   -23182   -23183 
  -23183   -23181   -23178   -23183   -23186   -23179   -23182   -23187 
  -23180   -23176   -23183   -23187   -23183   -23182   -23186   -23183 
  -23178   -23181   -23185   -23180   -23177   -23184   -23186   -23180 
  -23182   -23187   -23181   -23176   -23184   -23188   -23184   -23179 
  -23181   -23189   -23185   -23172   -23176   -23188   -23182   -23178 
  -23185   -23185   -23177   -23179   -23189   -23182   -23171   -23180 
  -23189   -23181   -23178   -23183   -23183   -23185   -23185   -23178 
  -23174   -23176   -23186   -23195   -23182   -23170   -23181   -23188 
  -23177   -23179   -23189   -23187   -23181   -23182   -23185   -23181 
  -23174   -23177   -23186   -23187   -23185   -23184   -23182   -23185 
  -23184   -23174   -23177   -23187   -23188   -23187   -23189   -23180 
  -23170   -23172   -23182   -23188   -23189   -23188   -23186   -23178 
  -23172   -23176   -23182   -23184   -23187   -23187   -23182   -23178 
  -23181   -23182   -23179   -23179   -23185   -23190   -23184   -23178 
  -23182   -23180   -23175   -23182   -23186   -23181   -23185   -23187 
  -23177   -23175   -23182   -23181   -23181   -23185   -23186   -23181 
  -23177   -23183   -23185   -23178   -23179   -23188   -23188   -23179 
  -23179   -23184   -23181   -23178   -23184   -23184   -23180   -23181 
  -23184   -23186   -23186   -23179   -23179   -23184   -23177   -23177 
  -23186   -23180   -23170   -23177   -23182   -23176   -23170   -23170 
  -23173   -23169   -23164   -23169   -23171   -23156   -23140   -23145 
  -23158   -23151   -23134   -23139   -23146   -23127   -23120   -23146 
  -23169   -23173   -23175   -23175   -23175   -23183   -23202   -23223 
  -23240   -23256   -23266   -23265   -23259   -23259   -23275   -23303 
  -23324   -23337   -23348   -23336   -23284   -23217   -23165   -23117 
  -23065   -23031   -23041   -23086   -23141   -23178   -23165   -23105 
  -23048   -23045   -23091   -23153   -23228   -23294   -23279   -23164 
  -23023   -22963   -23052   -23250   -23405   -23405   -23294   -23162 
  -23027   -22925   -22959   -23143   -23316   -23363   -23345   -23324 
  -23289   -23258   -23281   -23345   -23342   -23260   -23243   -23202 
  -22948   -22736   -22872   -23183   -23360   -23331   -23294   -23381 
  -23319   -23051   -22950   -22931   -22746   -22731   -23031   -23294 
  -23417   -23538   -23603   -23395   -22944   -22742   -23051   -23376 
  -23308   -23104   -23048   -23100   -23196   -23303   -23341   -23162 
  -22891   -23051   -23567   -23578   -23015   -22696   -22774   -22863 
  -23016   -23355   -23637   -23611   -23317   -23143   -23312   -23392 
  -23107   -22925   -23045   -23042   -22957   -23261   -23687   -23497 
  -22935   -22969   -23496   -23632   -23496   -23559   -23402   -22854 
  -22592   -22863   -23222   -23457   -23645   -23593   -23172   -22916 
  -23166   -23393   -23384   -23555   -23748   -23518   -23223   -23243 
  -23218   -23182   -23558   -23951   -23887   -23566   -23068   -22648 
  -22829   -23139   -23009   -22845   -22738   -22622   -22851   -23168 
  -23271   -23440   -23593   -23502   -23204   -22805   -22610   -22582 
  -22610   -23146   -23800   -23687   -23412   -23504   -23291   -23200 
  -24063   -24671   -23833   -22674   -22557   -23081   -23264   -23019 
  -22864   -23053   -23418   -23824   -24198   -23928   -22638   -21427 
  -21533   -22680   -23745   -24075   -23874   -23415   -22818   -22547 
  -22597   -22433   -22276   -22642   -23362   -23837   -23603   -23061 
  -23067   -23450   -23612   -23666   -23558   -23207   -23217   -23529 
  -23395   -22855   -22293   -22256   -23407   -24777   -24847   -24170 
  -23642   -22783   -21426   -20642   -21538   -23470   -24691   -24886 
  -24429   -23201   -22243   -22603   -23193   -23247   -23559   -24159 
  -24230   -23477   -22245   -21297   -21332   -22518   -24114   -24829 
  -24242   -22783   -21359   -21678   -23654   -24577   -24194   -24421 
  -24263   -23038   -22887   -23354   -22546   -21721   -22083   -23232 
  -24487   -24275   -23141   -23527   -23952   -22441   -22002   -23855 
  -24299   -22965   -22987   -23799   -23340   -22395   -21895   -21769 
  -22272   -23063   -23351   -23240   -23283   -23675   -24109   -24174 
  -24034   -23772   -22792   -21335   -20954   -22368   -24003   -23861 
  -22363   -21180   -20932   -21818   -23446   -24458   -24273   -23774 
  -23909   -24566   -25383   -25718   -24151   -21639   -21553   -24089 
  -26085   -25753   -24253   -23567   -23661   -23142   -21954   -21266 
  -21478   -21650   -21592   -22298   -23439   -24006   -24127   -23764 
  -22972   -23127   -24204   -24272   -23677   -24272   -25395   -25109 
  -23238   -21347   -20614   -21014   -22669   -25176   -26667   -26312 
  -25328   -24349   -23039   -22322   -22626   -21805   -19682   -19667 
  -21944   -22539   -21457   -22669   -25907   -27266   -25773   -23949 
  -23662   -23273   -21194   -20112   -22089   -24558   -25494   -25583 
  -24940   -23856   -23594   -23922   -23900   -23138   -21811   -22129 
  -24662   -25350   -23099   -21817   -21763   -20703   -20054   -20970 
  -22693   -25320   -27213   -26379   -24918   -24481   -23206   -21340 
  -21501   -23293   -24673   -25354   -25197   -23773   -21942   -21269 
  -22230   -23167   -22420   -21410   -22502   -24683   -25143   -23899 
  -22726   -22149   -22439   -23632   -24585   -24399   -23493   -23114 
  -23361   -22789   -21656   -21887   -23197   -24026   -24735   -25106 
  -23375   -20882   -20215   -20738   -21609   -22758   -23193   -23102 
  -23351   -23653   -23829   -23704   -23189   -22892   -22723   -23095 
  -24887   -26209   -25869   -26394   -28238   -27769   -23128   -18580 
  -19355   -22478   -22874   -23582   -26447   -26170   -22077   -19622 
  -19967   -20001   -19275   -20540   -24165   -25581   -23050   -22224 
  -24807   -25496   -24408   -24047   -21243   -17899   -20372   -24422 
  -23729   -22784   -25235   -27086   -26296   -24529   -22734   -21925 
  -22612   -23544   -24473   -25184   -23806   -21616   -21786   -23181 
  -24176   -25802   -27039   -26195   -24814   -23969   -22282   -20340 
  -20954   -23203   -22728   -19974   -20098   -23041   -22880   -19308 
  -19071   -23447   -26492   -25822   -24479   -23931   -22637   -21285 
  -22098   -22802   -21342   -22125   -26594   -28730   -26858   -25223 
  -24271   -22088   -20316   -21562   -24826   -26093   -24179   -22276 
  -20782   -18716   -20162   -25138   -26440   -23654   -22227   -22351 
  -21814   -21453   -22982   -25560   -26432   -24144   -19757   -16654 
  -17795   -22490   -27332   -28447   -26230   -25504   -26063   -24227 
  -21917   -21364   -20369   -19313   -21721   -25993   -26282   -23618 
  -24088   -25594   -23843   -23097   -24452   -22593   -19680   -21497 
  -25601   -26129   -22842   -20223   -20742   -22741   -24044   -24201 
  -24379   -25067   -24545   -22561   -21387   -22016   -23508   -23844 
  -21631   -19172   -18997   -19216   -18213   -18113   -20647   -24969 
  -28294   -28995   -29127   -29422   -28577   -27370   -25503   -21954 
  -18372   -15995   -15782   -18997   -22568   -22189   -19719   -20042 
  -24952   -31450   -32780   -27561   -23360   -23019   -22132   -21627 
  -22941   -20749   -16651   -18539   -23296   -24407   -23677   -23299 
  -24519   -27524   -26760   -22327   -22022   -24159   -23300   -22962 
  -23697   -20968   -16947   -15727   -18265   -24824   -30568   -29995 
  -26594   -24464   -22120   -20898   -22295   -23123   -24323   -28370 
  -31243   -30715   -28336   -22497   -14405   -11555   -16502   -22859 
  -25056   -24893   -26425   -27846   -25119   -19718   -15937   -16980 
  -22308   -26190   -25938   -25154   -25428   -24589   -21760   -19351 
  -20486   -24515   -27750   -28735   -29201   -30283   -30450   -28255 
  -24424   -20093   -16935   -16902   -18835   -20150   -21086   -23236 
  -26257   -27259   -24007   -20214   -21810   -25375   -24069   -22350 
  -24367   -24463   -23062   -24269   -23572   -20582   -22000   -25403 
  -24523   -22905   -24615   -26126   -24904   -22120   -19156   -18563 
  -21720   -25267   -25149   -22261   -20902   -22459   -24759   -26824 
  -28238   -27314   -25561   -25916   -24858   -19554   -16237   -18357 
  -22038   -25581   -28088   -27752   -25119   -20929   -16360   -13705 
  -14832   -20628   -26968   -28454   -27249   -26257   -24300   -22963 
  -22759   -20942   -19603   -21260   -23327   -23909   -22271   -19204 
  -19010   -22339   -25791   -28781   -30545   -29215   -26727   -24199 
  -19716   -16781   -20283   -25224   -25084   -23026   -23388   -23869 
  -22508   -21894   -23100   -22937   -19654   -16443   -16762   -19112 
  -20754   -23423   -27472   -28031   -25348   -26303   -31273   -32703 
  -27907   -22583   -20709   -20648   -21812   -23818   -22585   -18720 
  -18259   -20312   -21090   -22880   -24844   -23050   -22466   -26737 
  -28408   -24959   -21743   -20090   -20930   -24598   -26621   -26198 
  -24603   -20144   -16387   -18776   -23683   -24822   -22915   -21789 
  -21515   -21053   -23034   -27253   -28452   -28067   -30758   -31176 
  -23910   -15936   -15205   -18462   -19387   -18851   -20356   -24314 
  -28296   -28329   -24057   -19928   -18799   -20136   -22275   -23210 
  -22737   -22891   -23694   -24197   -25464   -25020   -20103   -16965 
  -20444   -24561   -24688   -23970   -23797   -21969   -20833   -24180 
  -28246   -28615   -28127   -29247   -30122   -27781   -20231   -12703 
  -13523   -19443   -22541   -24565   -27625   -27612   -24191   -21535 
  -21478   -21784   -19598   -17858   -20442   -23233   -23465   -25264 
  -27046   -23593   -18948   -18859   -21644   -24763   -27114   -27595 
  -27167   -26812   -26757   -27126   -25575   -21428   -19400   -20842 
  -20018   -16583   -17687   -22527   -24410   -24260   -24512   -24100 
  -23108   -20023   -15363   -15333   -20300   -25316   -29400   -29995 
  -25508   -22472   -23450   -24479   -26373   -29738   -30257   -27045 
  -22694   -18510   -16965   -20359   -25126   -25531   -21976   -20131 
  -22496   -24261   -21773   -19978   -22400   -24248   -23066   -21987 
  -20885   -18059   -16933   -20544   -25575   -27151   -24120   -19737 
  -18487   -20010   -20604   -20594   -21902   -23045   -23033   -23385 
  -23924   -22658   -21057   -21801   -22657   -22222   -23533   -26785 
  -28914   -28968   -27728   -25744   -24677   -25103   -23467   -18252 
  -13353   -13061   -19538   -29213   -34124   -33513   -31758   -27766 
  -21211   -17058   -16031   -15193   -17092   -23879   -28625   -26866 
  -24704   -25012   -24431   -23820   -23858   -21804   -19223   -19019 
  -19332   -18107   -16964   -18496   -22409   -25947   -28871   -32162 
  -32550   -28627   -25113   -23923   -23586   -23458   -21207   -17778 
  -17796   -19457   -20520   -25068   -31639   -33723   -31231   -25793 
  -18495   -14948   -16797   -18413   -18340   -20148   -24834   -29875 
  -31528   -29063   -26509   -26134   -25798   -23961   -20863   -18137 
  -18451   -20837   -21095   -18797   -17742   -19694   -22683   -25283 
  -27953   -29998   -29504   -26401   -21785   -16559   -14168   -17679 
  -23271   -25073   -23283   -22295   -24590   -27550   -27065   -25344 
  -27045   -28596   -25430   -22125   -21854   -20821   -18734   -18419 
  -18931   -19780   -22854   -26724   -27901   -26899   -26288   -25057 
  -21169   -16678   -15377   -17754   -21105   -23885   -26713   -29776 
  -32062   -31404   -26945   -21523   -17055   -13334   -12776   -15769 
  -17249   -16556   -18495   -23238   -26832   -27573   -26499   -25869 
  -27113   -28725   -28325   -25851   -23377   -23284   -24562   -24112 
  -23778   -25981   -27528   -26501   -24287   -21550   -20265   -21955 
  -23125   -20923   -18231   -17098   -15833   -15419   -18802   -24331 
  -27618   -27614   -26531   -25575   -24254   -21953   -18051   -14453 
  -14877   -18086   -20184   -21643   -22892   -21598   -19326   -18746 
  -18798   -20350   -22468   -20303   -18211   -22427   -27016   -27862 
  -27782   -25720   -22401   -22356   -23659   -21899   -18862   -18245 
  -20541   -23953   -26362   -27657   -28802   -28490   -25496   -22030 
  -20198   -18945   -17384   -17004   -17897   -18081   -18183   -19357 
  -20181   -21435   -24572   -26782   -26188   -24524   -23318   -23377 
  -24213   -24329   -24327   -25386   -26325   -26425   -27349   -29268 
  -29979   -28814   -27248   -26488   -25453   -22845   -20989   -22217 
  -25256   -27956   -28367   -26415   -24299   -21798   -18425   -16807 
  -16617   -15142   -14074   -16274   -21764   -28444   -32107   -31194 
  -28853   -26534   -24154   -22862   -21537   -19605   -20556   -24464 
  -26600   -25989   -24778   -23277   -22254   -23022   -24130   -23967 
  -24048   -25191   -25456   -25177   -26449   -27888   -27150   -24676 
  -21474   -17583   -14003   -12992   -14759   -17529   -20704   -23835 
  -26574   -30168   -34096   -34821   -29949   -21848   -16754   -16671 
  -16811   -16789   -20903   -25874   -26049   -24126   -23814   -24210 
  -25457   -27425   -26703   -22886   -19226   -16926   -15928   -15987 
  -16816   -20404   -27074   -31866   -31339   -27801   -24530   -22726 
  -22190   -22410   -23935   -25894   -23768   -16908   -12108   -13609 
  -19132   -24898   -27092   -24635   -21925   -22901   -25052   -23706 
  -19492   -16791   -17111   -19327   -23806   -30987   -37006   -35931 
  -28643   -23066   -22570   -24188   -26392   -27459   -25482   -23930 
  -25105   -25324   -23323   -20936   -18827   -19542   -23825   -26602 
  -26072   -24353   -19791   -12671    -9079   -12574   -20708   -27302 
  -27432   -24222   -23292   -23659   -23744   -24377   -23718   -21985 
  -22306   -23392   -22804   -21529   -21076   -21243   -19397   -14724 
  -12323   -14661   -15790   -13278   -13858   -20750   -29009   -33837 
  -32994   -26464   -19267   -17382   -19891   -21604   -20515   -17505 
  -14361   -14487   -19306   -25274   -28536   -28245   -25118   -22560 
  -23882   -25396   -23036   -20059   -18142   -15403   -15393   -22353 
  -31032   -32384   -27593   -26104   -29159   -30036   -27725   -24645 
  -20101   -14998   -12647   -14409   -19410   -25256   -28721   -28470 
  -27031   -27725   -29917   -29381   -23344   -14941    -9561    -8750 
  -12383   -19585   -26440   -29626   -28715   -25074   -21863   -20958 
  -20790   -20802   -22668   -24400   -22695   -19818   -18105   -17500 
  -19135   -19970   -17173   -16702   -21333   -24972   -25696   -27101 
  -29015   -29000   -28047   -28415   -29578   -28649   -25137   -23402 
  -25935   -29035   -29182   -26659   -22989   -20133   -18758   -16936 
  -14151   -13326   -16252   -20370   -23410   -26897   -31178   -33751 
  -33392   -30198   -25645   -22586   -20156   -15201    -8858    -4240 
   -3096    -6096   -11913   -20153   -31919   -44243   -51623   -51442 
  -44144   -33458   -24854   -19929   -15886   -10814    -7143    -8190 
  -12707   -18759   -25742   -28362   -23393   -17837   -17766   -20272 
  -20633   -18155   -14967   -13060   -12835   -14069   -17350   -22084 
  -25814   -28544   -32287   -36231   -37837   -37598   -37750   -36533 
  -31049   -22823   -13023    -1258     7701     7231    -2660   -17079 
  -31038   -40556   -44473   -43443   -37415   -28570   -21230   -15858 
   -9997    -4917    -4726    -9722   -15714   -20130   -24981   -30956 
  -34234   -34710   -35822   -33843   -24449   -14066    -9356    -7384 
   -5288    -5532    -8093   -11020   -16145   -24427   -31494   -33493 
  -32817   -32536   -32859   -36393   -43326   -47884   -47635   -43013 
  -34369   -27038   -25427   -25377   -22684   -19878   -18881   -18501 
  -20559   -26077   -30419   -30270   -26491   -21210   -17805   -16769 
  -13876    -8482    -5737    -9109   -17291   -27125   -36217   -42200 
  -43269   -40884   -37513   -34486   -33310   -34171   -33991   -28689 
  -19923   -15093   -15057   -12683    -6003       16      672    -5949 
  -16355   -24050   -28554   -33655   -37955   -37451   -32908   -27314 
  -22133   -18195   -16343   -17232   -19515   -20547   -22094   -27938 
  -34186   -33676   -28080   -24487   -25991   -30557   -31765   -24135 
  -12772    -9946   -19940   -33450   -39133   -36426   -32759   -33116 
  -35642   -34846   -29239   -20496    -7453     6341    10114     1417 
  -12040   -24449   -31722   -29615   -20314   -12654   -12606   -16971 
  -18157   -14252   -12162   -17581   -25692   -30101   -33687   -39380 
  -41114   -35391   -28269   -23385   -17709   -10658    -5592    -4039 
   -4628    -6078    -8732   -12820   -17648   -23907   -31870   -38509 
  -41660   -42419   -42193   -41535   -39909   -36375   -31439   -25525 
  -18733   -14442   -15546   -17435   -14318    -8891    -7212   -10400 
  -17107   -26231   -34563   -38999   -40549   -41052   -39186   -32833 
  -21338    -6543     6128    11868     9766      767   -12145   -23645 
  -28590   -25959   -21878   -21937   -22853   -22279   -24666   -27682 
  -22602   -12535    -8132    -8492    -7648    -9504   -17614   -25026 
  -27068   -27144   -26248   -23753   -22651   -24156   -27504   -32372 
  -36403   -38079   -37082   -32064   -26287   -25462   -27756   -28542 
  -29002   -29675   -27198   -22890   -20923   -19687   -15760   -10785 
   -8426    -8529    -8882   -10705   -16721   -25731   -33769   -38772 
  -40775   -39235   -34128   -27362   -21720   -20423   -23965   -27795 
  -28142   -27344   -28348   -27713   -22556   -17526   -15782   -15891 
  -18303   -21407   -22242   -24626   -30865   -34695   -32118   -26022 
  -21361   -21928   -25478   -27190   -28809   -31902   -31518   -28282 
  -28664   -28974   -21861   -13082   -12682   -21419   -32599   -37717 
  -34099   -27305   -22599   -22283   -27067   -31581   -30178   -27762 
  -31086   -36369   -35794   -27359   -15647    -9043   -12208   -20892 
  -28084   -31385   -33403   -34946   -31369   -22027   -13863   -10616 
   -9786    -9298    -8972   -10334   -17438   -29714   -38575   -39400 
  -35822   -30049   -22661   -18166   -19716   -22909   -21629   -16425 
  -13018   -14708   -18228   -19766   -22537   -28944   -32669   -30492 
  -29273   -31676   -30861   -26686   -27484   -31604   -30878   -28153 
  -29378   -31515   -31464   -29743   -24021   -16052   -14506   -19106 
  -20509   -17826   -18243   -23974   -30366   -33345   -34315   -37469 
  -41973   -41248   -34326   -26404   -17502    -8844    -9515   -20465 
  -30696   -34374   -34605   -34023   -31535   -25553   -16729    -7351 
    -533     1458      371     -762    -3674   -13167   -28804   -40939 
  -39610   -27515   -16938   -15116   -17902   -16743   -12987   -15946 
  -24986   -34335   -43171   -45462   -36894   -27113   -22901   -20446 
  -19230   -20355   -19615   -17088   -17973   -20957   -22188   -23763 
  -29249   -38329   -44317   -39596   -28071   -20044   -17679   -19053 
  -25488   -35018   -41294   -43055   -43070   -40377   -34114   -27027 
  -19878   -13086   -10472   -13428   -18434   -20812   -18651   -16029 
  -18407   -25251   -31573   -32528   -26243   -17056   -12983   -16844 
  -24121   -28830   -26900   -19139   -13433   -15130   -18867   -20119 
  -22358   -25676   -25801   -22948   -19609   -18099   -21523   -29254 
  -34783   -32745   -26655   -24674   -27834   -29877   -27549   -23562 
  -22477   -26921   -33758   -36499   -33144   -27301   -23439   -23063 
  -25319   -30426   -37462   -41030   -36987   -27845   -17863    -9024 
   -5922   -13853   -28060   -39439   -47548   -53050   -51307   -41338 
  -26844   -12833    -5133    -4266    -6145   -10390   -17554   -23472 
  -25328   -25470   -23760   -17315    -9257    -6187    -9509   -14543 
  -16114   -15114   -16233   -20515   -26304   -31992   -35364   -36155 
  -36580   -37410   -37391   -34921   -29208   -21437   -12292    -1480 
    7134     7250    -2699   -18303   -32774   -41456   -43611   -40579 
  -34283   -27225   -21407   -17941   -18873   -23529   -26205   -25339 
  -23930   -20961   -16027   -12414   -11223   -13169   -18997   -25121 
  -28362   -30460   -32794   -33645   -31976   -29032   -26839   -25830 
  -23916   -21489   -21677   -21897   -18457   -15104   -15404   -19787 
  -27871   -35335   -39243   -40123   -36876   -31674   -29564   -29738 
  -28130   -23834   -18850   -16168   -17359   -20253   -21533   -21547 
  -23262   -27255   -29888   -28494   -25953   -24122   -21105   -19336 
  -20957   -19972   -14239   -10912   -13098   -17639   -23214   -30005 
  -36628   -39230   -34120   -24889   -20225   -22212   -25264   -25801 
  -26111   -27692   -26023   -18190    -9740    -6726    -8817   -13198 
  -17893   -22100   -26550   -31549   -35027   -34384   -30279   -27943 
  -31039   -33824   -28499   -18904   -13750   -12826   -12120   -11694 
  -11567   -11219   -12809   -15967   -17877   -20739   -25988   -28447 
  -25894   -23145   -24284   -27714   -28729   -26247   -24508   -25388 
  -25089   -22129   -19690   -19586   -22927   -29829   -35074   -34602 
  -31697   -30806   -32465   -34473   -34569   -32875   -30722   -27811 
  -24541   -24058   -26415   -27141   -25626   -25723   -28111   -30681 
  -32749   -32148   -24846   -13693    -8425   -12575   -19772   -24073 
  -25518   -25740   -25398   -25376   -25713   -24192   -18907   -11969 
   -8153   -10060   -15240   -18157   -17057   -16168   -18016   -19514 
  -18894   -18479   -19005   -19225   -18871   -17797   -16533   -17062 
  -20605   -26530   -33279   -39063   -42379   -42913   -40392   -34434 
  -27787   -22980   -18265   -13827   -11907   -10857   -10542   -15085 
  -23881   -30516   -32282   -33017   -34565   -33010   -27307   -21721 
  -19213   -20169   -22471   -22641   -21166   -20821   -22214   -25351 
  -28172   -26569   -22068   -19810   -19221   -17120   -14519   -14257 
  -16860   -20607   -24094   -27183   -28906   -27263   -22107   -16399 
  -13459   -13730   -16633   -22134   -27634   -29745   -28695   -26616 
  -24555   -21474   -16784   -13451   -13772   -16726   -21243   -25796 
  -28366   -28904   -28769   -29933   -32714   -33251   -28085   -19053 
  -10286    -3428      778    -1056   -10356   -21631   -27805   -27370 
  -24743   -23774   -23167   -22053   -22708   -23666   -21776   -21226 
  -26918   -33595   -34370   -30964   -26932   -22798   -20928   -23845 
  -28074   -27324   -21671   -17864   -19227   -21737   -21606   -20772 
  -22666   -25967   -26619   -24177   -21483   -19476   -17202   -15952 
  -18012   -22858   -29134   -36394   -41933   -41124   -32811   -22062 
  -14920   -10482    -5601    -3634    -6884    -9933    -9845   -11250 
  -16779   -22584   -25520   -26137   -24127   -19991   -18779   -23191 
  -28486   -30236   -29368   -27606   -25221   -21839   -17511   -16051 
  -20881   -26556   -26215   -22803   -22603   -26195   -30461   -32301 
  -30147   -25395   -21333   -18755   -14958    -9707    -7685   -12173 
  -21264   -30463   -35749   -36397   -34564   -31267   -26641   -22316 
  -20037   -20492   -23431   -26228   -26037   -26062   -31094   -37392 
  -38310   -34151   -30003   -29674   -30629   -26583   -17699    -9512 
   -4760    -5339   -12159   -19294   -21069   -20138   -19698   -19047 
  -19027   -21308   -25378   -30430   -33841   -31593   -26161   -23009 
  -20663   -17713   -18596   -24371   -31206   -35858   -34942   -27543 
  -18434   -12296   -10126   -11165   -13220   -14531   -17027   -23021 
  -28382   -27365   -23161   -22253   -23820   -24171   -23582   -22856 
  -20944   -18784   -17293   -15022   -14015   -16836   -19796   -21311 
  -25678   -32397   -35208   -31809   -26220   -23088   -22896   -22933 
  -21345   -19520   -20417   -23131   -22743   -17827   -12302   -10495 
  -14339   -21176   -24965   -23871   -21086   -18415   -16961   -18723 
  -22302   -24221   -23980   -22620   -20388   -18182   -17994   -20753 
  -24934   -28115   -28664   -25219   -17692    -9610    -5635    -7145 
  -12204   -17229   -19391   -19378   -19417   -19336   -17470   -14318 
  -12475   -12804   -13948   -15709   -18578   -21011   -21568   -20726 
  -18120   -13226    -9316   -10388   -14349   -15472   -12838   -10604 
  -11078   -13038   -15434   -17936   -20372   -22769   -23874   -23401 
  -24321   -28067   -32482   -35923   -37589   -36107   -31595   -26568 
  -23816   -24012   -25831   -27649   -27306   -23438   -17973   -13904 
  -12896   -14777   -17128   -19002   -23039   -29491   -33909   -34201 
  -32452   -29244   -24557   -20775   -19430   -20243   -22305   -23497 
  -22830   -22050   -23844   -29827   -37219   -40522   -38581   -33324 
  -25199   -16378   -11563   -12001   -14260   -16401   -20245   -25996 
  -30572   -32132   -30592   -25743   -19665   -16334   -16931   -20158 
  -24125   -26612   -27953   -29762   -29920   -26332   -22552   -21566 
  -20386   -17423   -15412   -14723   -13839   -13774   -16243   -20449 
  -23515   -23969   -22679   -20458   -18659   -19523   -22555   -24415 
  -23653   -22664   -24496   -28565   -31491   -32056   -31329   -29889 
  -27967   -25156   -21031   -17203   -15277   -15113   -16841   -19708 
  -20642   -19170   -18673   -20477   -23365   -26230   -26941   -24224 
  -20717   -19671   -20346   -20204   -20298   -22812   -26129   -28517 
  -30787   -32666   -32382   -29401   -25170   -21306   -17605   -13871 
  -12441   -14526   -17472   -20267   -24498   -27801   -26792   -24063 
  -23235   -23734   -24612   -26190   -28046   -29097   -28040   -24742 
  -21419   -19264   -16770   -14048   -13731   -16843   -22414   -28592 
  -31682   -29907   -27238   -27195   -27541   -26335   -26276   -28799 
  -30916   -30281   -26905   -21524   -16903   -15352   -15637   -17365 
  -21229   -24516   -25084   -24891   -25167   -24478   -21729   -17771 
  -14767   -14548   -17433   -21997   -25783   -26697   -24373   -21818 
  -23591   -28915   -31288   -28494   -25875   -27342   -30341   -30908 
  -29230   -27770   -26337   -23386   -18772   -12600    -6898    -5909 
   -9565   -13737   -17516   -21792   -25131   -26029   -23729   -18596 
  -14107   -12810   -13084   -14469   -18837   -24975   -30039   -33687 
  -36112   -36541   -34606   -30544   -25259   -21444   -22239   -26734 
  -30162   -29929   -27081   -22295   -15468    -8465    -4747    -7018 
  -14877   -23456   -27455   -26236   -22856   -21226   -22944   -24233 
  -21014   -16661   -17716   -23854   -28694   -28501   -24280   -18421 
  -14298   -14309   -17043   -20262   -23055   -25023   -25939   -24317 
  -19758   -15658   -14382   -14856   -16258   -19088   -23538   -27527 
  -27814   -25219   -23765   -24623   -26720   -28956   -29103   -26617 
  -24556   -25240   -27851   -30119   -30773   -30737   -30079   -26622 
  -21129   -17635   -16621   -15943   -16522   -19799   -24707   -30249 
  -34987   -35608   -30860   -23622   -16970   -11186    -6461    -5382 
   -8927   -14987   -22179   -28499   -31148   -31370   -31847   -31875 
  -30786   -29913   -29285   -28038   -26179   -24054   -22900   -23180 
  -22657   -20746   -20560   -23357   -26298   -27129   -26452   -25208 
  -24052   -24999   -29093   -32583   -30994   -25575   -20686   -18005 
  -17008   -18041   -21085   -24341   -27091   -30138   -33637   -36180 
  -35053   -30966   -28481   -27810   -25830   -23671   -23615   -24179 
  -23665   -22822   -22627   -23554   -26258   -30146   -32666   -32155 
  -30243   -29416   -29420   -28714   -28027   -28479   -28257   -25921 
  -23525   -22750   -22341   -20874   -19014   -19197   -23281   -29635 
  -34248   -35662   -36036   -37289   -39289   -40403   -38460   -33149 
  -26946   -22361   -19409   -17305   -16644   -17675   -20057   -24129 
  -28589   -30774   -30186   -27814   -23961   -18815   -13945   -12057 
  -14300   -18704   -22501   -25348   -28639   -31760   -32590   -31359 
  -29355   -26512   -23727   -22644   -22541   -22001   -21291   -20678 
  -20381   -21826   -25194   -28018   -28021   -25846   -24775   -26703 
  -29235   -29532   -28152   -26503   -24998   -24466   -24498   -22696 
  -19037   -16407   -15992   -16476   -16510   -16338   -17770   -21234 
  -24864   -27950   -30608   -31537   -30562   -29197   -27444   -24017 
  -19464   -17363   -20183   -24764   -26179   -23669   -19605   -16704 
  -17231   -21057   -25059   -26589   -26054   -25483   -25692   -25784 
  -25455   -25048   -23829   -21865   -20454   -18997   -17197   -17492 
  -20226   -23042   -25367   -27626   -29008   -27878   -23855   -20012 
  -19175   -19608   -19385   -19376   -19843   -21251   -24764   -27841 
  -27168   -24279   -22101   -21309   -21877   -23259   -23359   -20471 
  -16149   -14042   -15750   -19755   -23711   -25660   -24930   -23498 
  -23920   -25738   -26336   -24649   -22208   -21062   -21548   -21866 
  -19975   -16031   -12427   -11913   -15740   -22111   -27026   -28292 
  -27077   -25368   -24604   -24517   -22958   -20557   -20564   -22688 
  -24352   -25000   -24958   -24348   -23663   -23532   -24025   -24042 
  -22870   -21934   -22388   -22990   -22369   -20886   -19648   -19741 
  -21576   -23923   -25392   -25625   -23773   -19868   -16945   -17623 
  -20970   -24840   -28482   -31578   -32800   -31139   -27711   -24666 
  -23205   -23143   -23245   -22491   -21242   -20402   -20111   -20237 
  -21439   -24135   -26833   -27416   -25837   -24249   -24144   -23849 
  -21337   -18551   -18304   -20083   -22314   -23779   -23001   -20238 
  -18311   -19738   -23968   -27943   -28995   -26978   -23820   -21120 
  -19230   -18414   -18444   -17947   -17071   -18089   -20859   -21951 
  -19833   -17162   -17056   -19470   -22551   -25323   -27381   -28009 
  -26284   -22368   -19297   -20554   -25611   -31002   -34280   -34924 
  -33733   -31690   -28439   -23849   -19604   -16588   -14059   -12270 
  -12675   -16196   -22021   -27577   -30741   -31714   -32130   -33103 
  -34229   -34740   -34518   -32863   -29279   -25284   -22064   -19341 
  -17288   -15693   -14212   -14490   -17916   -23004   -26923   -27845 
  -25618   -21322   -16777   -13931   -14032   -16743   -20334   -23782 
  -27366   -30432   -30983   -28566   -25392   -23998   -24983   -26373 
  -26339   -26758   -29272   -30125   -26314   -21577   -19751   -19685 
  -20097   -21643   -23704   -24883   -25259   -25436   -25230   -23894 
  -21481   -19875   -20471   -21979   -22457   -21443   -20100   -20424 
  -22871   -25427   -26237   -25261   -23235   -21265   -20605   -20987 
  -20991   -20413   -19646   -18498   -18210   -20342   -22705   -22636 
  -22140   -23813   -26289   -26801   -24531   -21497   -20559   -21991 
  -23871   -24507   -22863   -18894   -13953   -10442   -10792   -14995 
  -19972   -22868   -23316   -22563   -21576   -19986   -17435   -15116 
  -14616   -16279   -19205   -22053   -24183   -25441   -24715   -21744 
  -19349   -19867   -22203   -24807   -27129   -28043   -26819   -24173 
  -21197   -19455   -20375   -22852   -23991   -22661   -20706   -20361 
  -21415   -22316   -22783   -23778   -26012   -28185   -27399   -23585 
  -19983   -17882   -16472   -15822   -15820   -16174   -17227   -18781 
  -20612   -22665   -24152   -24754   -25021   -25249   -25421   -25118 
  -23811   -21825   -19652   -17702   -17108   -18090   -19491   -21170 
  -23467   -25564   -26434   -25964   -25198   -25129   -25260   -24922 
  -24973   -26325   -27993   -28357   -27277   -25915   -25420   -25654 
  -25464   -24279   -22648   -22272   -24153   -26215   -26166   -24778 
  -23957   -24391   -25335   -25652   -25324   -25160   -25353   -25356 
  -24891   -24701   -25573   -26700   -26711   -25565   -24000   -22707 
  -22455   -23639   -25163   -25019   -23708   -24124   -26313   -27632 
  -27590   -27060   -25776   -23983   -22887   -22555   -22037   -20654 
  -18440   -16966   -17812   -20056   -22257   -24367   -26490   -28248 
  -28366   -25758   -22298   -21002   -21780   -22836   -23560   -23487 
  -22574   -22541   -24066   -24995   -23694   -21536   -21192   -23523 
  -26017   -25347   -21948   -19408   -19661   -21779   -24143   -25510 
  -24919   -22455   -20081   -19763   -21219   -22725   -23003   -22269 
  -21939   -22798   -23689   -22909   -20665   -18910   -19165   -21402 
  -24178   -25846   -26327   -26614   -26506   -24853   -21867   -19503 
  -19388   -20678   -21020   -20277   -20654   -22656   -24148   -23576 
  -21993   -21358   -22057   -23637   -25862   -27439   -27236   -26442 
  -26177   -25442   -23229   -20057   -17185   -15826   -16871   -20232 
  -24197   -26649   -27159   -26692   -25958   -24947   -23363   -21641 
  -20929   -21221   -21209   -20140   -18445   -17131   -16630   -16440 
  -16604   -17992   -20615   -23587   -26246   -28044   -28508   -27693 
  -25842   -23062   -20235   -19313   -20967   -22849   -22678   -21610 
  -21530   -21353   -19578   -17700   -17615   -18636   -19677   -20895 
  -21876   -21956   -22087   -23279   -24713   -25104   -24645   -24640 
  -25099   -24355   -22069   -19958   -19072   -19185   -20092   -21275 
  -22378   -23861   -25107   -24973   -24230   -24053   -24078   -23399 
  -21725   -20246   -21243   -24864   -28083   -28848   -28006   -26199 
  -23311   -20767   -20280   -21546   -23250   -24470   -24998   -25366 
  -25886   -25920   -24942   -23725   -23406   -23844   -24110   -23545 
  -21716   -19239   -17788   -17926   -19085   -21038   -23453   -25601 
  -26882   -27153   -26691   -25332   -22670   -19352   -16545   -14927 
  -14794   -15852   -17628   -20479   -24296   -27327   -28456   -28288 
  -27644   -27355   -27802   -28037   -27120   -25078   -22688   -21575 
  -22435   -23829   -24717   -25663   -27003   -28151   -28295   -27189 
  -25698   -25051   -25306   -25345   -24554   -23592   -23281   -23588 
  -24026   -24509   -25147   -25664   -25568   -24539   -22884   -21497 
  -20864   -20723   -20565   -20239   -20448   -21635   -22926   -23717 
  -24424   -25056   -25129   -24658   -24111   -23708   -23085   -21998 
  -20962   -20722   -21802   -24333   -27474   -29679   -30209   -29788 
  -29265   -28587   -27669   -26893   -26417   -26246   -26602   -27278 
  -27326   -26049   -24146   -23217   -23619   -24155   -24315   -24547 
  -24715   -24655   -25024   -25604   -25084   -23937   -24076   -25556 
  -27040   -27830   -27735   -26979   -25989   -25054   -24792   -25123 
  -24771   -23770   -23592   -24255   -24689   -24712   -24370   -23812 
  -23927   -24599   -24477   -23588   -23286   -23959   -24595   -24229 
  -23322   -23178   -24044   -24820   -24632   -23999   -24168   -25465 
  -26837   -27295   -27232   -27354   -27339   -26620   -24982   -22509 
  -20294   -19461   -19539   -20148   -21879   -23945   -24665   -24001 
  -22824   -21555   -20749   -21238   -22966   -24450   -24466   -23502 
  -22741   -22764   -23301   -23848   -24258   -24307   -24051   -24154 
  -24075   -22726   -21079   -20382   -20373   -21109   -22541   -23439 
  -23434   -23296   -23183   -22763   -21929   -21025   -20903   -21873 
  -22958   -23116   -22722   -22872   -23571   -24041   -24409   -25352 
  -26357   -26225   -25178   -24364   -24038   -24130   -24565   -24520 
  -23768   -23259   -23147   -22745   -22128   -21813   -21746   -21689 
  -21814   -22299   -23113   -24295   -25272   -24891   -23321   -21977 
  -21431   -21495   -22120   -22982   -23729   -24499   -25349   -26068 
  -26261   -25214   -22967   -20686   -18877   -17325   -16475   -16803 
  -18189   -20159   -21624   -21897   -21831   -22279   -22912   -23144 
  -22710   -22055   -21941   -21702   -20145   -18109   -17392   -18418 
  -20553   -23062   -25347   -27006   -27671   -27196   -25885   -24193 
  -22659   -21828   -21840   -22460   -23229   -23573   -23339   -22847 
  -22304   -21764   -21362   -21149   -21143   -21545   -22288   -22914 
  -23316   -23713   -24099   -24348   -24333   -23992   -23564   -23306 
  -23114   -22764   -22228   -21608   -21078   -20927   -21418   -22550 
  -23942   -24994   -25409   -25291   -24578   -23392   -22833   -23572 
  -24391   -24234   -23990   -24557   -25251   -24938   -23499   -22124 
  -22088   -23125   -23948   -24038   -23628   -22732   -21172   -19092 
  -17342   -16829   -17387   -18565   -20495   -22736   -24103   -24284 
  -24111   -24073   -23690   -22700   -21573   -20688   -20490   -21497 
  -22935   -23400   -23155   -23663   -25415   -27139   -27073   -25389 
  -23905   -23252   -22832   -22549   -22873   -24364   -26746   -28446 
  -28464   -27257   -25342   -23231   -22063   -22467   -23771   -25167 
  -26409   -27200   -27298   -26828   -25704   -24011   -22777   -22725 
  -23135   -23156   -22974   -23079   -23576   -24242   -24827   -25304 
  -25495   -24953   -23842   -23082   -23014   -22876   -22152   -21271 
  -20557   -19917   -19773   -20678   -22097   -23064   -23383   -23194 
  -22551   -21816   -21513   -21774   -22288   -22520   -22078   -21237 
  -20694   -20703   -21229   -22203   -22835   -22423   -21694   -21457 
  -21400   -21303   -21532   -22167   -22810   -23173   -23222   -22853 
  -22216   -21871   -21922   -22208   -23001   -24035   -24393   -23828 
  -22623   -21231   -20409   -20380   -20775   -21367   -21941   -22419 
  -22911   -23023   -22445   -22098   -23104   -25115   -26935   -28204 
  -29073   -28863   -26885   -23880   -21405   -20382   -20467   -20937 
  -21678   -22675   -23715   -24848   -25933   -26290   -25691   -24822 
  -24115   -23379   -22853   -22903   -22964   -22357   -21532   -21388 
  -22014   -22917   -23763   -24362   -24664   -24728   -24258   -23002 
  -21415   -20179   -19737   -20143   -20881   -21535   -22334   -23433 
  -24392   -24785   -25106   -26432   -28484   -29350   -28078   -25722 
  -23471   -21749   -20827   -20703   -20913   -21230   -21745   -22234 
  -22388   -22213   -21700   -21159   -21543   -23143   -24843   -25699 
  -25909   -25685   -24827   -23759   -23522   -24258   -24971   -25191 
  -25237   -24926   -23846   -22411   -21391   -21060   -21279   -21831 
  -22416   -22700   -22711   -22878   -23136   -22696   -21542   -20755 
  -20811   -21376   -22233   -23207   -24091   -24564   -24047   -22686 
  -21707   -21830   -22570   -23355   -23961   -24077   -23608   -22910 
  -22260   -21679   -21158   -20781   -20729   -21123   -21992   -23092 
  -23750   -23643   -23241   -22839   -22367   -21954   -21558   -21025 
  -20806   -21313   -22044   -22258   -21943   -21664   -21806   -22169 
  -22242   -21888   -21530   -21391   -20982   -19871   -18465   -17716 
  -18311   -20005   -21964   -23699   -24938   -25164   -24312   -23220 
  -22879   -23479   -23990   -23516   -22702   -22524   -23221   -24574 
  -25751   -26014   -25696   -25288   -24639   -23514   -22026   -20693 
  -20240   -20836   -21886   -22835   -23544   -24002   -24395   -24927 
  -25253   -24985   -24564   -24343   -23702   -22464   -21502   -21160 
  -21111   -21356   -21933   -22546   -22881   -22707   -21845   -20569 
  -19741   -19753   -20111   -20716   -21864   -23078   -23722   -23854 
  -23728   -23499   -23266   -23160   -23516   -24175   -24213   -23418 
  -22801   -22973   -23461   -23879   -24290   -24433   -24152   -24012 
  -24240   -24327   -24031   -23465   -22828   -22496   -22628   -23039 
  -23552   -24001   -24192   -24119   -23983   -23776   -23308   -22827 
  -22746   -23155   -24016   -24863   -24958   -24382   -23688   -22959 
  -22210   -21670   -21494   -21742   -22199   -22465   -22437   -22257 
  -22137   -22259   -22502   -22774   -23481   -24699   -25583   -25591 
  -25061   -24218   -23034   -21928   -21501   -21759   -22152   -22291 
  -22323   -22619   -23231   -23781   -23938   -23638   -22858   -21648 
  -20482   -20026   -20307   -20791   -21156   -21316   -21400   -21602 
  -21612   -21150   -20737   -20985   -21816   -22657   -23000   -22912 
  -22802   -22664   -22337   -22072   -22064   -22131   -21969   -21493 
  -21318   -22173   -23645   -24826   -25399   -25352   -24977   -24816 
  -24777   -24301   -23419   -22665   -22372   -22457   -22590   -22762 
  -23238   -23681   -23506   -22930   -22595   -22713   -23016   -23227 
  -23498   -24042   -24604   -24903   -24808   -24139   -23218   -22635 
  -22387   -22395   -22817   -23199   -22921   -22381   -22423   -23306 
  -24666   -25637   -25574   -25000   -24669   -24423   -23912   -23177 
  -22427   -21859   -21304   -20682   -20662   -21577   -22600   -22982 
  -22926   -22981   -23416   -24045   -24461   -24264   -23295   -22177 
  -21824   -22434   -23665   -24897   -25534   -25829   -26262   -26474 
  -25936   -24631   -22807   -21122   -20288   -20201   -20587   -21651 
  -23157   -24459   -25430   -26130   -26379   -26134   -25545   -24721 
  -23851   -23180   -22589   -21892   -21374   -21228   -21326   -21785 
  -22662   -23668   -24548   -24975   -24819   -24696   -24935   -24972 
  -24798   -25003   -25196   -24620   -23569   -22711   -22170   -21783 
  -21436   -21436   -22315   -23754   -24856   -25348   -25349   -24952 
  -24418   -23882   -23308   -22828   -22514   -22266   -22208   -22482 
  -22858   -23119   -23304   -23380   -23179   -22801   -22729   -23074 
  -23156   -22627   -22195   -22476   -23126   -23561   -23746   -24030 
  -24457   -24613   -24382   -24189   -24174   -24025   -23672   -23230 
  -22800   -22796   -23431   -24154   -24493   -24617   -24872   -25236 
  -25197   -24611   -24006   -23558   -23173   -23036   -23056   -22952 
  -22791   -22706   -22780   -23117   -23467   -23429   -23118   -22867 
  -22702   -22634   -22773   -23016   -23169   -23250   -23325   -23248 
  -22804   -21992   -21144   -20806   -21222   -22004   -22532   -22536 
  -22216   -21837   -21483   -21399   -21954   -23023   -23990   -24568 
  -25056   -25564   -25627   -24825   -23354   -22088   -21797   -22240 
  -22673   -22687   -22320   -22135   -22732   -23861   -24784   -25280 
  -25675   -26189   -26593   -26415   -25548   -24544   -23980   -23947 
  -24232   -24438   -24244   -23833   -23550   -23493   -23565   -23432 
  -23074   -23069   -23375   -23196   -22489   -22018   -22199   -22852 
  -23539   -23899   -23869   -23499   -22815   -22038   -21571   -21701 
  -22464   -23488   -24090   -24047   -23862   -23988   -24432   -24976 
  -25187   -24820   -24270   -23958   -23829   -23687   -23385   -22990 
  -22823   -22899   -22924   -22949   -23116   -23033   -22345   -21468 
  -21080   -21388   -22087   -22705   -23019   -23225   -23606   -23973 
  -23831   -23327   -23166   -23371   -23308   -22937   -22868   -23423 
  -24307   -24978   -25126   -24754   -23937   -22897   -22058   -21622 
  -21469   -21451   -21466   -21524   -21651   -21712   -21720   -21832 
  -21963   -22134   -22489   -22770   -22733   -22714   -23099   -23630 
  -23774   -23392   -22589   -21749   -21559   -22022   -22494   -22823 
  -23191   -23621   -24104   -24336   -23956   -23189   -22530   -22383 
  -22977   -23956   -24671   -24885   -24704   -24444   -24360   -24178 
  -23679   -23256   -23153   -23170   -23215   -23374   -23737   -24248 
  -24622   -24739   -24696   -24495   -24229   -24043   -23894   -23682 
  -23283   -22830   -22747   -23008   -23328   -23745   -24200   -24423 
  -24258   -23788   -23350   -23029   -22636   -22465   -22860   -23451 
  -23875   -24260   -24664   -24972   -25017   -24775   -24684   -24985 
  -25190   -24970   -24492   -23892   -23328   -22969   -22817   -23067 
  -23906   -24884   -25428   -25602   -25722   -25680   -25093   -24016 
  -23089   -22883   -23368   -23976   -24178   -24025   -23697   -23200 
  -22973   -23404   -23936   -23881   -23367   -22970   -23028   -23173 
  -22756   -22110   -22273   -23267   -24206   -24696   -24956   -25075 
  -24889   -24554   -24446   -24291   -23697   -23249   -23415   -23754 
  -24066   -24345   -24152   -23576   -23348   -23662   -24090   -24124 
  -23547   -22896   -22920   -23448   -23828   -23993   -24173   -24394 
  -24556   -24339   -23491   -22530   -22348   -23118   -24217   -24874 
  -24696   -23964   -23305   -23068   -23229   -23558   -23894   -24253 
  -24430   -24200   -23770   -23334   -22941   -22810   -22950   -23076 
  -23178   -23433   -23823   -24275   -24815   -25282   -25324   -24979 
  -24651   -24453   -24173   -23745   -23249   -22619   -21968   -21745 
  -21987   -22249   -22314   -22347   -22643   -23022   -22927   -22472 
  -22247   -22393   -22668   -22822   -22729   -22395   -22007   -21869 
  -22082   -22568   -23125   -23269   -22804   -22160   -21743   -21698 
  -21950   -22214   -22431   -22708   -22926   -23010   -22943   -22633 
  -22318   -22383   -22664   -22670   -22300   -21961   -21999   -22239 
  -22354   -22299   -22209   -22237   -22442   -22675   -22832   -22967 
  -22885   -22454   -22199   -22400   -22551   -22421   -22373   -22728 
  -23334   -23595   -23252   -22783   -22447   -22019   -21650   -21638 
  -21833   -22132   -22561   -22861   -22957   -23072   -23139   -22940 
  -22426   -21709   -21277   -21548   -22182   -22706   -22944   -22679 
  -22115   -21778   -21530   -21141   -20916   -20860   -20760   -20827 
  -21231   -21864   -22632   -23297   -23531   -23345   -23075   -23000 
  -22993   -22569   -21671   -20989   -20879   -20941   -21044   -21362 
  -21726   -22152   -22895   -23632   -23862   -23514   -22731   -21894 
  -21394   -21217   -21369   -21963   -22745   -23428   -24063   -24574 
  -24676   -24451   -24151   -23605   -22686   -21715   -21018   -20882 
  -21431   -22298   -23130   -23854   -24365   -24568   -24316   -23595 
  -22894   -22440   -21903   -21546   -21985   -23077   -24355   -25398 
  -25787   -25745   -25769   -25730   -25329   -24610   -23754   -23001 
  -22589   -22661   -23230   -23951   -24286   -24244   -24367   -24806 
  -25132   -25117   -24847   -24381   -23997   -23974   -24052   -23909 
  -23674   -23556   -23648   -23936   -24145   -24052   -23686   -23190 
  -22935   -23117   -23345   -23393   -23452   -23585   -23888   -24447 
  -24904   -24941   -24703   -24407   -24174   -23994   -23691   -23302 
  -23085   -23178   -23503   -23748   -23763   -23848   -24114   -24341 
  -24539   -24743   -24757   -24482   -23838   -22894   -22163   -21898 
  -21793   -21627   -21455   -21537   -22100   -22922   -23606   -23846 
  -23511   -23045   -22942   -22982   -22783   -22279   -21611   -21177 
  -21132   -21066   -20892   -21130   -21911   -22854   -23702   -24129 
  -23865   -23301   -22922   -22746   -22716   -22697   -22485   -22220 
  -22164   -22330   -22704   -23236   -23646   -23667   -23218   -22531 
  -22182   -22346   -22587   -22665   -22693   -22841   -23144   -23328 
  -23230   -22991   -22663   -22296   -22021   -21789   -21456   -20996 
  -20566   -20509   -20896   -21319   -21657   -22218   -22911   -23386 
  -23606   -23492   -22932   -22316   -22081   -22189   -22555   -23089 
  -23426   -23349   -22992   -22642   -22542   -22609   -22595   -22352 
  -21839   -21234   -20828   -20690   -20776   -21132   -21687   -22227 
  -22750   -23264   -23472   -23234   -22739   -22071   -21373   -21064 
  -21226   -21553   -22043   -22733   -23148   -22992   -22647   -22448 
  -22318   -22153   -21925   -21723   -21826   -22344   -22991   -23416 
  -23580   -23607   -23504   -23318   -23206   -23154   -23090   -23176 
  -23508   -23944   -24323   -24506   -24440   -24132   -23571   -22953 
  -22447   -21898   -21455   -21550   -22082   -22653   -23144   -23507 
  -23707   -23776   -23696   -23588   -23492   -23112   -22541   -22284 
  -22177   -21677   -20999   -20878   -21684   -22958   -23814   -24007 
  -23930   -23858   -23946   -24266   -24675   -24994   -25122   -24987 
  -24421   -23433   -22569   -22257   -22257   -22380   -22820   -23467 
  -23880   -23833   -23364   -22756   -22333   -22174   -22331   -22883 
  -23736   -24642   -25165   -24939   -24155   -23460   -23315   -23686 
  -24255   -24664   -24761   -24743   -24696   -24272   -23455   -22956 
  -23067   -23270   -23481   -24051   -24753   -25205   -25362   -25155 
  -24667   -24202   -23804   -23430   -23314   -23579   -23911   -23909 
  -23498   -22979   -22634   -22397   -22352   -22889   -23876   -24681 
  -25075   -25144   -24841   -24380   -24191   -24181   -24031   -23815 
  -23560   -23120   -22688   -22433   -22166   -21948   -22052   -22458 
  -23059   -23677   -24044   -24119   -23809   -23061   -22429   -22430 
  -22883   -23361   -23643   -23809   -23897   -23703   -23187   -22593 
  -22251   -22339   -22748   -23405   -24160   -24536   -24502   -24520 
  -24414   -23680   -22633   -21932   -21690   -21724   -21940   -22153 
  -22236   -22415   -22850   -23390   -23916   -24334   -24559   -24555 
  -24147   -23405   -22810   -22539   -22422   -22537   -23048   -23670 
  -23913   -23763   -23469   -23092   -22766   -22690   -22780   -22791 
  -22707   -22827   -23306   -23781   -23731   -23190   -22662   -22374 
  -22256   -22284   -22356   -22323   -22055   -21581   -21494   -22366 
  -23842   -25014   -25260   -24700   -24076   -23876   -23866   -23534 
  -22661   -21593   -20941   -20985   -21514   -22059   -22253   -22208 
  -22414   -23026   -23683   -24183   -24461   -24193   -23369   -22654 
  -22676   -23288   -23676   -23446   -23152   -23343   -23814   -23964 
  -23504   -22722   -22080   -21716   -21574   -21755   -22274   -22869 
  -23400   -23714   -23512   -23070   -23092   -23542   -23787   -23694 
  -23526   -23293   -22949   -22564   -22192   -21949   -21992   -22359 
  -22893   -23322   -23468   -23255   -22649   -21942   -21798   -22463 
  -23321   -23727   -23715   -23681   -23693   -23418   -22929   -22672 
  -22518   -22299   -22557   -23439   -24255   -24713   -24945   -24727 
  -24149   -23845   -23873   -23839   -23676   -23492   -23513   -23827 
  -24010   -24091   -24489   -24630   -24028   -23422   -23162   -22851 
  -22624   -22660   -22745   -23113   -23955   -24691   -24915   -24850 
  -24829   -25060   -25332   -25244   -24894   -24526   -24145   -23860 
  -23730   -23652   -23599   -23500   -23331   -23237   -23246   -23401 
  -23738   -23805   -23388   -23130   -23238   -23146   -22867   -22871 
  -23107   -23188   -22974   -22763   -22824   -22942   -23046   -23390 
  -23720   -23683   -23675   -24111   -24688   -24827   -24469   -24135 
  -23859   -23101   -22116   -21714   -22020   -22733   -23461   -23783 
  -23841   -24021   -24224   -24164   -23727   -23089   -22692   -22735 
  -22832   -22569   -22166   -22090   -22508   -23314   -23975   -23831 
  -23017   -22302   -22078   -22097   -22185   -22525   -23020   -23354 
  -23477   -23328   -22974   -22694   -22480   -22507   -22995   -23216 
  -22764   -22437   -22498   -22659   -23050   -23348   -23109   -22918 
  -23257   -23648   -23552   -22962   -22551   -22983   -23837   -24343 
  -24361   -23901   -23063   -22301   -22012   -22292   -22805   -22881 
  -22417   -22155   -22451   -22864   -23234   -23675   -23957   -24044 
  -24102   -23977   -23753   -23810   -24087   -24356   -24620   -24883 
  -25063   -24911   -24363   -23780   -23188   -22488   -22247   -22717 
  -23458   -24337   -25213   -25570   -25309   -24725   -24053   -23497 
  -23081   -22725   -22581   -22905   -23675   -24345   -24278   -23700 
  -23455   -23665   -23753   -23623   -23533   -23286   -22713   -22401 
  -22921   -23836   -24367   -24434   -24360   -24278   -24180   -24006 
  -23835   -23827   -23705   -23277   -23080   -23284   -23439   -23669 
  -24152   -24306   -23944   -23553   -23081   -22350   -21851   -21873 
  -22272   -23027   -23846   -24294   -24251   -23725   -23314   -23765 
  -24535   -24752   -24585   -24326   -23889   -23414   -23059   -22702 
  -22498   -22935   -23967   -24960   -25374   -24821   -23361   -21944 
  -21479   -21794   -22146   -22139   -21874   -21771   -22218   -22891 
  -23142   -22980   -22656   -22372   -22449   -22630   -22365   -21946 
  -21968   -22330   -22553   -22349   -21883   -21642   -21763   -22043 
  -22469   -22949   -23152   -23042   -22858   -22689   -22518   -22284 
  -21871   -21515   -21573   -21813   -22015   -22377   -22600   -22264 
  -21722   -21394   -21397   -21841   -22510   -22977   -23141   -23071 
  -22765   -22413   -22333   -22436   -22585   -23007   -23529   -23668 
  -23588   -23587   -23380   -22865   -22472   -22393   -22476   -22605 
  -22727   -22920   -23172   -23151   -22903   -23017   -23415   -23398 
  -23013   -22747   -22594   -22633   -23126   -23687   -23699   -23287 
  -23018   -22926   -22625   -22125   -21678   -21455   -21756   -22616 
  -23463   -23820   -23855   -23820   -23537   -23021   -22727   -22741 
  -22721   -22705   -23059   -23527   -23419   -22870   -22521   -22373 
  -22293   -22556   -23032   -23094   -22624   -22213   -22271   -22572 
  -22710   -22595   -22449   -22405   -22383   -22439   -22665   -22830 
  -22831   -22901   -23040   -23146   -23280   -23322   -23302   -23555 
  -23894   -23811   -23325   -22892   -22896   -23225   -23367   -23199 
  -23157   -23487   -24002   -24279   -24015   -23572   -23392   -23314 
  -23350   -23618   -23680   -23336   -22979   -22913   -23157   -23443 
  -23528   -23499   -23381   -23207   -23258   -23432   -23368   -23241 
  -23327   -23536   -23942   -24578   -24875   -24574   -24217   -24028 
  -23788   -23558   -23408   -23316   -23401   -23533   -23365   -23029 
  -22966   -23207   -23507   -23722   -23817   -23979   -24285   -24320 
  -23846   -23335   -23192   -23195   -23289   -23649   -23785   -23297 
  -22767   -22609   -22517   -22383   -22341   -22325   -22235   -22193 
  -22583   -23434   -24061   -24164   -24321   -24721   -24884   -24731 
  -24454   -23873   -23150   -22987   -23369   -23583   -23503   -23444 
  -23415   -23414   -23554   -23706   -23627   -23394   -23390   -23689 
  -23849   -23670   -23420   -23166   -22878   -22761   -22748   -22643 
  -22657   -22897   -23138   -23382   -23695   -23870   -23767   -23476 
  -23250   -23352   -23495   -23151   -22611   -22498   -22650   -22584 
  -22286   -22003   -21918   -22119   -22571   -23101   -23496   -23762 
  -23924   -23795   -23461   -23346   -23537   -23671   -23442   -23010 
  -22772   -22790   -22889   -22990   -22914   -22590   -22437   -22643 
  -22842   -22830   -22532   -22059   -21980   -22350   -22583   -22604 
  -22646   -22656   -22680   -22811   -22923   -23030   -23323   -23802 
  -24240   -24343   -24065   -23734   -23569   -23533   -23552   -23409 
  -23092   -22967   -23031   -23059   -23235   -23523   -23470   -23205 
  -23191   -23255   -22979   -22330   -21598   -21248   -21514   -22181 
  -22960   -23550   -23683   -23496   -23308   -23224   -23166   -23002 
  -22859   -23059   -23424   -23448   -23151   -22891   -22796   -22937 
  -23380   -23920   -24281   -24381   -24217   -23879   -23610   -23575 
  -23710   -23824   -23818   -23793   -23814   -23748   -23501   -23072 
  -22618   -22561   -23031   -23586   -23941   -24130   -24079   -23796 
  -23496   -23269   -22976   -22568   -22330   -22417   -22509   -22491 
  -22602   -22754   -22744   -22681   -22664   -22819   -23238   -23544 
  -23472   -23419   -23642   -23870   -23824   -23501   -23266   -23489 
  -23951   -24255   -24337   -24253   -24147   -24173   -24187   -24048 
  -23982   -24162   -24362   -24417   -24372   -24113   -23558   -23034 
  -22948   -23286   -23641   -23761   -23815   -23943   -24017   -24010 
  -24028   -23978   -23752   -23501   -23448   -23661   -23838   -23531 
  -22965   -22866   -23302   -23758   -23980   -23935   -23680   -23452 
  -23358   -23432   -23750   -24077   -24049   -23644   -23181   -23066 
  -23312   -23475   -23312   -23016   -22859   -22964   -23224   -23421 
  -23427   -23267   -23144   -23230   -23298   -23035   -22711   -22788 
  -23131   -23263   -23042   -22752   -22726   -22941   -23108   -23178 
  -23405   -23841   -24197   -24247   -23912   -23334   -22930   -22835 
  -22908   -23201   -23571   -23703   -23729   -23835   -23811   -23518 
  -23107   -22714   -22340   -22141   -22315   -22549   -22373   -22041 
  -22062   -22399   -22791   -23060   -23076   -22948   -22859   -22802 
  -22750   -22766   -22884   -22996   -22908   -22724   -22793   -23097 
  -23273   -23140   -22801   -22446   -22234   -22278   -22550   -22829 
  -23139   -23846   -24795   -25274   -25088   -24648   -24293   -24110 
  -23983   -23725   -23401   -23301   -23596   -24148   -24609   -24819 
  -24893   -24737   -24244   -23762   -23422   -22988   -22723   -22926 
  -23242   -23434   -23536   -23418   -23246   -23282   -23278   -23068 
  -22832   -22620   -22425   -22303   -22290   -22374   -22445   -22435 
  -22357   -22205   -22100   -22186   -22443   -22742   -22826   -22556 
  -22251   -22202   -22297   -22477   -22864   -23365   -23755   -23935 
  -23838   -23560   -23432   -23481   -23369   -23099   -23012   -23152 
  -23325   -23503   -23734   -23992   -24223   -24370   -24465   -24488 
  -24246   -23877   -23801   -23870   -23727   -23632   -23820   -23963 
  -23881   -23789   -23666   -23225   -22633   -22390   -22527   -22803 
  -23151   -23430   -23557   -23709   -23864   -23858   -23747   -23540 
  -23291   -23306   -23522   -23555   -23488   -23516   -23402   -23028 
  -22673   -22469   -22367   -22373   -22386   -22316   -22314   -22491 
  -22724   -22920   -23111   -23299   -23475   -23609   -23564   -23328 
  -23085   -22947   -22886   -22819   -22698   -22588   -22566   -22608 
  -22687   -22804   -22812   -22563   -22307   -22385   -22679   -22836 
  -22729   -22557   -22693   -23257   -23925   -24290   -24188   -23733 
  -23198   -22791   -22455   -22063   -21792   -21835   -22099   -22520 
  -23007   -23339   -23568   -23817   -23816   -23395   -22864   -22436 
  -22055   -21842   -21850   -21871   -22012   -22516   -23097   -23404 
  -23401   -23052   -22559   -22269   -22085   -21852   -21756   -21890 
  -22010   -21941   -21993   -22384   -22598   -22177   -21496   -21052 
  -20849   -20890   -21257   -21719   -22152   -22673   -23049   -23023 
  -22760   -22462   -22236   -22146   -22110   -22113   -22373   -22858 
  -23135   -23067   -22972   -22991   -23083   -23259   -23356   -23210 
  -22901   -22424   -21785   -21304   -21168   -21236   -21350   -21446 
  -21634   -22053   -22584   -23018   -23248   -23269   -23174   -22937 
  -22498   -22202   -22324   -22444   -22189   -21782   -21572   -21703 
  -21999   -22100   -21947   -21788   -21888   -22355   -22914   -23188 
  -23258   -23450   -23792   -24032   -23968   -23611   -23147   -22790 
  -22594   -22493   -22473   -22532   -22688   -22970   -23253   -23397 
  -23448   -23475   -23434   -23357   -23403   -23646   -23943   -24048 
  -23877   -23627   -23452   -23295   -23187   -23238   -23416   -23565 
  -23503   -23246   -23080   -23107   -23057   -22806   -22601   -22570 
  -22619   -22745   -22955   -23171   -23388   -23601   -23734   -23766 
  -23748   -23740   -23790   -23805   -23660   -23584   -23752   -23798 
  -23531   -23216   -22985   -22916   -23137   -23432   -23512   -23442 
  -23354   -23200   -22918   -22629   -22525   -22651   -23035   -23748 
  -24570   -25034   -24969   -24706   -24575   -24448   -24161   -24009 
  -24152   -24252   -24158   -23977   -23609   -23106   -22877   -23097 
  -23530   -23902   -24196   -24563   -24846   -24628   -24037   -23623 
  -23372   -22925   -22531   -22652   -23115   -23451   -23516   -23504 
  -23561   -23552   -23456   -23484   -23641   -23860   -24172   -24343 
  -24078   -23530   -23050   -22674   -22302   -22098   -22245   -22638 
  -23036   -23269   -23369   -23457   -23470   -23476   -23745   -24041 
  -23992   -23927   -24121   -24240   -24030   -23597   -23251   -23329 
  -23719   -23908   -23788   -23708   -23696   -23495   -23130   -22830 
  -22774   -23010   -23382   -23718   -24036   -24328   -24333   -23897 
  -23285   -22889   -22992   -23474   -23685   -23345   -22910   -22674 
  -22599   -22684   -22838   -22961   -23075   -23217   -23359   -23303 
  -22907   -22313   -21806   -21755   -22333   -23201   -23907   -24160 
  -23733   -22868   -22219   -21931   -21729   -21757   -22133   -22438 
  -22544   -22870   -23428   -23811   -23956   -23933   -23715   -23577 
  -23675   -23556   -22942   -22229   -21873   -21999   -22580   -23371 
  -23859   -23849   -23651   -23535   -23584   -23669   -23484   -23160 
  -23110   -23215   -23245   -23333   -23449   -23434   -23432   -23580 
  -23735   -23670   -23341   -23015   -22908   -22890   -22840   -22803 
  -22845   -23109   -23699   -24456   -24995   -25072   -24909   -24752 
  -24351   -23615   -23067   -22948   -22912   -22831   -22905   -23220 
  -23512   -23428   -23156   -23108   -23152   -23086   -22981   -22789 
  -22619   -22772   -23072   -23181   -23289   -23550   -23591   -23203 
  -22758   -22618   -22720   -22943   -23323   -23741   -23976   -23977 
  -23783   -23479   -23131   -22778   -22645   -22904   -23402   -23955 
  -24369   -24423   -24157   -23750   -23352   -23211   -23377   -23544 
  -23508   -23408   -23543   -24014   -24436   -24335   -23806   -23283 
  -23051   -23236   -23583   -23500   -22992   -22594   -22411   -22356 
  -22551   -22898   -23202   -23548   -23868   -23870   -23577   -23255 
  -23078   -23076   -23118   -23104   -23198   -23496   -23622   -23301 
  -22937   -22881   -22951   -22978   -23016   -23096   -23220   -23427 
  -23639   -23602   -23355   -23307   -23460   -23414   -23194   -23090 
  -22995   -22747   -22675   -23025   -23388   -23393   -23166   -22884 
  -22725   -22908   -23234   -23274   -23036   -22865   -23053   -23500 
  -23674   -23498   -23451   -23430   -23032   -22494   -22207   -22224 
  -22465   -22706   -22729   -22557   -22309   -22150   -22254   -22493 
  -22559   -22452   -22393   -22459   -22589   -22663   -22570   -22420 
  -22354   -22294   -22216   -22262   -22372   -22381   -22501   -22908 
  -23198   -23123   -22958   -22808   -22642   -22553   -22461   -22315 
  -22320   -22628   -23092   -23300   -23033   -22599   -22334   -22240 
  -22229   -22227   -22353   -22795   -23174   -23112   -23027   -23177 
  -23222   -23127   -23089   -23067   -23062   -23129   -23162   -23040 
  -22818   -22671   -22671   -22737   -22796   -22874   -23091   -23491 
  -23757   -23611   -23424   -23619   -23856   -23666   -23348   -23448 
  -23857   -24135   -24212   -24129   -23779   -23389   -23314   -23281 
  -22880   -22407   -22342   -22594   -22826   -22886   -22743   -22593 
  -22751   -23192   -23606   -23760   -23656   -23457   -23234   -23046 
  -23038   -23127   -23120   -23034   -22960   -23024   -23325   -23760 
  -24141   -24302   -24196   -24006   -23884   -23762   -23614   -23528 
  -23527   -23642   -23880   -24068   -24076   -24048   -24036   -23822 
  -23467   -23423   -23783   -24031   -23825   -23555   -23622   -23796 
  -23877   -24006   -24067   -23869   -23647   -23617   -23565   -23331 
  -23088   -22929   -22893   -23061   -23183   -22986   -22657   -22473 
  -22564   -22930   -23316   -23445   -23353   -23285   -23407   -23607 
  -23669   -23649   -23716   -23767   -23601   -23284   -23009   -22724 
  -22329   -22095   -22287   -22677   -23005   -23255   -23342   -23344 
  -23472   -23489   -23187   -23000   -23222   -23522   -23653   -23655 
  -23521   -23299   -23106   -22970   -22891   -22883   -22948   -23013 
  -22996   -22996   -23069   -23078   -22998   -22931   -22902   -22824 
  -22642   -22513   -22525   -22485   -22350   -22393   -22760   -23231 
  -23458   -23326   -23036   -22817   -22693   -22626   -22594   -22624 
  -22854   -23138   -23101   -22938   -23050   -23228   -23239   -23175 
  -22959   -22562   -22245   -22152   -22243   -22461   -22712   -22910 
  -23008   -23007   -22950   -22781   -22460   -22179   -22095   -22166 
  -22361   -22642   -22962   -23262   -23323   -23095   -22840   -22684 
  -22655   -22870   -23211   -23386   -23417   -23505   -23571   -23482 
  -23369   -23363   -23365   -23228   -22983   -22878   -23067   -23347 
  -23502   -23553   -23477   -23310   -23223   -23148   -22972   -22879 
  -22985   -23191   -23371   -23513   -23755   -24015   -23963   -23642 
  -23478   -23638   -23852   -23817   -23655   -23727   -23974   -23971 
  -23635   -23289   -23136   -23130   -23160   -23148   -23094   -22963 
  -22719   -22585   -22733   -23015   -23305   -23494   -23497   -23536 
  -23755   -23928   -23863   -23663   -23527   -23434   -23220   -22962 
  -22851   -22894   -23041   -23223   -23398   -23636   -23822   -23759 
  -23622   -23606   -23597   -23586   -23649   -23676   -23645   -23637 
  -23521   -23199   -22874   -22726   -22814   -23106   -23303   -23272 
  -23294   -23451   -23566   -23624   -23676   -23711   -23801   -23987 
  -24068   -23881   -23605   -23452   -23360   -23242   -23163   -23104 
  -23007   -22957   -23034   -23224   -23414   -23423   -23304   -23348 
  -23539   -23636   -23612   -23391   -22923   -22608   -22739   -23014 
  -23141   -23221   -23328   -23390   -23427   -23416   -23269   -23160 
  -23258   -23406   -23553   -23770   -23856   -23689   -23465   -23314 
  -23237   -23256   -23298   -23233   -23157   -23245   -23386   -23453 
  -23492   -23454   -23318   -23219   -23138   -23011   -22971   -23013 
  -22921   -22716   -22628   -22629   -22538   -22470   -22650   -23000 
  -23291   -23478   -23551   -23410   -23184   -23157   -23264   -23196 
  -22886   -22596   -22606   -22827   -22937   -22844   -22683   -22600 
  -22693   -22896   -23031   -23071   -23082   -23048   -23043   -23206 
  -23425   -23465   -23324   -23167   -23103   -23083   -22955   -22750 
  -22699   -22833   -22937   -22930   -22959   -23169   -23432   -23448 
  -23230   -23060   -23017   -23022   -22979   -22813   -22636   -22570 
  -22616   -22781   -22905   -22794   -22653   -22712   -22844   -22940 
  -22942   -22753   -22483   -22323   -22341   -22596   -22966   -23150 
  -23156   -23168   -23113   -22968   -22912   -22940   -22942   -23008 
  -23194   -23345   -23336   -23212   -23077   -22972   -22865   -22765 
  -22771   -22999   -23394   -23651   -23595   -23441   -23460   -23668 
  -23808   -23663   -23371   -23212   -23323   -23663   -23953   -23954 
  -23796   -23737   -23855   -24019   -24036   -23864   -23617   -23392 
  -23286   -23341   -23408   -23425   -23562   -23865   -24163   -24241 
  -24018   -23748   -23606   -23420   -23258   -23342   -23463   -23371 
  -23163   -22965   -22812   -22768   -22953   -23339   -23593   -23553 
  -23524   -23699   -23799   -23560   -23168   -22979   -23052   -23213 
  -23290   -23180   -22948   -22770   -22740   -22824   -22967   -23184 
  -23461   -23642   -23630   -23545   -23529   -23556   -23488   -23277 
  -23103   -23226   -23592   -23783   -23574   -23260   -23135   -23133 
  -23208   -23365   -23445   -23401   -23326   -23243   -23223   -23330 
  -23453   -23500   -23448   -23307   -23216   -23319   -23513   -23606 
  -23562   -23429   -23262   -23254   -23597   -24085   -24239   -23874 
  -23248   -22761   -22622   -22740   -22967   -23293   -23629   -23761 
  -23690   -23605   -23556   -23489   -23417   -23400   -23455   -23539 
  -23599   -23643   -23640   -23485   -23265   -23236   -23440   -23616 
  -23564   -23417   -23361   -23349   -23283   -23164   -23067   -23049 
  -23072   -23168   -23387   -23562   -23620   -23700   -23735   -23600 
  -23463   -23515   -23656   -23646   -23425   -23207   -23192   -23338 
  -23428   -23341   -23238   -23263   -23306   -23292   -23305   -23336 
  -23264   -23088   -22954   -22870   -22696   -22557   -22707   -23010 
  -23137   -23098   -23139   -23250   -23241   -23142   -23111   -23149 
  -23166   -23197   -23327   -23494   -23569   -23531   -23464   -23432 
  -23429   -23430   -23442   -23474   -23536   -23641   -23769   -23844 
  -23739   -23426   -23157   -23198   -23431   -23549   -23485   -23417 
  -23427   -23378   -23254   -23268   -23413   -23441   -23360   -23302 
  -23155   -22876   -22722   -22792   -22876   -22910   -23011   -23170 
  -23339   -23552   -23765   -23863   -23782   -23590   -23494   -23582 
  -23659   -23605   -23541   -23520   -23547   -23673   -23796   -23685 
  -23330   -23068   -23172   -23479   -23638   -23543   -23361   -23233 
  -23142   -23097   -23144   -23165   -23025   -22884   -22944   -23094 
  -23115   -23064   -23187   -23512   -23733   -23610   -23321   -23219 
  -23326   -23341   -23185   -23058   -23014   -22996   -23048   -23169 
  -23207   -23101   -23004   -23039   -23093   -23042   -22966   -22946 
  -22975   -23110   -23306   -23263   -22917   -22635   -22615   -22686 
  -22729   -22765   -22769   -22739   -22744   -22809   -22873   -22844 
  -22741   -22709   -22798   -22903   -22900   -22801   -22789   -22989 
  -23277   -23452   -23477   -23435   -23361   -23255   -23144   -23089 
  -23112   -23133   -23077   -22989   -22963   -23007   -23097   -23274 
  -23475   -23544   -23488   -23380   -23195   -22958   -22725   -22520 
  -22455   -22556   -22678   -22747   -22778   -22782   -22781   -22737 
  -22606   -22476   -22472   -22562   -22664   -22743   -22730   -22583 
  -22404   -22338   -22393   -22464   -22501   -22595   -22751   -22797 
  -22668   -22490   -22363   -22316   -22325   -22268   -22144   -22128 
  -22241   -22371   -22508   -22603   -22563   -22476   -22476   -22500 
  -22488   -22448   -22315   -22120   -22044   -22148   -22301   -22339 
  -22206   -22077   -22170   -22404   -22567   -22579   -22418   -22196 
  -22106   -22136   -22222   -22411   -22619   -22725   -22781   -22819 
  -22784   -22708   -22673   -22709   -22789   -22796   -22681   -22617 
  -22686   -22727   -22700   -22712   -22767   -22805   -22779   -22644 
  -22401   -22185   -22218   -22489   -22697   -22712   -22728   -22817 
  -22779   -22594   -22514   -22619   -22763   -22875   -22954   -22935 
  -22807   -22685   -22605   -22502   -22431   -22528   -22838   -23281 
  -23652   -23759   -23548   -23159   -22889   -22864   -22958   -23097 
  -23242   -23298   -23295   -23340   -23389   -23338   -23229   -23120 
  -22990   -22983   -23213   -23436   -23437   -23332   -23296   -23419 
  -23618   -23642   -23481   -23410   -23459   -23396   -23263   -23245 
  -23304   -23385   -23489   -23561   -23597   -23637   -23654   -23620 
  -23559   -23516   -23509   -23551   -23615   -23590   -23501   -23494 
  -23482   -23426   -23525   -23756   -23955   -24053   -23907   -23666 
  -23707   -23847   -23754   -23672   -23829   -24013   -24008   -23818 
  -23638   -23605   -23643   -23712   -23783   -23715   -23568   -23541 
  -23603   -23605   -23528   -23462   -23454   -23379   -23211   -23154 
  -23212   -23194   -23135   -23155   -23236   -23351   -23439   -23416 
  -23365   -23363   -23318   -23221   -23114   -22974   -22941   -23107 
  -23268   -23337   -23397   -23428   -23460   -23580   -23721   -23774 
  -23723   -23618   -23566   -23613   -23630   -23496   -23260   -23126 
  -23218   -23317   -23203   -23050   -23025   -23049   -23094   -23220 
  -23394   -23493   -23447   -23388   -23471   -23576   -23563   -23513 
  -23455   -23336   -23204   -23126   -23137   -23207   -23202   -23128 
  -23126   -23156   -23117   -23084   -23131   -23199   -23296   -23501 
  -23696   -23715   -23663   -23683   -23718   -23723   -23713   -23620 
  -23455   -23356   -23336   -23280   -23210   -23320   -23634   -23795 
  -23579   -23257   -23137   -23191   -23234   -23209   -23195   -23249 
  -23359   -23478   -23520   -23470   -23454   -23524   -23588   -23621 
  -23568   -23327   -23052   -22978   -23074   -23205   -23294   -23297 
  -23253   -23229   -23179   -23058   -22933   -22892   -22973   -23112 
  -23183   -23185   -23193   -23214   -23251   -23283   -23257   -23212 
  -23202   -23180   -23059   -22863   -22749   -22784   -22819   -22771 
  -22772   -22859   -22919   -22920   -22890   -22901   -23012   -23094 
  -23105   -23217   -23404   -23480   -23451   -23427   -23434   -23397 
  -23235   -23048   -22977   -22972   -22951   -22926   -22883   -22850 
  -22900   -22972   -22944   -22849   -22842   -22990   -23174   -23287 
  -23353   -23365   -23334   -23351   -23385   -23384   -23393   -23322 
  -23120   -23017   -23116   -23255   -23360   -23428   -23463   -23523 
  -23573   -23533   -23469   -23402   -23318   -23315   -23375   -23385 
  -23341   -23221   -23001   -22722   -22476   -22414   -22523   -22620 
  -22651   -22652   -22646   -22665   -22639   -22517   -22456   -22571 
  -22714   -22785   -22900   -23025   -23041   -23072   -23139   -23080 
  -23051   -23166   -23151   -23059   -23190   -23310   -23148   -22882 
  -22708   -22794   -23142   -23390   -23441   -23520   -23553   -23428 
  -23257   -23112   -23033   -23023   -23017   -23113   -23342   -23409 
  -23212   -23047   -23051   -23061   -23007   -22982   -23057   -23225 
  -23388   -23381   -23281   -23345   -23475   -23392   -23228   -23274 
  -23453   -23482   -23333   -23205   -23132   -23023   -22996   -23157 
  -23316   -23326   -23289   -23228   -23123   -23081   -23056   -22975 
  -23015   -23206   -23387   -23507   -23448   -23155   -22909   -22916 
  -23041   -23133   -23106   -22946   -22853   -22938   -23007   -22986 
  -23064   -23273   -23408   -23446   -23572   -23733   -23687   -23470 
  -23291   -23215   -23306   -23578   -23768   -23684   -23508   -23439 
  -23409   -23297   -23147   -23136   -23269   -23310   -23278   -23373 
  -23462   -23439   -23458   -23447   -23333   -23320   -23391   -23376 
  -23321   -23309   -23372   -23480   -23552   -23629   -23666   -23531 
  -23407   -23404   -23327   -23265   -23419   -23600   -23613   -23540 
  -23491   -23498   -23540   -23640   -23844   -24005   -23978   -23903 
  -23874   -23813   -23720   -23578   -23425   -23440   -23563   -23600 
  -23609   -23659   -23660   -23616   -23679   -23845   -23859   -23675 
  -23572   -23623   -23656   -23644   -23671   -23788   -23952   -24006 
  -23951   -23973   -24022   -23974   -23916   -23848   -23749   -23716 
  -23644   -23439   -23286   -23231   -23203   -23276   -23396   -23447 
  -23500   -23541   -23464   -23332   -23271   -23360   -23558   -23679 
  -23628   -23515   -23418   -23283   -23138   -23146   -23278   -23329 
  -23284   -23259   -23267   -23314   -23382   -23381   -23274   -23096 
  -22958   -22999   -23165   -23321   -23411   -23347   -23183   -23122 
  -23110   -23060   -23133   -23274   -23226   -23084   -23031   -22977 
  -22942   -22971   -22861   -22683   -22687   -22745   -22716   -22690 
  -22670   -22673   -22798   -22953   -23028   -23104   -23154   -23061 
  -22926   -22880   -22835   -22783   -22821   -22871   -22894   -22971 
  -22989   -22835   -22704   -22765   -22868   -22916   -23018   -23127 
  -23163   -23198   -23167   -23040   -23015   -23082   -23055   -23016 
  -23112   -23223   -23198   -23085   -22935   -22735   -22569   -22483 
  -22400   -22345   -22415   -22590   -22783   -22898   -22861   -22781 
  -22848   -22969   -22922   -22782   -22732   -22718   -22661   -22645 
  -22724   -22819   -22848   -22854   -22944   -23053   -23004   -22842 
  -22740   -22642   -22496   -22489   -22647   -22760   -22835   -22980 
  -23087   -23065   -22988   -22874   -22705   -22599   -22644   -22696 
  -22585   -22433   -22439   -22539   -22604   -22652   -22726   -22838 
  -22935   -22919   -22825   -22778   -22756   -22687   -22573   -22446 
  -22451   -22681   -22877   -22812   -22660   -22600   -22596   -22599 
  -22561   -22508   -22559   -22630   -22545   -22414   -22424   -22594 
  -22846   -23012   -23010   -22995   -23006   -22925   -22837   -22873 
  -22975   -23052   -23045   -22969   -22900   -22830   -22729   -22670 
  -22720   -22824   -22874   -22837   -22741   -22625   -22566   -22566 
  -22558   -22624   -22814   -22927   -22858   -22808   -22890   -22940 
  -22852   -22720   -22669   -22772   -22938   -23024   -23026   -22940 
  -22829   -22861   -22947   -22884   -22743   -22635   -22549   -22469 
  -22405   -22469   -22670   -22751   -22681   -22704   -22799   -22799 
  -22734   -22645   -22545   -22488   -22490   -22525   -22581   -22670 
  -22785   -22851   -22899   -22968   -22939   -22889   -23004   -23111 
  -23022   -22909   -22942   -23045   -23072   -23044   -23089   -23154 
  -23131   -23117   -23141   -23118   -23123   -23164   -23121   -23077 
  -23147   -23264   -23305   -23238   -23195   -23251   -23256   -23209 
  -23293   -23401   -23299   -23070   -22905   -22913   -23150   -23479 
  -23678   -23724   -23738   -23751   -23622   -23305   -23029   -22995 
  -23149   -23321   -23407   -23511   -23699   -23713   -23455   -23281 
  -23300   -23264   -23196   -23188   -23073   -22918   -22947   -23033 
  -23070   -23220   -23384   -23316   -23158   -23128   -23102   -22940 
  -22720   -22549   -22464   -22438   -22479   -22617   -22730   -22709 
  -22690   -22796   -22944   -22970   -22802   -22618   -22603   -22655 
  -22695   -22803   -22888   -22850   -22835   -22896   -22957   -23044 
  -23099   -23022   -22957   -23026   -23082   -23053   -23106   -23307 
  -23468   -23481   -23450   -23420   -23401   -23516   -23720   -23774 
  -23652   -23522   -23428   -23379   -23470   -23651   -23738   -23708 
  -23699   -23794   -23945   -24026   -23923   -23717   -23674   -23854 
  -24009   -23986   -23914   -23925   -23921   -23780   -23621   -23636 
  -23780   -23840   -23796   -23804   -23858   -23913   -24046   -24138 
  -23974   -23721   -23634   -23601   -23489   -23405   -23390   -23407 
  -23524   -23746   -23924   -24006   -24070   -24164   -24275   -24290 
  -24152   -24048   -24083   -24089   -23989   -23856   -23728   -23644 
  -23666   -23801   -23968   -24053   -24024   -23953   -23921   -23906 
  -23850   -23805   -23819   -23854   -23965   -24193   -24384   -24436 
  -24429   -24343   -24120   -23952   -23963   -23959   -23846   -23817 
  -23993   -24250   -24393   -24309   -24076   -23941   -23984   -24010 
  -23922   -23810   -23753   -23867   -24151   -24358   -24443   -24552 
  -24561   -24347   -24099   -23956   -23850   -23788   -23867   -23990 
  -23981   -23908   -23946   -24037   -23974   -23742   -23546   -23504 
  -23552   -23610   -23690   -23751   -23665   -23550   -23679   -23951 
  -24044   -23979   -23961   -24004   -24034   -24015   -23951   -23880 
  -23795   -23709   -23714   -23817   -23970   -24156   -24245   -24166 
  -24105   -24154   -24215   -24263   -24236   -24090   -23988   -23971 
  -23903   -23848   -23883   -23882   -23812   -23778   -23814   -23898 
  -23951   -23927   -23918   -23958   -23964   -23925   -23866   -23794 
  -23766   -23807   -23817   -23773   -23801   -23882   -23886   -23868 
  -23908   -23949   -23926   -23820   -23703   -23668   -23654   -23577 
  -23557   -23645   -23628   -23450   -23343   -23326   -23212   -23075 
  -23095   -23230   -23371   -23463   -23476   -23427   -23287   -23070 
  -22914   -22813   -22676   -22622   -22698   -22757   -22775   -22783 
  -22783   -22814   -22832   -22833   -22930   -23006   -22912   -22849 
  -22920   -22971   -22987   -22996   -22959   -22947   -22973   -22937 
  -22842   -22734   -22668   -22721   -22836   -22907   -22943   -22942 
  -22863   -22756   -22666   -22570   -22474   -22361   -22275   -22393 
  -22611   -22602   -22458   -22468   -22589   -22712   -22789   -22653 
  -22338   -22178   -22244   -22326   -22406   -22548   -22655   -22692 
  -22709   -22716   -22714   -22639   -22512   -22508   -22588   -22608 
  -22668   -22824   -22836   -22612   -22493   -22649   -22763   -22715 
  -22741   -22793   -22637   -22382   -22314   -22551   -22933   -23131 
  -23067   -22998   -23050   -23112   -23119   -23038   -22861   -22804 
  -23048   -23365   -23375   -23032   -22666   -22595   -22804   -23039 
  -23118   -23064   -22923   -22780   -22872   -23154   -23257   -23194 
  -23177   -23026   -22754   -22760   -22946   -22922   -22777   -22704 
  -22707   -22841   -23037   -23110   -23007   -22801   -22654   -22617 
  -22530   -22423   -22499   -22679   -22805   -22841   -22699   -22529 
  -22638   -22820   -22787   -22750   -22805   -22791   -22806   -22944 
  -23041   -22991   -22810   -22624   -22602   -22650   -22650   -22760 
  -22946   -22932   -22773   -22642   -22527   -22495   -22537   -22482 
  -22338   -22192   -22149   -22325   -22537   -22539   -22394   -22215 
  -22110   -22295   -22714   -22964   -22875   -22658   -22545   -22564 
  -22538   -22369   -22204   -22186   -22292   -22389   -22332   -22213 
  -22212   -22259   -22336   -22516   -22610   -22511   -22418   -22434 
  -22537   -22709   -22819   -22776   -22690   -22651   -22625   -22600 
  -22570   -22495   -22435   -22520   -22682   -22734   -22652   -22542 
  -22494   -22546   -22614   -22560   -22383   -22247   -22303   -22487 
  -22529   -22336   -22230   -22425   -22652   -22744   -22804   -22726 
  -22493   -22418   -22580   -22713   -22667   -22525   -22436   -22520 
  -22702   -22673   -22336   -22029   -21984   -22032   -22081   -22272 
  -22564   -22722   -22650   -22501   -22483   -22544   -22539   -22555 
  -22676   -22811   -22945   -23098   -23165   -23118   -23037   -22917 
  -22770   -22732   -22801   -22754   -22554   -22472   -22654   -22959 
  -23160   -23135   -23013   -22972   -22986   -23000   -23018   -23007 
  -22980   -23044   -23178   -23188   -22964   -22628   -22434   -22520 
  -22710   -22758   -22684   -22652   -22760   -22914   -22886   -22723 
  -22704   -22804   -22850   -22925   -23114   -23232   -23123   -22966 
  -23019   -23253   -23453   -23469   -23276   -22986   -22780   -22751 
  -22851   -22901   -22778   -22678   -22798   -22948   -22938   -22917 
  -23022   -23107   -23050   -22989   -23021   -23067   -23164   -23384 
  -23587   -23619   -23587   -23650   -23691   -23533   -23253   -23003 
  -22854   -22895   -23171   -23511   -23615   -23426   -23301   -23528 
  -23856   -23874   -23630   -23439   -23390   -23337   -23170   -22993 
  -22944   -22925   -22867   -22955   -23240   -23496   -23620   -23626 
  -23497   -23348   -23317   -23322   -23189   -22867   -22610   -22750 
  -23142   -23395   -23446   -23397   -23311   -23313   -23391   -23370 
  -23278   -23182   -22930   -22546   -22351   -22488   -22731   -22876 
  -23012   -23250   -23503   -23650   -23579   -23308   -23097   -23029 
  -22936   -22888   -22996   -23099   -23141   -23253   -23426   -23586 
  -23674   -23561   -23312   -23191   -23199   -23200   -23229   -23272 
  -23296   -23403   -23626   -23861   -23931   -23714   -23360   -23146 
  -23208   -23481   -23680   -23650   -23673   -23860   -23895   -23756 
  -23661   -23580   -23530   -23638   -23793   -23824   -23719   -23509 
  -23298   -23215   -23264   -23426   -23631   -23653   -23403   -23130 
  -23015   -22980   -23025   -23213   -23401   -23528   -23745   -24008 
  -24123   -24005   -23644   -23304   -23364   -23650   -23794   -23836 
  -23789   -23592   -23480   -23575   -23650   -23589   -23553   -23579 
  -23527   -23467   -23555   -23674   -23661   -23636   -23844   -24257 
  -24382   -23943   -23424   -23314   -23553   -23897   -24039   -23822 
  -23538   -23514   -23739   -23993   -24025   -23842   -23728   -23822 
  -24076   -24441   -24725   -24605   -24069   -23504   -23226   -23291 
  -23590   -23799   -23700   -23538   -23649   -23983   -24236   -24205 
  -24006   -23886   -23867   -23809   -23696   -23601   -23505   -23360 
  -23337   -23615   -23993   -24170   -24161   -24088   -23956   -23778 
  -23661   -23659   -23727   -23909   -24255   -24533   -24462   -24146 
  -23922   -23952   -24168   -24380   -24343   -24029   -23716   -23650 
  -23831   -24026   -23989   -23798   -23729   -23863   -24038   -24092 
  -24037   -23914   -23706   -23495   -23483   -23744   -24025   -24033 
  -23748   -23363   -23210   -23399   -23606   -23692   -23778   -23758 
  -23664   -23721   -23826   -23834   -23786   -23683   -23638   -23777 
  -23944   -23955   -23794   -23579   -23513   -23610   -23665   -23668 
  -23834   -24177   -24416   -24312   -24016   -23906   -24080   -24273 
  -24214   -23901   -23560   -23409   -23469   -23586   -23610   -23543 
  -23445   -23354   -23373   -23529   -23599   -23442   -23179   -22981 
  -23020   -23316   -23567   -23500   -23181   -22962   -23133   -23487 
  -23655   -23635   -23470   -23204   -23022   -22912   -22830   -22927 
  -23119   -23268   -23464   -23563   -23392   -23177   -23004   -22799 
  -22788   -23038   -23260   -23390   -23446   -23274   -22937   -22776 
  -22925   -23128   -23135   -23072   -23177   -23339   -23328   -23228 
  -23242   -23327   -23321   -23184   -23003   -22960   -23171   -23452 
  -23524   -23355   -23120   -23075   -23302   -23463   -23311   -23089 
  -22972   -22902   -22891   -22829   -22580   -22355   -22410   -22666 
  -22882   -22980   -23045   -23107   -23055   -22910   -22977   -23314 
  -23479   -23318   -23146   -23018   -22809   -22632   -22569   -22584 
  -22649   -22631   -22545   -22649   -22866   -22888   -22764   -22686 
  -22719   -22884   -23010   -22958   -22850   -22663   -22386   -22356 
  -22618   -22827   -22908   -22821   -22451   -22156   -22274   -22516 
  -22597   -22608   -22661   -22805   -23042   -23215   -23163   -22965 
  -22841   -22782   -22671   -22656   -22790   -22802   -22640   -22546 
  -22615   -22727   -22786   -22886   -23029   -22954   -22687   -22583 
  -22592   -22456   -22360   -22467   -22648   -22918   -23218   -23236 
  -22945   -22696   -22743   -22892   -22774   -22525   -22511   -22606 
  -22604   -22609   -22610   -22475   -22281   -22214   -22287   -22399 
  -22520   -22560   -22392   -22216   -22294   -22498   -22596   -22544 
  -22414   -22315   -22258   -22228   -22347   -22658   -22963   -23013 
  -22763   -22464   -22362   -22320   -22227   -22312   -22555   -22590 
  -22391   -22299   -22404   -22493   -22525   -22625   -22741   -22739 
  -22634   -22509   -22401   -22321   -22349   -22505   -22596   -22597 
  -22716   -22811   -22659   -22521   -22579   -22630   -22644   -22801 
  -23067   -23220   -23189   -23115   -23032   -22827   -22593   -22581 
  -22806   -23010   -22979   -22787   -22653   -22700   -22905   -23050 
  -22923   -22723   -22728   -22800   -22764   -22746   -22876   -23107 
  -23248   -23145   -22929   -22806   -22817   -22926   -22983   -22846 
  -22666   -22654   -22769   -22860   -22928   -23045   -23102   -22968 
  -22826   -22894   -23039   -23065   -22990   -22895   -22868   -22966 
  -23080   -23121   -23154   -23210   -23252   -23260   -23189   -23058 
  -22986   -23036   -23126   -23098   -23017   -23139   -23389   -23456 
  -23334   -23194   -23109   -23131   -23245   -23318   -23299   -23296 
  -23384   -23437   -23272   -22959   -22782   -22880   -23096   -23188 
  -23174   -23279   -23480   -23605   -23668   -23609   -23319   -22992 
  -22945   -23254   -23591   -23518   -23151   -22955   -22969   -22985 
  -23016   -23130   -23259   -23271   -23150   -23047   -23064   -23086 
  -22992   -22954   -23197   -23534   -23626   -23571   -23646   -23740 
  -23656   -23507   -23346   -23120 
