Origin Time       2016/04/16 01:25:00
Lat.              32.753
Long.             130.762
Depth. (km)       12
Mag.              7.3
Station Code      NGS022
Station Lat.      34.2029
Station Long.     129.2868
Station Height(m) 5
Record Time       2016/04/16 01:25:42
Sampling Freq(Hz) 100Hz
Duration Time(s)  106
Dir.              E-W
Scale Factor      3920(gal)/6182761
Max. Acc. (gal)   11.012
Last Correction   2016/04/16 01:25:43
Memo.             
    5371     5389     5408     5389     5355     5380     5414     5392 
    5352     5359     5395     5396     5378     5383     5391     5386 
    5385     5368     5359     5400     5414     5362     5355     5399 
    5400     5380     5379     5380     5389     5381     5360     5377 
    5400     5387     5365     5374     5400     5389     5380     5391 
    5364     5371     5410     5370     5357     5403     5397     5379 
    5378     5373     5387     5380     5364     5394     5401     5368 
    5375     5391     5377     5387     5401     5362     5367     5419 
    5387     5345     5379     5406     5390     5368     5368     5389 
    5394     5370     5374     5403     5390     5380     5386     5370 
    5378     5393     5377     5369     5389     5408     5375     5357 
    5387     5383     5389     5391     5358     5391     5406     5360 
    5380     5403     5381     5386     5376     5365     5403     5396 
    5365     5379     5382     5378     5388     5378     5375     5403 
    5397     5347     5375     5427     5380     5352     5385     5393 
    5388     5374     5374     5405     5398     5365     5370     5380 
    5390     5403     5375     5358     5393     5406     5371     5357 
    5386     5401     5388     5365     5370     5410     5402     5362 
    5379     5398     5373     5372     5391     5383     5385     5392 
    5363     5368     5414     5403     5350     5359     5407     5405 
    5376     5366     5377     5406     5395     5353     5363     5410 
    5413     5359     5358     5415     5395     5359     5376     5372 
    5393     5417     5371     5354     5396     5410     5366     5345 
    5414     5425     5347     5361     5402     5383     5387     5385 
    5366     5390     5401     5372     5366     5385     5399     5398 
    5370     5362     5397     5396     5359     5376     5406     5377 
    5368     5384     5388     5402     5377     5355     5400     5401 
    5367     5376     5383     5391     5394     5379     5384     5382 
    5381     5375     5359     5394     5429     5393     5338     5356 
    5422     5404     5352     5375     5390     5384     5401     5379 
    5360     5397     5397     5365     5364     5388     5410     5375 
    5355     5402     5409     5370     5363     5387     5400     5380 
    5369     5386     5393     5387     5378     5369     5378     5391 
    5389     5377     5375     5391     5387     5363     5376     5410 
    5408     5370     5352     5383     5405     5368     5366     5422 
    5397     5351     5381     5373     5377     5421     5379     5353 
    5395     5392     5378     5379     5371     5384     5399     5380 
    5371     5389     5391     5378     5378     5386     5393     5381 
    5370     5379     5377     5389     5398     5369     5374     5391 
    5376     5378     5389     5392     5386     5364     5375     5407 
    5393     5374     5375     5378     5400     5377     5345     5393 
    5413     5376     5369     5385     5385     5385     5390     5367 
    5378     5420     5391     5347     5381     5409     5370     5361 
    5393     5400     5390     5371     5368     5383     5377     5397 
    5407     5351     5361     5425     5388     5342     5386     5418 
    5391     5361     5383     5415     5364     5339     5394     5396 
    5389     5394     5364     5393     5405     5352     5375     5401 
    5377     5396     5391     5361     5383     5396     5381     5378 
    5392     5402     5374     5340     5367     5424     5395     5346 
    5408     5428     5362     5369     5373     5356     5417     5420 
    5358     5364     5398     5401     5345     5347     5443     5395 
    5337     5407     5389     5372     5394     5368     5380     5383 
    5388     5393     5357     5394     5412     5375     5381     5372 
    5381     5392     5348     5369     5421     5392     5369     5400 
    5393     5373     5380     5349     5376     5430     5364     5352 
    5425     5393     5355     5386     5385     5370     5387     5406 
    5378     5357     5415     5393     5338     5408     5403     5341 
    5377     5395     5383     5387     5393     5387     5366     5384 
    5386     5367     5391     5401     5396     5370     5366     5397 
    5376     5379     5383     5342     5387     5463     5421     5297 
    5301     5441     5457     5356     5326     5396     5433     5366 
    5358     5418     5394     5346     5361     5404     5403     5365 
    5373     5400     5395     5382     5374     5377     5380     5390 
    5379     5368     5408     5393     5356     5377     5380     5395 
    5405     5372     5369     5385     5395     5378     5361     5386 
    5381     5380     5423     5418     5340     5302     5410     5459 
    5352     5350     5405     5377     5382     5404     5386     5363 
    5375     5395     5382     5379     5369     5379     5409     5363 
    5361     5417     5395     5367     5371     5390     5403     5376 
    5376     5383     5381     5394     5377     5374     5388     5392 
    5394     5372     5381     5393     5366     5360     5368     5413 
    5423     5365     5374     5393     5390     5393     5372     5384 
    5382     5360     5376     5376     5391     5404     5380     5381 
    5383     5391     5382     5353     5386     5415     5399     5371 
    5363     5394     5392     5377     5389     5395     5384     5364 
    5370     5364     5377     5422     5394     5368     5386     5378 
    5362     5346     5387     5444     5416     5377     5359     5356 
    5384     5393     5385     5386     5389     5380     5373     5384 
    5382     5373     5374     5398     5417     5379     5353     5367 
    5384     5399     5396     5385     5380     5392     5378     5353 
    5394     5386     5359     5420     5403     5333     5363     5413 
    5406     5386     5365     5340     5394     5433     5373     5400 
    5398     5303     5384     5462     5371     5348     5384     5388 
    5386     5354     5353     5388     5399     5420     5399     5345 
    5372     5390     5377     5403     5395     5389     5395     5354 
    5359     5393     5377     5381     5404     5386     5376     5376 
    5354     5373     5435     5440     5346     5278     5366     5470 
    5431     5353     5372     5401     5342     5363     5440     5356 
    5332     5430     5405     5357     5362     5345     5399     5477 
    5429     5342     5326     5355     5394     5403     5382     5401 
    5430     5364     5307     5366     5400     5411     5423     5364 
    5374     5402     5347     5384     5414     5359     5371     5373 
    5348     5401     5447     5411     5343     5329     5394     5414 
    5384     5387     5398     5378     5344     5367     5406     5389 
    5393     5399     5366     5378     5398     5358     5345     5404 
    5418     5388     5411     5386     5331     5366     5383     5382 
    5416     5396     5374     5385     5378     5382     5373     5363 
    5404     5403     5356     5372     5399     5387     5396     5365 
    5338     5423     5433     5349     5359     5398     5394     5368 
    5364     5394     5384     5385     5409     5389     5368     5360 
    5358     5375     5405     5429     5401     5345     5353     5400 
    5381     5355     5397     5416     5396     5372     5355     5383 
    5402     5375     5354     5390     5437     5378     5326     5402 
    5423     5362     5358     5385     5401     5400     5379     5350 
    5361     5421     5409     5349     5374     5393     5375     5401 
    5399     5371     5375     5360     5364     5404     5414     5393 
    5361     5371     5397     5369     5363     5386     5398     5404 
    5372     5367     5406     5397     5370     5348     5358     5440 
    5425     5328     5363     5408     5381     5375     5368     5395 
    5422     5375     5353     5371     5392     5408     5373     5362 
    5393     5385     5387     5395     5377     5378     5374     5369 
    5388     5383     5393     5415     5373     5347     5376     5395 
    5401     5385     5381     5393     5361     5367     5409     5385 
    5376     5377     5373     5430     5397     5316     5378     5423 
    5383     5374     5386     5399     5392     5356     5368     5393 
    5393     5398     5363     5363     5424     5387     5351     5389 
    5388     5400     5388     5342     5387     5410     5379     5388 
    5373     5380     5397     5360     5388     5412     5374     5387 
    5372     5349     5407     5418     5380     5359     5366     5408 
    5384     5351     5409     5411     5365     5371     5374     5391 
    5401     5366     5382     5395     5376     5400     5371     5358 
    5423     5383     5343     5397     5393     5373     5381     5380 
    5393     5373     5357     5386     5365     5365     5406     5370 
    5373     5399     5352     5366     5381     5366     5425     5415 
    5357     5376     5371     5368     5403     5417     5440     5415 
    5345     5361     5381     5391     5434     5377     5353     5407 
    5367     5354     5367     5375     5417     5346     5309     5412 
    5412     5358     5381     5395     5408     5410     5363     5363 
    5402     5412     5410     5384     5393     5417     5357     5347 
    5394     5368     5367     5392     5375     5383     5364     5313 
    5358     5408     5396     5399     5364     5361     5399     5359 
    5383     5432     5373     5374     5403     5377     5415     5437 
    5372     5346     5367     5400     5414     5364     5356     5420 
    5391     5317     5352     5389     5363     5354     5336     5325 
    5357     5365     5388     5430     5408     5347     5318     5392 
    5470     5403     5358     5385     5352     5371     5436     5395 
    5362     5390     5370     5346     5336     5331     5356     5345 
    5318     5346     5378     5383     5356     5339     5389     5424 
    5426     5430     5404     5409     5406     5344     5366     5452 
    5456     5434     5433     5400     5376     5363     5352     5423 
    5471     5394     5312     5300     5343     5342     5286     5339 
    5411     5396     5402     5400     5389     5416     5369     5308 
    5341     5364     5363     5365     5354     5386     5421     5400 
    5391     5392     5399     5428     5437     5458     5492     5449 
    5354     5298     5307     5355     5374     5359     5362     5345 
    5297     5305     5366     5430     5492     5501     5424     5374 
    5387     5354     5324     5381     5435     5432     5410     5414 
    5426     5386     5347     5328     5298     5318     5327     5255 
    5239     5271     5256     5274     5331     5374     5442     5496 
    5505     5513     5517     5491     5443     5441     5480     5475 
    5443     5411     5379     5352     5304     5287     5322     5347 
    5383     5380     5313     5277     5249     5240     5305     5381 
    5423     5414     5397     5435     5489     5545     5564     5528 
    5480     5398     5320     5287     5265     5252     5251     5258 
    5268     5287     5355     5445     5508     5548     5546     5492 
    5431     5394     5365     5346     5370     5401     5383     5342 
    5316     5338     5375     5381     5421     5457     5414     5368 
    5311     5248     5272     5328     5343     5362     5443     5530 
    5519     5414     5320     5316     5358     5384     5451     5503 
    5464     5421     5400     5410     5454     5459     5450     5459 
    5440     5405     5332     5232     5187     5172     5133     5083 
    5085     5156     5199     5199     5238     5314     5394     5464 
    5520     5561     5551     5468     5327     5201     5193     5289 
    5410     5509     5568     5597     5577     5548     5619     5750 
    5777     5615     5390     5225     5085     5001     4985     4977 
    5015     5077     5139     5241     5350     5453     5523     5523 
    5536     5602     5696     5780     5800     5777     5689     5505 
    5324     5195     5106     5059     5054     5122     5223     5245 
    5183     5140     5179     5252     5313     5318     5277     5277 
    5258     5195     5243     5423     5639     5822     5957     6045 
    6024     5912     5739     5487     5290     5179     5062     4971 
    4905     4806     4677     4629     4768     4997     5214     5367 
    5394     5365     5353     5351     5386     5534     5834     6153 
    6376     6507     6444     6139     5772     5489     5292     5130 
    4932     4635     4328     4171     4158     4275     4562     4956 
    5329     5650     5988     6247     6295     6220     6053     5750 
    5379     5048     4816     4646     4536     4513     4570     4753 
    5015     5229     5359     5435     5461     5422     5420     5535 
    5687     5788     5799     5790     5847     5905     5878     5789 
    5667     5465     5217     4964     4732     4665     4812     5064 
    5372     5681     5838     5840     5902     6028     6048     5948 
    5723     5393     5063     4784     4651     4747     5004     5255 
    5393     5437     5416     5376     5357     5326     5293     5304 
    5286     5229     5272     5415     5540     5592     5551     5463 
    5346     5180     5061     5035     4987     4903     4896     4983 
    5124     5298     5482     5677     5823     5812     5681     5617 
    5737     5965     6124     6028     5736     5539     5501     5536 
    5671     5829     5813     5628     5369     5060     4887     4897 
    4815     4603     4436     4301     4241     4428     4783     5194 
    5718     6242     6615     6865     6987     6974     6883     6640 
    6162     5547     4956     4543     4336     4199     4076     4011 
    4019     4112     4283     4511     4862     5297     5611     5756 
    5793     5684     5466     5308     5355     5570     5776     5848 
    5787     5666     5596     5655     5813     5941     5888     5643 
    5314     4984     4815     4925     5179     5423     5636     5654 
    5303     4865     4743     4870     4990     5035     5015     4993 
    5090     5224     5279     5391     5628     5843     6012     6222 
    6405     6403     6141     5719     5327     5054     4870     4789 
    4807     4761     4567     4323     4119     3997     3974     4054 
    4293     4746     5324     5840     6191     6476     6819     7113 
    7144     6873     6498     6202     6011     5996     6168     6337 
    6430     6472     6329     5941     5534     5286     5114     5019 
    4990     4673     3963     3329     3002     2812     2779     3088 
    3794     4756     5639     6190     6528     6880     7197     7323 
    7214     6841     6238     5544     4931     4623     4591     4439 
    3936     3273     2835     2891     3372     3999     4606     5109 
    5464     5836     6425     7107     7598     7852     7969     7905 
    7509     6758     5883     5236     4900     4613     4201     3667 
    3033     2540     2583     3254     4303     5392     6243     6680 
    6737     6725     6812     6940     7136     7242     6941     6319 
    5695     5243     4993     4794     4482     4212     4212     4344 
    4350     4196     3930     3661     3615     3938     4586     5344 
    5888     6158     6415     6741     7102     7503     7696     7529 
    7166     6644     5997     5436     5037     4699     4444     4458 
    4768     5107     5167     4853     4418     4239     4415     4836 
    5469     6244     6876     7138     7150     7161     7258     7384 
    7383     7096     6528     5820     5111     4599     4486     4554 
    4342     3834     3376     3127     2961     2797     2799     3072 
    3587     4387     5432     6491     7403     8141     8561     8406 
    7679     6693     5684     4643     3628     2845     2338     2067 
    2258     3055     4115     5130     6112     6982     7600     8030 
    8244     8041     7505     6914     6283     5602     4994     4359 
    3624     2987     2516     2246     2491     3313     4250     4996 
    5619     6080     6298     6445     6741     7084     7065     6559 
    5962     5593     5536     5897     6510     6897     6807     6400 
    5915     5498     5270     5097     4598     3801     3154     2815 
    2644     2723     3202     3834     4298     4629     4969     5418 
    5986     6442     6668     6850     6988     6947     6919     7095 
    7325     7398     7117     6384     5508     4890     4541     4250 
    3884     3482     3187     3137     3514     4494     5768     6639 
    6868     6820     6775     6656     6413     6241     6084     5528 
    4571     3761     3464     3515     3586     3577     3671     4064 
    4597     5030     5508     6112     6535     6593     6432     6309 
    6350     6291     5866     5350     5027     4737     4327     3854 
    3482     3356     3413     3475     3525     3767     4325     5039 
    5817     6760     7735     8362     8501     8309     7816     7081 
    6436     5925     5302     4620     3978     3334     2863     2789 
    3015     3381     3984     4884     5825     6487     6761     6749 
    6536     6071     5503     5098     4902     5023     5531     6000 
    6096     5972     5725     5393     5128     4919     4675     4400 
    4096     3804     3732     4135     5009     5991     6682     6852 
    6519     6050     5783     5665     5503     5199     4835     4686 
    4780     4790     4680     4708     4888     5159     5585     6004 
    6073     5767     5356     5082     5154     5529     5843     6040 
    6358     6661     6747     6783     6811     6619     6182     5639 
    5080     4638     4496     4657     4931     5095     5027     4842 
    4810     5077     5564     6181     6851     7253     7209     7029 
    6875     6618     6378     6309     6070     5318     4322     3489 
    3118     3507     4416     5252     5777     5792     5220     4556 
    4187     4069     4282     4810     5300     5563     5645     5602 
    5592     5747     5923     5874     5543     5020     4481     4251 
    4597     5436     6373     7072     7438     7462     7286     7212 
    7296     7306     7078     6517     5667     4934     4720     5031 
    5693     6406     6687     6383     5919     5617     5407     5325 
    5423     5416     5013     4248     3351     2683     2489     2682 
    3183     4070     5283     6600     7704     8353     8750     9117 
    9109     8486     7567     6596     5656     4921     4375     3756 
    2985     2391     2230     2390     2922     3905     4993     5874 
    6452     6694     6774     6768     6605     6417     6288     6117 
    5939     5896     6016     6203     6411     6590     6652     6640 
    6533     6146     5552     5042     4667     4309     4011     3958 
    4263     4767     5152     5295     5288     5213     5103     4966 
    4760     4506     4334     4277     4363     4816     5652     6482 
    7006     7214     7087     6503     5495     4424     3638     3083 
    2614     2310     2222     2354     2838     3777     4881     5565 
    5647     5381     4998     4900     5284     5758     6149     6480 
    6481     6222     6079     6030     5934     5899     5931     5774 
    5451     5377     5631     5972     6349     6547     6184     5277 
    4118     3115     2684     2849     3438     4332     5270     6024 
    6573     6904     6994     6888     6700     6589     6499     6232 
    5873     5520     5087     4724     4670     4738     4626     4488 
    4565     4669     4519     4119     3841     4110     4756     5346 
    5849     6255     6531     6828     6978     6651     6104     5739 
    5381     4785     4144     3647     3286     3115     3291     3957 
    4951     5852     6451     6773     6943     7284     8028     8868 
    9245     8978     8133     6859     5633     4860     4396     4006 
    3676     3334     2940     2748     2843     2923     3053     3555 
    4195     4668     5184     5849     6428     6955     7665     8406 
    8826     8764     8222     7402     6672     6187     5680     4956 
    4356     4220     4417     4680     4796     4687     4556     4573 
    4658     4799     5169     5713     6088     6211     6371     6778 
    7399     8034     8422     8405     7967     7105     6014     5231 
    4987     4822     4407     4043     3967     4031     4224     4655 
    5141     5503     5819     5998     5787     5248     4588     4023 
    3880     4101     4323     4502     4731     5099     5781     6671 
    7444     7843     7606     6762     5715     4768     4086     3695 
    3366     3038     2858     2748     2778     3409     4632     5776 
    6446     6820     7171     7589     7946     8053     7938     7730 
    7357     6753     6053     5320     4616     4135     3949     4060 
    4388     4617     4544     4336     4238     4430     4927     5441 
    5861     6286     6502     6547     6806     7018     6793     6393 
    5976     5441     4840     4169     3648     3535     3458     3209 
    3056     2982     3001     3230     3435     3654     4332     5452 
    6641     7771     8715     9140     8937     8391     7911     7653 
    7311     6560     5597     4728     4032     3566     3278     3240 
    3764     4593     5081     5304     5649     5925     5954     6083 
    6534     7100     7501     7557     7230     6711     6329     6151 
    5878     5353     4805     4341     3786     3288     3175     3321 
    3582     4075     4624     5060     5620     6373     7064     7515 
    7721     7790     7759     7423     6654     5733     5023     4547 
    4171     3979     4146     4625     5172     5520     5607     5566 
    5307     4709     4133     3967     4171     4621     5214     5681 
    5927     6241     6737     7209     7511     7568     7330     6868 
    6304     5790     5511     5468     5406     5208     5097     5246 
    5508     5752     6070     6503     6869     6967     6837     6579 
    6111     5354     4370     3347     2571     2319     2641     3144 
    3434     3723     4342     5101     5678     6068     6351     6487 
    6516     6577     6754     7153     7670     7754     7154     6285 
    5485     4732     3866     2761     1665     1002      854     1204 
    2125     3365     4432     5126     5608     6124     6858     7759 
    8450     8704     8664     8430     8040     7555     6955     6300 
    5719     5250     4888     4579     4169     3629     3202     3020 
    2921     2958     3390     4210     5225     6183     6804     7078 
    7299     7647     7990     8119     7935     7499     6956     6350 
    5696     5143     4826     4724     4735     4692     4377     3768 
    3180     3028     3392     3986     4605     5206     5665     5931 
    6121     6279     6339     6193     5782     5268     4911     4694 
    4448     4200     3977     3757     3690     3838     4067     4257 
    4204     3824     3564     3920     4815     5891     6803     7255 
    7240     6924     6408     5973     5937     6000     5571     4687 
    3770     2994     2643     3100     4108     4955     5385     5686 
    6023     6269     6428     6718     7176     7551     7648     7429 
    6852     6076     5527     5257     4891     4458     4194     4005 
    4050     4666     5585     6268     6582     6618     6451     6176 
    5859     5590     5405     5162     4836     4561     4382     4369 
    4483     4403     4170     4230     4587     4963     5461     6208 
    6923     7190     6934     6553     6342     6090     5622     5095 
    4695     4513     4516     4695     5211     6008     6629     6791 
    6628     6325     6054     6032     6285     6608     6787     6695 
    6300     5719     5195     4968     5082     5178     4830     4090 
    3282     2761     2873     3384     3537     3137     2720     2664 
    2898     3359     4133     5105     5844     6032     5852     5715 
    5743     5795     5759     5646     5538     5504     5550     5606 
    5639     5769     6030     6226     6140     5704     5100     4577 
    4213     4235     4945     6046     6866     7151     7109     7085 
    7261     7465     7538     7366     6628     5436     4481     3991 
    3589     3242     3231     3413     3489     3575     3878     4295 
    4635     4825     4792     4641     4727     5169     5842     6579 
    6958     6763     6375     6064     5775     5564     5379     5071 
    4914     5179     5640     6032     6276     6300     6089     5679 
    5167     4817     4758     4763     4733     4806     4939     5014 
    5072     5130     5187     5333     5589     5852     6014     6083 
    6075     5904     5641     5490     5474     5446     5286     5024 
    4789     4698     4799     5035     5243     5242     5078     5028 
    5266     5723     6210     6620     6913     6931     6605     6251 
    6249     6570     6826     6855     6887     6846     6486     6080 
    5839     5631     5494     5415     5327     5334     5251     4835 
    4431     4452     4688     4713     4465     4070     3563     3081 
    2882     3036     3447     3950     4342     4623     5000     5622 
    6446     7304     8158     8925     9178     8727     7934     7125 
    6445     5915     5367     4854     4638     4587     4363     4026 
    3832     3737     3672     3793     4043     4197     4370     4793 
    5353     5797     6145     6595     7083     7243     6915     6360 
    5764     5102     4650     4746     5119     5269     5276     5582 
    6128     6462     6611     6859     7011     6833     6528     6186 
    5630     4874     4058     3401     3292     3765     4455     5212 
    6011     6700     7142     7265     7232     7327     7439     7208 
    6672     6247     6107     6005     5676     5033     4144     3313 
    2948     3183     3755     4387     5007     5540     5918     6185 
    6359     6388     6160     5545     4640     3743     3115     2884 
    3016     3381     3842     4325     4802     5257     5784     6399 
    6758     6698     6559     6470     6284     6186     6334     6364 
    5942     5266     4558     3771     3022     2598     2618     2993 
    3538     4054     4463     4968     5659     6261     6766     7281 
    7450     7137     6616     5943     5320     5040     4877     4624 
    4415     4354     4517     4797     4830     4591     4534     4834 
    5193     5538     5954     6140     5844     5258     4564     3874 
    3385     3161     3209     3538     3913     4140     4433     5067 
    5923     6656     7095     7249     7140     6749     6184     5814 
    5798     5899     6042     6252     6370     6303     6041     5543 
    4918     4405     4068     3847     3841     4087     4446     4787 
    4926     4792     4561     4371     4366     4816     5706     6520 
    6862     6932     7005     7124     7375     7659     7564     6983 
    6274     5783     5496     5170     4825     4623     4336     3747 
    3136     2866     3034     3409     3691     4029     4619     5179 
    5558     5961     6437     6909     7239     7174     6708     6088 
    5414     4768     4306     3961     3572     3192     2948     2992 
    3498     4427     5545     6547     7179     7447     7454     7270 
    7012     6725     6429     6274     6256     6182     6122     6276 
    6548     6778     6892     6697     6096     5305     4551     4016 
    4012     4551     5139     5473     5657     5786     5951     6157 
    6147     5814     5321     4714     4077     3716     3721     3890 
    4086     4217     4194     4159     4298     4455     4378     4239 
    4433     4988     5667     6415     7216     7815     7934     7622 
    7162     6700     6127     5256     4124     3117     2567     2435 
    2657     3236     3917     4439     4845     5225     5744     6624 
    7625     8291     8630     8813     8736     8242     7418     6538 
    5793     5218     4747     4281     3860     3619     3568     3656 
    3854     4071     4186     4230     4280     4245     4180     4393 
    4925     5559     6215     6866     7455     7879     7957     7765 
    7658     7694     7548     6977     5995     4856     3940     3383 
    3039     2940     3236     3675     3971     4330     4872     5420 
    6072     7032     8055     8628     8549     8020     7351     6782 
    6321     5750     5041     4390     3829     3389     3370     3869 
    4516     5005     5337     5528     5619     5737     5875     5970 
    6097     6268     6333     6286     6351     6556     6564     6075 
    5183     4226     3448     2938     2723     2756     2903     3054 
    3170     3273     3513     3958     4415     4845     5405     6019 
    6594     7264     8015     8653     9105     9265     9004     8412 
    7555     6397     5162     4226     3721     3530     3502     3657 
    4217     5144     6001     6531     6737     6643     6421     6193 
    5774     5098     4327     3580     3084     3052     3359     3869 
    4576     5326     5964     6530     7058     7447     7540     7315 
    6902     6265     5322     4350     3594     3031     2852     3181 
    3688     4272     5074     5796     6046     5823     5360     5057 
    5135     5374     5596     5845     6042     6091     6091     6072 
    5875     5416     4823     4322     4010     3841     3808     3923 
    4217     4802     5613     6355     6838     6976     6708     6228 
    5836     5593     5449     5337     5155     4916     4609     4105 
    3584     3476     3784     4182     4605     5069     5523     6001 
    6411     6690     7045     7445     7542     7279     6870     6295 
    5386     4336     3533     3069     2885     2960     3288     4031 
    5119     5974     6318     6353     6102     5578     4957     4386 
    4022     3877     3861     4062     4562     5298     6116     6852 
    7387     7516     7147     6489     5680     4786     4048     3576 
    3253     3075     3149     3422     3780     4248     4843     5509 
    6134     6521     6680     6832     6983     7062     7119     7116 
    6999     6813     6546     6085     5370     4608     4128     3930 
    3818     3704     3556     3456     3557     3917     4584     5596 
    6765     7662     8008     7901     7574     7232     6999     6806 
    6495     5960     5260     4600     3940     3103     2382     2175 
    2352     2699     3300     4240     5471     6833     7996     8640 
    8733     8449     7879     7038     6113     5359     4823     4491 
    4436     4563     4724     4970     5305     5608     5953     6417 
    6776     6889     6790     6489     6052     5432     4572     3753 
    3270     3163     3381     3762     4184     4803     5623     6269 
    6485     6396     6227     6111     6059     5939     5635     5172 
    4689     4408     4466     4719     4981     5305     5805     6362 
    6723     6795     6687     6464     6138     5837     5630     5441 
    5320     5392     5573     5733     5829     5701     5287     4878 
    4618     4358     4181     4362     4960     5789     6564     7041 
    7082     6679     6113     5835     5903     5912     5612     5184 
    4899     4700     4354     4003     3960     4229     4684     5146 
    5424     5592     5702     5550     5156     4758     4442     4329 
    4575     5126     5827     6473     6950     7356     7592     7350 
    6708     5982     5211     4457     3995     3928     4137     4392 
    4412     4216     4148     4424     4961     5571     6110     6394 
    6226     5752     5383     5287     5381     5556     5664     5641 
    5503     5259     5104     5213     5291     4967     4338     3735 
    3355     3278     3538     4029     4566     5054     5459     5709 
    5813     6020     6483     6989     7379     7581     7286     6412 
    5453     4882     4627     4352     3988     3700     3603     3754 
    4177     4875     5739     6467     6776     6587     6035     5343 
    4666     4200     4110     4238     4378     4514     4622     4753 
    5071     5517     5904     6185     6341     6352     6335     6448 
    6734     7058     7114     6723     6144     5671     5197     4664 
    4380     4515     4800     4827     4492     4149     4194     4589 
    5029     5384     5698     5965     6203     6497     6831     7066 
    7035     6666     6110     5555     4939     4314     4062     4203 
    4323     4343     4499     4914     5554     6320     7097     7719 
    7981     7771     7163     6292     5178     3920     2835     2189 
    2109     2576     3337     4238     5330     6427     7235     7767 
    8087     8087     7706     7121     6584     6178     5791     5246 
    4616     4315     4525     4926     5187     5177     4959     4708 
    4379     3977     3809     4044     4572     5130     5496     5732 
    5933     6061     6159     6307     6513     6751     6902     6857 
    6580     6107     5656     5370     5237     5333     5576     5749 
    5854     5937     5981     6075     6328     6638     6734     6526 
    6290     6278     6329     6228     6181     6387     6556     6327 
    5722     5029     4489     4105     3905     4117     4688     5241 
    5643     5983     6195     6141     5879     5679     5733     5940 
    6121     6176     6041     5695     5267     5047     5098     5141 
    5069     5035     5087     5223     5525     5923     6201     6266 
    6143     5891     5616     5420     5301     5148     4956     4864 
    4888     4962     5171     5641     6290     6830     7049     7003 
    6785     6406     6013     5785     5750     5843     5865     5571 
    4995     4468     4207     4154     4265     4534     4860     5157 
    5338     5441     5708     6098     6240     6012     5587     5162 
    4854     4657     4602     4858     5400     5906     6284     6831 
    7541     7892     7706     7349     6904     6185     5353     4724 
    4406     4289     4232     4290     4510     4754     5089     5595 
    5918     5898     5774     5499     5010     4638     4573     4629 
    4606     4528     4600     4976     5600     6326     7095     7791 
    8154     8177     8115     7988     7700     7321     6873     6353 
    5896     5476     4863     4093     3342     2657     2231     2262 
    2596     3030     3516     4004     4542     5316     6351     7436 
    8311     8714     8578     8129     7486     6691     5998     5531 
    5097     4477     3637     2918     2753     3156     3839     4363 
    4332     3897     3527     3312     3147     3167     3508     4030 
    4490     4712     4665     4559     4765     5404     6208     6857 
    7252     7494     7641     7567     7176     6543     5755     4801 
    3766     2988     2695     2720     2890     3317     4052     4855 
    5500     5971     6359     6826     7449     8024     8301     8249 
    7922     7271     6234     4937     3657     2686     2139     1910 
    2129     3169     4961     7046     9032    10563    11455    11790 
   11596    10914    10038     9158     8050     6618     5219     3948 
    2605     1425      788      820     1551     2739     3997     5171 
    6156     6761     6920     6664     5993     5037     4102     3326 
    2671     2304     2397     2833     3459     4178     4831     5299 
    5623     5965     6419     6799     6779     6280     5456     4499 
    3745     3680     4403     5467     6483     7270     7593     7368 
    6722     5828     4962     4237     3503     2760     2302     2459 
    3188     3994     4489     4804     5152     5368     5296     5184 
    5317     5717     6377     7372     8646     9947    11061    11978 
   12771    13270    13186    12643    12020    11313    10247     8824 
    7356     6124     5245     4750     4661     4895     5141     5141 
    4910     4459     3816     3305     3239     3548     3995     4447 
    5003     5839     6864     7796     8438     8766     8834     8585 
    7886     6772     5471     4172     3020     2205     1773     1653 
    1747     1826     1775     1677     1564     1369      998      576 
     496      991     2071     3592     5145     6322     7126     7865 
    8753     9668    10154     9851     9039     8353     7984     7765 
    7709     7905     8207     8337     8031     7142     5875     4713 
    4004     3707     3585     3561     3660     3826     4103     4647 
    5424     6287     7334     8679     9984    10802    10987    10431 
    9108     7422     5847     4485     3280     2138      848     -557 
   -1785    -2813    -3618    -3771    -3039    -1748     -266     1362 
    3210     5190     7102     8761     9946    10452    10240     9405 
    8170     6864     5642     4526     3574     2695     1645      352 
    -988    -2063    -2496    -2074    -1123     -100      903     1907 
    2878     3736     4389     4943     5574     6275     6897     7271 
    7409     7369     7091     6846     7008     7290     7193     6645 
    5898     5392     5345     5565     5968     6452     6682     6681 
    6620     6481     6633     7435     8622     9946    11285    12366 
   13178    13953    14643    15024    15213    15402    15246    14417 
   13264    12248    11478    10753     9650     8108     6578     5338 
    4377     3648     3041     2682     2911     3671     4737     6107 
    7657     9100    10257    11042    11369    11046     9927     8195 
    6208     4253     2464      846     -516    -1491    -2258    -3231 
   -4568    -6047    -7378    -8367    -8855    -8540    -6986    -4238 
   -1126     1656     4155     6461     8282     9339     9501     8781 
    7612     6522     5523     4413     3073     1338     -858    -3411 
   -6104    -8446    -9837   -10047    -9291    -7999    -6430    -4459 
   -2083      441     3118     5945     8578    10589    11522    11123 
    9719     7908     6035     4269     2936     2378     2612     3365 
    4262     4925     5215     5238     5160     5231     5547     5744 
    5491     5099     5216     6148     7880    10500    14059    17891 
   20658    21588    20968    19145    16377    13439    10872     8381 
    5693     3050     1115      630     1549     3153     5032     7047 
    8753     9573     9512     9215     9192     9490     9911    10223 
   10530    11075    11715    12106    11952    11043     9434     7396 
    5367     3840     3034     2874     3272     4143     5329     6865 
    8882    10983    12513    13174    12838    11557     9690     7599 
    5641     4181     3376     3370     4286     5846     7487     8753 
    9367     9375     9061     8512     7902     7835     8549     9238 
    8986     8129     7689     7819     8173     8844     9650    10111 
   10331    10514    10517    10233     9590     8566     7130     5175 
    2835      402    -1781    -3063    -2975    -1915     -722      275 
    1204     1810     1532      420     -764    -1447    -1679    -1471 
    -454     1695     5136     9560    13956    17640    20627    22542 
   22750    21231    18207    13993     9356     4872      691    -2838 
   -5493    -7349    -7814    -6146    -3072     -173     1970     3849 
    5885     7767     9022     9996    11506    13742    16109    17793 
   18215    17296    15286    12383     8781     4933     1521     -903 
   -2225    -2732    -2845    -2661    -1836      -42     2539     5158 
    7109     8117     8075     7059     5239     3036     1568     1312 
    1285     1123     1623     3079     5253     7812     9966    11046 
   11212    10862     9896     7939     5097     2360      961     1292 
    2674     4260     5947     7916     9799    11197    12066    12153 
   11230     9762     8393     7354     6741     6391     5862     5372 
    5515     6020     6233     6175     6078     5699     4800     3638 
    2795     2805     3443     3671     2967     1777      590     -307 
    -728     -725     -290      755     2435     4483     6519     8370 
   10055    11412    11922    11015     8725     5751     2671     -471 
   -3592    -5965    -6821    -6273    -4991    -3446    -1987     -994 
    -402      257     1098     1823     2396     3121     4110     5305 
    6663     7689     7538     6074     3823      982    -2168    -4660 
   -5760    -5632    -4900    -4076    -3169    -1965     -556      828 
    2116     3401     4683     5829     7106     8753    10152    10516 
    9643     7807     5505     3049      827     -277      117     1380 
    2992     4815     6485     7805     9279    11209    12790    13283 
   13244    13335    13169    12171    10557     8877     7155     5257 
    3372     1680      109    -1556    -3097    -3854    -3685    -3010 
   -2157    -1087      599     3008     5436     7232     8511     9663 
   10909    12069    12589    12124    10501     7426     3222    -1023 
   -4610    -7488    -9618   -10732   -10487    -8871    -6496    -4142 
   -1868      609     2956     4754     5914     6103     5369     4760 
    5004     5753     6743     8192     9788    10647    10631    10438 
   10130     9191     7677     5756     3475     1155    -1030    -2784 
   -3315    -2090      598     3740     6413     8483    10126    11369 
   12138    12113    10903     8655     6053     3785     2369     1868 
    1700     1555     1501     1003     -151     -962    -1042    -1283 
   -1966    -2434    -2264    -1176      928     3177     4688     5792 
    6798     7321     7428     7275     6531     5610     5406     5868 
    6562     7371     8019     7870     6659     5249     4614     4569 
    4601     4522     4074     3347     2775     2304     1763     1375 
    1264     1497     2213     3385     5112     7544    10419    13170 
   15077    15653    15089    13764    11740     9028     5820     2537 
    -238    -2116    -3055    -3025    -2053     -542     1214     3417 
    5975     8391    10673    12722    13746    13603    12696    10989 
    9091     7984     7041     5300     3570     2632     1799      745 
     144      632     2460     4971     7029     8657    10567    12641 
   14343    15523    16082    15734    14499    12721    10321     7117 
    3751     1053     -713    -1438    -1092      224     2523     5658 
    9140    12335    14331    14529    13294    11101     8450     6429 
    5595     5429     5524     6025     6989     8171     9188     9791 
   10076     9917     8700     6495     4403     3059     2063     1222 
     989     1310     1493     1222      545     -273     -662     -459 
      39      787     1733     2650     3567     4439     4931     4933 
    4852     5172     5649     5735     5615     5642     5659     5473 
    5173     5142     5798     6944     7924     8445     8699     8840 
    8420     6628     3600      548    -1646    -2652    -2245     -672 
    1588     4284     7068     9556    11613    13306    14729    15633 
   15541    14444    12880    11430    10248     8901     6957     4640 
    2389      423     -980    -1668    -1882    -1730    -1110     -151 
    1088     2674     4269     5419     6230     7140     8210     9158 
   10005    10885    11531    11631    11122     9977     8196     5917 
    3458     1456      482      311      471     1099     2301     3714 
    5102     6409     7516     8240     8340     7722     6551     5095 
    3814     3216     3381     4108     5519     7749    10117    11750 
   12501    12424    11538    10159     8509     6501     4186     1941 
     223     -668     -768     -574     -678    -1162    -1714    -2055 
   -2018    -1646    -1069     -302      588     1733     3575     5951 
    8059     9342     9536     8612     6982     5062     2924      861 
    -473     -977    -1117     -914     -217      715     1849     3199 
    4287     4949     5494     6036     6572     7009     7012     6281 
    4817     2980     1177     -491    -1814    -2318    -1880     -903 
      10      627     1356     2529     3762     4587     5232     6020 
    6735     7203     7494     7570     7416     7093     6541     5700 
    4723     3722     2630     1626     1028      800      764     1030 
    1856     3217     4705     5917     6635     6814     6795     6970 
    7222     7293     7104     6605     5948     5471     5409     5968 
    7074     8110     8709     9112     9330     8990     7957     6318 
    4135     1756     -168    -1310    -1698    -1237      135     2042 
    3878     5277     6078     6163     5724     5247     5148     5618 
    6489     7361     7898     7737     6540     4402     2041      223 
   -1196    -2777    -4240    -4858    -4377    -2891     -606     2048 
    4480     6344     7606     8315     8614     8479     7823     6986 
    6225     5241     3863     2444     1209      -13    -1140    -1815 
   -2048    -1928    -1064      852     3569     6742    10044    12849 
   14535    15072    14930    14351    13105    11151     8968     7012 
    5542     4749     4417     4075     3739     3764     4317     5412 
    6776     7948     8802     9421     9964    10703    11526    12240 
   13016    13459    12882    11595    10208     8841     7616     6587 
    5705     5289     5634     6480     7188     7298     6934     6362 
    5632     5071     5096     5417     5370     4850     4416     4650 
    5577     6720     7534     7727     7428     6868     6099     5441 
    5276     5320     5189     5154     5623     6591     7775     8917 
    9721     9587     8183     5991     3791     2425     2437     3327 
    4260     5120     6037     6850     7416     7726     7679     7427 
    7531     8079     8530     8692     8734     8562     8110     7695 
    7368     6648     5279     3527     1707       24    -1211    -1697 
   -1493     -855      209     1866     4040     6366     8468    10176 
   11553    12743    13742    14366    14362    13486    11825     9841 
    7722     5606     4194     3988     4645     5411     5595     5161 
    4695     4460     4238     4094     4517     5621     6903     8061 
    9249    10565    11753    12280    11991    11387    10747     9737 
    8107     6154     4498     3651     3581     3741     3976     4700 
    5783     6546     6809     6950     7309     7799     7910     7352 
    6446     5614     5055     4758     4443     3979     3589     3247 
    2586     1756     1572     2312     3270     3962     4709     5710 
    6568     6832     6466     5942     5605     4959     3595     2202 
    1536     1514     1654     1493     1053     1018     1887     3450 
    5126     6271     6598     6517     6570     6673     6641     6664 
    6606     6100     5301     4577     4157     4128     4296     4346 
    4091     3582     3071     2724     2770     3529     4791     6039 
    7085     7838     8157     8101     7835     7445     7030     6618 
    6048     5310     4584     3877     3232     2937     3170     3879 
    4911     5987     6951     7951     9057    10030    10334     9552 
    8048     6470     4966     3636     2935     3237     4322     5515 
    6473     7274     8036     8903     9743    10233    10389    10195 
    9404     8114     6694     5537     5001     5122     5553     5837 
    5924     6310     7126     7765     7863     7668     7267     6411 
    5040     3541     2555     2278     2177     1984     2063     2511 
    3086     3738     4522     5599     7121     8824    10232    11087 
   11359    11067    10336     9308     7825     5988     4531     3833 
    3580     3479     3400     3127     2646     2570     3607     5645 
    7928     9859    11193    11807    11626    10805     9833     9144 
    8733     8377     8058     7917     7886     7816     7687     7342 
    6637     5857     5266     4763     4403     4476     4898     5100 
    4706     3899     3023     2297     1943     2172     3019     4166 
    5080     5653     6153     6462     6440     6673     7601     8635 
    9096     9171     9109     8663     7900     7152     6252     5006 
    3723     2734     2013     1334      640      234      439     1124 
    1952     2857     3861     4896     5912     6747     7103     6843 
    6051     4968     4045     3588     3495     3719     4304     4962 
    5369     5559     5727     6050     6547     6925     6954     6814 
    6624     6322     6162     6331     6544     6701     6933     7067 
    6993     6941     6969     6886     6762     6980     7733     8813 
    9785    10208    10013     9466     8788     8097     7243     6012 
    4643     3517     2825     2608     2744     3204     4027     5038 
    6051     7049     8092     9047     9546     9554     9376     9066 
    8591     7952     6966     5854     5195     4920     4677     4544 
    4523     4428     4332     4397     4690     5274     5914     6088 
    5776     5484     5435     5652     6203     6761     6741     5974 
    4721     3323     2100     1162      489      260      628     1551 
    2966     4685     6332     7550     8170     8270     8211     8344 
    8461     8183     7714     7362     6943     6249     5461     4963 
    4932     5176     5326     5065     4424     3767     3401     3422 
    3576     3650     3897     4410     4914     5354     5660     5467 
    4703     3781     3044     2545     2255     2159     2227     2379 
    2628     3137     3927     4722     5282     5669     5894     5795 
    5534     5388     5201     4709     3920     2880     1678      824 
     898     1692     2617     3524     4395     5079     5535     5750 
    5755     5703     5664     5594     5372     4873     4203     3595 
    3256     3359     3721     4054     4422     4803     5007     5148 
    5392     5606     5547     5079     4332     3575     2934     2516 
    2496     2873     3444     4036     4703     5485     6051     6165 
    6008     5711     5390     5145     4780     4473     4620     4770 
    4328     3615     3164     2972     2877     2912     3079     3273 
    3537     3992     4529     4954     5248     5428     5411     5100 
    4560     4046     3733     3730     4131     4714     5208     5629 
    5916     6037     6281     6677     6815     6533     5992     5213 
    4246     3448     3030     2827     2861     3346     4032     4498 
    4894     5601     6583     7396     7600     7324     7104     7111 
    7110     6928     6635     6418     6220     5851     5397     4990 
    4673     4597     4879     5531     6571     7836     8950     9735 
   10213    10192     9547     8651     7837     7010     6225     5897 
    6089     6318     6343     6397     6534     6479     6169     5949 
    6057     6156     5884     5496     5403     5684     6230     6904 
    7613     8219     8452     8158     7436     6542     5838     5552 
    5601     5736     5824     5960     6323     6909     7410     7496 
    7104     6340     5255     3893     2553     1708     1620     2256 
    3417     4739     5825     6557     6987     7041     6679     6079 
    5423     4790     4264     3918     3838     4164     4833     5442 
    5685     5606     5375     5140     4929     4634     4185     3581 
    2956     2663     2887     3260     3413     3655     4270     4969 
    5611     6281     6961     7740     8615     9335     9742     9667 
    8850     7327     5577     4157     3242     2698     2549     2850 
    3320     3714     4123     4740     5672     6751     7566     7949 
    7992     7717     7262     6865     6553     6285     6070     5973 
    6064     6198     6191     6085     5931     5716     5555     5448 
    5297     5241     5341     5496     5865     6499     6994     6884 
    6022     4758     3714     3153     2944     3139     3960     5339 
    6947     8467     9601    10079     9936     9516     9099     8676 
    8125     7470     6856     6302     5746     5268     4980     4784 
    4473     4053     3782     3867     4405     5400     6517     7390 
    8020     8342     8172     7698     7181     6585     5938     5396 
    4974     4707     4710     4911     5092     5180     5261     5336 
    5364     5421     5556     5739     6079     6793     7898     9068 
    9881    10176    10124     9927     9566     8934     8041     6912 
    5615     4424     3607     3233     3265     3558     3889     4166 
    4496     4997     5625     6210     6564     6624     6575     6639 
    6779     6815     6708     6559     6443     6279     5977     5617 
    5268     4970     4859     4891     4794     4556     4499     4700 
    4915     5124     5375     5345     4813     4086     3606     3470 
    3521     3748     4240     4892     5599     6407     7198     7696 
    7742     7361     6752     6103     5427     4746     4271     4195 
    4437     4800     5163     5328     5176     4903     4712     4563 
    4419     4352     4380     4533     4893     5298     5423     5236 
    4961     4742     4645     4769     5153     5713     6292     6674 
    6846     7034     7273     7475     7740     8082     8294     8196 
    7692     6802     5724     4665     3769     3091     2611     2451 
    2719     3169     3569     3968     4265     4223     4050     4171 
    4550     4910     5199     5587     6230     6902     7225     7267 
    7267     7140     6745     6198     5724     5329     4845     4375 
    4223     4340     4496     4649     4826     5064     5340     5455 
    5407     5419     5461     5516     5767     6024     6065     6111 
    6254     6384     6546     6694     6672     6486     6198     5835 
    5518     5343     5229     5184     5296     5441     5464     5357 
    5113     4758     4390     4118     4048     4147     4263     4410 
    4739     5256     5759     5980     5803     5401     5089     4951 
    4784     4505     4278     4210     4293     4492     4744     4991 
    5308     5775     6241     6552     6658     6473     6157     6039 
    6080     6059     5946     5748     5460     5158     4912     4726 
    4578     4474     4556     4935     5416     5852     6399     7002 
    7374     7469     7344     6950     6345     5708     5182     4914 
    5020     5319     5427     5204     4932     4992     5382     5746 
    5877     5816     5540     5087     4689     4495     4462     4445 
    4357     4246     4035     3677     3455     3481     3547     3665 
    3970     4395     4943     5656     6370     7006     7572     7901 
    7886     7598     7093     6476     5992     5779     5693     5546 
    5398     5385     5468     5549     5596     5599     5557     5460 
    5305     5167     5139     5228     5334     5272     5018     4787 
    4751     4939     5291     5679     5985     6081     5886     5575 
    5357     5116     4690     4206     3903     3890     4092     4405 
    4861     5475     6042     6341     6357     6163     5856     5556 
    5314     5106     4893     4603     4146     3521     2898     2454 
    2139     1821     1596     1556     1563     1540     1561     1767 
    2344     3208     3986     4439     4542     4378     4090     3822 
    3639     3543     3592     3864     4277     4575     4608     4507 
    4458     4454     4344     4054     3710     3432     3199     3033 
    3021     3231     3765     4561     5278     5700     5959     6191 
    6331     6355     6279     5990     5481     4913     4364     3893 
    3711     3935     4332     4535     4467     4408     4615     5085 
    5673     6245     6743     7087     7078     6633     5966     5268 
    4463     3486     2546     1949     1777     1893     2262     3027 
    4133     5270     6289     7180     7860     8273     8361     8056 
    7505     6975     6564     6240     5953     5644     5289     4857 
    4270     3618     3199     3107     3170     3320     3569     3834 
    4074     4370     4822     5440     6023     6306     6279     6144 
    6063     6045     5999     5886     5779     5658     5389     4921 
    4280     3520     2786     2249     1976     1924     2029     2322 
    2857     3534     4188     4784     5335     5716     5830     5760 
    5601     5393     5124     4759     4427     4289     4251     4246 
    4408     4715     4972     5079     5018     4875     4777     4644 
    4390     4214     4329     4753     5394     6070     6613     6912 
    6840     6405     5820     5265     4876     4762     4749     4639 
    4538     4506     4490     4548     4600     4442     4118     3824 
    3704     3869     4302     4831     5341     5823     6217     6511 
    6787     7050     7258     7400     7495     7557     7479     7130 
    6496     5669     4833     4162     3684     3394     3343     3528 
    3958     4660     5515     6332     6992     7491     7883     8133 
    8215     8175     8033     7832     7580     7178     6521     5598 
    4644     3968     3642     3672     4025     4495     4960     5456 
    5949     6348     6603     6703     6652     6463     6207     6031 
    6035     6157     6220     6018     5537     5044     4641     4172 
    3767     3695     3828     3868     3790     3741     3842     4092 
    4333     4414     4378     4362     4400     4424     4396     4325 
    4257     4248     4280     4274     4179     4047     3994     4051 
    4128     4146     4173     4302     4471     4597     4770     5122 
    5515     5665     5558     5399     5285     5173     4953     4633 
    4368     4207     4139     4262     4650     5192     5618     5755 
    5697     5563     5360     5129     4945     4836     4780     4739 
    4695     4707     4937     5397     5891     6348     6786     7112 
    7285     7341     7225     6933     6552     6057     5427     4798 
    4300     3991     3959     4233     4721     5249     5622     5787 
    5852     5868     5897     6082     6394     6620     6700     6754 
    6853     6932     6904     6804     6703     6518     6177     5787 
    5473     5271     5202     5241     5326     5402     5413     5348 
    5251     5183     5139     5064     4981     4940     4995     5213 
    5571     6023     6516     6901     7037     6920     6691     6462 
    6193     5906     5787     5886     6027     6063     6041     6063 
    6100     6028     5854     5709     5598     5387     5014     4582 
    4263     4126     4108     4202     4416     4654     4874     5166 
    5588     6100     6648     7158     7501     7613     7545     7388 
    7224     7089     6928     6625     6184     5776     5544     5511 
    5619     5774     5953     6183     6473     6826     7183     7383 
    7332     7077     6765     6500     6249     6038     6008     6152 
    6331     6454     6499     6485     6426     6317     6150     5968 
    5892     5936     6024     6181     6391     6494     6335     5898 
    5351     4948     4799     4883     5159     5561     5974     6259 
    6366     6306     6067     5763     5572     5546     5694     6006 
    6423     6863     7215     7385     7347     7156     6902     6557 
    6128     5805     5656     5550     5398     5171     4880     4610 
    4420     4292     4236     4328     4583     4874     5049     5146 
    5295     5470     5609     5789     6099     6481     6808     7036 
    7187     7229     7045     6576     5971     5449     5128     4988 
    4890     4801     4866     5093     5324     5511     5652     5690 
    5663     5756     6113     6632     7020     7101     6984     6869 
    6839     6867     6869     6779     6635     6453     6176     5909 
    5795     5735     5635     5578     5596     5605     5564     5590 
    5743     5844     5808     5792     5864     5940     5979     6011 
    6083     6230     6430     6676     6939     7138     7262     7326 
    7341     7380     7411     7268     6870     6269     5589     4942 
    4313     3731     3401     3395     3606     3979     4410     4698 
    4807     4877     5020     5307     5712     6093     6436     6819 
    7164     7359     7426     7390     7199     6815     6299     5825 
    5562     5508     5561     5631     5665     5656     5654     5747 
    5961     6189     6346     6413     6330     6079     5761     5442 
    5127     4869     4689     4526     4407     4443     4603     4743 
    4821     4932     5155     5399     5530     5595     5686     5691 
    5453     5076     4802     4617     4337     3975     3719     3619 
    3552     3509     3588     3776     4017     4359     4843     5330 
    5565     5518     5419     5402     5481     5647     5799     5851 
    5798     5604     5269     4865     4484     4212     4048     3940 
    3909     3954     3980     3948     3935     4003     4131     4309 
    4544     4781     4985     5194     5385     5488     5512     5521 
    5531     5457     5245     4989     4774     4614     4569     4646 
    4725     4753     4793     4794     4633     4389     4258     4254 
    4311     4404     4475     4492     4458     4352     4185     4038 
    4010     4071     4096     4115     4288     4651     5132     5659 
    6112     6381     6419     6280     6084     5853     5535     5179 
    4880     4660     4545     4538     4536     4504     4525     4589 
    4562     4412     4283     4243     4209     4210     4363     4590 
    4747     4862     5019     5257     5522     5677     5714     5732 
    5738     5698     5579     5325     4915     4385     3849     3488 
    3364     3368     3424     3564     3813     4063     4173     4184 
    4207     4169     4034     3911     3832     3742     3631     3563 
    3598     3689     3755     3769     3724     3652     3681     3902 
    4263     4629     4930     5159     5312     5435     5547     5557 
    5432     5190     4804     4304     3819     3475     3296     3207 
    3115     3017     2955     2941     2993     3106     3235     3413 
    3679     3960     4125     4131     4064     3991     3888     3762 
    3649     3574     3562     3621     3744     3947     4188     4339 
    4326     4223     4162     4216     4407     4723     5080     5366 
    5514     5560     5538     5386     5092     4734     4349     3968 
    3663     3500     3522     3742     4099     4513     4969     5418 
    5740     5917     6050     6171     6210     6093     5884     5732 
    5633     5438     5102     4759     4560     4485     4450     4515 
    4749     5037     5282     5524     5786     6028     6184     6246 
    6306     6364     6321     6142     5885     5646     5434     5188 
    4927     4738     4648     4593     4504     4374     4237     4107 
    4007     3979     4051     4235     4522     4878     5278     5689 
    6050     6252     6262     6219     6210     6149     6024     5929 
    5855     5735     5603     5556     5606     5626     5518     5400 
    5424     5542     5681     5856     6081     6341     6591     6791 
    6945     7030     6949     6658     6280     5954     5637     5299 
    5068     4980     4991     5156     5401     5539     5608     5750 
    5921     6062     6242     6432     6457     6277     6032     5804 
    5589     5451     5441     5477     5466     5416     5384     5392 
    5432     5509     5645     5871     6122     6240     6192     6092 
    5993     5896     5823     5793     5825     5876     5811     5612 
    5477     5553     5793     6106     6423     6663     6763     6716 
    6555     6357     6208     6091     5901     5613     5308     5075 
    4947     4948     5098     5310     5433     5442     5428     5437 
    5476     5618     5856     6014     5995     5889     5823     5885 
    6027     6071     5939     5693     5428     5246     5210     5298 
    5460     5627     5710     5724     5778     5863     5880     5835 
    5751     5604     5428     5296     5216     5185     5213     5234 
    5213     5261     5424     5598     5719     5789     5794     5727 
    5631     5580     5620     5735     5872     5959     5962     5915 
    5840     5709     5506     5241     4908     4558     4323     4276 
    4412     4692     5071     5530     5975     6257     6396     6517 
    6604     6590     6506     6419     6327     6145     5879     5667 
    5558     5497     5433     5349     5260     5201     5236     5385 
    5557     5700     5883     6135     6398     6667     6981     7260 
    7390     7424     7428     7350     7160     6867     6507     6146 
    5825     5600     5560     5717     5958     6147     6263     6386 
    6534     6649     6690     6651     6544     6378     6178     6028 
    6001     6003     5934     5902     5980     6021     5953     5869 
    5750     5534     5266     4985     4735     4625     4662     4762 
    4930     5164     5309     5264     5176     5209     5350     5539 
    5733     5896     6028     6110     6075     5908     5683     5457 
    5197     4891     4630     4558     4773     5242     5849     6430 
    6793     6858     6682     6416     6210     6056     5878     5662 
    5395     5105     4899     4817     4813     4878     5052     5344 
    5730     6180     6664     7171     7669     8048     8197     8084 
    7779     7375     6903     6425     6039     5730     5409     5059 
    4726     4453     4270     4230     4367     4683     5121     5550 
    5893     6188     6472     6717     6899     6990     6941     6752 
    6503     6313     6234     6221     6267     6390     6595     6889 
    7236     7548     7752     7819     7760     7544     7182     6785 
    6454     6221     6055     5891     5748     5639     5530     5502 
    5633     5835     6014     6176     6327     6424     6457     6498 
    6612     6830     7148     7457     7590     7479     7197     6834 
    6446     6092     5830     5692     5653     5614     5496     5368 
    5317     5333     5418     5567     5714     5875     6117     6457 
    6808     7028     7107     7116     7067     7016     7015     7012 
    6935     6731     6438     6170     5947     5728     5534     5381 
    5234     5050     4845     4656     4506     4498     4756     5213 
    5720     6236     6706     7011     7069     6871     6449     5788 
    4929     4124     3592     3340     3321     3519     3924     4465 
    5022     5518     5909     6154     6214     6091     5861     5583 
    5249     4904     4621     4381     4086     3695     3298     2985 
    2770     2702     2894     3385     4058     4726     5342     5934 
    6392     6578     6557     6464     6315     6097     5835     5506 
    5111     4751     4472     4244     4100     4049     3992     3852 
    3687     3613     3678     3907     4307     4829     5359     5753 
    5920     5904     5829     5739     5613     5432     5208     5002 
    4799     4538     4310     4247     4326     4444     4529     4566 
    4590     4673     4877     5140     5279     5153     4770     4282 
    3905     3784     3937     4298     4717     4990     5024     4900 
    4746     4607     4479     4336     4053     3543     2983     2657 
    2695     3076     3719     4453     5059     5425     5561     5526 
    5460     5507     5609     5618     5509     5314     5030     4698 
    4378     4053     3700     3440     3368     3356     3330     3477 
    3844     4164     4252     4176     4013     3819     3693     3666 
    3722     3864     4078     4340     4593     4730     4698     4532 
    4336     4235     4231     4204     4132     4111     4189     4312 
    4405     4498     4599     4542     4272     4007     3942     4059 
    4287     4647     5131     5626     5956     5972     5744     5511 
    5392     5336     5273     5192     5124     5031     4854     4674 
    4572     4497     4390     4173     3826     3477     3199     3014 
    3034     3281     3614     3953     4333     4700     4922     5041 
    5257     5618     5939     6062     6052     6052     6055     6031 
    6000     5900     5609     5093     4465     3941     3661     3615 
    3728     3991     4412     4906     5346     5729     6116     6431 
    6518     6314     5874     5355     4917     4643     4583     4756 
    5090     5441     5676     5724     5624     5539     5557     5610 
    5692     5808     5888     5960     6029     5929     5614     5248 
    4898     4511     4130     3881     3849     4004     4265     4653 
    5190     5763     6271     6709     7026     7100     6882     6449 
    5956     5567     5369     5251     5095     4987     4996     5034 
    5036     5035     5049     5008     4899     4872     5091     5495 
    5916     6262     6450     6392     6145     5871     5675     5629 
    5750     5898     5925     5793     5527     5267     5171     5257 
    5462     5677     5775     5784     5877     6096     6352     6585 
    6703     6608     6347     5975     5559     5324     5342     5406 
    5393     5404     5549     5772     5975     6161     6347     6503 
    6577     6525     6391     6241     6027     5741     5515     5403 
    5379     5434     5537     5687     5854     5946     5922     5845 
    5874     6049     6226     6345     6414     6332     6051     5707 
    5473     5374     5242     4999     4830     4867     4985     5079 
    5293     5689     6011     6107     6071     5965     5770     5447 
    5029     4651     4399     4280     4350     4668     5146     5595 
    5917     6141     6239     6156     5938     5600     5213     5042 
    5174     5387     5563     5803     6172     6523     6608     6406 
    6090     5716     5263     4763     4321     4092     4113     4369 
    4903     5616     6256     6652     6768     6660     6443     6237 
    6113     6098     6174     6242     6306     6508     6746     6756 
    6586     6475     6430     6319     6125     5868     5545     5217 
    4918     4652     4524     4582     4734     4925     5176     5470 
    5730     5891     5978     6070     6194     6347     6518     6646 
    6704     6771     6872     6889     6709     6329     5872     5459 
    5043     4579     4228     4151     4334     4687     5071     5341 
    5491     5595     5632     5542     5399     5280     5170     5086 
    5106     5310     5705     6156     6498     6689     6749     6630 
    6331     6030     5923     5969     5957     5755     5405     5055 
    4865     4908     5145     5469     5768     6003     6176     6164 
    5846     5345     4938     4761     4717     4699     4758     4947 
    5230     5585     5988     6350     6565     6559     6337     6037 
    5826     5678     5441     5120     4891     4809     4763     4688 
    4615     4609     4692     4802     4887     5034     5374     5834 
    6182     6357     6464     6515     6450     6237     5865     5405 
    4968     4608     4332     4146     4068     4061     4079     4207 
    4518     4917     5285     5620     5992     6413     6758     6894 
    6769     6389     5819     5164     4601     4372     4485     4664 
    4754     4791     4752     4582     4402     4415     4561     4598 
    4533     4494     4422     4317     4347     4571     4891     5187 
    5396     5583     5771     5795     5656     5538     5476     5424 
    5339     5220     5137     5041     4874     4737     4669     4608 
    4555     4521     4523     4590     4656     4646     4605     4599 
    4638     4721     4852     5004     5147     5254     5311     5355 
    5396     5422     5496     5647     5815     5928     5892     5683 
    5436     5286     5204     5111     4981     4817     4710     4766 
    4945     5155     5349     5463     5392     5095     4701     4414 
    4349     4512     4810     5106     5301     5393     5478     5660 
    5935     6186     6330     6349     6198     5893     5632     5563 
    5621     5681     5641     5473     5267     5117     5066     5144 
    5311     5486     5666     5876     6076     6194     6191     6141 
    6143     6175     6169     6024     5683     5300     5005     4732 
    4507     4441     4480     4569     4756     5010     5273     5558 
    5851     6103     6335     6541     6566     6350     6107     5995 
    5930     5818     5689     5562     5432     5398     5533     5701 
    5753     5712     5655     5629     5663     5716     5771     5874 
    5979     5993     5928     5817     5637     5456     5411     5506 
    5681     5881     5993     5988     5991     5991     5760     5236 
    4680     4368     4368     4570     4794     4928     5030     5221 
    5482     5709     5863     5909     5829     5715     5668     5646 
    5566     5450     5359     5302     5245     5104     4829     4508 
    4265     4129     4135     4339     4634     4822     4915     5057 
    5210     5220     5083     5013     5178     5448     5604     5620 
    5606     5644     5733     5860     5986     5981     5758     5405 
    5095     4953     4980     5100     5242     5385     5513     5550 
    5435     5248     5071     4864     4591     4363     4350     4555 
    4799     5005     5224     5453     5619     5685     5700     5726 
    5742     5665     5485     5307     5177     5058     4998     5043 
    5135     5188     5170     5128     5138     5214     5315     5391 
    5445     5495     5530     5587     5695     5763     5769     5773 
    5764     5701     5584     5465     5403     5404     5449     5464 
    5412     5388     5413     5448     5569     5760     5864     5871 
    5884     5936     6046     6201     6303     6301     6259     6245 
    6202     6059     5857     5624     5412     5350     5432     5595 
    5880     6184     6301     6253     6192     6147     6097     6026 
    5888     5676     5472     5342     5275     5262     5293     5335 
    5399     5554     5798     6036     6214     6363     6498     6571 
    6574     6555     6530     6482     6387     6252     6123     6023 
    5963     5936     5943     6020     6133     6182     6138     6030 
    5836     5533     5186     4905     4734     4671     4751     4984 
    5293     5579     5808     6039     6288     6475     6623     6769 
    6770     6542     6161     5732     5380     5199     5203     5340 
    5459     5471     5388     5247     5168     5234     5327     5304 
    5170     5037     5003     5077     5223     5392     5505     5491 
    5382     5255     5104     4943     4833     4813     4937     5204 
    5494     5679     5710     5680     5674     5614     5477     5346 
    5204     4968     4701     4546     4526     4590     4689     4729 
    4694     4700     4780     4897     5116     5460     5782     5985 
    6123     6222     6180     5945     5617     5271     4896     4521 
    4272     4226     4307     4450     4680     4961     5219     5416 
    5518     5551     5572     5557     5472     5347     5230     5151 
    5093     5018     4887     4701     4548     4504     4579     4776 
    5065     5368     5592     5673     5650     5609     5560     5521 
    5497     5395     5138     4756     4422     4287     4270     4245 
    4275     4392     4492     4558     4695     4911     5116     5257 
    5339     5418     5545     5639     5603     5509     5449     5373 
    5224     5003     4726     4439     4211     4107     4199     4484 
    4866     5262     5618     5829     5819     5695     5626     5618 
    5560     5393     5154     4914     4714     4579     4533     4576 
    4727     4970     5172     5271     5400     5610     5783     5821 
    5720     5530     5287     5021     4803     4659     4556     4495 
    4508     4585     4665     4701     4729     4842     5064     5336 
    5620     5889     6070     6099     6001     5858     5717     5538 
    5307     5112     4973     4824     4677     4585     4555     4632 
    4847     5094     5272     5404     5535     5650     5690     5709 
    5789     5818     5699     5572     5551     5554     5502     5392 
    5253     5129     5014     4921     4906     4948     4990     5017 
    5024     5031     5048     5056     5090     5219     5402     5494 
    5455     5419     5450     5477     5528     5666     5747     5638 
    5415     5196     5057     5004     4975     4969     5034     5153 
    5286     5398     5487     5601     5735     5804     5789     5808 
    5918     5991     5964     5904     5791     5619     5474     5367 
    5266     5143     4985     4862     4836     4874     4932     4995 
    5090     5256     5450     5621     5805     6018     6186     6246 
    6181     6049     5960     5922     5870     5824     5790     5688 
    5508     5355     5298     5312     5307     5230     5146     5117 
    5116     5134     5190     5261     5263     5142     5002     4949 
    4968     5049     5171     5247     5258     5260     5261     5242 
    5274     5382     5413     5289     5138     5045     4968     4924 
    5006     5203     5357     5412     5479     5580     5629     5607 
    5550     5505     5484     5440     5370     5329     5314     5270 
    5159     4985     4812     4720     4747     4866     5025     5178 
    5249     5205     5135     5111     5119     5147     5201     5280 
    5344     5335     5265     5181     5102     5023     4895     4714 
    4548     4447     4427     4503     4667     4840     4926     4916 
    4889     4885     4881     4874     4895     4926     4923     4871 
    4771     4677     4676     4735     4767     4776     4727     4577 
    4383     4235     4233     4364     4489     4571     4648     4705 
    4721     4711     4715     4761     4846     4968     5107     5242 
    5393     5539     5594     5550     5483     5408     5319     5299 
    5381     5458     5464     5443     5429     5403     5329     5230 
    5151     5091     5026     4974     4978     5012     5022     5026 
    5079     5188     5300     5375     5434     5484     5504     5489 
    5451     5415     5433     5474     5428     5303     5220     5197 
    5165     5141     5185     5281     5361     5373     5352     5348 
    5350     5367     5422     5514     5603     5618     5559     5521 
    5525     5512     5457     5396     5369     5336     5255     5190 
    5198     5265     5347     5382     5357     5309     5280     5310 
    5381     5460     5545     5614     5675     5757     5841     5897 
    5895     5834     5734     5604     5474     5399     5400     5441 
    5482     5539     5645     5773     5880     5973     6066     6135 
    6140     6068     5923     5766     5652     5549     5464     5460 
    5517     5566     5575     5564     5589     5651     5724     5838 
    6027     6265     6463     6553     6575     6588     6553     6421 
    6238     6063     5884     5689     5544     5514     5571     5635 
    5673     5725     5801     5820     5767     5719     5688     5644 
    5593     5575     5601     5628     5648     5676     5696     5756 
    5863     5907     5896     5906     5918     5931     5985     6067 
    6121     6103     6040     5989     5968     5975     5974     5964 
    5998     6057     6111     6180     6269     6376     6443     6407 
    6339     6262     6125     5958     5793     5636     5516     5461 
    5493     5602     5739     5841     5887     5915     5998     6152 
    6304     6432     6573     6677     6663     6510     6267     6010 
    5736     5421     5129     4943     4880     4922     5063     5274 
    5486     5671     5876     6096     6271     6387     6451     6441 
    6351     6186     5947     5696     5536     5467     5422     5378 
    5356     5338     5241     5059     4888     4794     4789     4876 
    5059     5325     5581     5726     5752     5711     5689     5711 
    5688     5611     5572     5572     5571     5585     5640     5723 
    5742     5644     5532     5492     5497     5512     5511     5492 
    5487     5482     5475     5537     5672     5792     5864     5895 
    5904     5914     5910     5898     5925     5921     5793     5611 
    5471     5366     5228     5044     4896     4819     4781     4810 
    4958     5220     5532     5802     5970     6067     6140     6162 
    6125     6087     6051     5972     5848     5708     5565     5433 
    5321     5271     5321     5385     5395     5414     5461     5498 
    5525     5546     5584     5654     5715     5729     5716     5727 
    5757     5762     5753     5771     5774     5668     5452     5227 
    5075     4994     4913     4810     4724     4695     4738     4841 
    4987     5136     5233     5274     5292     5316     5341     5307 
    5206     5137     5146     5157     5108     5068     5120     5229 
    5312     5362     5412     5459     5472     5422     5339     5300 
    5309     5310     5331     5411     5487     5495     5473     5455 
    5433     5398     5342     5291     5278     5245     5172     5154 
    5237     5376     5506     5597     5691     5758     5753     5734 
    5734     5732     5725     5688     5617     5563     5518     5430 
    5333     5312     5361     5401     5419     5453     5506     5558 
    5575     5542     5510     5495     5440     5349     5290     5275 
    5254     5208     5225     5328     5400     5395     5356     5346 
    5379     5360     5300     5341     5488     5636     5732     5779 
    5821     5843     5772     5624     5474     5343     5205     5043 
    4919     4877     4849     4805     4808     4881     4948     4953 
    4949     4974     4999     5007     5009     4986     4921     4830 
    4744     4677     4642     4648     4664     4659     4671     4722 
    4755     4739     4737     4826     4944     4991     4984     4969 
    4937     4857     4706     4530     4407     4344     4322     4347 
    4443     4594     4709     4765     4838     4891     4874     4841 
    4804     4781     4793     4791     4789     4829     4863     4862 
    4840     4781     4717     4710     4743     4778     4837     4930 
    4995     5003     5016     5030     4982     4880     4749     4611 
    4480     4360     4306     4328     4381     4478     4618     4760 
    4867     4912     4927     4944     4941     4936     4957     5022 
    5158     5283     5320     5319     5337     5378     5377     5307 
    5237     5173     5096     5057     5084     5161     5242     5283 
    5284     5244     5170     5090     5000     4939     4949     4975 
    4993     5050     5163     5279     5331     5315     5299     5309 
    5287     5206     5105     5007     4939     4911     4912     4963 
    5033     5047     5015     4984     4984     5044     5152     5298 
    5488     5640     5672     5647     5632     5600     5518     5413 
    5342     5297     5233     5198     5234     5259     5231     5207 
    5195     5182     5183     5171     5106     5048     5059     5080 
    5096     5179     5303     5372     5377     5375     5395     5408 
    5376     5309     5244     5207     5210     5220     5213     5229 
    5270     5286     5248     5165     5097     5066     5042     5049 
    5107     5171     5248     5387     5569     5709     5773     5809 
    5856     5878     5851     5813     5777     5736     5730     5759 
    5779     5827     5894     5857     5762     5758     5790     5772 
    5766     5796     5833     5873     5916     5961     5976     5928 
    5858     5800     5765     5789     5868     5938     6002     6123 
    6269     6364     6411     6441     6442     6358     6171     5975 
    5822     5668     5534     5477     5471     5480     5502     5533 
    5604     5736     5876     5977     6036     6068     6076     6033 
    5967     5957     5976     5935     5856     5823     5832     5825 
    5800     5782     5740     5648     5551     5500     5498     5500 
    5455     5403     5409     5451     5477     5489     5531     5588 
    5618     5643     5694     5792     5913     5962     5941     5940 
    5961     5931     5843     5764     5705     5593     5418     5259 
    5179     5156     5129     5109     5130     5205     5307     5389 
    5465     5571     5648     5636     5609     5629     5620     5538 
    5438     5364     5307     5261     5241     5261     5314     5369 
    5394     5389     5389     5397     5370     5312     5275     5285 
    5312     5322     5317     5298     5245     5132     4995     4928 
    4911     4870     4850     4904     5008     5123     5190     5195 
    5199     5206     5167     5066     4946     4846     4716     4559 
    4497     4522     4538     4559     4628     4738     4854     4947 
    5031     5124     5197     5231     5231     5230     5255     5261 
    5221     5196     5216     5234     5189     5089     4994     4903 
    4786     4672     4609     4602     4627     4657     4712     4817 
    4948     5077     5190     5264     5292     5273     5213     5163 
    5130     5052     4890     4715     4605     4530     4451     4396 
    4408     4468     4518     4573     4666     4767     4846     4889 
    4917     4991     5092     5168     5238     5300     5301     5225 
    5091     4946     4836     4737     4630     4548     4526     4556 
    4594     4643     4735     4870     5018     5153     5266     5357 
    5399     5365     5277     5188     5135     5081     4974     4873 
    4842     4819     4753     4708     4738     4823     4931     5054 
    5185     5303     5382     5412     5415     5430     5451     5412 
    5326     5284     5300     5319     5341     5412     5512     5576 
    5586     5563     5546     5533     5507     5499     5502     5470 
    5412     5383     5418     5498     5552     5550     5526     5518 
    5555     5633     5703     5754     5806     5815     5769     5761 
    5784     5756     5723     5752     5830     5888     5878     5864 
    5882     5884     5875     5866     5849     5865     5869     5768 
    5630     5535     5418     5261     5145     5110     5124     5159 
    5194     5230     5286     5331     5353     5409     5502     5607 
    5735     5893     6074     6248     6352     6380     6352     6287 
    6226     6155     6064     6018     5978     5843     5690     5616 
    5579     5552     5569     5612     5662     5729     5787     5826 
    5900     6028     6155     6233     6295     6377     6419     6383 
    6310     6264     6243     6178     6074     5982     5885     5766 
    5662     5634     5696     5747     5724     5696     5713     5752 
    5792     5813     5822     5821     5785     5742     5771     5882 
    6000     6066     6113     6187     6245     6237     6205     6166 
    6108     6049     5971     5856     5736     5646     5561     5453 
    5384     5380     5374     5351     5366     5443     5541     5635 
    5771     5952     6094     6169     6208     6240     6269     6245 
    6160     6049     5882     5658     5439     5273     5192     5182 
    5180     5170     5235     5386     5530     5643     5759     5861 
    5908     5893     5857     5839     5809     5716     5594     5469 
    5327     5193     5087     5020     5004     4995     4972     4993 
    5103     5263     5386     5455     5539     5613     5566     5443 
    5375     5352     5314     5275     5270     5295     5334     5367 
    5376     5369     5344     5289     5238     5221     5216     5177 
    5081     4977     4916     4882     4867     4889     4946     5030 
    5115     5187     5283     5399     5469     5465     5391     5292 
    5191     5058     4924     4869     4879     4871     4793     4698 
    4670     4686     4707     4769     4863     4950     5017     5059 
    5080     5102     5144     5199     5246     5288     5311     5283 
    5244     5262     5308     5328     5326     5348     5423     5477 
    5451     5418     5429     5434     5383     5301     5236     5195 
    5174     5167     5161     5155     5128     5068     5012     5015 
    5072     5108     5111     5151     5217     5240     5227     5227 
    5250     5270     5256     5219     5209     5243     5274     5280 
    5303     5353     5374     5351     5362     5447     5530     5548 
    5539     5541     5538     5502     5447     5423     5450     5463 
    5421     5395     5425     5476     5528     5577     5624     5677 
    5690     5654     5620     5609     5604     5566     5499     5475 
    5469     5408     5343     5336     5363     5386     5406     5475 
    5602     5725     5821     5892     5921     5875     5739     5571 
    5439     5334     5225     5107     5050     5092     5141     5147 
    5182     5291     5428     5495     5489     5475     5433     5348 
    5281     5257     5257     5258     5257     5270     5293     5346 
    5424     5456     5464     5520     5573     5577     5593     5660 
    5711     5690     5668     5685     5657     5566     5474     5396 
    5312     5209     5092     5023     5038     5097     5167     5247 
    5367     5538     5684     5782     5886     5966     5974     5922 
    5836     5750     5667     5574     5502     5476     5450     5388 
    5326     5312     5333     5350     5369     5421     5504     5562 
    5560     5562     5604     5653     5661     5618     5590     5600 
    5579     5531     5519     5518     5473     5399     5348     5366 
    5432     5490     5530     5567     5629     5689     5685     5656 
    5661     5651     5580     5499     5469     5470     5459     5440 
    5443     5487     5538     5543     5529     5547     5559     5537 
    5495     5444     5389     5315     5224     5166     5148     5139 
    5143     5176     5230     5281     5277     5236     5253     5309 
    5317     5293     5274     5245     5200     5164     5141     5143 
    5170     5168     5138     5122     5118     5125     5129     5143 
    5200     5247     5237     5213     5208     5188     5125     5041 
    4974     4941     4919     4908     4955     5048     5133     5209 
    5274     5300     5303     5285     5236     5207     5209     5188 
    5142     5122     5153     5159     5087     5005     4984     4987 
    4982     5010     5076     5149     5227     5274     5282     5306 
    5344     5345     5299     5242     5216     5183     5113     5063 
    5044     5013     4969     4924     4908     4923     4926     4934 
    4998     5092     5173     5225     5267     5327     5379     5370 
    5316     5269     5256     5214     5113     5061     5079     5070 
    5049     5082     5167     5256     5325     5402     5476     5512 
    5515     5468     5391     5347     5316     5261     5226     5258 
    5322     5348     5384     5504     5649     5756     5842     5919 
    6017     6121     6177     6201     6213     6198     6130     6011 
    5919     5861     5769     5669     5595     5540     5496     5418 
    5314     5263     5259     5243     5216     5221     5252     5274 
    5301     5352     5416     5471     5508     5545     5600     5659 
    5706     5753     5826     5923     5982     5941     5869     5856 
    5843     5797     5771     5762     5771     5800     5823     5879 
    5970     5997     5958     5923     5892     5840     5760     5673 
    5624     5594     5540     5470     5403     5352     5303     5236 
    5218     5297     5378     5421     5487     5571     5626     5638 
    5610     5562     5516     5445     5334     5234     5192     5191 
    5176     5145     5158     5210     5239     5239     5271     5335 
    5375     5406     5448     5480     5487     5433     5331     5249 
    5177     5088     5026     5016     5047     5070     5039     5003 
    5018     5076     5148     5212     5292     5399     5479     5514 
    5568     5661     5722     5709     5682     5668     5604     5493 
    5408     5349     5318     5318     5290     5270     5329     5416 
    5480     5527     5585     5668     5716     5716     5713     5678 
    5597     5509     5414     5337     5316     5294     5249     5240 
    5262     5281     5304     5361     5443     5482     5467     5453 
    5478     5521     5536     5533     5546     5542     5473     5341 
    5207     5120     5057     4998     4973     4982     5013     5064 
    5106     5147     5225     5291     5296     5290     5324     5360 
    5347     5318     5325     5334     5319     5316     5335     5367 
    5398     5398     5385     5389     5385     5346     5291     5258 
    5228     5160     5088     5063     5073     5062     5002     4956 
    4970     4992     4997     5020     5085     5152     5140     5094 
    5089     5084     5059     5030     5007     5043     5119     5159 
    5170     5182     5193     5163     5083     5041     5058     5055 
    5035     5043     5081     5114     5113     5101     5106     5127 
    5143     5124     5094     5118     5177     5196     5207     5253 
    5275     5257     5238     5257     5328     5383     5396     5416 
    5441     5436     5408     5369     5350     5374     5390     5371 
    5342     5308     5272     5236     5225     5284     5372     5425 
    5472     5537     5592     5605     5586     5577     5565     5508 
    5432     5390     5384     5378     5357     5337     5337     5362 
    5374     5342     5309     5311     5305     5277     5287     5351 
    5418     5430     5395     5383     5391     5344     5279     5273 
    5293     5295     5279     5259     5276     5324     5370     5415 
    5463     5520     5573     5574     5556     5566     5546     5467 
    5400     5372     5330     5264     5228     5241     5288     5349 
    5395     5434     5489     5527     5535     5550     5593     5647 
    5658     5625     5612     5613     5584     5537     5510     5499 
    5458     5365     5284     5264     5274     5272     5279     5334 
    5423     5494     5527     5555     5608     5659     5661     5624 
    5601     5584     5523     5420     5332     5288     5245     5214 
    5264     5351     5414     5492     5573     5625     5669     5699 
    5700     5699     5711     5707     5661     5597     5550     5508 
    5442     5379     5366     5381     5381     5375     5404     5476 
    5545     5587     5647     5753     5837     5859     5886     5919 
    5919     5904     5859     5797     5771     5746     5676     5603 
    5565     5548     5512     5474     5512     5597     5645     5662 
    5663     5651     5620     5561     5503     5467     5438     5388 
    5336     5327     5349     5353     5334     5328     5357     5384 
    5365     5333     5351     5376     5334     5268     5232     5225 
    5228     5212     5201     5219     5229     5224     5225     5246 
    5280     5289     5253     5231     5251     5255     5239     5246 
    5287     5302     5242     5174     5166     5169     5151     5150 
    5165     5158     5149     5155     5162     5194     5248     5254 
    5208     5185     5186     5166     5133     5130     5171     5206 
    5206     5210     5251     5295     5298     5295     5332     5381 
    5413     5426     5433     5457     5472     5442     5416     5435 
    5471     5469     5406     5355     5355     5333     5289     5286 
    5304     5305     5288     5274     5279     5280     5274     5283 
    5300     5316     5325     5307     5293     5324     5358     5356 
    5347     5370     5406     5396     5361     5352     5359     5354 
    5339     5348     5367     5360     5335     5311     5306     5315 
    5284     5214     5152     5114     5092     5075     5080     5134 
    5203     5245     5292     5381     5470     5521     5550     5577 
    5598     5589     5540     5484     5455     5432     5377     5290 
    5214     5159     5081     4988     4924     4913     4925     4913 
    4908     4948     4987     4995     5016     5076     5144     5179 
    5173     5157     5178     5215     5216     5208     5234     5259 
    5264     5275     5290     5317     5345     5326     5293     5289 
    5255     5180     5142     5149     5146     5126     5112     5120 
    5147     5162     5157     5158     5199     5281     5340     5366 
    5416     5472     5467     5410     5371     5367     5338     5288 
