Origin Time       2016/04/16 01:25:00
Lat.              32.753
Long.             130.762
Depth. (km)       12
Mag.              7.3
Station Code      NGS018
Station Lat.      32.6341
Station Long.     128.6194
Station Height(m) 6
Record Time       2016/04/16 01:25:48
Sampling Freq(Hz) 100Hz
Duration Time(s)  76
Dir.              N-S
Scale Factor      3920(gal)/6182761
Max. Acc. (gal)   2.151
Last Correction   2016/04/16 01:25:50
Memo.             
   -5796    -5792    -5789    -5794    -5794    -5792    -5790    -5793 
   -5795    -5789    -5793    -5797    -5790    -5791    -5794    -5791 
   -5791    -5793    -5794    -5792    -5792    -5796    -5791    -5790 
   -5796    -5792    -5788    -5793    -5796    -5792    -5789    -5796 
   -5797    -5789    -5791    -5793    -5790    -5792    -5793    -5792 
   -5792    -5791    -5793    -5795    -5794    -5792    -5790    -5794 
   -5795    -5789    -5791    -5794    -5792    -5793    -5792    -5793 
   -5793    -5789    -5793    -5794    -5790    -5793    -5791    -5790 
   -5794    -5793    -5793    -5794    -5792    -5794    -5791    -5791 
   -5794    -5790    -5792    -5796    -5794    -5791    -5792    -5795 
   -5792    -5789    -5794    -5793    -5792    -5795    -5791    -5791 
   -5795    -5792    -5792    -5791    -5794    -5795    -5790    -5793 
   -5796    -5791    -5792    -5796    -5794    -5792    -5791    -5794 
   -5794    -5791    -5794    -5794    -5792    -5791    -5790    -5794 
   -5795    -5792    -5794    -5794    -5791    -5794    -5795    -5793 
   -5792    -5792    -5794    -5792    -5792    -5794    -5790    -5792 
   -5792    -5790    -5792    -5792    -5792    -5792    -5790    -5795 
   -5796    -5793    -5794    -5792    -5791    -5794    -5794    -5793 
   -5790    -5792    -5796    -5791    -5794    -5798    -5790    -5792 
   -5798    -5792    -5790    -5796    -5796    -5791    -5791    -5795 
   -5793    -5791    -5794    -5792    -5791    -5792    -5791    -5793 
   -5793    -5793    -5792    -5790    -5793    -5792    -5791    -5795 
   -5793    -5791    -5795    -5792    -5792    -5793    -5791    -5794 
   -5792    -5790    -5795    -5793    -5790    -5794    -5793    -5791 
   -5791    -5793    -5793    -5791    -5793    -5793    -5791    -5794 
   -5793    -5793    -5793    -5791    -5793    -5792    -5791    -5795 
   -5792    -5792    -5796    -5792    -5792    -5793    -5792    -5793 
   -5791    -5793    -5793    -5788    -5793    -5795    -5791    -5794 
   -5794    -5793    -5793    -5793    -5795    -5793    -5791    -5794 
   -5791    -5791    -5795    -5792    -5792    -5793    -5792    -5793 
   -5794    -5793    -5789    -5792    -5796    -5790    -5791    -5798 
   -5791    -5790    -5796    -5791    -5790    -5792    -5794    -5794 
   -5790    -5793    -5795    -5790    -5792    -5794    -5793    -5792 
   -5792    -5794    -5794    -5792    -5795    -5794    -5791    -5793 
   -5794    -5794    -5794    -5794    -5795    -5792    -5793    -5794 
   -5790    -5791    -5793    -5791    -5791    -5792    -5794    -5794 
   -5791    -5795    -5795    -5792    -5794    -5792    -5792    -5795 
   -5792    -5792    -5793    -5793    -5794    -5792    -5794    -5796 
   -5792    -5794    -5792    -5790    -5795    -5796    -5794    -5791 
   -5792    -5794    -5790    -5792    -5795    -5791    -5792    -5794 
   -5792    -5796    -5797    -5794    -5794    -5792    -5793    -5795 
   -5793    -5791    -5792    -5794    -5793    -5791    -5797    -5798 
   -5793    -5792    -5790    -5790    -5794    -5793    -5794    -5793 
   -5792    -5796    -5800    -5799    -5795    -5791    -5790    -5788 
   -5792    -5798    -5797    -5796    -5793    -5790    -5796    -5797 
   -5794    -5797    -5791    -5785    -5791    -5795    -5796    -5798 
   -5798    -5792    -5788    -5795    -5797    -5792    -5792    -5793 
   -5789    -5791    -5799    -5804    -5802    -5798    -5799    -5795 
   -5790    -5794    -5792    -5788    -5787    -5788    -5792    -5797 
   -5802    -5801    -5796    -5798    -5796    -5791    -5798    -5797 
   -5789    -5789    -5793    -5793    -5794    -5799    -5800    -5791 
   -5789    -5793    -5787    -5788    -5794    -5793    -5793    -5795 
   -5798    -5796    -5793    -5797    -5795    -5790    -5793    -5792 
   -5787    -5788    -5789    -5787    -5785    -5793    -5800    -5798 
   -5803    -5808    -5798    -5795    -5799    -5795    -5786    -5786 
   -5795    -5794    -5790    -5798    -5798    -5790    -5793    -5794 
   -5789    -5788    -5792    -5796    -5797    -5800    -5798    -5787 
   -5789    -5797    -5792    -5788    -5788    -5784    -5784    -5789 
   -5795    -5797    -5795    -5790    -5785    -5791    -5799    -5796 
   -5795    -5793    -5782    -5782    -5789    -5794    -5792    -5787 
   -5793    -5794    -5784    -5784    -5791    -5793    -5796    -5805 
   -5816    -5813    -5802    -5799    -5793    -5784    -5778    -5776 
   -5780    -5783    -5786    -5798    -5808    -5814    -5807    -5796 
   -5794    -5789    -5781    -5781    -5780    -5784    -5795    -5796 
   -5792    -5784    -5780    -5783    -5789    -5800    -5814    -5810 
   -5794    -5787    -5789    -5790    -5798    -5817    -5820    -5808 
   -5807    -5802    -5791    -5786    -5781    -5775    -5775    -5790 
   -5808    -5808    -5807    -5804    -5785    -5777    -5782    -5783 
   -5789    -5797    -5798    -5799    -5806    -5814    -5811    -5809 
   -5811    -5802    -5794    -5794    -5783    -5770    -5768    -5782 
   -5799    -5800    -5796    -5797    -5796    -5800    -5802    -5798 
   -5801    -5801    -5792    -5791    -5799    -5803    -5802    -5809 
   -5816    -5802    -5787    -5794    -5804    -5805    -5799    -5791 
   -5787    -5787    -5793    -5797    -5791    -5786    -5781    -5780 
   -5793    -5808    -5812    -5800    -5789    -5794    -5796    -5794 
   -5798    -5803    -5810    -5814    -5814    -5819    -5821    -5815 
   -5803    -5792    -5794    -5801    -5808    -5811    -5800    -5787 
   -5780    -5779    -5790    -5795    -5786    -5788    -5781    -5765 
   -5774    -5802    -5817    -5817    -5817    -5822    -5813    -5794 
   -5787    -5781    -5770    -5765    -5786    -5826    -5844    -5839 
   -5829    -5814    -5801    -5791    -5779    -5772    -5773    -5782 
   -5794    -5807    -5821    -5824    -5813    -5797    -5777    -5771 
   -5778    -5780    -5782    -5786    -5790    -5801    -5814    -5819 
   -5807    -5789    -5786    -5786    -5785    -5802    -5822    -5824 
   -5810    -5795    -5791    -5797    -5807    -5797    -5754    -5717 
   -5704    -5723    -5785    -5847    -5861    -5851    -5842    -5837 
   -5832    -5829    -5824    -5813    -5810    -5822    -5820    -5805 
   -5795    -5790    -5786    -5774    -5761    -5756    -5756    -5761 
   -5758    -5747    -5749    -5756    -5764    -5778    -5799    -5827 
   -5844    -5852    -5866    -5877    -5868    -5827    -5775    -5753 
   -5752    -5761    -5797    -5833    -5840    -5820    -5795    -5782 
   -5785    -5790    -5788    -5795    -5824    -5844    -5842    -5824 
   -5795    -5776    -5762    -5740    -5731    -5733    -5754    -5799 
   -5840    -5864    -5871    -5872    -5886    -5891    -5866    -5824 
   -5765    -5709    -5668    -5637    -5641    -5675    -5712    -5760 
   -5804    -5816    -5808    -5790    -5767    -5735    -5714    -5734 
   -5770    -5790    -5822    -5879    -5913    -5895    -5857    -5800 
   -5706    -5646    -5667    -5723    -5782    -5847    -5898    -5896 
   -5852    -5807    -5770    -5745    -5748    -5750    -5735    -5741 
   -5780    -5811    -5807    -5803    -5819    -5820    -5806    -5776 
   -5725    -5692    -5698    -5734    -5807    -5876    -5897    -5886 
   -5866    -5849    -5831    -5808    -5773    -5727    -5715    -5738 
   -5755    -5763    -5765    -5756    -5750    -5762    -5793    -5810 
   -5790    -5771    -5767    -5755    -5763    -5809    -5842    -5829 
   -5802    -5783    -5769    -5774    -5796    -5817    -5838    -5849 
   -5835    -5823    -5837    -5865    -5890    -5900    -5869    -5790 
   -5714    -5697    -5718    -5743    -5776    -5811    -5837    -5871 
   -5924    -5954    -5939    -5928    -5930    -5900    -5859    -5831 
   -5797    -5743    -5678    -5630    -5608    -5613    -5662    -5727 
   -5764    -5787    -5812    -5812    -5783    -5762    -5755    -5715 
   -5659    -5635    -5630    -5654    -5711    -5753    -5747    -5706 
   -5682    -5722    -5809    -5903    -5955    -5960    -5971    -5976 
   -5938    -5904    -5906    -5913    -5885    -5838    -5822    -5803 
   -5754    -5729    -5740    -5785    -5891    -6012    -6076    -6066 
   -6002    -5909    -5817    -5782    -5805    -5826    -5804    -5764 
   -5761    -5811    -5876    -5926    -5939    -5888    -5796    -5703 
   -5628    -5594    -5617    -5669    -5727    -5804    -5878    -5919 
   -5946    -5948    -5890    -5798    -5727    -5699    -5730    -5811 
   -5882    -5874    -5801    -5752    -5740    -5724    -5701    -5666 
   -5632    -5627    -5650    -5697    -5748    -5775    -5772    -5735 
   -5691    -5683    -5690    -5689    -5701    -5743    -5789    -5825 
   -5892    -6018    -6157    -6237    -6208    -6102    -5987    -5870 
   -5747    -5633    -5545    -5550    -5691    -5899    -6055    -6099 
   -6062    -5985    -5870    -5749    -5685    -5690    -5706    -5674 
   -5620    -5612    -5646    -5673    -5699    -5765    -5857    -5919 
   -5942    -5952    -5936    -5900    -5868    -5837    -5804    -5791 
   -5776    -5712    -5628    -5606    -5661    -5727    -5765    -5820 
   -5898    -5920    -5882    -5821    -5733    -5653    -5613    -5596 
   -5619    -5682    -5750    -5827    -5897    -5922    -5914    -5896 
   -5853    -5778    -5711    -5645    -5557    -5523    -5590    -5715 
   -5883    -6051    -6146    -6150    -6073    -5957    -5857    -5811 
   -5835    -5866    -5846    -5812    -5777    -5727    -5714    -5779 
   -5886    -5974    -6030    -6032    -5953    -5852    -5785    -5746 
   -5727    -5737    -5735    -5661    -5551    -5468    -5405    -5375 
   -5407    -5447    -5458    -5530    -5725    -5939    -6051    -6077 
   -6052    -5934    -5761    -5641    -5588    -5558    -5518    -5464 
   -5443    -5502    -5632    -5775    -5847    -5834    -5836    -5901 
   -5951    -5956    -6013    -6155    -6307    -6402    -6414    -6374 
   -6337    -6309    -6259    -6188    -6131    -6091    -6027    -5966 
   -5945    -5936    -5916    -5852    -5731    -5627    -5571    -5525 
   -5480    -5448    -5453    -5473    -5481    -5517    -5602    -5711 
   -5803    -5839    -5795    -5678    -5561    -5500    -5477    -5505 
   -5587    -5655    -5707    -5764    -5791    -5793    -5767    -5670 
   -5536    -5453    -5474    -5544    -5562    -5552    -5594    -5668 
   -5716    -5748    -5797    -5864    -5958    -6084    -6200    -6274 
   -6295    -6249    -6134    -5993    -5911    -5962    -6127    -6306 
   -6385    -6317    -6142    -5929    -5724    -5561    -5463    -5424 
   -5406    -5379    -5335    -5303    -5352    -5483    -5596    -5682 
   -5820    -5977    -6040    -5994    -5915    -5857    -5825    -5830 
   -5893    -6021    -6178    -6289    -6317    -6253    -6116    -5976 
   -5872    -5803    -5787    -5800    -5777    -5692    -5529    -5312 
   -5121    -5001    -4917    -4838    -4801    -4853    -4975    -5119 
   -5270    -5474    -5740    -6016    -6235    -6331    -6319    -6287 
   -6272    -6272    -6280    -6264    -6201    -6122    -6062    -6009 
   -5947    -5880    -5786    -5671    -5630    -5652    -5626    -5580 
   -5622    -5757    -5871    -5897    -5917    -5975    -6007    -6016 
   -6030    -6005    -5928    -5839    -5785    -5786    -5848    -5955 
   -6052    -6115    -6135    -6072    -5940    -5788    -5632    -5493 
   -5408    -5399    -5427    -5431    -5397    -5362    -5374    -5436 
   -5506    -5583    -5681    -5756    -5766    -5732    -5718    -5758 
   -5828    -5887    -5934    -5999    -6081    -6143    -6158    -6125 
   -6085    -6101    -6175    -6276    -6407    -6518    -6528    -6466 
   -6391    -6284    -6126    -5965    -5825    -5672    -5533    -5505 
   -5576    -5661    -5708    -5683    -5580    -5429    -5264    -5100 
   -4963    -4924    -5014    -5155    -5289    -5451    -5657    -5852 
   -6025    -6232    -6448    -6604    -6666    -6593    -6415    -6238 
   -6065    -5861    -5706    -5693    -5789    -5857    -5844    -5808 
   -5770    -5721    -5679    -5647    -5596    -5504    -5426    -5449 
   -5545    -5588    -5515    -5424    -5432    -5492    -5535    -5622 
   -5838    -6127    -6319    -6341    -6257    -6153    -6078    -5989 
   -5831    -5664    -5553    -5502    -5508    -5540    -5557    -5543 
   -5518    -5501    -5464    -5400    -5335    -5287    -5304    -5345 
   -5322    -5287    -5320    -5421    -5552    -5665    -5776    -5905 
   -5974    -5952    -5943    -6054    -6244    -6375    -6378    -6271 
   -6111    -5966    -5861    -5770    -5643    -5446    -5207    -4968 
   -4757    -4614    -4594    -4734    -4951    -5142    -5324    -5485 
   -5561    -5580    -5620    -5745    -5943    -6143    -6313    -6467 
   -6608    -6704    -6720    -6679    -6649    -6656    -6654    -6583 
   -6451    -6269    -5977    -5589    -5266    -5120    -5122    -5219 
   -5379    -5530    -5623    -5657    -5595    -5448    -5328    -5307 
   -5380    -5497    -5598    -5695    -5825    -5972    -6142    -6336 
   -6478    -6489    -6402    -6315    -6252    -6198    -6175    -6149 
   -6090    -6051    -6041    -6037    -6039    -5992    -5868    -5717 
   -5570    -5463    -5471    -5579    -5684    -5732    -5716    -5661 
   -5676    -5821    -5990    -6098    -6167    -6198    -6177    -6127 
   -6107    -6141    -6188    -6187    -6092    -5910    -5711    -5611 
   -5668    -5810    -5948    -6022    -5966    -5838    -5763    -5731 
   -5709    -5715    -5691    -5571    -5419    -5313    -5249    -5207 
   -5193    -5184    -5170    -5183    -5193    -5166    -5162    -5250 
   -5445    -5717    -6012    -6252    -6363    -6345    -6239    -6077 
   -5952    -5909    -5870    -5794    -5740    -5762    -5850    -5947 
   -6017    -6056    -6090    -6156    -6234    -6292    -6320    -6289 
   -6197    -6061    -5870    -5629    -5394    -5255    -5213    -5180 
   -5152    -5140    -5118    -5147    -5285    -5499    -5748    -5992 
   -6184    -6308    -6372    -6369    -6273    -6124    -5969    -5819 
   -5723    -5730    -5815    -5890    -5885    -5838    -5790    -5685 
   -5499    -5266    -5038    -4916    -4941    -5016    -5067    -5137 
   -5268    -5411    -5525    -5593    -5613    -5629    -5666    -5714 
   -5767    -5803    -5846    -5915    -5994    -6104    -6228    -6288 
   -6276    -6235    -6191    -6138    -6064    -6024    -6053    -6088 
   -6071    -5983    -5867    -5798    -5765    -5725    -5690    -5664 
   -5643    -5635    -5649    -5694    -5767    -5814    -5747    -5593 
   -5470    -5390    -5337    -5363    -5468    -5557    -5576    -5621 
   -5750    -5900    -6070    -6267    -6394    -6422    -6388    -6314 
   -6229    -6153    -6077    -5997    -5968    -6030    -6087    -6036 
   -5903    -5737    -5576    -5466    -5413    -5388    -5370    -5404 
   -5519    -5644    -5724    -5769    -5790    -5784    -5726    -5634 
   -5540    -5453    -5431    -5519    -5657    -5790    -5888    -5892 
   -5827    -5771    -5770    -5846    -5948    -6006    -6006    -5975 
   -5952    -5932    -5887    -5825    -5767    -5710    -5630    -5530 
   -5432    -5410    -5561    -5799    -5972    -6117    -6258    -6294 
   -6188    -6010    -5849    -5755    -5749    -5812    -5871    -5861 
   -5772    -5677    -5661    -5699    -5725    -5703    -5648    -5632 
   -5676    -5700    -5671    -5660    -5740    -5897    -6037    -6129 
   -6231    -6319    -6317    -6251    -6207    -6193    -6149    -6074 
   -6022    -5967    -5838    -5642    -5472    -5383    -5376    -5435 
   -5502    -5565    -5630    -5637    -5580    -5504    -5434    -5418 
   -5485    -5582    -5626    -5579    -5491    -5456    -5492    -5545 
   -5572    -5594    -5637    -5670    -5655    -5601    -5556    -5555 
   -5575    -5603    -5657    -5696    -5707    -5751    -5825    -5903 
   -6002    -6131    -6231    -6254    -6254    -6285    -6340    -6424 
   -6504    -6501    -6418    -6323    -6223    -6085    -5909    -5692 
   -5442    -5218    -5051    -4928    -4874    -4904    -4970    -5061 
   -5189    -5339    -5457    -5509    -5553    -5611    -5631    -5638 
   -5682    -5763    -5852    -5903    -5918    -5948    -6032    -6177 
   -6342    -6430    -6383    -6248    -6109    -6013    -5970    -5982 
   -6030    -6039    -5916    -5679    -5435    -5241    -5113    -5083 
   -5140    -5235    -5347    -5483    -5629    -5773    -5933    -6086 
   -6171    -6218    -6279    -6330    -6359    -6341    -6226    -6058 
   -5899    -5763    -5657    -5590    -5569    -5559    -5523    -5494 
   -5523    -5616    -5733    -5835    -5928    -5997    -6005    -5952 
   -5882    -5867    -5911    -5957    -5975    -5938    -5864    -5800 
   -5726    -5636    -5560    -5513    -5502    -5488    -5434    -5389 
   -5417    -5491    -5547    -5595    -5647    -5646    -5566    -5496 
   -5524    -5630    -5722    -5771    -5816    -5867    -5883    -5842 
   -5785    -5755    -5763    -5845    -5988    -6078    -6094    -6133 
   -6207    -6279    -6350    -6422    -6464    -6446    -6384    -6321 
   -6236    -6105    -5987    -5975    -6053    -6100    -6099    -6098 
   -6063    -6002    -5997    -6072    -6176    -6266    -6334    -6346 
   -6241    -6027    -5787    -5598    -5467    -5352    -5247    -5184 
   -5202    -5312    -5452    -5567    -5629    -5593    -5484    -5367 
   -5269    -5250    -5331    -5410    -5397    -5333    -5327    -5394 
   -5507    -5666    -5813    -5888    -5925    -5961    -5978    -5958 
   -5914    -5857    -5787    -5766    -5879    -6086    -6293    -6444 
   -6505    -6473    -6379    -6276    -6192    -6097    -5975    -5887 
   -5882    -5927    -5963    -5976    -5943    -5832    -5688    -5578 
   -5525    -5498    -5438    -5354    -5288    -5287    -5400    -5567 
   -5679    -5739    -5799    -5896    -6008    -6068    -6055    -6004 
   -5933    -5850    -5760    -5676    -5617    -5597    -5599    -5587 
   -5547    -5454    -5296    -5128    -4991    -4888    -4839    -4829 
   -4832    -4889    -5050    -5281    -5465    -5539    -5573    -5650 
   -5775    -5933    -6123    -6297    -6351    -6280    -6219    -6242 
   -6314    -6392    -6412    -6348    -6277    -6277    -6298    -6245 
   -6096    -5844    -5485    -5116    -4856    -4792    -4950    -5241 
   -5537    -5766    -5937    -6079    -6170    -6204    -6209    -6169 
   -6080    -6012    -6010    -6043    -6089    -6130    -6094    -5981 
   -5883    -5812    -5727    -5630    -5521    -5413    -5361    -5412 
   -5560    -5732    -5882    -6001    -6042    -6005    -5932    -5821 
   -5707    -5641    -5609    -5592    -5599    -5640    -5698    -5752 
   -5787    -5767    -5686    -5603    -5528    -5449    -5403    -5399 
   -5443    -5550    -5685    -5827    -5976    -6092    -6142    -6150 
   -6166    -6197    -6233    -6278    -6310    -6281    -6205    -6156 
   -6170    -6236    -6310    -6286    -6107    -5844    -5603    -5445 
   -5372    -5332    -5240    -5017    -4707    -4473    -4409    -4524 
   -4813    -5176    -5499    -5768    -5960    -6061    -6148    -6286 
   -6442    -6579    -6688    -6705    -6584    -6402    -6240    -6117 
   -6069    -6103    -6164    -6197    -6183    -6142    -6091    -6034 
   -5983    -5926    -5865    -5805    -5713    -5591    -5517    -5523 
   -5518    -5441    -5367    -5311    -5207    -5104    -5075    -5093 
   -5110    -5149    -5270    -5458    -5634    -5765    -5869    -5951 
   -5983    -5986    -5995    -5965    -5914    -5979    -6164    -6335 
   -6422    -6428    -6372    -6269    -6142    -6043    -5978    -5920 
   -5906    -5959    -5993    -5923    -5807    -5764    -5801    -5839 
   -5841    -5843    -5875    -5910    -5935    -5954    -5924    -5866 
   -5841    -5841    -5878    -5976    -6077    -6121    -6137    -6145 
   -6098    -5972    -5829    -5735    -5698    -5668    -5596    -5484 
   -5358    -5232    -5134    -5109    -5181    -5320    -5482    -5626 
   -5711    -5750    -5797    -5855    -5890    -5906    -5909    -5889 
   -5860    -5875    -5949    -6040    -6146    -6299    -6455    -6542 
   -6559    -6536    -6462    -6336    -6203    -6089    -6001    -5955 
   -5917    -5837    -5721    -5620    -5613    -5708    -5800    -5814 
   -5780    -5740    -5706    -5692    -5737    -5805    -5789    -5687 
   -5588    -5553    -5603    -5663    -5627    -5520    -5447    -5428 
   -5431    -5460    -5543    -5695    -5919    -6181    -6405    -6512 
   -6487    -6398    -6296    -6166    -6052    -6028    -6058    -6084 
   -6130    -6183    -6163    -6087    -6063    -6097    -6095    -6030 
   -5908    -5710    -5460    -5241    -5095    -4994    -4922    -4891 
   -4889    -4932    -5028    -5092    -5079    -5072    -5126    -5171 
   -5161    -5176    -5274    -5384    -5434    -5443    -5478    -5554 
   -5647    -5807    -6053    -6270    -6372    -6363    -6276    -6175 
   -6098    -6025    -5945    -5884    -5834    -5753    -5674    -5663 
   -5689    -5708    -5749    -5833    -5889    -5855    -5781    -5738 
   -5747    -5812    -5894    -5956    -6006    -6018    -5991    -5975 
   -5970    -5953    -5935    -5919    -5904    -5848    -5702    -5498 
   -5353    -5370    -5514    -5649    -5720    -5752    -5765    -5758 
   -5738    -5728    -5687    -5577    -5506    -5581    -5737    -5849 
   -5889    -5919    -5957    -5973    -5981    -5964    -5857    -5665 
   -5471    -5378    -5409    -5544    -5756    -5957    -6080    -6114 
   -6050    -5925    -5795    -5708    -5707    -5788    -5929    -6069 
   -6131    -6133    -6103    -6031    -5954    -5917    -5898    -5866 
   -5832    -5806    -5773    -5738    -5702    -5692    -5747    -5812 
   -5814    -5788    -5780    -5782    -5778    -5762    -5755    -5790 
   -5870    -5992    -6146    -6289    -6372    -6363    -6253    -6095 
   -5959    -5853    -5777    -5754    -5741    -5703    -5667    -5640 
   -5608    -5567    -5479    -5389    -5394    -5477    -5546    -5559 
   -5558    -5570    -5604    -5729    -5962    -6188    -6316    -6338 
   -6268    -6133    -5998    -5930    -5928    -5962    -6023    -6090 
   -6131    -6136    -6120    -6120    -6117    -6044    -5907    -5758 
   -5625    -5517    -5483    -5562    -5697    -5820    -5940    -6052 
   -6139    -6221    -6272    -6243    -6139    -6002    -5846    -5700 
   -5621    -5607    -5630    -5682    -5700    -5650    -5580    -5510 
   -5432    -5375    -5372    -5408    -5418    -5368    -5294    -5276 
   -5363    -5504    -5623    -5699    -5721    -5707    -5706    -5739 
   -5823    -5963    -6131    -6308    -6437    -6415    -6224    -5951 
   -5701    -5532    -5445    -5416    -5410    -5407    -5443    -5548 
   -5678    -5769    -5818    -5848    -5837    -5764    -5670    -5595 
   -5549    -5540    -5560    -5571    -5536    -5466    -5412    -5396 
   -5443    -5557    -5679    -5755    -5806    -5894    -6041    -6199 
   -6306    -6307    -6200    -6007    -5708    -5380    -5157    -5055 
   -5047    -5100    -5149    -5190    -5252    -5313    -5339    -5351 
   -5410    -5512    -5625    -5757    -5908    -6055    -6176    -6263 
   -6349    -6408    -6335    -6130    -5896    -5710    -5619    -5637 
   -5723    -5827    -5966    -6178    -6393    -6499    -6517    -6528 
   -6533    -6532    -6544    -6509    -6370    -6190    -6069    -6028 
   -6019    -6012    -6020    -6020    -5974    -5931    -5935    -5965 
   -5979    -5928    -5792    -5578    -5340    -5181    -5109    -5040 
   -4945    -4857    -4811    -4798    -4804    -4884    -5054    -5236 
   -5414    -5622    -5833    -5995    -6069    -6033    -5923    -5820 
   -5762    -5701    -5618    -5567    -5578    -5627    -5712    -5832 
   -5940    -6038    -6180    -6321    -6380    -6378    -6338    -6227 
   -6050    -5877    -5769    -5731    -5748    -5798    -5843    -5877 
   -5923    -5971    -5998    -5975    -5906    -5840    -5786    -5717 
   -5644    -5611    -5650    -5714    -5722    -5684    -5674    -5723 
   -5824    -5988    -6197    -6374    -6504    -6645    -6796    -6905 
   -6934    -6870    -6748    -6588    -6372    -6110    -5852    -5624 
   -5441    -5341    -5322    -5286    -5222    -5215    -5255    -5291 
   -5311    -5292    -5277    -5326    -5398    -5415    -5371    -5357 
   -5431    -5542    -5622    -5622    -5547    -5485    -5517    -5665 
   -5891    -6111    -6258    -6309    -6288    -6245    -6206    -6180 
   -6161    -6120    -6022    -5850    -5637    -5474    -5426    -5464 
   -5505    -5527    -5556    -5553    -5504    -5484    -5530    -5613 
   -5676    -5668    -5613    -5544    -5480    -5445    -5426    -5422 
   -5443    -5464    -5487    -5545    -5641    -5729    -5795    -5887 
   -5981    -6013    -6002    -5981    -5940    -5887    -5841    -5794 
   -5713    -5571    -5386    -5214    -5104    -5077    -5144    -5261 
   -5369    -5505    -5698    -5852    -5892    -5833    -5693    -5494 
   -5280    -5100    -5000    -5010    -5137    -5355    -5613    -5874 
   -6098    -6231    -6237    -6153    -6095    -6101    -6097    -6070 
   -6062    -6073    -6089    -6131    -6170    -6106    -5952    -5850 
   -5824    -5806    -5790    -5784    -5775    -5745    -5698    -5679 
   -5707    -5727    -5699    -5627    -5540    -5429    -5287    -5210 
   -5294    -5445    -5514    -5509    -5521    -5559    -5594    -5637 
   -5713    -5802    -5847    -5844    -5833    -5819    -5783    -5720 
   -5636    -5562    -5508    -5460    -5478    -5597    -5728    -5771 
   -5716    -5628    -5533    -5400    -5245    -5142    -5116    -5145 
   -5246    -5426    -5611    -5715    -5730    -5676    -5591    -5525 
   -5495    -5504    -5517    -5503    -5523    -5622    -5742    -5801 
   -5772    -5713    -5696    -5738    -5809    -5876    -5963    -6080 
   -6194    -6318    -6442    -6506    -6482    -6350    -6140    -5939 
   -5771    -5615    -5490    -5448    -5485    -5523    -5552    -5630 
   -5767    -5919    -6019    -6052    -6070    -6098    -6138    -6211 
   -6313    -6409    -6454    -6437    -6398    -6376    -6392    -6421 
   -6431    -6422    -6367    -6244    -6085    -5898    -5676    -5454 
   -5267    -5124    -5017    -4964    -4989    -5055    -5126    -5231 
   -5395    -5571    -5688    -5752    -5797    -5810    -5775    -5729 
   -5738    -5784    -5743    -5616    -5541    -5566    -5619    -5616 
   -5525    -5380    -5210    -5062    -5001    -5020    -5090    -5233 
   -5450    -5707    -5947    -6105    -6154    -6103    -6007    -5963 
   -5998    -6031    -6035    -6047    -6037    -5980    -5946    -5973 
   -6033    -6082    -6092    -6099    -6116    -6097    -6057    -6037 
   -6066    -6171    -6289    -6316    -6216    -6006    -5774    -5619 
   -5541    -5500    -5483    -5482    -5466    -5429    -5439    -5536 
   -5669    -5801    -5911    -5964    -5962    -5961    -6017    -6097 
   -6155    -6200    -6219    -6232    -6287    -6325    -6296    -6263 
   -6256    -6190    -6058    -5949    -5858    -5742    -5665    -5650 
   -5637    -5607    -5582    -5570    -5559    -5551    -5559    -5569 
   -5574    -5610    -5685    -5796    -5936    -6096    -6269    -6407 
   -6483    -6531    -6548    -6518    -6463    -6383    -6274    -6164 
   -6131    -6201    -6313    -6423    -6485    -6463    -6392    -6306 
   -6229    -6170    -6108    -6044    -5988    -5937    -5909    -5904 
   -5931    -6010    -6114    -6168    -6114    -5987    -5887    -5838 
   -5800    -5760    -5741    -5755    -5798    -5877    -5977    -6015 
   -5973    -5930    -5959    -6109    -6358    -6576    -6706    -6786 
   -6827    -6805    -6728    -6615    -6453    -6227    -5944    -5653 
   -5466    -5443    -5516    -5601    -5678    -5745    -5776    -5766 
   -5739    -5659    -5467    -5219    -4990    -4818    -4745    -4751 
   -4788    -4856    -4967    -5079    -5132    -5137    -5125    -5081 
   -5026    -4988    -4940    -4903    -4913    -4928    -4902    -4841 
   -4779    -4723    -4658    -4607    -4585    -4587    -4633    -4734 
   -4868    -5010    -5166    -5364    -5573    -5728    -5788    -5762 
   -5733    -5778    -5886    -6017    -6111    -6107    -6046    -6006 
   -5980    -5924    -5878    -5915    -6028    -6173    -6305    -6397 
   -6469    -6522    -6525    -6466    -6347    -6189    -6020    -5846 
   -5693    -5604    -5589    -5643    -5760    -5928    -6115    -6266 
   -6377    -6492    -6634    -6760    -6809    -6811    -6817    -6777 
   -6642    -6444    -6227    -6010    -5805    -5624    -5472    -5367 
   -5325    -5333    -5389    -5515    -5704    -5906    -6039    -6063 
   -6033    -5984    -5885    -5735    -5584    -5462    -5335    -5180 
   -5049    -4972    -4924    -4907    -4934    -5023    -5195    -5424 
   -5642    -5787    -5849    -5832    -5721    -5559    -5407    -5257 
   -5091    -4877    -4612    -4380    -4258    -4264    -4373    -4527 
   -4702    -4890    -5064    -5214    -5335    -5404    -5383    -5224 
   -4930    -4593    -4337    -4178    -4064    -3985    -3919    -3833 
   -3768    -3772    -3848    -4000    -4260    -4675    -5238    -5868 
   -6487    -7052    -7525    -7842    -7951    -7898    -7777    -7639 
   -7511    -7402    -7308    -7244    -7247    -7326    -7452    -7611 
   -7813    -7989    -8031    -7945    -7790    -7588    -7353    -7132 
   -6971    -6901    -6949    -7094    -7273    -7430    -7504    -7441 
   -7226    -6881    -6469    -6057    -5662    -5310    -5028    -4815 
   -4700    -4739    -4931    -5188    -5430    -5626    -5752    -5803 
   -5829    -5833    -5751    -5557    -5285    -5003    -4762    -4569 
   -4442    -4356    -4223    -3996    -3693    -3349    -2997    -2686 
   -2485    -2415    -2441    -2522    -2634    -2802    -3072    -3449 
   -3915    -4438    -4967    -5418    -5739    -5987    -6229    -6491 
   -6778    -7030    -7179    -7184    -7034    -6818    -6676    -6675 
   -6792    -6967    -7148    -7262    -7236    -7095    -6887    -6636 
   -6416    -6289    -6254    -6309    -6477    -6747    -7045    -7328 
   -7574    -7732    -7794    -7791    -7703    -7491    -7159    -6770 
   -6421    -6167    -6012    -6003    -6172    -6449    -6745    -7023 
   -7258    -7408    -7454    -7438    -7404    -7345    -7242    -7134 
   -7072    -7073    -7112    -7138    -7155    -7219    -7301    -7323 
   -7267    -7191    -7171    -7235    -7338    -7420    -7412    -7280 
   -7045    -6742    -6390    -5979    -5534    -5123    -4778    -4515 
   -4358    -4293    -4323    -4446    -4580    -4679    -4781    -4891 
   -4962    -5017    -5169    -5454    -5774    -6045    -6253    -6389 
   -6433    -6362    -6158    -5829    -5424    -4997    -4571    -4214 
   -3999    -3915    -3968    -4185    -4492    -4785    -5034    -5254 
   -5428    -5473    -5340    -5070    -4729    -4367    -4006    -3681 
   -3440    -3313    -3315    -3431    -3614    -3788    -3866    -3836 
   -3748    -3684    -3752    -4012    -4459    -5054    -5698    -6331 
   -6955    -7525    -7944    -8138    -8090    -7797    -7274    -6610 
   -5931    -5373    -5045    -4956    -5054    -5291    -5598    -5924 
   -6221    -6383    -6335    -6105    -5757    -5357    -4950    -4567 
   -4263    -4082    -3999    -3945    -3866    -3724    -3485    -3211 
   -3021    -2951    -2988    -3185    -3586    -4129    -4738    -5405 
   -6095    -6696    -7157    -7483    -7650    -7633    -7462    -7272 
   -7203    -7237    -7289    -7332    -7353    -7346    -7309    -7211 
   -7014    -6722    -6396    -6086    -5818    -5618    -5513    -5546 
   -5719    -5945    -6136    -6247    -6282    -6272    -6266    -6288 
   -6297    -6251    -6170    -6059    -5902    -5728    -5581    -5469 
   -5381    -5319    -5282    -5237    -5156    -5088    -5144    -5397 
   -5827    -6366    -6927    -7392    -7698    -7853    -7859    -7738 
   -7542    -7316    -7082    -6844    -6627    -6455    -6309    -6171 
   -6026    -5800    -5459    -5118    -4944    -4986    -5170    -5443 
   -5746    -5997    -6176    -6305    -6400    -6497    -6633    -6823 
   -7056    -7261    -7384    -7453    -7511    -7555    -7587    -7646 
   -7727    -7762    -7722    -7618    -7430    -7126    -6737    -6359 
   -6071    -5906    -5855    -5880    -5935    -5958    -5925    -5862 
   -5777    -5689    -5629    -5549    -5382    -5155    -4964    -4838 
   -4691    -4495    -4350    -4315    -4367    -4470    -4594    -4728 
   -4850    -4958    -5100    -5289    -5514    -5784    -6038    -6162 
   -6102    -5889    -5577    -5218    -4903    -4706    -4611    -4556 
   -4491    -4421    -4434    -4568    -4774    -5003    -5232    -5425 
   -5524    -5511    -5432    -5334    -5244    -5191    -5205    -5298 
   -5436    -5592    -5818    -6123    -6394    -6551    -6610    -6597 
   -6530    -6463    -6439    -6456    -6549    -6746    -6982    -7171 
   -7273    -7290    -7250    -7168    -7044    -6843    -6534    -6151 
   -5797    -5605    -5614    -5728    -5867    -6038    -6255    -6491 
   -6691    -6820    -6868    -6831    -6749    -6706    -6754    -6885 
   -7036    -7156    -7239    -7283    -7274    -7229    -7194    -7195 
   -7203    -7186    -7141    -7082    -7064    -7137    -7262    -7333 
   -7243    -6995    -6686    -6386    -6119    -5909    -5813    -5925 
   -6265    -6719    -7137    -7416    -7524    -7475    -7319    -7117 
   -6894    -6706    -6639    -6695    -6820    -6970    -7095    -7169 
   -7191    -7167    -7084    -6896    -6584    -6180    -5756    -5398 
   -5151    -5004    -4953    -5003    -5117    -5239    -5361    -5518 
   -5705    -5889    -6056    -6162    -6159    -6038    -5829    -5617 
   -5473    -5367    -5232    -5064    -4953    -4984    -5161    -5452 
   -5801    -6133    -6396    -6584    -6716    -6771    -6739    -6677 
   -6610    -6497    -6326    -6112    -5880    -5678    -5584    -5641 
   -5792    -5963    -6132    -6284    -6397    -6458    -6494    -6545 
   -6574    -6523    -6390    -6199    -6011    -5908    -5887    -5875 
   -5845    -5831    -5844    -5877    -5966    -6114    -6282    -6470 
   -6679    -6897    -7133    -7393    -7671    -7965    -8271    -8538 
   -8695    -8728    -8694    -8647    -8607    -8552    -8446    -8266 
   -8008    -7721    -7467    -7259    -7051    -6773    -6424    -6077 
   -5803    -5660    -5686    -5845    -6052    -6233    -6351    -6411 
   -6417    -6375    -6284    -6113    -5848    -5548    -5303    -5178 
   -5200    -5367    -5624    -5871    -6033    -6065    -5974    -5865 
   -5834    -5882    -5936    -5935    -5903    -5884    -5878    -5885 
   -5935    -6011    -6015    -5901    -5713    -5444    -5075    -4669 
   -4287    -4007    -3888    -3872    -3883    -3920    -4015    -4167 
   -4315    -4401    -4405    -4317    -4171    -4064    -4087    -4241 
   -4448    -4669    -4923    -5222    -5585    -6010    -6470    -6912 
   -7255    -7441    -7458    -7329    -7117    -6848    -6514    -6156 
   -5804    -5462    -5173    -5013    -5008    -5114    -5298    -5535 
   -5779    -6033    -6315    -6559    -6676    -6632    -6434    -6138 
   -5821    -5570    -5419    -5349    -5360    -5424    -5480    -5500 
   -5455    -5318    -5135    -5026    -5043    -5079    -5052    -4966 
   -4836    -4713    -4636    -4595    -4589    -4617    -4661    -4692 
   -4674    -4618    -4548    -4481    -4458    -4514    -4661    -4862 
   -5025    -5095    -5061    -4927    -4726    -4489    -4242    -4019 
   -3841    -3736    -3719    -3771    -3883    -4036    -4222    -4444 
   -4656    -4783    -4811    -4822    -4882    -4985    -5132    -5337 
   -5568    -5790    -5967    -6040    -5980    -5806    -5555    -5283 
   -5090    -5059    -5162    -5332    -5572    -5882    -6179    -6330 
   -6263    -6049    -5780    -5497    -5258    -5101    -5010    -4952 
   -4939    -5036    -5270    -5604    -5993    -6358    -6597    -6644 
   -6501    -6250    -6003    -5826    -5691    -5546    -5395    -5256 
   -5115    -4974    -4835    -4721    -4663    -4644    -4640    -4663 
   -4721    -4809    -4902    -5001    -5127    -5254    -5378    -5520 
   -5623    -5611    -5480    -5293    -5119    -5009    -5002    -5096 
   -5277    -5534    -5814    -6031    -6137    -6158    -6157    -6138 
   -6073    -6006    -5991    -6027    -6087    -6177    -6341    -6563 
   -6744    -6807    -6719    -6493    -6225    -6030    -5987    -6141 
   -6490    -6986    -7537    -8044    -8467    -8813    -9063    -9182 
   -9189    -9160    -9123    -9032    -8837    -8514    -8126    -7797 
   -7593    -7501    -7452    -7347    -7153    -6937    -6780    -6707 
   -6696    -6685    -6616    -6514    -6446    -6415    -6393    -6358 
   -6265    -6084    -5843    -5574    -5280    -4987    -4739    -4563 
   -4477    -4491    -4606    -4783    -4934    -5030    -5128    -5251 
   -5413    -5637    -5896    -6159    -6383    -6474    -6368    -6069 
   -5691    -5387    -5234    -5251    -5396    -5551    -5626    -5582 
   -5444    -5311    -5239    -5223    -5248    -5301    -5360    -5409 
   -5459    -5532    -5606    -5658    -5704    -5763    -5843    -5927 
   -5995    -6023    -5974    -5868    -5771    -5721    -5721    -5738 
   -5721    -5610    -5358    -5007    -4617    -4192    -3763    -3388 
   -3107    -2958    -2960    -3118    -3435    -3842    -4240    -4612 
   -4963    -5254    -5497    -5778    -6075    -6262    -6302    -6251 
   -6169    -6101    -6063    -6043    -6011    -5943    -5838    -5693 
   -5565    -5538    -5602    -5699    -5809    -5905    -5949    -5932 
   -5902    -5911    -5950    -5991    -6002    -5945    -5806    -5601 
   -5405    -5313    -5356    -5524    -5758    -5975    -6156    -6320 
   -6475    -6610    -6689    -6677    -6537    -6282    -6000    -5763 
   -5629    -5636    -5725    -5789    -5765    -5667    -5550    -5416 
   -5263    -5122    -4999    -4886    -4799    -4770    -4801    -4850 
   -4903    -4980    -5074    -5127    -5064    -4919    -4817    -4815 
   -4912    -5074    -5235    -5378    -5503    -5554    -5480    -5311 
   -5124    -4957    -4788    -4587    -4325    -4011    -3717    -3508 
   -3421    -3463    -3590    -3711    -3757    -3763    -3796    -3859 
   -3981    -4185    -4418    -4646    -4853    -5015    -5137    -5269 
   -5455    -5659    -5780    -5774    -5668    -5538    -5449    -5377 
   -5295    -5232    -5217    -5243    -5277    -5314    -5404    -5556 
   -5717    -5819    -5819    -5767    -5752    -5804    -5915    -6071 
   -6245    -6397    -6528    -6673    -6795    -6834    -6801    -6742 
   -6674    -6598    -6508    -6388    -6245    -6175    -6282    -6535 
   -6814    -7013    -7065    -6970    -6771    -6528    -6306    -6151 
   -6079    -6069    -6109    -6167    -6160    -6075    -5961    -5847 
   -5789    -5843    -5972    -6058    -6013    -5832    -5532    -5133 
   -4720    -4364    -4064    -3821    -3651    -3560    -3527    -3523 
   -3574    -3730    -3971    -4229    -4432    -4564    -4664    -4782 
   -4933    -5075    -5163    -5198    -5212    -5258    -5344    -5427 
   -5498    -5561    -5578    -5527    -5432    -5332    -5253    -5193 
   -5146    -5117    -5108    -5126    -5171    -5238    -5343    -5498 
   -5692    -5917    -6161    -6408    -6642    -6850    -6996    -7017 
   -6884    -6630    -6312    -5997    -5751    -5623    -5626    -5722 
   -5843    -5964    -6114    -6327    -6595    -6902    -7201    -7425 
   -7540    -7519    -7339    -7023    -6599    -6096    -5558    -5042 
   -4619    -4313    -4127    -4109    -4271    -4532    -4803    -5064 
   -5344    -5634    -5893    -6128    -6329    -6428    -6380    -6218 
   -6023    -5853    -5719    -5627    -5598    -5605    -5567    -5458 
   -5322    -5157    -4984    -4894    -4920    -5007    -5071    -5055 
   -4970    -4851    -4719    -4603    -4509    -4444    -4407    -4384 
   -4376    -4370    -4338    -4293    -4253    -4214    -4180    -4170 
   -4181    -4197    -4251    -4374    -4555    -4810    -5142    -5495 
   -5821    -6067    -6178    -6136    -5946    -5645    -5284    -4930 
   -4654    -4470    -4346    -4273    -4263    -4316    -4410    -4498 
   -4533    -4489    -4401    -4291    -4149    -4018    -3965    -4008 
   -4129    -4273    -4382    -4458    -4538    -4646    -4759    -4839 
   -4921    -5049    -5205    -5342    -5433    -5522    -5632    -5715 
   -5757    -5784    -5805    -5795    -5737    -5668    -5612    -5537 
   -5449    -5400    -5391    -5375    -5334    -5284    -5205    -5073 
   -4945    -4879    -4893    -5001    -5170    -5325    -5434    -5517 
   -5590    -5651    -5703    -5714    -5636    -5508    -5417    -5413 
   -5500    -5650    -5813    -5938    -6002    -6029    -6016    -5928 
   -5770    -5577    -5395    -5241    -5080    -4908    -4760    -4635 
   -4537    -4494    -4500    -4512    -4518    -4533    -4553    -4553 
   -4529    -4486    -4416    -4316    -4221    -4193    -4242    -4321 
   -4407    -4510    -4633    -4750    -4832    -4896    -4978    -5118 
   -5348    -5645    -5919    -6072    -6074    -5979    -5858    -5780 
   -5789    -5843    -5878    -5905    -5937    -6001    -6160    -6422 
   -6705    -6937    -7080    -7109    -7037    -6893    -6682    -6423 
   -6171    -5954    -5782    -5668    -5602    -5579    -5609    -5721 
   -5936    -6201    -6428    -6568    -6616    -6574    -6449    -6271 
   -6084    -5931    -5847    -5808    -5791    -5830    -5943    -6132 
   -6380    -6611    -6765    -6831    -6787    -6632    -6412    -6178 
   -5956    -5756    -5642    -5659    -5745    -5852    -5984    -6154 
   -6360    -6574    -6784    -6985    -7159    -7285    -7340    -7318 
   -7235    -7079    -6879    -6672    -6461    -6264    -6088    -5908 
   -5722    -5548    -5433    -5392    -5394    -5439    -5518    -5562 
   -5552    -5533    -5531    -5527    -5494    -5436    -5349    -5236 
   -5129    -5040    -4961    -4896    -4854    -4861    -4922    -5034 
   -5187    -5321    -5389    -5402    -5401    -5433    -5521    -5659 
   -5826    -5985    -6102    -6145    -6096    -5959    -5768    -5615 
   -5579    -5619    -5666    -5715    -5771    -5842    -5937    -6045 
   -6120    -6106    -6004    -5829    -5605    -5394    -5259    -5239 
   -5346    -5551    -5840    -6215    -6631    -6980    -7172    -7222 
   -7174    -7014    -6754    -6436    -6114    -5879    -5773    -5754 
   -5777    -5834    -5930    -6066    -6218    -6355    -6451    -6494 
   -6494    -6468    -6420    -6345    -6250    -6161    -6092    -6064 
   -6058    -6022    -5941    -5785    -5527    -5226    -4965    -4761 
   -4598    -4490    -4486    -4557    -4653    -4795    -4967    -5133 
   -5302    -5480    -5654    -5807    -5911    -5960    -5993    -6059 
   -6162    -6273    -6375    -6454    -6499    -6516    -6511    -6482 
   -6395    -6235    -6053    -5890    -5761    -5701    -5742    -5881 
   -6081    -6296    -6501    -6669    -6767    -6785    -6728    -6632 
   -6539    -6472    -6446    -6434    -6403    -6378    -6394    -6439 
   -6467    -6463    -6435    -6362    -6260    -6202    -6222    -6341 
   -6570    -6877    -7234    -7596    -7884    -8059    -8124    -8107 
   -8018    -7866    -7700    -7558    -7479    -7477    -7471    -7409 
   -7338    -7296    -7273    -7254    -7247    -7275    -7321    -7346 
   -7327    -7260    -7181    -7114    -7058    -7029    -7023    -7005 
   -6955    -6908    -6890    -6900    -6962    -7071    -7155    -7163 
   -7098    -6974    -6819    -6649    -6459    -6241    -5993    -5759 
   -5565    -5392    -5263    -5213    -5207    -5196    -5169    -5146 
   -5141    -5166    -5250    -5408    -5640    -5943    -6283    -6621 
   -6930    -7170    -7294    -7304    -7253    -7182    -7095    -6997 
   -6871    -6717    -6590    -6535    -6571    -6696    -6840    -6913 
   -6882    -6779    -6640    -6447    -6198    -5940    -5706    -5539 
   -5489    -5570    -5766    -6044    -6363    -6667    -6880    -6975 
   -6985    -6964    -6964    -6985    -7002    -7008    -6988    -6945 
   -6902    -6852    -6775    -6697    -6663    -6658    -6634    -6583 
   -6505    -6405    -6317    -6277    -6292    -6318    -6305    -6265 
   -6207    -6126    -6047    -5983    -5938    -5922    -5945    -6037 
   -6180    -6291    -6301    -6209    -6079    -5962    -5871    -5827 
   -5813    -5792    -5765    -5734    -5704    -5669    -5623    -5602 
   -5627    -5676    -5737    -5796    -5824    -5787    -5696    -5635 
   -5663    -5761    -5894    -6061    -6271    -6466    -6581    -6637 
   -6665    -6658    -6601    -6483    -6304    -6090    -5898    -5790 
   -5766    -5802    -5879    -5956    -6003    -5984    -5860    -5664 
   -5464    -5293    -5177    -5115    -5072    -5026    -5003    -5040 
   -5122    -5221    -5312    -5366    -5383    -5416    -5495    -5599 
   -5719    -5868    -6017    -6103    -6099    -6017    -5894    -5800 
   -5781    -5835    -5954    -6146    -6399    -6658    -6883    -7070 
   -7206    -7298    -7376    -7435    -7444    -7385    -7268    -7133 
   -7003    -6885    -6783    -6698    -6631    -6558    -6474    -6424 
   -6407    -6381    -6346    -6310    -6263    -6189    -6084    -5937 
   -5718    -5455    -5175    -4874    -4610    -4473    -4496    -4658 
   -4900    -5180    -5466    -5718    -5905    -5969    -5879    -5692 
   -5445    -5164    -4908    -4709    -4585    -4554    -4595    -4661 
   -4717    -4769    -4831    -4883    -4934    -4992    -5051    -5129 
   -5229    -5336    -5455    -5593    -5731    -5810    -5837    -5900 
   -6004    -6068    -6056    -5985    -5900    -5852    -5860    -5923 
   -6030    -6157    -6281    -6392    -6483    -6546    -6596    -6662 
   -6727    -6771    -6811    -6840    -6816    -6729    -6615    -6513 
   -6433    -6390    -6375    -6335    -6270    -6225    -6219    -6236 
   -6264    -6318    -6393    -6423    -6400    -6378    -6385    -6404 
   -6423    -6452    -6492    -6531    -6585    -6658    -6711    -6725 
   -6720    -6711    -6675    -6600    -6517    -6467    -6472    -6513 
   -6547    -6583    -6641    -6696    -6719    -6697    -6630    -6542 
   -6479    -6472    -6502    -6543    -6584    -6609    -6596    -6559 
   -6525    -6512    -6506    -6493    -6494    -6522    -6559    -6579 
   -6569    -6538    -6491    -6414    -6306    -6147    -5936    -5738 
   -5597    -5519    -5484    -5449    -5386    -5293    -5190    -5126 
   -5132    -5192    -5241    -5233    -5203    -5199    -5223    -5267 
   -5344    -5459    -5570    -5635    -5663    -5651    -5590    -5509 
   -5449    -5433    -5459    -5503    -5533    -5506    -5422    -5318 
   -5207    -5090    -4938    -4739    -4573    -4538    -4635    -4779 
   -4905    -5009    -5101    -5177    -5228    -5226    -5187    -5169 
   -5194    -5246    -5302    -5347    -5380    -5398    -5422    -5473 
   -5545    -5622    -5690    -5744    -5808    -5890    -5985    -6085 
   -6168    -6234    -6290    -6325    -6322    -6269    -6200    -6131 
   -6039    -5948    -5892    -5870    -5872    -5875    -5880    -5910 
   -5974    -6049    -6076    -6045    -5999    -5941    -5859    -5749 
   -5591    -5398    -5202    -5013    -4843    -4706    -4609    -4541 
   -4482    -4447    -4449    -4477    -4533    -4632    -4760    -4859 
   -4875    -4810    -4707    -4603    -4529    -4499    -4523    -4594 
   -4690    -4819    -4984    -5142    -5247    -5282    -5262    -5204 
   -5107    -4989    -4887    -4822    -4787    -4767    -4758    -4762 
   -4808    -4915    -5029    -5095    -5100    -5048    -4962    -4851 
   -4723    -4591    -4439    -4274    -4150    -4093    -4075    -4045 
   -3974    -3894    -3841    -3851    -3953    -4114    -4267    -4406 
   -4544    -4674    -4778    -4852    -4898    -4914    -4911    -4907 
   -4909    -4931    -4974    -5054    -5185    -5340    -5466    -5537 
   -5583    -5648    -5726    -5794    -5849    -5884    -5898    -5876 
   -5814    -5739    -5656    -5564    -5468    -5393    -5382    -5443 
   -5552    -5684    -5800    -5883    -5944    -6004    -6099    -6228 
   -6342    -6417    -6445    -6424    -6357    -6238    -6097    -5966 
   -5857    -5786    -5739    -5688    -5627    -5556    -5490    -5426 
   -5355    -5305    -5285    -5303    -5400    -5574    -5761    -5901 
   -5995    -6090    -6222    -6396    -6590    -6753    -6850    -6875 
   -6831    -6746    -6644    -6533    -6430    -6344    -6278    -6232 
   -6205    -6192    -6174    -6137    -6076    -5993    -5916    -5867 
   -5843    -5825    -5805    -5804    -5831    -5878    -5958    -6077 
   -6192    -6282    -6340    -6328    -6234    -6115    -6018    -5946 
   -5889    -5836    -5776    -5716    -5665    -5649    -5705    -5815 
   -5928    -6031    -6117    -6170    -6188    -6192    -6219    -6246 
   -6221    -6151    -6049    -5930    -5816    -5691    -5551    -5425 
   -5366    -5404    -5490    -5584    -5674    -5715    -5687    -5628 
   -5590    -5588    -5595    -5597    -5578    -5521    -5442    -5343 
   -5221    -5087    -4949    -4821    -4727    -4670    -4648    -4649 
   -4673    -4731    -4816    -4924    -5046    -5139    -5183    -5196 
   -5200    -5201    -5216    -5286    -5407    -5532    -5657    -5781 
   -5885    -5961    -5997    -5997    -5978    -5941    -5910    -5932 
   -6037    -6206    -6378    -6524    -6633    -6671    -6622    -6512 
   -6374    -6245    -6152    -6110    -6094    -6069    -6019    -5937 
   -5846    -5794    -5770    -5727    -5637    -5511    -5386    -5305 
   -5313    -5403    -5514    -5607    -5672    -5700    -5690    -5651 
   -5598    -5526    -5400    -5235    -5066    -4908    -4782    -4715 
   -4704    -4735    -4799    -4902    -5049    -5235    -5439    -5627 
   -5786    -5903    -5968    -5982    -5935    -5837    -5714    -5575 
   -5449    -5358    -5292    -5255    -5246    -5254    -5268    -5250 
   -5202    -5180    -5214    -5301    -5413    -5503    -5549    -5561 
   -5575    -5607    -5621    -5601    -5535    -5445    -5369    -5304 
   -5238    -5153    -5037    -4934    -4890    -4895    -4911    -4906 
   -4887    -4874    -4893    -4974    -5097    -5239    -5416    -5614 
   -5817    -6034    -6241    -6405    -6508    -6536    -6475    -6336 
   -6177    -6045    -5948    -5888    -5844    -5810    -5810    -5839 
   -5887    -5944    -5987    -6015    -6023    -5996    -5960    -5956 
   -6011    -6130    -6289    -6458    -6597    -6666    -6670    -6628 
   -6555    -6453    -6326    -6207    -6113    -6028    -5942    -5876 
   -5843    -5819    -5775    -5714    -5631    -5513    -5385    -5285 
   -5240    -5254    -5315    -5407    -5506    -5590    -5655    -5699 
   -5725    -5734    -5716    -5676    -5621    -5573    -5559    -5574 
   -5606    -5641    -5682    -5745    -5818    -5888    -5968    -6061 
   -6137    -6164    -6132    -6065    -5980    -5906    -5875    -5896 
   -5955    -6025    -6100    -6182    -6249    -6302    -6346    -6348 
   -6309    -6265    -6236    -6218    -6197    -6179    -6181    -6189 
   -6190    -6182    -6169    -6169    -6194    -6245    -6305    -6350 
   -6395    -6460    -6537    -6622    -6701    -6751    -6749    -6686 
   -6597    -6517    -6451    -6423    -6435    -6482    -6577    -6704 
   -6829    -6952    -7088    -7212    -7271    -7272    -7258    -7221 
   -7158    -7100    -7074    -7081    -7101    -7118    -7133    -7133 
   -7110    -7085    -7081    -7079    -7050    -7005    -6952    -6887 
   -6848    -6871    -6954    -7064    -7159    -7235    -7300    -7342 
   -7374    -7421    -7472    -7494    -7460    -7387    -7303    -7220 
   -7157    -7123    -7097    -7048    -6960    -6841    -6695    -6541 
   -6417    -6341    -6317    -6336    -6363    -6384    -6387    -6351 
   -6282    -6182    -6048    -5912    -5799    -5737    -5732    -5742 
   -5736    -5712    -5685    -5682    -5710    -5752    -5782    -5789 
   -5781    -5759    -5719    -5669    -5620    -5582    -5550    -5517 
   -5482    -5432    -5373    -5338    -5323    -5313    -5323    -5357 
   -5403    -5446    -5478    -5507    -5542    -5585    -5621    -5632 
   -5631    -5641    -5669    -5717    -5762    -5791    -5799    -5786 
   -5760    -5728    -5703    -5720    -5778    -5842    -5893    -5928 
   -5939    -5939    -5960    -6018    -6084    -6138    -6173    -6190 
   -6205    -6218    -6221    -6208    -6169    -6101    -6010    -5896 
   -5764    -5614    -5480    -5408    -5393    -5427    -5510    -5606 
   -5666    -5677    -5663    -5646    -5631    -5646    -5686    -5714 
   -5723    -5718    -5682    -5622    -5570    -5545    -5526    -5503 
   -5504    -5531    -5585    -5662    -5726    -5758    -5765    -5755 
   -5737    -5713    -5702    -5712    -5718    -5714    -5716    -5726 
   -5734    -5722    -5696    -5676    -5664    -5675    -5716    -5766 
   -5808    -5836    -5876    -5950    -6025    -6085    -6128    -6132 
   -6086    -6014    -5955    -5916    -5889    -5887    -5915    -5948 
   -5982    -6023    -6056    -6054    -5997    -5898    -5782    -5669 
   -5575    -5505    -5458    -5417    -5365    -5335    -5342    -5356 
   -5363    -5364    -5358    -5350    -5347    -5352    -5359    -5368 
   -5381    -5366    -5313    -5243    -5156    -5059    -4987    -4962 
   -4973    -4988    -5000    -5013    -5015    -5026    -5065    -5130 
   -5217    -5311    -5409    -5515    -5605    -5660    -5686    -5700 
   -5699    -5678    -5652    -5620    -5567    -5525    -5523    -5558 
   -5616    -5662    -5687    -5696    -5672    -5605    -5484    -5325 
   -5182    -5093    -5067    -5098    -5160    -5243    -5342    -5436 
   -5525    -5613    -5690    -5748    -5771    -5755    -5700    -5629 
   -5578    -5558    -5570    -5599    -5626    -5649    -5655    -5649 
   -5649    -5646    -5647    -5682    -5748    -5823    -5898    -5959 
   -5978    -5949    -5922    -5914    -5893    -5853    -5801    -5752 
   -5720    -5699    -5699    -5724    -5755    -5789    -5822    -5855 
   -5884    -5889    -5876    -5866    -5860    -5862    -5871    -5875 
   -5873    -5852    -5796    -5714    -5632    -5569    -5510    -5460 
   -5446    -5454    -5475    -5520    -5600    -5700    -5791    -5843 
   -5844    -5801    -5751    -5709    -5663    -5629    -5609    -5597 
   -5595    -5593    -5585    -5570    -5564    -5583    -5606    -5612 
   -5598    -5554    -5492    -5434    -5383    -5355    -5366    -5405 
   -5446    -5474    -5511    -5564    -5621    -5688    -5751    -5785 
   -5775    -5706    -5606    -5529    -5508    -5528    -5537    -5532 
   -5525    -5498    -5448    -5393    -5333    -5275    -5221    -5184 
   -5160    -5128    -5084    -5023    -4949    -4887    -4846    -4834 
   -4850    -4858    -4846    -4841    -4864    -4919    -5007    -5134 
   -5264    -5346    -5387    -5397    -5371    -5327    -5278    -5239 
   -5213    -5193    -5181    -5173    -5180    -5211    -5240    -5262 
   -5294    -5310    -5283    -5242    -5218    -5210    -5202    -5206 
   -5223    -5241    -5274    -5335    -5411    -5497    -5586    -5659 
   -5706    -5738    -5767    -5775    -5769    -5749    -5706    -5677 
   -5680    -5690    -5713    -5761    -5820    -5883    -5954    -6041 
   -6147    -6266    -6396    -6502    -6552    -6555    -6520    -6441 
   -6315    -6155    -6000    -5877    -5808    -5794    -5812    -5859 
   -5921    -5974    -6033    -6095    -6150    -6211    -6279    -6334 
   -6345    -6309    -6265    -6229    -6202    -6178    -6130    -6061 
   -6005    -5982    -6001    -6051    -6110    -6147    -6139    -6125 
   -6145    -6185    -6223    -6236    -6198    -6122    -6042    -5976 
   -5918    -5871    -5848    -5825    -5800    -5794    -5783    -5745 
   -5688    -5620    -5548    -5486    -5449    -5438    -5435    -5428 
   -5403    -5375    -5361    -5337    -5290    -5262    -5266    -5303 
   -5366    -5433    -5499    -5570    -5641    -5700    -5737    -5774 
   -5817    -5844    -5855    -5858    -5864    -5872    -5869    -5857 
   -5822    -5760    -5706    -5662    -5595    -5514    -5455    -5438 
   -5448    -5469    -5498    -5530    -5558    -5586    -5618    -5663 
   -5708    -5743    -5781    -5811    -5819    -5813    -5793    -5771 
   -5744    -5707    -5672    -5634    -5598    -5601    -5649    -5727 
   -5798    -5836    -5857    -5858    -5840    -5821    -5804    -5787 
   -5771    -5760    -5765    -5768    -5756    -5751    -5762    -5781 
   -5787    -5777    -5761    -5735    -5710    -5705    -5736    -5804 
   -5879    -5929    -5949    -5952    -5963    -5985    -6012    -6037 
   -6056    -6077    -6095    -6097    -6102    -6131    -6172    -6212 
   -6250    -6301    -6368    -6423    -6458    -6489    -6508    -6506 
   -6488    -6465    -6433    -6383    -6323    -6259    -6181    -6083 
   -5968    -5851    -5762    -5709    -5695    -5709    -5733    -5762 
   -5782    -5791    -5809    -5827    -5826    -5796    -5732    -5644 
   -5539    -5424    -5324    -5256    -5221    -5207    -5198    -5199 
   -5216    -5261    -5320    -5367    -5408    -5451    -5479    -5496 
   -5492    -5469    -5455    -5438    -5403    -5362    -5321    -5278 
   -5227    -5170    -5117    -5072    -5047    -5053    -5085    -5145 
   -5214    -5273    -5322    -5344    -5335    -5314    -5295    -5290 
   -5291    -5308    -5352    -5403    -5445    -5476    -5487    -5488 
   -5486    -5483    -5485    -5483    -5466    -5432    -5381    -5330 
   -5308    -5325    -5381    -5460    -5545    -5619    -5672    -5719 
   -5765    -5808    -5849    -5880    -5903    -5918    -5928    -5944 
   -5965    -5986    -5997    -5989    -5982    -5976    -5964    -5951 
   -5946    -5953    -5963    -5962    -5959    -5960    -5967    -5987 
   -6020    -6065    -6106    -6114    -6098    -6079    -6060    -6044 
   -6035    -6040    -6045    -6032    -6027    -6048    -6091    -6160 
   -6245    -6327    -6390    -6418    -6407    -6370    -6329    -6293 
   -6258    -6234    -6213    -6174    -6135    -6102    -6058    -6007 
   -5949    -5898    -5862    -5827    -5796    -5771    -5747    -5742 
   -5760    -5792    -5818    -5824    -5823    -5817    -5815    -5834 
   -5841    -5798    -5730    -5674    -5631    -5589    -5557    -5539 
   -5521    -5506    -5510    -5527    -5539    -5535    -5522    -5520 
   -5529    -5547    -5556    -5540    -5520    -5505    -5488    -5481 
   -5485    -5484    -5467    -5440    -5423    -5409    -5391    -5387 
   -5405    -5434    -5482    -5554    -5638    -5717    -5785    -5843 
   -5877    -5891    -5897    -5898    -5895    -5869    -5821    -5796 
   -5816    -5867    -5951    -6074    -6216    -6343    -6443    -6506 
   -6521    -6498    -6454    -6400    -6352    -6310    -6263    -6201 
   -6131    -6081    -6060    -6045    -6035    -6032    -6034    -6035 
   -6018    -5984    -5948    -5922    -5902    -5876    -5843    -5813 
   -5785    -5762    -5751    -5761    -5803    -5853    -5896    -5948 
   -6002    -6051    -6109    -6176    -6230    -6251    -6248    -6238 
   -6209    -6170    -6133    -6100    -6084    -6080    -6080    -6099 
   -6121    -6130    -6138    -6150    -6157    -6148    -6117    -6078 
   -6046    -6027    -6022    -6032    -6064    -6101    -6134    -6177 
   -6218    -6241    -6251    -6257    -6271    -6289    -6312    -6351 
   -6399    -6463    -6547    -6635    -6721    -6781    -6791    -6761 
   -6710    -6647    -6576    -6508    -6449    -6396    -6355    -6333 
   -6315    -6305    -6308    -6306    -6304    -6302    -6290    -6268 
   -6244    -6227    -6210    -6185    -6167    -6144    -6108    -6075 
   -6035    -5979    -5923    -5872    -5828    -5792    -5770    -5759 
   -5738    -5702    -5664    -5629    -5604    -5594    -5586    -5565 
   -5546    -5547    -5560    -5575    -5590    -5584    -5561    -5540 
   -5523    -5515    -5509    -5502    -5514    -5550    -5608    -5675 
   -5725    -5765    -5808    -5850    -5884    -5911    -5930    -5937 
   -5950    -5998    -6077    -6164    -6236    -6277    -6290    -6288 
   -6281    -6285    -6286    -6259    -6219    -6186    -6168    -6160 
   -6149    -6137    -6115    -6069    -6010    -5964    -5945    -5942 
   -5945    -5958    -5968    -5964    -5960    -5955    -5951    -5961 
   -5974    -5984    -5988    -5976    -5946    -5899    -5847    -5797 
   -5745    -5702    -5659    -5601    -5549    -5513    -5496    -5504 
   -5521    -5550    -5597    -5640    -5663    -5663    -5653    -5642 
   -5633    -5642    -5669    -5701    -5746    -5812    -5894    -5974 
   -6039    -6094    -6134    -6161    -6181    -6190    -6193    -6190 
   -6175    -6162    -6154    -6141    -6133    -6134    -6139    -6150 
   -6161    -6163    -6147    -6107    -6055    -6003    -5967    -5958 
   -5960    -5945    -5911    -5870    -5825    -5776    -5742    -5732 
   -5722    -5701    -5688    -5686    -5687    -5682    -5683    -5690 
   -5684    -5667    -5637    -5593    -5557    -5540    -5537    -5552 
   -5574    -5599    -5639    -5692    -5749    -5799    -5835    -5855 
   -5858    -5863    -5870    -5863    -5851    -5840    -5839    -5847 
   -5844    -5827    -5792    -5741    -5694    -5658    -5629    -5593 
   -5548    -5514    -5503    -5516    -5549    -5572    -5574    -5567 
   -5550    -5535    -5533    -5543    -5564    -5600    -5664    -5746 
   -5820    -5878    -5907    -5903    -5880    -5834    -5766    -5681 
   -5596    -5538    -5511    -5512    -5537    -5577    -5634    -5703 
   -5769    -5828    -5866    -5877    -5872    -5854    -5826    -5800 
   -5789    -5804    -5831    -5855    -5873    -5874    -5864    -5855 
   -5844    -5834    -5825    -5814    -5808    -5804    -5802    -5803 
   -5805    -5802    -5793    -5780    -5773    -5771    -5776    -5787 
   -5803    -5817    -5824    -5828    -5831    -5832    -5844    -5872 
   -5903    -5935    -5959    -5967    -5957    -5932    -5904    -5876 
   -5847    -5828    -5810    -5783    -5765    -5769    -5804    -5864 
   -5931    -5997    -6051    -6082    -6092    -6077    -6040    -5995 
   -5955    -5926    -5903    -5888    -5885    -5883    -5883    -5872 
   -5841    -5807    -5760    -5694    -5621    -5535    -5441    -5352 
   -5275    -5211    -5159    -5125    -5101    -5070    -5044    -5029 
   -5006    -4980    -4963    -4958    -4963    -4985    -5033    -5085 
   -5120    -5141    -5141    -5129    -5123    -5110    -5090    -5074 
   -5068    -5082    -5110    -5147    -5184    -5209    -5232    -5252 
   -5264    -5275    -5277    -5271    -5260    -5235    -5201    -5162 
   -5123    -5095    -5074    -5071    -5094    -5120    -5144    -5166 
   -5179    -5187    -5194    -5205    -5217    -5217    -5215    -5216 
   -5213    -5209    -5203    -5196    -5194    -5186    -5179    -5179 
   -5188    -5209    -5234    -5255    -5273    -5279    -5281    -5281 
   -5279    -5280    -5276    -5266    -5260    -5262    -5272    -5282 
   -5292    -5300    -5293    -5277    -5269    -5269    -5276    -5279 
   -5271    -5266    -5261    -5249    -5235    -5229    -5237    -5246 
   -5250    -5251    -5245    -5232    -5218    -5209    -5220    -5239 
   -5261    -5307    -5369    -5433    -5505    -5591    -5680    -5755 
   -5818    -5882    -5939    -5982    -6011    -6023    -6018    -6004 
   -6005    -6025    -6054    -6095    -6142    -6185    -6220    -6235 
   -6230    -6219    -6197    -6162    -6124    -6091    -6066    -6046 
   -6033    -6029    -6020    -6008    -5995    -5969    -5927    -5878 
   -5847    -5842    -5851    -5871    -5897    -5917    -5927    -5923 
   -5909    -5878    -5819    -5756    -5701    -5645    -5595    -5556 
   -5533    -5535    -5551    -5571    -5595    -5617    -5637    -5648 
   -5652    -5666    -5685    -5702    -5720    -5738    -5756    -5768 
   -5774    -5771    -5753    -5726    -5682    -5616    -5553    -5498 
   -5452    -5419    -5395    -5378    -5365    -5367    -5382    -5387 
   -5391    -5412    -5437    -5459    -5479    -5489    -5491    -5488 
   -5489    -5491    -5485    -5486    -5486    -5467    -5442    -5420 
   -5401    -5399    -5407    -5412    -5418    -5434    -5451    -5466 
   -5489    -5513    -5525    -5533    -5527    -5503    -5483    -5472 
   -5468    -5484    -5523    -5589    -5668    -5746    -5830    -5917 
   -6003    -6087    -6161    -6222    -6268    -6301    -6333    -6363 
   -6398    -6446    -6490    -6522    -6545    -6558    -6559    -6542 
   -6520    -6508    -6508    -6524    -6541    -6547    -6552    -6549 
   -6538    -6521    -6485    -6444    -6410    -6376    -6336    -6292 
   -6256    -6232    -6213    -6211    -6218    -6210    -6194    -6176 
   -6152    -6124    -6100    -6087    -6072    -6054    -6048    -6051 
   -6064    -6092    -6122    -6150    -6188    -6234    -6281    -6313 
   -6334    -6352    -6360    -6371    -6392    -6400    -6390    -6373 
   -6363    -6356    -6343    -6333    -6316    -6285    -6258    -6230 
   -6198    -6179    -6175    -6181    -6202    -6235    -6262    -6273 
   -6284    -6298    -6312    -6332    -6342    -6329    -6304    -6271 
   -6233    -6199    -6161    -6129    -6102    -6070    -6034    -5993 
   -5951    -5914    -5875    -5839    -5806    -5772    -5741    -5726 
   -5721    -5704    -5676    -5651    -5620    -5575    -5528    -5477 
   -5425    -5388    -5370    -5366    -5361    -5344    -5327    -5318 
   -5325    -5330    -5313    -5293    -5281    -5284    -5313    -5360 
   -5415    -5465    -5512    -5573    -5635    -5692    -5750    -5797 
   -5832    -5861    -5881    -5899    -5919    -5942    -5958    -5960 
   -5957    -5947    -5922    -5899    -5880    -5860    -5848    -5846 
   -5853    -5863    -5875    -5893    -5898    -5883    -5867    -5854 
   -5848    -5849    -5851    -5860    -5865    -5856    -5836    -5807 
   -5785    -5769    -5751    -5744    -5740    -5731    -5728    -5740 
   -5765    -5789    -5800    -5797    -5773    -5734    -5688    -5628 
   -5572    -5529    -5505    -5508    -5533    -5577    -5639    -5697 
   -5749    -5794    -5827    -5851    -5865    -5867    -5861    -5856 
   -5857    -5866    -5882    -5911    -5954    -5998    -6032    -6063 
   -6096    -6107    -6093    -6089    -6092    -6094    -6102    -6114 
   -6121    -6117    -6117    -6136    -6149    -6141    -6126    -6111 
   -6100    -6101    -6115    -6139    -6166    -6193    -6228    -6268 
   -6304    -6320    -6323    -6328    -6325    -6320    -6323    -6322 
   -6312    -6303    -6305    -6325    -6350    -6365    -6375    -6374 
   -6362    -6350    -6349    -6351    -6347    -6333    -6301    -6253 
   -6209    -6180    -6165    -6158    -6146    -6125    -6101    -6077 
   -6060    -6048    -6034    -6015    -5983    -5961    -5967    -5981 
   -6000    -6020    -6032    -6049    -6064    -6076    -6095    -6112 
   -6117    -6111    -6098    -6084    -6067    -6052    -6042    -6031 
   -6021    -6012    -6001    -5989    -5969    -5951    -5936    -5915 
   -5898    -5890    -5893    -5912    -5931    -5952    -5978    -6002 
   -6025    -6041    -6050    -6062    -6061    -6051    -6045    -6027 
   -5998    -5960    -5914    -5870    -5825    -5787    -5757    -5733 
   -5726    -5730    -5731    -5736    -5732    -5707    -5668    -5628 
   -5593    -5558    -5526    -5511    -5502    -5509    -5529    -5538 
   -5536    -5531    -5519    -5502    -5483    -5465    -5440    -5412 
   -5399    -5383    -5357    -5345    -5343    -5338    -5337    -5336 
   -5334    -5330    -5332    -5348    -5369    -5400    -5441    -5474 
   -5503    -5527    -5540    -5549    -5558    -5573    -5597    -5635 
   -5691    -5750    -5796    -5834    -5860    -5880    -5903    -5923 
   -5934    -5940    -5950    -5957    -5946    -5934    -5936    -5932 
   -5923    -5917    -5909    -5891    -5862    -5844    -5842    -5844 
   -5857    -5871    -5877    -5898    -5926    -5948    -5964    -5967 
   -5962    -5953    -5948    -5954    -5965    -5978    -5982    -5965 
   -5945    -5928    -5909    -5889    -5871    -5866    -5866    -5862 
   -5861    -5856    -5847    -5848    -5858    -5876    -5895    -5906 
   -5919    -5933    -5947    -5961    -5963    -5958    -5951    -5939 
   -5926    -5919    -5919    -5922    -5924    -5927    -5930    -5945 
   -5971    -5992    -6023    -6055    -6061    -6058    -6055    -6041 
   -6028    -6021    -6012    -6004    -5991    -5979    -5960    -5934 
   -5913    -5888    -5852    -5821    -5793    -5766    -5734    -5706 
