Origin Time       2016/04/16 01:25:00
Lat.              32.753
Long.             130.762
Depth. (km)       12
Mag.              7.3
Station Code      OIT017
Station Lat.      32.8578
Station Long.     131.6587
Station Height(m) 250
Record Time       2016/04/16 01:25:22
Sampling Freq(Hz) 100Hz
Duration Time(s)  97
Dir.              N-S
Scale Factor      7845(gal)/8223790
Max. Acc. (gal)   34.152
Last Correction   2016/04/16 01:25:22
Memo.             
   11369    11368    11369    11368    11368    11371    11369    11367 
   11367    11367    11367    11368    11368    11368    11368    11369 
   11369    11368    11367    11365    11368    11369    11365    11368 
   11371    11367    11367    11367    11364    11364    11367    11367 
   11365    11368    11369    11368    11368    11368    11367    11368 
   11368    11368    11369    11369    11367    11367    11369    11368 
   11367    11367    11367    11365    11368    11369    11369    11368 
   11368    11368    11367    11367    11368    11369    11369    11368 
   11367    11368    11368    11367    11368    11369    11368    11369 
   11369    11367    11367    11369    11369    11368    11371    11371 
   11367    11368    11371    11371    11368    11369    11369    11368 
   11368    11368    11368    11369    11371    11371    11368    11368 
   11368    11367    11368    11368    11368    11369    11369    11369 
   11368    11367    11368    11368    11367    11367    11368    11368 
   11367    11365    11368    11369    11368    11368    11369    11368 
   11368    11368    11368    11368    11368    11368    11368    11368 
   11367    11369    11369    11368    11367    11368    11368    11368 
   11369    11369    11367    11367    11369    11368    11368    11369 
   11369    11367    11367    11367    11367    11369    11369    11367 
   11368    11371    11368    11367    11367    11367    11368    11368 
   11368    11368    11369    11368    11365    11367    11369    11365 
   11365    11369    11371    11368    11369    11369    11368    11368 
   11367    11367    11371    11371    11368    11368    11368    11368 
   11368    11369    11368    11368    11369    11368    11365    11368 
   11368    11367    11367    11367    11368    11369    11368    11368 
   11368    11368    11369    11369    11368    11368    11367    11365 
   11367    11368    11367    11367    11368    11365    11367    11369 
   11369    11368    11367    11365    11368    11368    11367    11367 
   11365    11367    11371    11369    11365    11365    11368    11368 
   11367    11368    11371    11367    11364    11367    11365    11364 
   11365    11368    11369    11368    11365    11365    11368    11371 
   11369    11365    11365    11369    11371    11369    11367    11367 
   11368    11368    11365    11364    11367    11368    11367    11369 
   11369    11367    11367    11368    11368    11368    11368    11368 
   11367    11368    11367    11367    11369    11371    11368    11368 
   11369    11369    11368    11367    11368    11372    11369    11364 
   11365    11368    11368    11368    11369    11369    11369    11368 
   11368    11368    11368    11368    11368    11367    11368    11371 
   11369    11367    11368    11371    11367    11365    11368    11369 
   11368    11367    11365    11368    11371    11369    11367    11367 
   11369    11372    11368    11367    11371    11371    11368    11367 
   11368    11369    11367    11367    11371    11369    11365    11367 
   11367    11365    11368    11369    11369    11369    11369    11368 
   11368    11368    11367    11368    11367    11367    11369    11369 
   11368    11367    11367    11369    11371    11368    11368    11369 
   11368    11368    11368    11367    11365    11367    11369    11369 
   11368    11369    11369    11369    11368    11368    11368    11369 
   11369    11367    11364    11369    11372    11367    11365    11368 
   11369    11368    11367    11368    11369    11368    11367    11369 
   11369    11367    11368    11371    11368    11368    11369    11368 
   11368    11367    11368    11369    11367    11365    11365    11365 
   11367    11369    11369    11367    11367    11368    11368    11368 
   11368    11369    11369    11367    11368    11369    11369    11367 
   11367    11368    11367    11367    11368    11368    11368    11367 
   11367    11369    11368    11367    11368    11369    11367    11367 
   11368    11368    11367    11367    11368    11369    11367    11367 
   11369    11371    11369    11368    11368    11368    11368    11365 
   11369    11371    11368    11367    11369    11367    11367    11368 
   11368    11367    11368    11371    11369    11365    11367    11368 
   11369    11368    11367    11368    11371    11371    11368    11368 
   11367    11368    11368    11365    11365    11368    11371    11368 
   11367    11369    11369    11368    11368    11368    11368    11367 
   11367    11367    11368    11368    11369    11372    11369    11368 
   11368    11367    11368    11369    11368    11371    11371    11367 
   11367    11369    11369    11369    11368    11368    11368    11368 
   11369    11369    11368    11368    11368    11368    11368    11367 
   11368    11368    11368    11368    11368    11368    11368    11369 
   11369    11369    11368    11368    11368    11368    11368    11369 
   11369    11369    11369    11368    11368    11368    11368    11367 
   11367    11368    11371    11367    11365    11368    11367    11365 
   11368    11368    11367    11368    11368    11367    11367    11368 
   11368    11369    11368    11365    11369    11371    11368    11365 
   11368    11368    11367    11368    11369    11368    11369    11368 
   11368    11368    11368    11368    11367    11367    11367    11367 
   11368    11368    11367    11367    11367    11368    11367    11365 
   11367    11368    11367    11368    11369    11368    11367    11368 
   11368    11365    11367    11368    11368    11367    11367    11368 
   11369    11368    11369    11371    11368    11365    11365    11368 
   11368    11369    11369    11368    11367    11368    11368    11367 
   11368    11369    11367    11367    11369    11369    11368    11367 
   11365    11368    11368    11364    11364    11367    11368    11369 
   11369    11367    11368    11369    11368    11368    11368    11365 
   11367    11369    11367    11368    11371    11369    11367    11365 
   11367    11368    11368    11367    11368    11367    11367    11368 
   11368    11368    11369    11367    11364    11365    11369    11369 
   11368    11367    11369    11369    11367    11365    11365    11365 
   11367    11368    11367    11367    11368    11369    11369    11367 
   11365    11367    11367    11368    11368    11367    11368    11369 
   11367    11367    11368    11367    11365    11367    11367    11365 
   11365    11368    11369    11368    11365    11368    11371    11367 
   11368    11371    11369    11368    11368    11369    11371    11369 
   11367    11364    11367    11369    11367    11364    11367    11369 
   11368    11367    11368    11368    11367    11368    11369    11368 
   11368    11368    11368    11367    11367    11368    11369    11368 
   11367    11365    11368    11368    11368    11367    11367    11368 
   11368    11365    11368    11369    11367    11367    11371    11371 
   11368    11367    11368    11367    11365    11367    11368    11369 
   11369    11369    11367    11368    11368    11367    11367    11367 
   11369    11369    11368    11369    11369    11368    11368    11367 
   11367    11368    11367    11368    11368    11367    11367    11367 
   11365    11367    11368    11368    11367    11367    11368    11368 
   11368    11368    11368    11368    11367    11368    11368    11369 
   11369    11369    11368    11365    11365    11368    11367    11367 
   11369    11371    11369    11368    11368    11367    11367    11368 
   11368    11367    11365    11367    11368    11368    11367    11367 
   11368    11371    11369    11367    11368    11371    11368    11367 
   11372    11372    11365    11367    11372    11368    11369    11372 
   11368    11368    11369    11367    11368    11368    11367    11369 
   11368    11368    11371    11371    11367    11369    11371    11369 
   11367    11368    11368    11365    11365    11368    11369    11368 
   11367    11368    11369    11369    11368    11367    11367    11369 
   11368    11368    11369    11369    11367    11367    11369    11371 
   11369    11369    11369    11365    11367    11371    11367    11368 
   11369    11367    11368    11371    11368    11368    11369    11368 
   11367    11365    11368    11371    11369    11368    11368    11367 
   11368    11369    11368    11367    11367    11367    11369    11368 
   11368    11368    11368    11368    11369    11369    11367    11367 
   11369    11372    11369    11368    11369    11369    11368    11368 
   11369    11367    11365    11367    11369    11369    11367    11365 
   11367    11368    11368    11368    11367    11367    11368    11368 
   11368    11368    11367    11367    11367    11368    11369    11367 
   11367    11368    11368    11369    11369    11369    11369    11368 
   11368    11367    11368    11371    11368    11364    11365    11369 
   11369    11368    11368    11369    11367    11367    11368    11368 
   11368    11368    11368    11367    11367    11369    11368    11367 
   11368    11367    11367    11368    11367    11365    11368    11369 
   11367    11367    11369    11368    11365    11365    11367    11368 
   11368    11367    11365    11368    11368    11368    11369    11368 
   11367    11371    11371    11367    11368    11368    11364    11365 
   11367    11368    11368    11368    11367    11367    11367    11367 
   11368    11368    11369    11368    11367    11369    11369    11369 
   11369    11368    11368    11369    11368    11367    11367    11368 
   11365    11365    11368    11369    11368    11367    11367    11367 
   11369    11369    11368    11369    11369    11367    11367    11368 
   11367    11368    11368    11369    11371    11369    11368    11368 
   11369    11369    11368    11368    11367    11367    11371    11372 
   11368    11369    11369    11365    11365    11369    11369    11367 
   11368    11369    11369    11368    11368    11365    11367    11368 
   11368    11367    11369    11369    11368    11365    11367    11371 
   11371    11367    11365    11369    11371    11368    11368    11372 
   11369    11365    11367    11367    11368    11368    11367    11367 
   11368    11368    11371    11369    11367    11367    11371    11371 
   11367    11367    11371    11369    11367    11368    11369    11368 
   11368    11369    11367    11365    11367    11368    11368    11368 
   11367    11365    11368    11369    11368    11365    11365    11368 
   11368    11367    11368    11369    11371    11371    11368    11368 
   11371    11369    11369    11371    11365    11364    11369    11369 
   11367    11369    11372    11367    11367    11369    11367    11367 
   11371    11369    11367    11367    11367    11371    11369    11368 
   11369    11369    11367    11367    11368    11368    11368    11371 
   11372    11369    11365    11368    11369    11367    11367    11371 
   11369    11368    11367    11367    11371    11369    11365    11367 
   11372    11371    11368    11367    11369    11371    11365    11365 
   11371    11371    11368    11367    11368    11371    11369    11368 
   11367    11368    11369    11369    11367    11367    11369    11371 
   11368    11369    11368    11364    11365    11368    11368    11371 
   11371    11368    11368    11367    11367    11371    11369    11367 
   11368    11369    11368    11369    11369    11368    11368    11368 
   11368    11368    11371    11371    11369    11371    11368    11367 
   11367    11368    11368    11368    11368    11368    11365    11367 
   11369    11369    11367    11365    11365    11368    11368    11364 
   11360    11361    11364    11360    11360    11360    11356    11352 
   11354    11368    11383    11399    11412    11412    11389    11350 
   11307    11291    11321    11372    11400    11391    11371    11388 
   11480    11587    11578    11415    11203    11078    11140    11326 
   11443    11469    11524    11600    11577    11377    11115    11039 
   11240    11470    11449    11317    11290    11291    11376    11526 
   11496    11352    11161    10993    11204    11543    11427    11318 
   11632    11739    11454    11204    11055    11184    11518    11427 
   11186    11429    11732    11747    11713    11511    11001    10667 
   10962    11580    11851    11624    11395    11464    11473    11144 
   10993    11407    11688    11209    10617    10817    11560    11875 
   11557    11260    11300    11372    11294    11219    11329    11651 
   11955    11831    11298    11083    11506    11735    11340    10959 
   10937    11206    11604    11705    11585    11558    11310    10766 
   10601    11237    12064    12032    11356    11159    11306    11168 
   11171    11519    11628    11356    11130    11292    11670    11541 
   10933    10858    11296    11658    12001    11819    11039    10939 
   11534    11720    11589    11542    11422    11399    11288    10787 
   10839    11419    11399    11537    12147    11724    10724    10837 
   11703    12100    11700    10902    10696    11337    11630    11206 
   10774    10720    11373    12171    11836    10858    11024    12270 
   12453    11304    10720    10791    10845    11225    11360    10825 
   10751    11521    12117    11881    11163    11041    11927    12214 
   10945    10176    11142    12279    12636    11993    10329     9809 
   11211    11634    10605    10893    12465    12664    11091    10276 
   11259    11736    10366     9302    10253    11816    12617    12781 
   12285    11460    10937    10697    10895    11608    12055    11630 
   11079    11399    11826    11276    10366     9979    10521    11863 
   12627    12231    11781    11844    12278    12307    11157     9963 
   10228    11550    12343    11765    10660    10189    10786    11701 
   11341    10635    11670    12606    11450    10562    11564    12303 
   11473    10577    10798    11573    11580    10416     9477    10238 
   12272    13581    12853    10802     9661    11056    12583    11295 
    9887    11418    13419    12671    10370    10064    11785    12139 
   10350     9077     9984    11680    12177    11985    12451    12704 
   11342     9032     8266    10887    14319    13728    10062     9246 
   12505    14775    13054    10048     9084     9847    10739    12237 
   14088    14090    12498    11242    10860    11113    10887     9945 
   10416    12490    13446    12337    10407     8947     9710    12613 
   13552    10736     8461    10007    12764    12569    10065     9763 
   12274    13170    10809     9058    10902    13747    13258    10667 
   10929    12906    11755     9298     9418    10291    10053    10407 
   11859    12787    12591    11759    10818    11488    13560    13367 
   10995     9580     9748    11723    13483    11719     9397    10150 
   11204    10795    10862    11524    12229    12486    11090    10104 
   11519    12360    11049    10396    11745    12399    10361     8370 
    8835    10053    10813    11556    12357    13172    13898    14359 
   13932    12383    10600     9810    11286    13340    12162     9147 
    9273    12361    13277    10199     7591     9155    12170    12237 
   10881    12059    13351    11269     9109     9803    11389    12066 
   11523    10559    10716    11477    11358    11137    11194     9787 
    8849    11766    14516    13321    12672    14467    13923     9702 
    6616     8449    12278    12208     9215     9599    12653    12418 
    9682     9505    12027    13250    11304     8996     9516    12059 
   13624    12895    11080    10017    10779    12367    12854    12312 
   10210     7707     9968    14719    14920    11885    10034    10295 
   10675    10014    10777    12439    12063    10555     9388     9563 
   11804    13362    12117    10547    10384    10318     9722     9954 
   13166    17730    18102    13971    10949    11250    11307     9346 
    8734    10636    11838    10424     8537     9510    12283    12930 
   11013    10027    11603    12746    12436    13329    14523    13559 
   12001    10744     8996     7997     7758     8351    11531    14692 
   13954    11245    11595    14931    15290    11183     7249     7107 
    9940    11094    10060    10395    11593    12421    13131    13313 
   13608    13254    10849     9562    11529    13213    12642    11869 
   11794    12187    12911    11875     9258     8976    10728    11060 
    9795     9232    10164     9989     7969     8264    13459    18914 
   17134    10135     7381     9590    10521    10180    12305    15572 
   15400     9989     3503     3589    11253    16875    12631     5984 
    8880    15938    15215     9973     8787    12143    14783    11920 
    7378     8675    13030    12865    10309    10598    10320     7056 
    6627    11080    15070    16428    15453    11527    10245    15288 
   18886    15804     9846     6997    10004    13575    11678     7699 
    8494    12884    12710     7034     4426     8222    13467    15989 
   14732    10960     9780    13771    15549    11003     8929    13144 
   14733     9234     5440    10543    16382    12895     4602     2465 
    8472    14135    13631    12463    15688    17023    10790     4437 
    7020    13397    13371     9208     9829    14831    15066     8024 
    4203    10636    18717    18493    13548    10990     9709     9310 
   10767    11371    14686    21240    19620    10091     5590     8553 
   12765    13208     8592     6652    11817    13312     8707     9516 
   14852    15650    12147     9693    11180    12334     8356     5312 
    9468    16509    19853    17061    11149     7442     6232     6427 
    9667    12584     9948     7172    11379    17258    18033    15502 
   12947    10681     6658     2986     6129    11916    12028    11543 
   14848    15661    12525     9549     7618     7964    11448    13660 
   11499     9753    13570    19292    18781    11026     4417     5350 
   10816    14679    13884    10960    12548    17297    15616     8385 
    6053     9549    12059    12324    11655    11518    14775    16964 
   13647     9251     5374     3742     7950    12421    11804     9408 
    8548     9946    12903    13711    12395    13275    12622     8087 
    9360    16275    15503     7666     6168    12337    15846    12368 
    7699     9850    15912    14100     7096     8073    13066    10972 
    7163     9379    13736    16225    16355    14520    14341    16316 
   15091    10528     8538    10195    11944    11152     8858    10427 
   15993    17635    12249     6569     8124    14925    17103    12039 
    8910    12162    16160    16582    13261    10003    10685    12633 
   12788    11009     9131    10996    13196     9954     6868    10092 
   15356    16762    14025    10894    10627    12333    13090    12646 
   12186    11277    10465    10767     9146     4577     4757    13105 
   18291    12704     6214     7254    10327     9687     7777     8646 
   11496    12505    10624     8284     9304    13747    15445    13234 
   12469    13066    13161    13159    10933     8490    10558    11561 
    6872     6088    15086    23014    18036     5773     3179    12301 
   16594     9765     4646     8182    12062    10790     8827    10563 
   14127    14176    12403    14939    17111    14191    12303    13129 
   12708    10728     8599     8167    10426    11994     8929     5730 
    9431    14500    12663     9779    11790    12947    10162     7632 
    7537     8371     9775    12307    13359    12541    12532    11508 
    8997     8543    10875    15531    18640    13984     6431     5530 
    8880    10423    12174    15102    14585    11493     9879     9944 
   12768    16005    13929     8922     8190    13061    15908    10804 
    5776     8337    10972     8575     8843    13799    14311    10315 
   11335    17084    19399    13902     5864     6388    12555    12297 
    9101    11267    15267    17086    16135    11431     8945    13382 
   15259    11142    12077    16998    15445     9456     4479     2882 
    8441    15338    14481    10698    11168    14646    16719    14407 
   11067    10978    11776    12596    14940    14501     9953     8706 
   12252    13460    10860     9031     9396    10957    12100    10926 
    9339    10211    12521    13819    13633    13683    13401    10037 
    5838     5732    10026    15302    16279    11240     8404    12762 
   16529    14631    11272     9616     8454     7860     9975    13640 
   16270    16348    13113    10890    12282    11569     8131     8199 
   10677    10658     8738     7391     8530    11942    12799    10156 
   11422    16765    15619     8565     6091     7969     9089     8959 
    8383     9337    11452    11765    10010     9601    12957    14589 
   10712     7482     8203    11375    15303    15344    11718    11062 
   12973    12326    10426    10285    11458    12415    12647    13185 
   12895    11547    11952    12849    12241    11739    13062    15049 
   13402     9803     9775    11512    13898    16401    13081     6685 
    6478    10987    13045    11703    11838    15336    16052    11047 
    6407     5406     6555     9229    11781    13302    14014    12402 
   10535    11214    11173     9845    10091     9768     8118     9225 
   11979    11716    11437    14597    15356    11346     7852     7894 
   13663    20405    17428    10004     9521    12017    12201    11819 
   11388    11014     9634     7612     9626    14350    14986    11562 
   10949    15052    17950    16946    12533     5953     4746    11638 
   17632    17632    14249     9694     6416     6601     9117    11264 
   12179    13200    13516    12224    12205    13730    14581    14601 
   13392    11873    11268    10212     9036    10045    13308    13801 
    8843     6126     8356     8306     6964    10029    14532    15215 
   13109    12195    13703    15311    13786    11373    13189    16245 
   15554    12758    11006    11364    11385    10319    11128    11084 
    7797     6073     8248    12461    15721    15364    13775    14381 
   15419    14688    12177     8459     6531     8756    11807    10675 
    7291     7466     9979    12163    15861    17485    13100     9589 
   10609    10153     8746    12950    18732    15901     8903     8205 
   10913    12811    12857     8772     6635    10559    13358    11950 
    9437     8281     9895    11462    12158    15337    16546    12171 
    9462    10956    11800    11491    11078     8791     5541     3589 
    2656     5281    11129    12676    10759    12808    15923    13871 
    9771     6841     4603     7786    15191    15546     9771     8618 
   12756    15596    13563     9140     7013     8672    12600    14764 
   12841    10347     9300     8051     8679    12472    15083    15815 
   17953    19656    17464    12552     7601     4630     5001     7827 
   10077     9278     7103     6906     8060     8239     7530     8376 
   11996    14998    14875    13706    12772    11572    10864    11641 
   13733    15241    13059     9304     9625    11148     8347     5223 
    6097     7761     9157    12337    14662    14935    15408    15025 
   13914    14175    13699    10230     6662     6010     7157     7966 
    5580     1070     2435     7766     6755     3345     6438    12122 
   13621    12463    13651    15560    12283     5302     2172     5123 
    7622     5803     6072    11689    15083    10563     4781     7689 
   14714    13821     7456     6394    10998    14207    11762     6735 
    6635     9406     7596     5066     6490     9050    11909    13689 
   12637    12815    16028    17498    15392    11908     6589     1470 
    1499     4380     6389     9312    12475    12816    11650    10922 
   10329    10836    12536    14060    15392    16322    16340    14318 
    9639     7177    12000    19161    19715    14875    12884    14778 
   14463     9328     4255     4455     6416     5096     4676     7506 
    7574     4869     4769     6744     8571     9757     9614     8758 
    7272     3754     -710    -2068      967     3717     4040     6825 
   12268    13879    10412     6284     5049     6301     5414     2759 
    4200     6092     2930     1039     4630     8984     9886     7685 
    5722     4560     2976     2172     1686      340       97     2158 
    4909     6748     6771     4375     1138     -355     -148     1209 
    4619     9153    11947    12252    11313     8652     5109     4317 
    5017     4617     5097     6814     8949    10879    10214     8623 
   10897    15493    16463    11583     4228     1999     7723    13467 
   14067    15507    22452    29238    28152    21124    16972    19191 
   22566    21178    16731    14844    15184    14594    13917    14651 
   15529    13922    11133    11904    15202    17207    18624    19876 
   19622    16949    12480    11039    16788    26620    33112    33235 
   31217    29234    23943    17104    14874    16291    17342    17579 
   16005    13693    14341    16414    16237    15601    17670    19726 
   19364    19727    19475    15109    10184     7799     7113     8494 
   12976    17652    16872    11881    10187    13838    18188    20368 
   21863    23094    22229    18918    15539    16155    21309    25203 
   22893    18048    17586    19380    17761    14823    14268    15884 
   15696    10543     7924    15631    27018    31850    27207    15935 
    6916     7722    12581    12772    11449    13182    15411    16282 
   16903    18031    18728    16579    11333     5864     2187      810 
    2428     6385    10409    12958    13539    12174     9747     8048 
    8243     7693     1771    -7890   -12915    -8795      -32     6943 
    9931     8928     4548    -1156    -4214     -212     9703    18326 
   21625    20949    15414     3847    -6957    -9949    -6658     -238 
    5096     3082    -3168    -5290    -4575    -5603    -6382    -4785 
   -1387     3510     6033     3114      480     2016     3581     3839 
    2895    -1884    -5689    -1884     5755    14690    26187    32629 
   28343    21332    19350    22067    25544    24700    21016    22322 
   28651    32818    32904    30287    25398    21813    20985    18087 
   12237     8440     8338    10200    13605    17268    17656    15229 
   15206    17181    15616    10255     4040     -456      382     5005 
    5694     -157    -5116    -2007     5158     7832     5320     3271 
    4758     6242     4793     6083    14910    23322    20193     9140 
    3487     4784     2849    -6270   -14283   -10466     3678    14739 
   14443     8237     6659    10791    11900     8966    10116    14203 
   13089     8502     7954    11091    11454     7568     5321     8615 
   13636    14021     8604     2673     -693    -3411    -3588      544 
    2613     -819    -5221    -7416    -6277    -2442      572     1960 
    4576    10504    16735    17564    14062    12383    13763    14746 
   13362    11022    11713    16699    20101    19608    22270    29817 
   33905    29677    21976    17675    17202    15001     7882     1046 
    3277    16660    32800    41207    39987    33795    26202    18856 
   12046     5152     1270     7037    21358    33255    35652    30025 
   21872    17390    17666    20344    24013    24405    18488    11368 
    9953    15900    24649    29864    30442    28317    23241    14823 
    6531     4212     9648    19543    27635    28090    23699    20768 
   18297    15178    15367    19620    22654    19179     9221    -2511 
   -8337    -1071    14913    25502    26325    25332    27290    28161 
   21982     9825     1738     4973    12293    11006      932    -6864 
   -6916    -4212    -1557     3910     9555     9945     7005     5732 
    8581    13980    16765    15693    15257    17698    20104    17933 
   11924    10987    20127    32089    37182    33326    26279    22203 
   21875    23882    25261    23085    21195    23815    26670    25150 
   21347    17605    14073    12831    14076    14438    13711    15068 
   21496    32293    39060    34747    24865    19313    19801    19495 
   12044    -1498   -16117   -24432   -19620    -6571     2257      977 
   -7919   -16117   -16932   -12614    -5101     6311    13909     9505 
   -2041    -8617    -3041     9035    15110    11580     4954     2597 
    6880    12640    12877     8121     5691     9267    13894    14447 
   11931     7902     3438     3064     7190     9884     9788     8812 
    7756    10978    19342    23504    19292    16447    21693    28104 
   27795    21978    15396    11190    10728    12322    13312    13329 
   13219    15828    22711    26993    22429    15010    13081    14908 
   15511    17400    23201    27143    24714    18424    10544     1111 
   -7056    -7830     -387     7295     9636     9317     9984    12387 
   14531    13703    13096    17101    22469    25361    25110    20879 
   15569    14270    16213    17061    16395    15037    11870     7960 
    5886     7623    14143    20754    20424    14508    10103    10632 
   15213    20375    22638    20779    13824     3584    -3252    -2906 
    2226     8230    10956    10035    10758    14503    18835    23758 
   25909    21849    17941    21325    28471    30218    23591    15211 
   12541    15457    17852    16641    15974    18080    18727    16711 
   16846    21075    24664    23545    19502    15341    11411     8319 
    8533    14179    22650    27765    27433    24790    22697    21366 
   19444    15816    12248    13018    18679    22874    18960     9629 
    5078     8849    13983    15506    15698    16823    18130    17135 
   11641     4530       -5    -1514      265     3129     2848     1205 
    2924     7375     8929     4500    -1179     -444     7701    15790 
   18436    18632    18806    16814    11225     3098    -2451     -533 
    5381     8259     6469     4199     6093    11229    14341    12928 
    9657     8272     9355    10905    11975    13294    15611    18696 
   20034    17200    12043     8604     7925     7493     5697     3951 
    3630     4587     7025     9913     9979     7709     7570    10666 
   14154    15144    13263    11299    11488    11974     9896     6711 
    4903     3060     1120     2018     4091     3026      311      324 
    2640     2527    -1750    -4243     -193     4939     6031     7337 
   11685    13761    10566     7350     7854     9420    10098     9370 
    5742     1205       36     1852     2548      612     -861     1610 
    6879    10238     9285     6257     4854     5999     7414     7094 
    5100     2930     1939     2349     4133     6259     6727     5119 
    2857     1732     2326     4066     6126     7125     7824    10384 
   12487    11232     8526     6126     3615      990    -1024     -800 
    1800     3920     4194     3451     1472    -1337    -3006    -2910 
   -2478    -2633    -2330     -406     2848     5809     6689     6208 
    6548     7111     6373     5171     4182     2616      330    -1755 
   -3033    -2818     -272     2074      936     -789     1053     4109 
    4109     1463     -216     1250     4010     4571     3669     4796 
    7155     7607     6085     4814     6339    10968    15595    17674 
   17574    16241    14211    12627    12449    13019    12954    12290 
   11994    11826    11919    13170    14386    15665    18881    21024 
   19025    15811    13509    11635    10514     9575     8314     7652 
    8058     9603    10948    10102     7946     6821     7443     8652 
    9348     8928     7056     5940     6735     7003     6960     8113 
    9116    10061    12009    13138    12708    13122    13918    12931 
   12233    13073    13308    12960    12474    10547     8121     7940 
    9639    10511    10667    11484    11790    11406    12789    15564 
   16339    14806    13379    12588    11816    10963    10335    10770 
   11993    13177    14341    13516     9448     6562     8276    11742 
   14006    14916    14550    13439    12214    10088     7892     9288 
   13678    15070    11151     5904     4336     7878    13479    17344 
   18929    19356    18686    17389    15786    12771     9448     8803 
   10687    12630    13960    15394    16977    18607    19766    19117 
   16897    15020    14312    14690    16056    17289    16926    15344 
   13755    12378    12409    15201    18724    19797    17652    14757 
   14100    15256    16421    17047    17199    17294    16814    15115 
   14361    16511    18840    18091    16258    16992    18837    17612 
   13509    10192     9879    11479    12087    11746    12726    15218 
   17980    19083    17727    15894    15176    15298    15384    15438 
   15935    16167    15882    14932    13026    12961    16243    19002 
   19016    18773    19294    18775    17257    16048    15492    16513 
   17829    16173    13813    14812    17018    16849    14624    12646 
   12240    12733    13231    13761    14033    13478    13659    16669 
   19400    17421    13338    12204    13925    15003    13864    13228 
   14898    15777    14227    12633    11973    11130    10239    10397 
   10986    10940    11729    14459    15504    11647     7492     8202 
   11317    13267    13861    13630    12880    12050    12205    14058 
   16534    17231    15012    12147    11573    12629    12104     9804 
    9204    11290    14064    16233    16337    14467    12908    11256 
    8787     8054    10216    12594    12213     9968     9645    11762 
   12756    11607    11271    12930    14411    14262    13684    13794 
   14122    13911    12552    11387    11886    11400     9217    10069 
   14828    18347    18069    15749    12866    10438     9913    11551 
   13284    12596    10249     8361     6805     5248     4646     6447 
   10079    11746    10227     8795     9375    10849    11298    10361 
   10093    11052    11321    10854    10227     8688     7569     8517 
   10172    10557     8942     7136     7950    10149    10365     8779 
    7684     7378     7381     8086     9113    10037    11033    11321 
   10304     8989     8658     9350    10092    10685    11622    11946 
   10504     8858     8654     8245     6208     4918     6500     8946 
    9705     8965     8097     8341     9489     9830     9703    10956 
   12487    12141    11209    11222    10438     8467     7928     9466 
   10648     9895     9271    10859    12649    12858    12439    11742 
   10154     7520     5220     5251     7276     9443    10984    12009 
   12386    11898    11384    12247    13729    13460    11418    10698 
   13020    14160    11118     9603    13192    16515    15785    13867 
   13467    13154    11601    10602    11812    12891    10547     7722 
    8459     9315     7663     7160     9391    11942    12567    10809 
    8860     9221    10677    10609    10223    11647    12727    11288 
    9687     9826     9871     8982     8523     8860     9787    10555 
    9991     9506    10592    11167     9965     9209    10814    13369 
   13540    10920     8866     9589    10972     9899     8141     8962 
   10766    11103    10578    11268    13342    13456    11061     9367 
    8668     7885     7921     9369    11049    11874    11592     9720 
    7439     6976     7699     8877    11111    11693     8259     4978 
    6359     9983    11327    10814    11076    11847    11680    11075 
   11381    12418    12622    10870     8557     8923    11668    12764 
   11099     8586     6561     6269     7712     8513     7577     6859 
    7618     8955    10011     9366     7140     7153     9855    10937 
    9477     8360     9157    11132    12718    12903    12058    11558 
   11955    12240    11873    11101    10235    10197    10951    11344 
   10883    10038    10227    11479    12154    11892    10989    10121 
   10643    12104    12949    13679    15080    15140    12550    10126 
   10179    10886    10458    10157    10978    11812    11940    11840 
   12340    13448    13400    11762    10944    12143    14089    15182 
   14673    12918    11113    11236    13396    13887    11099     9190 
   10714    12618    13258    14215    14747    13077    10534    10079 
   12131    14247    14928    14052    12347    11340    10908    10480 
   10121     9886    11132    12982    12074     9937    10849    14006 
   14870    11736     7595     5809     6859     8928    10007    10806 
   12646    13100    10245     7203     6659     7520     8772     9570 
    8721     7434     7499     8523     9815    11064    11152     9725 
    8309     7921     8215     9387    11187    11298     8826     6222 
    5742     7333     9232     9662     8193     6135     6304     9185 
   11776    12621    12537    12264    12248    11967    11236    10874 
   10774    11032    11975    12488    12305    12259    12272    12459 
   13108    13917    14677    14609    13036    11117    10885    12221 
   12081    10022     9614    11422    12756    12550    11186     9478 
    9409    11709    12498     9535     7925    10521    12934    12313 
   11103    12468    15395    16281    14941    13848    13459    13188 
   14031    16056    17084    16431    15424    14354    12614    11431 
   12314    13396    12675    11832    12015    11430    10138    10274 
   11805    13109    13865    15149    15903    14384    12580    11705 
   11194    12297    13505    10959     6810     6693     9676    11731 
   13246    14122    12974    11080     9965    10423    11954    13096 
   14049    14728    13606    11974    13027    14381    11712     8271 
    8120     9444    11596    13919    12862    10569    11502    12684 
   11379    10629    11669    13225    15025    15812    14893    14116 
   14712    16164    16725    14116     9460     7816    10519    12452 
   10582     8190     8881    11433    11658     8881     8237    12000 
   14083    12058    12337    14813    14096    13568    15172    14796 
   14250    14901    13759    12532    14011    15597    14817    14527 
   14832    12229    10894    14265    16641    16549    17705    18345 
   15124    10662     9535    10856    11204    11084    11261    11065 
   12375    14837    14987    14269    14113    11624     9747    12587 
   15007    13590    12444    13012    12439    11045    11511    12243 
   10891     9944    11523    13109    12155    10604    11240    12622 
   11830    10386    12098    14871    14963    14598    14975    14418 
   13370    12667    12671    12344    10847    10511    12051    13371 
   13096    11504    10912    11954    12239    11767    12609    13988 
   13828    12575    11988    12112    11627    11219    12260    12453 
   10759    10085     9429     6806     6356     9674    11183     9124 
    8062     8862     8237     6912     8469    11620    12382    10679 
    7885     6135     8437    12351    13257    12005    11387    11462 
   11265    10651    10216    10651    10921    10345    10797    12100 
   11616     9969    10558    12633    12097    10779    13035    15724 
   15209    13628    11896    10722    11639    11453     8972     8823 
   11422    12105    10712    11511    13527    12981    12334    12954 
   11048     8063     8302    10369    11607    12306    11695     8622 
    6939     8926    10592    11115    11750    10844     9695    10343 
   10760    10571    10970     9737     7562     8464     9656     8019 
    7572     9053     9514    10041    11227    11639    11475    10562 
    8733     8259    10368    12005    11295    10195     9693    10875 
   13656    13740    11589    11642    11538     9556     9949    12384 
   13288    13022    11729     8915     7963    10781    13281    13343 
   13338    13090    10960     8357     7063     7652    10095    12898 
   14134    12762    10693    10230     9540     9236    12258    15178 
   14230    11637     9853     9726    11566    12091     9647     9312 
   11989    12087    10531    11595    12954    12609    11886    11608 
   13004    13738    11597    11458    13895    12306     8451     9801 
   14432    16240    15075    12559    10181    10733    12021    10100 
    9582    12201    10872     8127    11191    14943    14219    13663 
   15064    14149    12127    11931    11114    12528    17793    18157 
   14688    15508    16140    12807    11703    14034    13355     9684 
    9140    10490    11211    13008    12333     9647    11927    14254 
   11160    11010    14073    11551     8543    11095    11615     9046 
    9979    11129    10473    12873    14183    10108     8136    10894 
   12245    11584    10500     8702    10584    14912    12518     8568 
   12673    15336    10613     9568    14635    17371    15654    12162 
    9995    11985    14551    12617    10820    13649    13450     6355 
    3850    11630    18956    17363    10849     7794     9340     9756 
    9325    11632    13775    12418     9067     9678    15500    17046 
   12744    10442    10141    10450    12046    12494    12575    13536 
   12888    11400    10905    10986    12363    13379    11727    10627 
   11608    11007     8499     8329    11191    11897     9263     8487 
   10787    12987    13351    13193    15012    16611    14701    11923 
   10844    10567    10693    11630    13423    14090    12386    11616 
   13135    13335    11449    11029    12505    13529    15457    16282 
   11117     6925     9317    11589    13186    15527    12868     8910 
   11527    14301    11558    10211    11670    11157    10586    10638 
    9686    10239     9859     6141     6858    11977    11078     6511 
    7627    10569     8904     7588     9070     8644     8395    10523 
   10012     8712    11190    11736     8201     7376     9647    10153 
    8770     7886     8424    10347    12129    11114     9119    10436 
   11826     9491     8715    11914    13567    11650     9077     8884 
   12540    15398    12563     9251    10125    11488    11074     9482 
    8245     9717    12237    13351    13444    12023     9259     7803 
    9417    11850    12361    12104    11295     9570     8866     8591 
    7950     8598     9804     9910    10516    12895    13834    11246 
   10066    13203    14570    11993    11388    12609    11587    10492 
   11029    11294    10605     8549     6559     8274    11720    12241 
   11736    11684     8903     5697     7605    11747    11977     9559 
    9315    12656    15133    12569    10338    12012    11580     8505 
    7827     8738     9495    10926    11198    10133    10525    10125 
    7545     7690    10241    10034     8995    10347    10623     9019 
    9595    11302    10654     9952    11515    12212    10952    10033 
    9911    11187    13262    13250    11199     9378    10083    13680 
   15408    12660    11024    13890    15920    13162     9648     9417 
   10436    11500    13892    14980    14740    15140    12363     8546 
    8594     8286     7609    11273    16349    16789    12062     7586 
    6485     8336    12112    12715    10512    12252    14220    10971 
    7990     9385    11593    10835     9289    10458    11146     9127 
    8607    11719    16015    17162    14420    13367    13930    10482 
    6824     8626    11396    11406    12253    14801    14821    12283 
   11049    11198    11713    13321    12907     9724    11745    18694 
   20694    17624    13450     9285    11017    18734    21767    17497 
   12447     8513     6871    10053    12629    10318    11368    18275 
   19044    10419     3804     5289     8914     8066     5071     6528 
   11892    15103    13836    10948    10733    12617    12972    13738 
   16222    14723     6354    -2065     -650     9220    15453    15830 
   18189    21022    17626     9856     3176      537     3317     9001 
   12548    13176    14142    17238    20865    22233    19649    13324 
    6818     6097    12035    16949    16407    16241    18866    18377 
   13883    11311    13643    16761    15410    11889    11180    12071 
   11422    10673    12086    14584    18018    20185    15901     9833 
    9184    10913    12829    14800    12630     6035      845     2219 
    8769    13347    11923     8078     7707    10335    11395    12348 
   14944    14546    11589    11222    10219     3981     -926     2994 
    9302    10022    11168    16797    18361    11466     4105     4085 
    8677    11398    12351    15516    18936    17194    12731    11214 
   12773    16231    19670    19049    13612     7276     3801     4660 
   11481    21258    22619    12186     4097     7240    10488     6974 
    6492    11904    15086    14215    12999    12588    10750     6979 
    4710     4167     2710     1556     3704     8206    10409     9755 
    9923    10689     9748     7827     7130     8281     9813     9760 
    8371     8904    10709     8401     3626     2493     4777     8783 
   13548    15358    13139     9713     6758     4873     6277    12501 
   19120    19865    14706     8874     7287     8522     8543     9861 
   13905    16351    15610    12073     7420     6222     9666    13568 
   14677    14415    13772    12498    13111    14949    14494    12964 
   12391    12225    12885    14898    14825     9154     3388     6073 
   14161    17358    13522    10349    13154    17268    16729    12860 
   10219    10312    10417     8993     8515     9328     9413     9837 
   11711    14958    19550    20428    14254     9165    11203    13525 
   10158     6156     7408    11304    12630    10971    10282    13115 
   15223    12266     7558     6165    10566    17558    15882     4455 
   -1972      761     4909     9273    12218     9891     8507    13365 
   16840    13776     9783     9209    10659    11527    10211     8694 
    9960    12005    12179    11979    12186    10810     8799    10795 
   16470    18505    12915     5648     5058    10717    16200    18220 
   16803    13500    11206    11816    13144    11688     9761     9876 
    9664    10269    12618    12368    10480    12343    16276    16545 
   13397    12317    16098    21132    21942    17524    11492     8942 
   12106    17163    17965    11269     1341     -594     8926    18160 
   16717     9509     7535    12240    15341    11101     4301     4499 
   11454    15493    14598    13487    11109     6494     5602    10064 
   11838     9300    11061    18081    22993    22708    17240     9312 
    5979     8019    10864    15218    18721    15264    10542    11836 
   12769     9606     8642    11115    13625    14241    10521     4707 
    3557     7666    12324    15512    15982    12135     8014     7677 
    7245     4074     3007     8414    16675    19959    16966    12698 
    9290     6160     6129    10878    15145    15346    13844    12378 
   10856    10169    12125    15299    15997    15271    14912    12258 
    9825    13116    16952    15826    14010    13346    11955    12118 
   14944    17116    16236    12118     7134     6172    11433    17361 
   17425    15487    16529    17236    16497    16363    14827    10447 
    7226     8746    11371    10897    10725    13018    13548    11955 
   12565    15031    14388     9666     6301     7967    11940    13747 
   12291    10358    10030    11033    12436    11979     9099     6492 
    6369     7867     6860     4202     7449    15259    16398     8712 
    2756     4710     9543    12565    14079    13932    11275     7028 
    3267     1274     1354     4642    11518    16856    14783     9327 
    7207     6316     4194     3726     6366    10802    13366     9734 
    3586     3651     9274    13738    16102    15549     8283      761 
    3435    11178    13683    10512     6747     7068    10095    11696 
   12322    12906    12213    10611    10575    11743    11437     9818 
    7933     6388     6604     9570    13036    11828     7476     8175 
   13710    16386    15288    14381    12694     9151     7619     8839 
    9601     9552    10158    11842    12398     8957     4452     4016 
    6369     7692     8712    10585    10347     8222     8352     9120 
    8606    10272    14075    17255    17861    13147     6961     7134 
   10856    10454     8437    10963    14065    12233    11246    14625 
   14659     9925     8221    11294    14724    15334    14241    13996 
   12791    11396    14334    17381    14440     9855     8978    10308 
   11041    10457     9759    10754    12464    13301    13932    12993 
    9660     8456    10697    11731     9765     7824     9877    13963 
   13027     9131     9863    12110    10021     7238     8653    11630 
   11183     8437     7360     7858     8812     9748     9821     9567 
    9867    11543    13441    11734     7472     5780     7182     8827 
    9768    10781    11287    10058     9112    10932    13201    12152 
    8588     6650     7652     9394    11062    12460    11358     8476 
    7665     9028    11800    15781    16560    12201     6814     4695 
    7973    13401    14968    11692     7607     7010     9304    10588 
   10663    11526    12811    13524    13043    11485    10839    11199 
   11368    12910    15071    14320    11202     9352    11611    17053 
   19877    17034    13045    12167    13034    12861    11383    10239 
   11684    15747    17547    14597    11997    13081    14877    14756 
   13879    13670    13032    12129    13535    15880    15068    12280 
   11398    12383    13470    14496    15233    14399    12604    12210 
   13192    13921    13304    10685     8789    10793    13952    14828 
   13814    12229    11448    12024    12680    12511    11979    11616 
   12274    13162    11862     9960    10467    12688    14179    12966 
   10276     9235    10781    13602    14551    12403    10112     9764 
   10382    10814    11673    13166    13836    13105    11892    11207 
   10586     9837    10565    11963    12122    11651    11373    12378 
   13852    12322     9080     8625    10821    12424    12645    13034 
   12980    11624    11445    12911    13489    13506    13851    12906 
   11414    12291    13929    12285     9567    10458    12544    11797 
   10434    11434    12855    12502    11364     9640     7738     8272 
   11292    14273    15006    12494     9687    10493    12947    12248 
    9482     9289    11311    12641    12546    10989    10179    12995 
   15832    13721    10411    11138    13421    13382    11769    11090 
   11907    12738    12367    10968     9649     9370     9894    10318 
   10887    12842    14743    13213     9634     8731    10412    11196 
   11433    13382    14897    12564     8723     8324    10710    11734 
   11848    12895    12528    10824    11007    11881    11585    11171 
   10739    11126    13076    13509    11298     9506     9004     9252 
   11348    14057    14112    12306    12239    14079    15003    14071 
   13095    12857    12439    12345    13172    13829    13605    13112 
   13208    13770    13936    13620    13644    13806    13277    12523 
   11954    11722    12507    13404    12621    10903    10666    12248 
   13502    13105    11534     9601     9279    11585    12970    11326 
    9803     9840     9814     9472     9524     9621     9076     8833 
   10323    12588    13113    11488    10334    11178    12357    12627 
   12930    13055    11068     8499     8985    11646    13230    12526 
   10665     9894    10258    10395    10860    12158    12988    12581 
   11607    10443     9281     8985     9845    11419    12950    12820 
   10966     9915    10554    11036    10088     8621     8492     9556 
   10246    11009    11844    11091    10129    10805    11859    12436 
   11886     9628     7789     8596    10677    10783     9115     9275 
   11518    12920    13435    14119    13216     9904     7172     7369 
    9128    10277    10774    11103    10652     9909    10293    11264 
   11677    11857    11601    10319     9112     8654     8421     9158 
   11199    12406    11441    10073    10296    11858    12906    11867 
    9813     9607    10970    10972     9882     9759    10126     9890 
    9273     8630     8160     8745    10984    13139    13096    11784 
   11322    11475    10673     9460    10537    13292    13194    10833 
   11327    13576    13014    10916    10678    12050    13018    12267 
   11469    12930    14434    13383    11543    11267    12185    12660 
   12490    12445    12040    10993    11005    12590    13262    11803 
   10636    11245    11438    10586    10990    11952    11584    11466 
   12406    12584    11338     9624     8935     9837    10814    10501 
    9818    11036    13699    13636    10027     7508     8198     9803 
   11129    11908    10908     8811     8271     9950    12194    13514 
   12820    10476     9325    10161    10648    10370    10621    11597 
   12868    13587    13192    12893    13581    13787    13119    13626 
   15048    14931    13385    11924    11082    10775    10486    10849 
   12968    14747    13269    10721    10849    12155    12155    11788 
   11821    11406    10258     9576     9991    10963    12387    13571 
   13504    12475    11618    12006    12760    12002    10329     9734 
   10493    11065    10642    10365    11092    11898    11661    11022 
   10817    10218     9667    10431    11210    11113    11437    12321 
   12343    10903     9175     8976    10702    12640    13054    12266 
   11284     9992     8289     7612     9201    11495    11784     9910 
    8623     9532    10712    10720    10585    10609    10185     9391 
    8615     8403     8806     9364    10513    12082    12368    11399 
   11317    12326    12305    11163    10999    11537    10841     9256 
    8421     9458    11966    13099    12117    12240    13527    13047 
   11668    11079    10301     9297     8877     9186    10644    12633 
   13497    12707    11273    10594    10740    11007    11392    11747 
   11576    11265    11290    10864    10018     9949     9829     8683 
    8621    10818    12455    11570    10350    10602    11448    12151 
   12017    10740     9574     9097     9418    10924    12448    12646 
   12096    11808    11553    10983    10588    10336    10166    10705 
   11173    10689    11117    13224    14075    12642    11358    11450 
   12428    13585    13780    12279    10654    10840    11519    11059 
   10910    11961    12475    11647    10840    11068    11591    11623 
   11770    12017    11639    11195    11358    11782    11973    11874 
   11985    12758    13406    12941    11942    11141    10686    10719 
   11017    11221    11072    10821    10592     9649     9012    10582 
   12534    12112    10470    10150    11319    12058    11526    11133 
   11485    11746    11651    11804    12787    13474    12559    11430 
   11692    12947    13640    12417    10362     9589    10141    11173 
   11859    11720    11514    11295    10514    10219    11049    11912 
   12379    12995    13554    13478    12892    12484    12571    12683 
   12660    12499    12050    11711    11406    10989    11101    11331 
   10840    10354    10725    11327    11350    11022    10910    11136 
   11561    11799    11480    11250    11821    12487    12773    13319 
   13524    12501    12043    13228    13886    13051    12031    11637 
   11796    11963    12182    12869    12779    11325    10739    11992 
   13169    12950    12262    12418    12808    12542    12368    12348 
   11772    11111    11001    11493    12122    12299    12417    12872 
   13024    12399    11308    10771    11693    13077    13365    12785 
   12187    11728    11264    11076    11611    12475    12910    12577 
   11612    10685    10648    11499    11859    10991    10368    10921 
   11426    11344    11909    13177    13331    12247    11435    10782 
   10026    10211    11244    11747    11334    10917    10937    11094 
   11372    11535    11439    11462    11272    10612    10349    11036 
   11665    10840     9362     9177     9915    10062     9917    10513 
   11453    11600    10982    10540    10368    10017     9811     9769 
    9346     9224    10092    10959    10847    10098     9702     9740 
    9402     8951     9020     9135     9127     9589    10372    10411 
    9728     9802    10570    10714    10693    11207    11326    10527 
    9892    10280    10956    11091    10925    10899    11117    11441 
   11570    11421    11302    11610    12252    12580    12240    11726 
   11547    11539    11564    11580    11181    10728    10995    11426 
   11529    11618    11469    11160    11372    12051    12330    11851 
   11601    12036    12301    12062    11452    10870    11056    11603 
   11519    10897    10416    10516    10897    11078    11527    12098 
   11662    10956    11545    12690    12978    12487    11732    11203 
   11313    11410    10913    10774    11421    11616    11044    10744 
   11017    11607    12036    11805    11673    12131    12082    11114 
   10417    10912    12020    12474    11809    10724    10243    10800 
   11807    11997    11067    10332    10854    11908    12129    11549 
   11352    12101    13117    13444    12931    12310    12461    13149 
   13327    13019    12857    12800    12619    12237    11980    12191 
   12155    11412    11080    11688    12348    12609    12190    11169 
   10732    10764    10509    10906    11902    12240    12316    12548 
   12295    11823    11641    11681    12379    13477    13554    12627 
   11955    11811    12055    12564    12445    11782    11826    12023 
   11800    12361    13159    12735    11911    11900    12525    12980 
   12752    12198    12155    12647    13005    13096    12818    12066 
   11769    12117    11952    11383    11247    11414    11819    12337 
   12480    12295    11924    11650    11982    12373    12325    12575 
   12951    12494    11743    11836    12746    13558    13717    13278 
   12368    11772    12083    12538    12904    13378    13352    12921 
   12764    12831    12737    12456    12472    12818    12695    11902 
   11496    12102    12667    12361    11786    11321    11105    11508 
   12166    12727    13217    13088    11907    10542    10471    11560 
   11965    11021    10381    11119    11734    11017    10269    10594 
   11082    11007    10604    10115    10400    11466    11735    11230 
   10890    10305     9794    10542    11514    10851     9683     9713 
   10053     9930    10138    10854    11156    10615    10012    10345 
   11322    11510    10435     9316     9169     9483     9599     9930 
   10669    11168    11061    10255     8911     8272     9184    10246 
   10130     9662     9639     9705     9850    10164    10208     9879 
    9358     8739     8560     9310    10404    10863    10442     9429 
    8588     8758     9493     9898     9963     9768     9804    10646 
   11360    11124    10650    10430     9961     9306     9545    10643 
   11240    10712     9464     8604     9099    10235    10571     9956 
    9371     9624    10361    10509    10093    10002    10270    10523 
   10701    10835    10858    10592    10343    10449    10218     9294 
    8792     9319     9925    10018     9979     9963     9906     9844 
    9679     9502     9525     9595     9571     9451     9090     9031 
    9832    10577    10702    10795    10751    10386    10284    10650 
   11221    11804    12361    12702    12282    11234    10700    11029 
   11250    10944    10704    10632    10489    10638    11276    11673 
   11407    11267    11778    12202    11830    11300    11669    12356 
   12028    11269    11564    12310    11914    10975    11250    12164 
   11896    11034    11244    12116    12253    11666    11515    12021 
   12202    12100    12538    12928    12395    11585    11242    11117 
   10996    11078    11520    12193    12457    12013    11493    11352 
   11587    12275    12958    12745    11927    11807    12405    12480 
   11703    11107    11340    11574    11045    10372    10575    11558 
   12067    11673    11399    11524    11414    11223    11119    10720 
   10492    11168    12185    12433    11875    11461    11646    11900 
   11776    11442    11307    11568    11804    11731    11815    12167 
   12309    12024    11597    11526    11831    12074    12162    12534 
   13157    13016    11838    10787    10642    11079    11512    11475 
   11165    11253    11585    11792    12124    12421    12151    11646 
   11663    12052    12154    12078    12221    12341    12085    11603 
   11354    11654    12233    12517    12289    11716    11269    11348 
   11705    11847    11809    11974    12276    12436    12529    12498 
   12212    11954    11853    11680    11394    11367    11878    12371 
   12299    11988    11813    11939    12181    12144    12039    12221 
   12609    13035    13486    13773    13327    12301    11778    11896 
   11965    11862    11696    11731    12174    12405    12135    11939 
   12004    12129    12253    12445    12623    12333    11619    11148 
   11159    11535    11973    11850    11119    10633    10876    11354 
   11369    10829    10521    11195    12302    12735    12330    11758 
   11623    11890    11792    11011    10519    10949    11604    11832 
   11691    11331    10887    10820    11337    11533    10909    10478 
   10717    10829    10542    10544    11003    11086    10488    10104 
   10615    11468    11736    11287    10646    10322    10575    11214 
   11624    11627    11635    11881    12213    12264    11865    11492 
   11642    11907    11669    11079    10704    10810    11062    11029 
   10945    11195    11618    11871    11766    11375    11029    10928 
   10929    10930    11206    11758    11878    11245    10462    10207 
   10530    10991    11356    11584    11416    10966    10897    11326 
   11551    11261    11033    11137    11090    11049    11546    11888 
   11414    10940    11057    11280    11214    10925    10763    11039 
   11352    11132    10656    10592    11044    11510    11488    11125 
   10971    11091    11144    11122    11180    11236    11146    11049 
   11267    11561    11323    10660    10254    10320    10465    10551 
   10631    10558    10521    10802    11142    11232    11115    10868 
   10562    10480    10655    10604    10142     9999    10732    11587 
   11726    11530    11596    11769    11735    11512    11221    11126 
   11280    11256    11051    10914    10728    10779    11091    10871 
   10365    10489    10967    11115    11062    11136    11076    10663 
   10338    10369    10523    10660    10797    11059    11542    11781 
   11325    10710    10537    10492    10417    10701    11056    10856 
   10451    10443    10638    10683    10558    10377    10434    10933 
   11462    11407    10914    10624    10875    11549    11988    11612 
   10851    10678    11350    12042    12148    12064    11896    11299 
   10816    11196    12013    12312    11913    11408    11241    11302 
   11340    11416    11657    11739    11325    10982    11576    12528 
   12548    11846    11510    11754    11897    11535    11367    11840 
   12162    11923    11577    11538    11947    12424    12347    11754 
   11321    11313    11304    11183    11234    11342    11394    11546 
   11587    11441    11605    12220    12607    12236    11584    11350 
   11429    11330    10976    10728    10933    11533    11844    11441 
   10972    10894    11039    11392    11543    11149    10732    10466 
   10230    10490    11102    11254    11009    10832    10835    11099 
   11319    11097    10805    10871    11009    10887    10693    10648 
   10752    10983    11167    11157    11053    10924    10859    10871 
   10818    10912    11333    11735    11699    11244    10909    11044 
   11356    11506    11402    11164    11036    11045    11045    11115 
   11280    11210    10821    10621    10925    11250    11029    10662 
   10903    11427    11429    11082    11007    11180    11268    11267 
   11246    11074    10798    10596    10471    10532    10673    10589 
   10627    11051    11372    11499    11709    11761    11616    11746 
   12075    12060    11696    11381    11181    11130    11455    11815 
   11722    11512    11596    11853    11902    11574    11298    11253 
   11214    11286    11348    11176    11211    11677    11963    11569 
   10894    10728    11226    11935    12388    12406    12101    11674 
   11464    11722    12069    12027    11844    11854    11873    11641 
   11302    11435    12071    12517    12647    12654    12366    11824 
   11488    11668    11925    11716    11593    12105    12480    12183 
   11954    12206    12294    11923    11696    11888    12133    12289 
   12266    12075    12216    12657    12665    12314    12321    12688 
   12847    12600    12306    12379    12719    12814    12600    12518 
   12646    12719    12619    12418    12306    12241    12060    11854 
   11720    11745    11940    11994    11801    11699    11943    12340 
   12487    12414    12205    11712    11353    11530    11792    11881 
   11969    11994    11875    11673    11564    11661    11753    11724 
   11784    11966    12070    12006    11850    11867    12244    12509 
   12172    11751    11897    12209    12044    11628    11460    11568 
   11747    11863    11863    11816    11816    11668    11206    10952 
   11346    11871    11794    11191    10863    11186    11546    11403 
   11088    11071    11049    10719    10577    10894    11209    11155 
   10829    10592    10619    10655    10453    10278    10504    10882 
   11051    11052    10790    10281    10007    10004     9915     9906 
   10219    10570    10728    10779    10697    10584    10643    10582 
   10254     9989     9913    10065    10230     9992     9776    10119 
   10516    10366     9975     9896    10022    10004     9906     9934 
   10139    10376    10477    10474    10521    10606    10580    10523 
   10540    10438    10226    10234    10419    10485    10547    10728 
   10727    10430    10262    10531    10831    10705    10434    10404 
   10512    10557    10482    10341    10158    10021    10249    10854 
   11141    10746    10326    10334    10427    10397    10270    10164 
   10382    10844    11022    10821    10848    11214    11252    11083 
   11303    11572    11585    11607    11622    11635    11769    11805 
   11605    11414    11379    11283    11247    11642    12006    11820 
   11538    11650    11936    11881    11465    11306    11634    11857 
   11601    11371    11601    11873    11781    11637    11738    11862 
   11723    11384    11145    11209    11435    11488    11406    11500 
   11657    11553    11244    11052    11099    11149    11084    11190 
   11568    11801    11753    11785    11925    12033    12231    12289 
   11973    11827    12096    12233    12148    12183    12384    12622 
   12640    12368    12225    12347    12424    12413    12483    12553 
   12484    12455    12563    12561    12390    12266    12343    12463 
   12434    12463    12577    12484    12411    12642    12846    12785 
   12609    12468    12484    12680    12888    12883    12630    12314 
   12221    12439    12638    12614    12540    12484    12445    12398 
   12253    12193    12391    12571    12467    12220    12139    12259 
   12293    12253    12337    12361    12191    11979    11892    11983 
   12117    12183    12217    12236    12191    12071    11967    11944 
   12027    12158    12137    12023    11974    11909    11820    11796 
   11840    11965    12078    12013    11830    11739    11624    11313 
   11241    11642    11901    11651    11295    11213    11175    11025 
   11118    11341    11261    11128    11261    11515    11637    11385 
   10910    10673    10687    10700    10686    10636    10523    10513 
   10731    10844    10530    10134    10152    10586    10935    10700 
   10208    10174    10586    10897    10827    10512    10268    10399 
   10820    10991    10797    10693    10783    10863    10939    10971 
   10732    10370    10351    10580    10685    10712    10791    10872 
   10945    11011    10952    10778    10712    10917    11288    11383 
   11034    10717    10736    10960    11105    10989    10816    10859 
   11061    11148    10921    10608    10566    10766    10849    10585 
   10296    10408    10728    10841    10671    10412    10366    10559 
   10654    10498    10326    10382    10658    10924    10974    10783 
   10486    10289    10368    10656    10918    11049    11038    10936 
   10836    10840    11082    11349    11230    10913    10905    11202 
   11352    11218    11256    11515    11487    11192    11044    11173 
   11333    11214    10971    10856    10844    10995    11260    11333 
   11250    11225    11168    11171    11391    11554    11551    11506 
   11411    11479    11804    11913    11596    11296    11240    11171 
   10929    10755    10979    11364    11384    11037    10774    10963 
   11479    11870    11961    11917    11696    11259    11134    11537 
   11848    11913    12016    11902    11519    11333    11473    11772 
   12071    12116    11753    11264    11064    11217    11568    11838 
   11813    11729    11701    11530    11346    11373    11465    11433 
   11268    11074    11171    11520    11402    10906    10899    11288 
   11422    11267    11260    11529    11614    11269    10890    11053 
   11666    11861    11511    11340    11427    11394    11130    10928 
   11163    11566    11615    11349    11171    11237    11319    11404 
   11693    11952    11778    11287    11061    11395    11782    11676 
   11313    11186    11341    11554    11712    11869    12001    11932 
   11708    11673    11924    12191    12316    12245    11927    11554 
   11400    11477    11729    11998    11894    11475    11346    11592 
   11715    11627    11576    11554    11549    11620    11693    11924 
   12399    12501    11946    11512    11597    11835    12050    12129 
   12012    11859    11573    11257    11438    11878    11746    11265 
   11333    11766    11888    11808    11801    11840    11881    11823 
   11772    11959    12069    11831    11632    11686    11647    11264 
   10918    11132    11682    11940    11781    11596    11666    11799 
   11639    11252    11109    11279    11365    11362    11416    11299 
   11028    10929    10937    10774    10569    10698    11175    11466 
   11271    11041    11101    11164    11110    11084    11140    11249 
   11269    11180    11132    11079    11006    11137    11427    11470 
   11223    11171    11387    11464    11395    11419    11535    11704 
   11754    11558    11441    11535    11615    11681    11739    11685 
   11545    11441    11481    11573    11521    11399    11375    11452 
   11488    11308    11051    11036    11244    11487    11529    11237 
   11014    11142    11280    11191    11062    11084    11144    11152 
   11232    11345    11341    11256    11186    11136    11045    10910 
   10943    11257    11551    11570    11395    11146    11053    11313 
   11655    11738    11612    11395    11236    11300    11389    11275 
   11261    11473    11465    11253    11256    11291    11149    11072 
   11107    11144    11237    11321    11229    11094    11055    10956 
   10798    10623    10403    10400    10654    10872    11067    11155 
   10914    10675    10794    10968    11061    11325    11538    11415 
   11267    11294    11291    11279    11465    11706    11758    11706 
   11685    11713    11877    12112    12087    11797    11661    11720 
   11769    11835    11831    11686    11672    11866    11979    11956 
   12002    12104    12097    11998    11947    11988    12104    12120 
   11861    11538    11421    11529    11673    11646    11680    11940 
   11993    11816    11847    11950    11831    11701    11786    11956 
   11989    11848    11645    11521    11584    11681    11605    11502 
   11584    11722    11632    11379    11277    11318    11342    11342 
   11354    11537    11762    11659    11492    11574    11487    11102 
   10925    11026    11095    11132    11161    11059    10909    10845 
   10921    11094    11052    10771    10631    10650    10696    10816 
   10932    11011    11119    11155    11126    11268    11465    11344 
   11041    10905    10998    11340    11681    11718    11614    11470 
   11223    10987    10854    10883    11071    11175    11133    11214 
   11449    11561    11524    11483    11519    11703    11894    11947 
   12005    11946    11584    11317    11435    11680    11780    11758 
   11723    11672    11608    11564    11530    11484    11381    11298 
   11303    11247    11115    11029    11090    11361    11622    11561 
   11225    10883    10806    11110    11493    11511    11159    10755 
   10593    10741    10951    11101    11259    11259    11021    10770 
   10679    10795    10995    11159    11267    11151    10912    10937 
   11071    11079    11206    11376    11315    11327    11616    11692 
   11412    11234    11265    11399    11557    11488    11323    11414 
   11504    11387    11407    11539    11446    11307    11356    11441 
   11449    11394    11229    11111    11313    11634    11696    11600 
   11564    11487    11288    11126    11144    11323    11516    11524 
   11389    11277    11130    10901    10709    10646    10747    10937 
   11053    11028    10952    10974    11084    11141    11048    10833 
   10754    10994    11209    11041    10748    10660    10786    11102 
   11426    11443    11175    10940    10912    11028    11178    11209 
   11142    11296    11593    11620    11453    11392    11455    11519 
   11496    11518    11723    11894    11785    11554    11461    11412 
   11354    11449    11572    11543    11466    11412    11404    11453 
   11485    11488    11472    11425    11408    11319    11026    10835 
   11095    11534    11614    11250    10903    10994    11395    11695 
   11711    11503    11219    11041    11038    11247    11646    11950 
   11939    11626    11241    11214    11462    11508    11367    11295 
   11356    11564    11842    11896    11564    11151    11024    11209 
   11468    11480    11300    11292    11354    11163    10893    10933 
   11241    11418    11218    10895    10960    11334    11442    11206 
   11003    11053    11264    11404    11349    11161    11086    11178 
   11160    11097    11247    11468    11593    11541    11368    11379 
   11389    11017    10747    11151    11747    11742    11206    10870 
   11094    11508    11635    11470    11302    11257    11310    11477 
   11670    11643    11377    11138    11099    11288    11566    11681 
   11728    11807    11645    11365    11356    11422    11425    11619 
   11786    11659    11688    12024    12012    11626    11545    11668 
   11524    11377    11492    11647    11720    11692    11504    11333 
   11383    11568    11761    11897    11873    11723    11597    11543 
   11601    11732    11784    11777    11719    11560    11514    11701 
   11877    11865    11792    11831    11946    11940    11785    11666 
   11711    11924    12110    11985    11668    11607    11888    12079 
   11893    11630    11556    11468    11356    11395    11429    11395 
   11454    11546    11519    11461    11560    11688    11561    11338 
   11345    11483    11535    11577    11659    11657    11487    11206 
   11061    11211    11431    11475    11349    11280    11395    11416 
   11257    11257    11399    11389    11272    11229    11296    11398 
   11458    11439    11284    11121    11146    11252    11196    10976 
   10821    10864    10955    10926    10821    10767    10783    10833 
   10837    10716    10554    10513    10592    10681    10746    10760 
   10710    10663    10573    10440    10474    10678    10800    10725 
   10578    10461    10427    10627    10854    10739    10537    10593 
   10683    10631    10658    10879    11057    11010    10828    10720 
   10737    10692    10579    10658    10889    10968    10897    10812 
   10705    10835    11210    11187    10722    10585    10889    11097 
   11094    11115    11263    11477    11583    11477    11333    11304 
   11295    11313    11441    11462    11300    11272    11481    11647 
   11580    11425    11360    11333    11227    11071    10970    11029 
   11263    11449    11404    11222    11124    11280    11529    11488 
   11292    11348    11520    11481    11422    11529    11531    11419 
   11400    11439    11596    11850    11874    11630    11375    11268 
   11350    11543    11720    11767    11666    11657    11777    11739 
   11545    11441    11470    11453    11341    11271    11206    11117 
   11168    11214    11084    11006    11053    11086    11101    11113 
   11110    11083    11039    11064    11163    11237    11259    11210 
   11178    11276    11330    11240    11206    11346    11566    11682 
   11650    11611    11672    11800    11781    11550    11387    11434 
   11531    11473    11283    11259    11376    11302    11113    11126 
   11337    11449    11415    11562    11830    11746    11388    11326 
   11641    11894    11835    11608    11433    11364    11350    11394 
   11465    11394    11160    11051    11167    11202    11128    11222 
   11377    11379    11302    11273    11422    11622    11510    11222 
   11241    11541    11627    11387    11218    11335    11524    11553 
   11452    11315    11199    11283    11533    11577    11375    11268 
   11395    11599    11739    11790    11718    11630    11703    11828 
   11939    12017    11869    11674    11761    11885    11865    11830 
   11789    11846    12010    11966    11727    11705    11866    11762 
   11465    11422    11642    11858    11962    11919    11854    11934 
   11983    11843    11759    11827    11846    11875    11977    11904 
   11673    11466    11280    11257    11521    11746    11684    11573 
   11545    11464    11387    11435    11547    11647    11746    11796 
   11663    11441    11376    11455    11529    11550    11551    11530 
   11430    11330    11358    11431    11415    11360    11364    11376 
   11349    11288    11142    11033    11188    11411    11369    11171 
   11083    11169    11299    11254    11125    11082    10957    10795 
   10849    11029    11200    11283    11148    10960    10979    11064 
   11025    10991    11086    11183    11151    11052    11084    11296 
   11407    11237    11109    11263    11448    11414    11267    11252 
   11398    11448    11287    11157    11294    11491    11419    11199 
   11109    11176    11265    11252    11210    11259    11311    11257 
   11148    11130    11310    11530    11530    11353    11296    11402 
   11441    11358    11229    11152    11211    11325    11495    11686 
   11580    11322    11352    11473    11529    11696    11724    11448 
   11271    11392    11655    11892    11840    11560    11483    11615 
   11604    11539    11634    11682    11591    11547    11596    11688 
   11722    11624    11511    11511    11600    11534    11294    11277 
   11547    11782    11754    11506    11373    11476    11595    11676 
   11816    11911    11743    11458    11379    11477    11533    11318 
   10991    11151    11666    11732    11371    11249    11399    11415 
   11245    11097    11155    11379    11462    11368    11340    11373 
   11317    11222    11222    11296    11398    11488    11445    11300 
   11217    11194    11261    11433    11541    11547    11496    11322 
   11202    11350    11458    11236    10928    10883    11091    11210 
   11070    11009    11329    11650    11527    11247    11219    11265 
   11157    11114    11306    11433    11287    11175    11237    11244 
   11234    11362    11470    11422    11391    11483    11481    11304 
   11167    11103    11095    11227    11368    11348    11237    11141 
   11071    11086    11153    11059    10844    10818    10967    11003 
   10876    10821    10972    11109    10995    10863    10987    11119 
   11087    11091    11159    11218    11276    11256    11214    11335 
   11475    11354    11105    11090    11313    11434    11331    11187 
   11161    11303    11462    11469    11410    11373    11273    11171 
   11259    11422    11450    11416    11379    11333    11389    11510 
   11499    11383    11313    11379    11580    11653    11439    11302 
   11433    11526    11422    11315    11388    11502    11439    11341 
   11407    11521    11488    11379    11368    11403    11353    11247 
   11218    11364    11560    11583    11469    11422    11446    11445 
   11553    11772    11722    11348    11113    11333    11726    11712 
   11394    11330    11454    11487    11445    11411    11502    11626 
   11541    11329    11245    11326    11335    11199    11214    11460 
   11564    11294    10978    11124    11539    11592    11348    11317 
   11499    11566    11477    11416    11362    11279    11319    11365 
   11223    11105    11192    11315    11322    11267    11265    11327 
   11399    11476    11503    11455    11465    11484    11419    11442 
   11506    11422    11418    11614    11672    11460    11300    11373 
   11438    11373    11402    11512    11530    11600    11715    11564 
   11313    11414    11742    11902    11820    11632    11469    11441 
   11496    11445    11379    11516    11684    11624    11400    11240 
   11300    11442    11493    11529    11556    11497    11418    11391 
   11395    11415    11533    11642    11510    11369    11458    11411 
   11210    11249    11449    11537    11500    11448    11450    11527 
   11577    11495    11464    11564    11580    11499    11415    11416 
   11637    11792    11545    11294    11421    11584    11576    11514 
   11387    11295    11323    11419    11556    11635    11637    11668 
   11731    11785    11792    11676    11502    11519    11695    11682 
   11516    11487    11516    11415    11369    11572    11738    11569 
   11259    11145    11331    11589    11612    11449    11352    11341 
   11283    11207    11242    11317    11307    11306    11383    11410 
   11313    11204    11230    11399    11502    11396    11214    11103 
   11098    11207    11303    11230    11053    10956    11006    11090 
   11137    11214    11277    11175    10943    10862    11025    11113 
   11013    10909    10798    10706    10763    10871    10886    10827 
   10787    10787    10759    10751    10820    10856    10868    11009 
   11244    11288    11007    10798    10952    11141    11152    11134 
   11157    11202    11225    11169    11113    11157    11121    10962 
   11053    11350    11391    11137    10963    11148    11452    11453 
   11196    11025    11117    11330    11435    11368    11203    11153 
   11247    11275    11272    11330    11291    11227    11379    11620 
   11673    11580    11538    11595    11624    11461    11275    11368 
   11615    11731    11684    11605    11543    11484    11499    11549 
   11549    11639    11757    11610    11361    11419    11668    11670 
   11493    11516    11672    11672    11587    11623    11755    11862 
   11894    11809    11649    11587    11597    11523    11457    11480 
   11515    11569    11612    11510    11302    11279    11526    11692 
   11523    11331    11461    11668    11556    11250    11169    11415 
   11630    11531    11362    11404    11508    11458    11313    11280 
   11450    11693    11742    11554    11468    11600    11622    11488 
   11427    11425    11520    11597    11429    11322    11400    11295 
   11148    11240    11315    11264    11271    11350    11373    11276 
   11157    11192    11348    11449    11480    11488    11394    11218 
   11249    11477    11581    11562    11524    11422    11364    11460 
   11564    11524    11448    11449    11472    11562    11651    11449 
   11200    11348    11587    11564    11400    11240    11257    11483 
   11589    11487    11453    11475    11362    11277    11317    11298 
   11284    11356    11338    11350    11539    11597    11422    11237 
   11183    11325    11430    11273    11155    11334    11583    11641 
   11585    11530    11431    11385    11422    11404    11387    11407 
   11404    11475    11549    11472    11384    11435    11480    11400 
   11377    11483    11518    11454    11384    11283    11195    11217 
   11326    11422    11400    11287    11257    11319    11334    11362 
   11446    11479    11502    11562    11612    11691    11749    11673 
   11622    11716    11699    11481    11337    11325    11310    11304 
   11283    11210    11184    11117    10993    11086    11298    11267 
   11079    10982    10939    10906    10947    11029    11062    11060 
   11044    10993    10970    11086    11249    11223    11047    10955 
   10920    10777    10646    10751    11024    11204    11186    11121 
   11188    11214    11007    10849    10901    10930    10924    11007 
   11133    11222    11179    10986    10868    10967    11051    11002 
   11026    11156    11237    11241    11105    10833    10692    10782 
   10894    10921    10909    10894    10854    10800    10827    10918 
   10937    10887    10875    10871    10876    10945    10966    10963 
   11011    10871    10632    10689    10874    10890    10895    10921 
   10854    10827    10814    10732    10782    10897    10812    10755 
   10912    11007    11005    11016    10944    10936    11140    11264 
   11155    10986    10870    10847    10960    11111    11086    10948 
   10948    11067    11110    10989    10940    11196    11369    11149 
   10948    11115    11430    11570    11497    11411    11503    11627 
   11408    11017    11061    11395    11375    11160    11252    11500 
   11570    11487    11398    11350    11331    11406    11553    11605 
   11576    11520    11400    11319    11364    11516    11688    11689 
   11591    11584    11524    11334    11288    11455    11564    11549 
   11583    11669    11654    11538    11460    11500    11591    11553 
   11422    11473    11647    11688    11608    11526    11519    11566 
   11487    11349    11402    11549    11568    11481    11373    11321 
   11372    11454    11493    11547    11663    11704    11634    11630 
   11645    11574    11573    11600    11562    11589    11655    11674 
   11672    11622    11605    11711    11820    11820    11708    11603 
   11676    11854    11871    11662    11466    11500    11615    11659 
   11688    11722    11857    12008    11885    11696    11715    11728 
   11663    11676    11757    11772    11706    11668    11646    11597 
   11646    11846    12001    11904    11700    11677    11838    11973 
   11944    11772    11674    11797    12027    12140    12021    11871 
   11961    12096    11966    11801    11846    11890    11855    11854 
   11820    11758    11753    11642    11458    11508    11659    11599 
   11507    11616    11788    11893    11909    11863    11878    11881 
   11762    11681    11692    11757    11927    11983    11797    11758 
   11963    11975    11749    11630    11661    11704    11803    11896 
   11817    11669    11668    11804    11970    12118    12181    12081 
   11873    11732    11693    11615    11535    11580    11718    11865 
   11888    11729    11581    11581    11610    11549    11487    11464 
   11388    11433    11700    11805    11577    11362    11394    11530 
   11545    11434    11360    11325    11263    11264    11383    11407 
   11196    11068    11291    11622    11788    11739    11523    11291 
   11187    11288    11492    11551    11433    11396    11578    11753 
   11708    11558    11403    11269    11267    11414    11503    11315 
   11057    11164    11464    11484    11304    11259    11369    11481 
   11537    11521    11427    11346    11325    11348    11435    11518 
   11502    11415    11326    11327    11391    11356    11250    11209 
   11167    11003    10876    11034 
