Origin Time       2016/04/16 01:25:00
Lat.              32.753
Long.             130.762
Depth. (km)       12
Mag.              7.3
Station Code      OKY009
Station Lat.      34.9176
Station Long.     134.0923
Station Height(m) 48
Record Time       2016/04/16 01:26:58
Sampling Freq(Hz) 100Hz
Duration Time(s)  64
Dir.              N-S
Scale Factor      7845(gal)/8223790
Max. Acc. (gal)   1.950
Last Correction   2016/04/16 01:26:59
Memo.             
   -1939    -1896    -1872    -1878    -1910    -1949    -1985    -2010 
   -2016    -2015    -2010    -2000    -1993    -1988    -1977    -1958 
   -1939    -1919    -1900    -1895    -1907    -1925    -1942    -1958 
   -1962    -1953    -1934    -1907    -1878    -1861    -1852    -1861 
   -1881    -1900    -1911    -1902    -1867    -1826    -1792    -1773 
   -1764    -1771    -1800    -1848    -1902    -1956    -1993    -2001 
   -1988    -1965    -1938    -1911    -1896    -1890    -1884    -1884 
   -1887    -1885    -1883    -1876    -1868    -1858    -1845    -1831 
   -1825    -1822    -1817    -1806    -1809    -1840    -1885    -1934 
   -1984    -2022    -2041    -2034    -2007    -1969    -1935    -1900 
   -1868    -1845    -1831    -1829    -1829    -1817    -1800    -1784 
   -1765    -1760    -1769    -1786    -1802    -1814    -1818    -1815 
   -1807    -1800    -1807    -1818    -1826    -1831    -1819    -1798 
   -1779    -1759    -1740    -1729    -1714    -1702    -1699    -1694 
   -1698    -1710    -1718    -1729    -1742    -1750    -1755    -1755 
   -1746    -1742    -1745    -1757    -1780    -1800    -1810    -1804 
   -1781    -1757    -1741    -1738    -1755    -1786    -1831    -1884 
   -1937    -1991    -2047    -2092    -2116    -2116    -2092    -2058 
   -2033    -2022    -2034    -2066    -2100    -2130    -2157    -2170 
   -2166    -2151    -2120    -2084    -2045    -2010    -1996    -2008 
   -2034    -2065    -2084    -2097    -2114    -2130    -2141    -2135 
   -2111    -2083    -2052    -2022    -1993    -1965    -1941    -1927 
   -1923    -1919    -1908    -1892    -1875    -1871    -1878    -1892 
   -1918    -1954    -1984    -2014    -2049    -2074    -2084    -2079 
   -2066    -2052    -2033    -2007    -1987    -1982    -1995    -2020 
   -2050    -2076    -2095    -2104    -2100    -2091    -2084    -2087 
   -2092    -2100    -2107    -2107    -2095    -2072    -2042    -2003 
   -1961    -1923    -1890    -1865    -1859    -1863    -1869    -1892 
   -1919    -1946    -1975    -1992    -1999    -1999    -1993    -1988 
   -1984    -1977    -1972    -1971    -1966    -1956    -1938    -1918 
   -1900    -1890    -1898    -1923    -1962    -2007    -2052    -2093 
   -2123    -2142    -2144    -2126    -2095    -2069    -2053    -2047 
   -2052    -2064    -2066    -2047    -2003    -1944    -1883    -1833 
   -1799    -1779    -1771    -1786    -1813    -1836    -1848    -1848 
   -1833    -1818    -1814    -1818    -1831    -1859    -1890    -1914 
   -1929    -1934    -1944    -1956    -1966    -1975    -1998    -2020 
   -2045    -2087    -2130    -2160    -2184    -2199    -2195    -2180 
   -2150    -2110    -2066    -2030    -2004    -1991    -1991    -2000 
   -2004    -2001    -2000    -1993    -1981    -1965    -1941    -1912 
   -1884    -1859    -1842    -1830    -1823    -1823    -1836    -1859 
   -1898    -1942    -1980    -2007    -2027    -2045    -2060    -2069 
   -2066    -2053    -2033    -2012    -1998    -1977    -1944    -1904 
   -1865    -1833    -1823    -1837    -1875    -1938    -2019    -2096 
   -2150    -2169    -2153    -2115    -2068    -2025    -1989    -1962 
   -1953    -1960    -1982    -2023    -2062    -2093    -2121    -2137 
   -2147    -2165    -2182    -2199    -2209    -2219    -2222    -2209 
   -2191    -2169    -2137    -2098    -2072    -2053    -2041    -2034 
   -2025    -2004    -1975    -1930    -1887    -1859    -1857    -1872 
   -1898    -1927    -1954    -1969    -1975    -1973    -1966    -1960 
   -1964    -1973    -1982    -1999    -2011    -2012    -2004    -1998 
   -1992    -1981    -1968    -1953    -1930    -1895    -1859    -1830 
   -1807    -1794    -1796    -1811    -1829    -1846    -1859    -1875 
   -1888    -1892    -1885    -1880    -1880    -1877    -1872    -1865 
   -1852    -1840    -1821    -1792    -1772    -1775    -1803    -1842 
   -1875    -1894    -1885    -1844    -1772    -1694    -1636    -1606 
   -1610    -1647    -1707    -1775    -1841    -1887    -1900    -1896 
   -1880    -1857    -1844    -1836    -1826    -1831    -1841    -1838 
   -1836    -1840    -1841    -1845    -1854    -1864    -1876    -1890 
   -1900    -1908    -1910    -1902    -1887    -1873    -1863    -1844 
   -1815    -1796    -1786    -1781    -1787    -1802    -1819    -1846 
   -1880    -1912    -1944    -1973    -2001    -2027    -2058    -2095 
   -2133    -2158    -2169    -2166    -2155    -2147    -2138    -2133 
   -2126    -2118    -2107    -2098    -2088    -2062    -2027    -1987 
   -1949    -1925    -1917    -1918    -1921    -1911    -1883    -1837 
   -1777    -1722    -1688    -1684    -1702    -1729    -1767    -1807 
   -1848    -1896    -1945    -1980    -2006    -2022    -2027    -2019 
   -2001    -1981    -1961    -1942    -1934    -1935    -1949    -1971 
   -1980    -1981    -1982    -1982    -1981    -1973    -1949    -1919 
   -1890    -1871    -1859    -1858    -1873    -1899    -1926    -1945 
   -1948    -1937    -1918    -1896    -1878    -1863    -1842    -1823 
   -1806    -1788    -1776    -1765    -1752    -1746    -1740    -1729 
   -1736    -1753    -1779    -1819    -1876    -1925    -1966    -2000 
   -2003    -1975    -1935    -1890    -1848    -1817    -1802    -1806 
   -1818    -1825    -1826    -1822    -1815    -1811    -1806    -1798 
   -1786    -1773    -1764    -1761    -1760    -1759    -1760    -1765 
   -1776    -1795    -1822    -1854    -1888    -1919    -1937    -1939 
   -1933    -1914    -1885    -1865    -1850    -1831    -1811    -1796 
   -1783    -1773    -1773    -1784    -1804    -1823    -1845    -1872 
   -1887    -1890    -1890    -1871    -1838    -1815    -1804    -1799 
   -1804    -1807    -1799    -1790    -1769    -1744    -1723    -1711 
   -1709    -1714    -1718    -1715    -1701    -1679    -1665    -1667 
   -1680    -1699    -1719    -1742    -1772    -1804    -1826    -1841 
   -1858    -1884    -1914    -1939    -1956    -1964    -1964    -1954 
   -1942    -1934    -1919    -1907    -1910    -1921    -1934    -1946 
   -1945    -1938    -1926    -1912    -1908    -1919    -1939    -1975 
   -2019    -2070    -2123    -2170    -2196    -2208    -2203    -2180 
   -2150    -2126    -2107    -2095    -2091    -2091    -2095    -2100 
   -2100    -2107    -2126    -2143    -2147    -2130    -2098    -2058 
   -2016    -1979    -1953    -1953    -1975    -2011    -2053    -2092 
   -2114    -2104    -2069    -2015    -1949    -1898    -1881    -1896 
   -1935    -1988    -2031    -2053    -2049    -2020    -1988    -1954 
   -1930    -1929    -1948    -1975    -1999    -2016    -2020    -2012 
   -1998    -1975    -1958    -1956    -1972    -2001    -2034    -2058 
   -2064    -2052    -2031    -2014    -1999    -1991    -1993    -2000 
   -2003    -1988    -1949    -1884    -1811    -1746    -1688    -1642 
   -1629    -1651    -1690    -1736    -1786    -1825    -1849    -1858 
   -1849    -1837    -1845    -1877    -1930    -1993    -2046    -2073 
   -2079    -2069    -2041    -2007    -1975    -1953    -1942    -1938 
   -1934    -1927    -1912    -1896    -1884    -1880    -1894    -1921 
   -1946    -1972    -1996    -2016    -2038    -2060    -2079    -2100 
   -2116    -2120    -2106    -2060    -1996    -1935    -1896    -1890 
   -1912    -1954    -1998    -2020    -2015    -1973    -1899    -1817 
   -1741    -1699    -1707    -1753    -1823    -1907    -1982    -2037 
   -2068    -2077    -2074    -2064    -2053    -2056    -2072    -2092 
   -2107    -2114    -2102    -2087    -2068    -2042    -2014    -1992 
   -1984    -1989    -2001    -2011    -2023    -2039    -2052    -2058 
   -2058    -2058    -2069    -2084    -2089    -2079    -2053    -2020 
   -1993    -1981    -1973    -1962    -1952    -1938    -1922    -1908 
   -1887    -1849    -1810    -1784    -1783    -1810    -1850    -1898 
   -1948    -1989    -2025    -2061    -2098    -2137    -2176    -2201 
   -2205    -2199    -2180    -2144    -2100    -2065    -2045    -2034 
   -2043    -2073    -2110    -2143    -2177    -2200    -2205    -2192 
   -2158    -2114    -2073    -2045    -2031    -2033    -2047    -2062 
   -2072    -2079    -2084    -2089    -2101    -2107    -2095    -2065 
   -2030    -1995    -1964    -1937    -1912    -1904    -1914    -1930 
   -1949    -1965    -1981    -2001    -2029    -2056    -2070    -2073 
   -2065    -2053    -2061    -2085    -2124    -2166    -2200    -2219 
   -2223    -2205    -2173    -2133    -2092    -2061    -2034    -2010 
   -1989    -1971    -1953    -1944    -1926    -1891    -1854    -1822 
   -1788    -1759    -1738    -1726    -1728    -1755    -1806    -1856 
   -1903    -1948    -1982    -2007    -2027    -2042    -2047    -2045 
   -2037    -2027    -2019    -2016    -2023    -2039    -2062    -2088 
   -2119    -2149    -2174    -2199    -2212    -2215    -2215    -2207 
   -2189    -2162    -2123    -2083    -2057    -2064    -2104    -2163 
   -2215    -2243    -2249    -2231    -2199    -2162    -2124    -2093 
   -2072    -2060    -2057    -2058    -2052    -2039    -2023    -1999 
   -1969    -1945    -1933    -1927    -1934    -1945    -1941    -1925 
   -1898    -1858    -1818    -1786    -1773    -1791    -1826    -1864 
   -1892    -1900    -1888    -1861    -1822    -1781    -1752    -1738 
   -1740    -1748    -1755    -1765    -1776    -1794    -1822    -1863 
   -1908    -1956    -1996    -2029    -2056    -2074    -2074    -2053 
   -2011    -1964    -1922    -1885    -1865    -1875    -1910    -1964 
   -2027    -2077    -2097    -2091    -2064    -2015    -1953    -1887 
   -1830    -1804    -1818    -1852    -1884    -1899    -1895    -1880 
   -1859    -1831    -1799    -1764    -1737    -1729    -1740    -1769 
   -1815    -1863    -1898    -1915    -1919    -1915    -1910    -1917 
   -1941    -1977    -2023    -2076    -2123    -2158    -2178    -2169 
   -2139    -2107    -2072    -2045    -2045    -2074    -2120    -2166 
   -2189    -2180    -2138    -2079    -2012    -1953    -1910    -1884 
   -1878    -1899    -1930    -1954    -1965    -1962    -1952    -1941 
   -1937    -1939    -1949    -1961    -1960    -1939    -1911    -1887 
   -1877    -1887    -1917    -1962    -2019    -2083    -2134    -2163 
   -2170    -2154    -2119    -2074    -2029    -1993    -1975    -1966 
   -1965    -1966    -1960    -1935    -1896    -1848    -1800    -1767 
   -1750    -1750    -1768    -1806    -1852    -1895    -1927    -1954 
   -1960    -1939    -1904    -1865    -1837    -1836    -1857    -1892 
   -1935    -1979    -2015    -2034    -2034    -2020    -1988    -1952 
   -1934    -1944    -1985    -2058    -2139    -2199    -2232    -2239 
   -2219    -2182    -2143    -2098    -2058    -2034    -2030    -2052 
   -2098    -2149    -2189    -2214    -2219    -2215    -2204    -2188 
   -2178    -2176    -2178    -2189    -2196    -2188    -2181    -2176 
   -2165    -2155    -2141    -2116    -2097    -2085    -2072    -2053 
   -2020    -1972    -1915    -1867    -1830    -1803    -1784    -1775 
   -1771    -1781    -1806    -1836    -1871    -1903    -1930    -1961 
   -1991    -2016    -2049    -2085    -2115    -2141    -2166    -2185 
   -2201    -2224    -2253    -2285    -2312    -2326    -2330    -2335 
   -2346    -2357    -2362    -2354    -2324    -2285    -2246    -2208 
   -2181    -2169    -2165    -2165    -2151    -2111    -2045    -1960 
   -1868    -1788    -1733    -1698    -1682    -1680    -1683    -1680 
   -1672    -1648    -1605    -1547    -1490    -1455    -1456    -1494 
   -1566    -1653    -1742    -1826    -1899    -1949    -1975    -1972 
   -1944    -1900    -1850    -1814    -1788    -1759    -1732    -1706 
   -1665    -1617    -1570    -1530    -1506    -1491    -1478    -1462 
   -1447    -1433    -1428    -1431    -1439    -1448    -1449    -1444 
   -1433    -1409    -1385    -1375    -1378    -1387    -1405    -1425 
   -1436    -1431    -1416    -1409    -1408    -1408    -1402    -1397 
   -1405    -1429    -1460    -1497    -1528    -1548    -1567    -1582 
   -1586    -1580    -1570    -1553    -1544    -1552    -1568    -1583 
   -1593    -1593    -1579    -1553    -1521    -1478    -1421    -1372 
   -1343    -1328    -1333    -1370    -1424    -1493    -1583    -1680 
   -1781    -1881    -1966    -2029    -2076    -2110    -2134    -2149 
   -2157    -2149    -2124    -2097    -2064    -2019    -1988    -1973 
   -1954    -1933    -1917    -1904    -1902    -1907    -1910    -1899 
   -1869    -1833    -1792    -1750    -1729    -1726    -1729    -1749 
   -1775    -1795    -1810    -1813    -1802    -1776    -1729    -1675 
   -1636    -1609    -1599    -1614    -1648    -1677    -1688    -1684 
   -1671    -1641    -1605    -1582    -1576    -1586    -1617    -1660 
   -1703    -1745    -1783    -1802    -1799    -1787    -1784    -1798 
   -1831    -1892    -1962    -2027    -2077    -2106    -2110    -2107 
   -2110    -2111    -2128    -2176    -2239    -2312    -2393    -2466 
   -2524    -2565    -2582    -2583    -2575    -2559    -2536    -2512 
   -2488    -2470    -2448    -2417    -2381    -2342    -2299    -2255 
   -2211    -2155    -2084    -2007    -1935    -1876    -1841    -1830 
   -1838    -1856    -1878    -1903    -1926    -1953    -1984    -2019 
   -2064    -2116    -2168    -2204    -2227    -2238    -2241    -2242 
   -2251    -2266    -2290    -2331    -2384    -2432    -2467    -2484 
   -2479    -2459    -2435    -2420    -2423    -2447    -2484    -2520 
   -2548    -2562    -2558    -2536    -2516    -2516    -2532    -2556 
   -2586    -2623    -2660    -2687    -2702    -2713    -2725    -2755 
   -2809    -2879    -2959    -3048    -3138    -3223    -3303    -3368 
   -3419    -3464    -3492    -3516    -3546    -3581    -3622    -3673 
   -3728    -3778    -3813    -3827    -3807    -3748    -3665    -3572 
   -3480    -3396    -3339    -3310    -3299    -3292    -3283    -3267 
   -3235    -3198    -3164    -3141    -3126    -3117    -3111    -3109 
   -3098    -3078    -3045    -2994    -2932    -2867    -2806    -2759 
   -2731    -2720    -2724    -2748    -2786    -2822    -2852    -2878 
   -2893    -2898    -2898    -2882    -2852    -2802    -2731    -2646 
   -2560    -2482    -2423    -2386    -2366    -2354    -2336    -2308 
   -2266    -2212    -2154    -2104    -2073    -2073    -2098    -2150 
   -2230    -2315    -2397    -2473    -2527    -2556    -2560    -2523 
   -2451    -2367    -2284    -2211    -2168    -2158    -2169    -2178 
   -2178    -2157    -2107    -2041    -1960    -1878    -1809    -1752 
   -1711    -1682    -1653    -1614    -1561    -1495    -1422    -1355 
   -1300    -1258    -1244    -1262    -1291    -1323    -1348    -1359 
   -1350    -1316    -1259    -1190    -1120    -1062    -1024    -1000 
    -990    -1003    -1035    -1074    -1111    -1132    -1133    -1121 
   -1090    -1044     -990     -932     -886     -855     -837     -835 
    -851     -870     -885     -893     -892     -881     -864     -845 
    -834     -847     -886     -946    -1023    -1105    -1171    -1210 
   -1220    -1204    -1177    -1169    -1193    -1248    -1336    -1440 
   -1534    -1611    -1663    -1677    -1676    -1682    -1701    -1733 
   -1781    -1842    -1910    -1975    -2034    -2077    -2104    -2120 
   -2130    -2128    -2119    -2107    -2097    -2096    -2102    -2116 
   -2134    -2151    -2169    -2199    -2241    -2284    -2336    -2393 
   -2444    -2488    -2521    -2536    -2531    -2500    -2446    -2386 
   -2330    -2290    -2276    -2295    -2353    -2439    -2538    -2639 
   -2717    -2751    -2747    -2718    -2693    -2690    -2718    -2782 
   -2870    -2952    -3007    -3029    -3007    -2948    -2863    -2762 
   -2667    -2587    -2516    -2451    -2393    -2336    -2282    -2231 
   -2182    -2141    -2107    -2076    -2049    -2029    -2012    -1989 
   -1953    -1907    -1852    -1787    -1729    -1679    -1634    -1601 
   -1566    -1517    -1463    -1408    -1345    -1290    -1246    -1208 
   -1170    -1129    -1084    -1034     -981     -935     -905     -886 
    -882     -897     -927     -963     -996    -1030    -1071    -1111 
   -1148    -1190    -1221    -1229    -1229    -1223    -1205    -1185 
   -1174    -1171    -1190    -1230    -1266    -1274    -1248    -1189 
   -1113    -1042     -982     -939     -920     -916     -919     -934 
    -958     -974     -986    -1012    -1058    -1117    -1192    -1282 
   -1381    -1472    -1541    -1570    -1561    -1522    -1459    -1382 
   -1304    -1244    -1212    -1206    -1223    -1240    -1248    -1236 
   -1190    -1120    -1048     -985     -946     -950     -989    -1048 
   -1125    -1209    -1289    -1359    -1413    -1448    -1471    -1490 
   -1503    -1513    -1516    -1507    -1501    -1493    -1483    -1476 
   -1476    -1485    -1509    -1566    -1645    -1741    -1856    -1982 
   -2114    -2255    -2397    -2519    -2632    -2740    -2847    -2959 
   -3060    -3140    -3204    -3248    -3271    -3295    -3323    -3365 
   -3424    -3476    -3511    -3543    -3563    -3576    -3584    -3572 
   -3537    -3476    -3393    -3303    -3222    -3167    -3130    -3092 
   -3055    -3015    -2976    -2944    -2918    -2902    -2895    -2890 
   -2882    -2867    -2837    -2783    -2706    -2605    -2494    -2384 
   -2280    -2192    -2126    -2072    -2018    -1961    -1902    -1852 
   -1821    -1804    -1809    -1838    -1880    -1934    -1996    -2050 
   -2096    -2128    -2137    -2130    -2119    -2111    -2130    -2187 
   -2277    -2386    -2515    -2656    -2792    -2910    -3001    -3056 
   -3083    -3090    -3086    -3078    -3067    -3056    -3052    -3057 
   -3076    -3113    -3164    -3222    -3289    -3368    -3454    -3544 
   -3631    -3700    -3742    -3754    -3740    -3713    -3692    -3678 
   -3657    -3630    -3612    -3601    -3596    -3603    -3619    -3645 
   -3684    -3727    -3757    -3762    -3734    -3678    -3603    -3507 
   -3404    -3304    -3219    -3168    -3152    -3161    -3190    -3230 
   -3277    -3322    -3357    -3377    -3384    -3380    -3373    -3364 
   -3361    -3364    -3362    -3350    -3335    -3321    -3300    -3273 
   -3235    -3194    -3148    -3100    -3056    -3009    -2955    -2899 
   -2844    -2794    -2754    -2717    -2681    -2650    -2620    -2602 
   -2608    -2636    -2682    -2740    -2808    -2878    -2948    -3011 
   -3071    -3127    -3179    -3222    -3257    -3287    -3308    -3312 
   -3302    -3289    -3288    -3284    -3268    -3244    -3219    -3200 
   -3184    -3169    -3146    -3109    -3059    -3009    -2967    -2947 
   -2944    -2960    -2998    -3044    -3079    -3099    -3092    -3057 
   -3005    -2928    -2825    -2714    -2604    -2494    -2390    -2288 
   -2185    -2074    -1958    -1852    -1755    -1655    -1553    -1451 
   -1339    -1225    -1121    -1030     -954     -905     -876     -855 
    -841     -827     -812     -789     -758     -714     -650     -576 
    -499     -421     -349     -292     -248     -207     -174     -149 
    -128     -118     -131     -162     -201     -248     -306     -376 
    -449     -513     -560     -591     -625     -673     -733     -805 
    -889     -966    -1039    -1115    -1188    -1263    -1343    -1424 
   -1497    -1556    -1603    -1641    -1669    -1701    -1740    -1786 
   -1836    -1881    -1917    -1948    -1980    -2003    -2016    -2031 
   -2049    -2068    -2095    -2139    -2189    -2236    -2274    -2304 
   -2324    -2338    -2349    -2353    -2359    -2377    -2403    -2424 
   -2442    -2448    -2442    -2428    -2417    -2403    -2388    -2380 
   -2366    -2338    -2299    -2249    -2192    -2133    -2076    -2034 
   -2011    -2010    -2019    -2019    -1993    -1933    -1825    -1675 
   -1512    -1352    -1217    -1125    -1081    -1077    -1100    -1132 
   -1151    -1150    -1124    -1074    -1007     -934     -869     -831 
    -835     -880     -955    -1046    -1127    -1189    -1243    -1286 
   -1321    -1363    -1414    -1463    -1501    -1526    -1535    -1520 
   -1472    -1397    -1293    -1167    -1046     -942     -854     -787 
    -728     -664     -588     -510     -434     -356     -282     -217 
    -162     -117      -91      -94     -124     -170     -225     -283 
    -332     -365     -388     -396     -395     -390     -386     -398 
    -440     -500     -577     -673     -777     -874     -963    -1038 
   -1093    -1138    -1177    -1213    -1243    -1262    -1273    -1273 
   -1255    -1223    -1175    -1124    -1073    -1031    -1005     -993 
    -993    -1007    -1020    -1024    -1023    -1012     -997     -989 
    -984     -974     -970     -976     -994    -1026    -1071    -1123 
   -1169    -1198    -1205    -1196    -1174    -1152    -1129    -1107 
   -1092    -1092    -1112    -1148    -1194    -1236    -1256    -1246 
   -1217    -1202    -1220    -1273    -1352    -1441    -1524    -1579 
   -1588    -1561    -1509    -1449    -1404    -1389    -1418    -1479 
   -1540    -1580    -1590    -1557    -1491    -1414    -1339    -1275 
   -1237    -1228    -1236    -1259    -1294    -1331    -1355    -1358 
   -1333    -1289    -1239    -1190    -1142    -1088    -1039     -999 
    -954     -909     -857     -788     -718     -660     -611     -577 
    -568     -585     -623     -669     -715     -758     -787     -789 
    -767     -718     -643     -560     -473     -394     -332     -278 
    -232     -189     -140      -93      -47        4       49       81 
      91       75       28      -41     -109     -155     -180     -189 
    -170     -125      -67       -9       31       32      -10      -89 
    -187     -287     -383     -475     -533     -553     -548     -530 
    -521     -535     -566     -607     -657     -711     -762     -799 
    -810     -796     -772     -754     -753     -780     -838     -915 
    -992    -1057    -1085    -1067    -1013     -938     -849     -774 
    -737     -735     -766     -818     -859     -862     -822     -747 
    -643     -526     -430     -370     -364     -425     -540     -673 
    -814     -940    -1031    -1093    -1131    -1138    -1119    -1098 
   -1094    -1124    -1183    -1259    -1341    -1414    -1470    -1516 
   -1556    -1595    -1641    -1692    -1742    -1787    -1822    -1842 
   -1842    -1831    -1825    -1822    -1831    -1852    -1873    -1890 
   -1888    -1864    -1823    -1777    -1726    -1677    -1649    -1649 
   -1663    -1677    -1691    -1686    -1661    -1625    -1576    -1514 
   -1451    -1405    -1385    -1381    -1391    -1404    -1404    -1385 
   -1344    -1281    -1204    -1136    -1089    -1065    -1055    -1047 
   -1042    -1044    -1058    -1070    -1081    -1101    -1119    -1132 
   -1148    -1158    -1159    -1169    -1182    -1197    -1206    -1215 
   -1228    -1239    -1229    -1212    -1190    -1161    -1135    -1125 
   -1131    -1158    -1205    -1273    -1354    -1436    -1517    -1597 
   -1660    -1707    -1744    -1765    -1772    -1776    -1780    -1787 
   -1800    -1815    -1826    -1829    -1821    -1810    -1798    -1796 
   -1821    -1872    -1939    -2007    -2057    -2083    -2066    -1999 
   -1906    -1804    -1699    -1615    -1575    -1568    -1587    -1625 
   -1663    -1672    -1652    -1606    -1543    -1475    -1428    -1422 
   -1457    -1516    -1594    -1686    -1763    -1803    -1799    -1752 
   -1676    -1599    -1551    -1535    -1551    -1583    -1628    -1668 
   -1694    -1699    -1691    -1680    -1674    -1672    -1684    -1711 
   -1755    -1807    -1859    -1902    -1927    -1944    -1945    -1939 
   -1930    -1915    -1911    -1930    -1977    -2039    -2091    -2120 
   -2130    -2121    -2098    -2079    -2074    -2089    -2130    -2189 
   -2254    -2319    -2370    -2397    -2393    -2361    -2308    -2242 
   -2174    -2111    -2053    -2001    -1964    -1939    -1922    -1902 
   -1885    -1878    -1888    -1925    -1999    -2095    -2200    -2301 
   -2371    -2411    -2432    -2434    -2420    -2419    -2435    -2467 
   -2519    -2577    -2624    -2647    -2644    -2614    -2562    -2504 
   -2438    -2358    -2276    -2192    -2111    -2046    -1991    -1944 
   -1894    -1836    -1760    -1671    -1582    -1497    -1428    -1378 
   -1340    -1320    -1318    -1333    -1367    -1412    -1467    -1532 
   -1598    -1651    -1680    -1691    -1691    -1682    -1661    -1647 
   -1653    -1677    -1719    -1786    -1872    -1960    -2037    -2101 
   -2157    -2199    -2222    -2231    -2235    -2241    -2266    -2317 
   -2384    -2461    -2546    -2627    -2691    -2727    -2731    -2706 
   -2658    -2605    -2565    -2538    -2519    -2505    -2493    -2471 
   -2440    -2411    -2394    -2393    -2413    -2463    -2536    -2616 
   -2691    -2749    -2772    -2759    -2710    -2636    -2555    -2463 
   -2365    -2277    -2212    -2172    -2157    -2162    -2180    -2204 
   -2226    -2247    -2278    -2309    -2334    -2353    -2367    -2373 
   -2366    -2353    -2340    -2331    -2322    -2330    -2359    -2400 
   -2446    -2489    -2512    -2512    -2502    -2497    -2493    -2490 
   -2489    -2481    -2459    -2432    -2405    -2381    -2353    -2323 
   -2290    -2251    -2207    -2166    -2130    -2098    -2076    -2053 
   -2026    -2003    -2003    -2038    -2100    -2174    -2258    -2338 
   -2393    -2421    -2427    -2415    -2392    -2369    -2358    -2358 
   -2362    -2374    -2396    -2421    -2452    -2484    -2511    -2544 
   -2587    -2631    -2667    -2706    -2743    -2774    -2801    -2809 
   -2783    -2737    -2683    -2625    -2581    -2562    -2565    -2601 
   -2667    -2748    -2833    -2915    -2984    -3044    -3096    -3137 
   -3171    -3204    -3244    -3287    -3336    -3400    -3468    -3527 
   -3578    -3615    -3630    -3627    -3624    -3640    -3680    -3738 
   -3813    -3896    -3962    -3991    -3996    -3983    -3962    -3942 
   -3923    -3893    -3851    -3804    -3755    -3700    -3628    -3555 
   -3497    -3459    -3446    -3450    -3459    -3465    -3462    -3447 
   -3427    -3400    -3369    -3349    -3345    -3353    -3368    -3375 
   -3369    -3352    -3317    -3273    -3218    -3153    -3088    -3028 
   -2970    -2930    -2914    -2911    -2918    -2933    -2960    -3001 
   -3041    -3083    -3126    -3163    -3186    -3192    -3183    -3172 
   -3169    -3175    -3192    -3221    -3248    -3281    -3317    -3341 
   -3364    -3396    -3440    -3487    -3518    -3534    -3538    -3519 
   -3478    -3429    -3373    -3326    -3300    -3295    -3300    -3314 
   -3325    -3325    -3316    -3302    -3272    -3230    -3186    -3150 
   -3134    -3150    -3192    -3232    -3276    -3330    -3369    -3379 
   -3376    -3368    -3365    -3377    -3412    -3458    -3504    -3543 
   -3558    -3539    -3491    -3426    -3348    -3268    -3206    -3171 
   -3164    -3187    -3230    -3276    -3316    -3348    -3357    -3343 
   -3322    -3299    -3276    -3257    -3254    -3277    -3330    -3397 
   -3469    -3530    -3581    -3628    -3669    -3708    -3750    -3781 
   -3802    -3813    -3811    -3797    -3765    -3715    -3667    -3624 
   -3578    -3527    -3465    -3388    -3306    -3215    -3119    -3033 
   -2963    -2911    -2882    -2872    -2878    -2894    -2906    -2906 
   -2895    -2879    -2863    -2857    -2855    -2863    -2893    -2945 
   -3028    -3122    -3207    -3277    -3333    -3375    -3393    -3380 
   -3346    -3312    -3277    -3241    -3211    -3180    -3145    -3102 
   -3056    -3018    -2995    -2971    -2934    -2884    -2839    -2801 
   -2770    -2745    -2728    -2710    -2693    -2671    -2635    -2592 
   -2554    -2517    -2488    -2475    -2484    -2508    -2536    -2552 
   -2550    -2532    -2498    -2451    -2400    -2362    -2350    -2359 
   -2370    -2384    -2401    -2409    -2397    -2385    -2384    -2392 
   -2417    -2469    -2532    -2593    -2652    -2705    -2748    -2779 
   -2801    -2803    -2791    -2779    -2776    -2778    -2766    -2740 
   -2710    -2678    -2648    -2621    -2587    -2539    -2478    -2413 
   -2349    -2282    -2219    -2165    -2130    -2121    -2120    -2121 
   -2120    -2111    -2101    -2100    -2097    -2083    -2069    -2064 
   -2056    -2042    -2027    -2016    -2004    -1991    -1975    -1961 
   -1952    -1939    -1935    -1946    -1965    -1992    -2020    -2034 
   -2038    -2023    -1982    -1930    -1883    -1841    -1813    -1784 
   -1759    -1742    -1725    -1702    -1679    -1647    -1606    -1578 
   -1563    -1556    -1547    -1525    -1490    -1447    -1393    -1334 
   -1285    -1246    -1217    -1201    -1210    -1240    -1274    -1304 
   -1323    -1327    -1316    -1291    -1254    -1223    -1198    -1171 
   -1142    -1107    -1065    -1035    -1020    -1016    -1026    -1048 
   -1075    -1098    -1107    -1100    -1085    -1078    -1084    -1097 
   -1121    -1163    -1216    -1270    -1316    -1354    -1368    -1362 
   -1340    -1304    -1252    -1193    -1136    -1090    -1051    -1017 
    -990     -976     -977     -987    -1007    -1024    -1026    -1026 
   -1039    -1047    -1030    -1011    -1009    -1013    -1015    -1016 
   -1007     -989     -973     -955     -938     -926     -919     -916 
    -923     -931     -942     -955     -959     -950     -939     -926 
    -905     -892     -884     -885     -905     -945     -994    -1047 
   -1092    -1127    -1152    -1169    -1177    -1179    -1183    -1201 
   -1230    -1255    -1266    -1271    -1279    -1290    -1291    -1269 
   -1229    -1192    -1155    -1123    -1104    -1104    -1102    -1094 
   -1080    -1050    -1000     -939     -872     -804     -749     -702 
    -648     -591     -545     -504     -459     -415     -376     -360 
    -379     -407     -432     -460     -486     -506     -523     -546 
    -579     -626     -684     -747     -814     -876     -927     -963 
    -980     -973     -963     -967     -992    -1023    -1057    -1098 
   -1136    -1156    -1156    -1144    -1127    -1109    -1096    -1089 
   -1089    -1092    -1092    -1093    -1092    -1081    -1065    -1053 
   -1047    -1044    -1044    -1047    -1055    -1057    -1039    -1009 
    -974     -931     -882     -841     -820     -815     -807     -791 
    -769     -745     -722     -706     -697     -693     -696     -710 
    -731     -757     -767     -745     -697     -642     -585     -532 
    -498     -490     -500     -517     -531     -535     -523     -496 
    -464     -432     -403     -388     -399     -442     -517     -614 
    -712     -795     -858     -905     -934     -949     -954     -959 
    -969     -989    -1039    -1124    -1220    -1296    -1347    -1370 
   -1371    -1352    -1316    -1282    -1275    -1282    -1293    -1308 
   -1314    -1300    -1263    -1208    -1142    -1071     -997     -932 
    -886     -857     -842     -842     -842     -837     -827     -808 
    -781     -753     -728     -719     -724     -738     -767     -807 
    -838     -862     -884     -916     -958    -1000    -1036    -1065 
   -1084    -1088    -1084    -1073    -1058    -1053    -1060    -1078 
   -1105    -1131    -1143    -1142    -1129    -1113    -1097    -1089 
   -1081    -1074    -1067    -1058    -1039    -1012     -982     -959 
    -945     -931     -923     -936     -974    -1042    -1125    -1206 
   -1278    -1331    -1355    -1367    -1379    -1391    -1405    -1429 
   -1453    -1476    -1506    -1539    -1563    -1576    -1580    -1583 
   -1590    -1606    -1634    -1669    -1703    -1732    -1759    -1784 
   -1804    -1818    -1829    -1833    -1838    -1856    -1880    -1896 
   -1907    -1918    -1915    -1911    -1917    -1925    -1933    -1941 
   -1946    -1949    -1939    -1911    -1871    -1822    -1773    -1732 
   -1694    -1661    -1640    -1625    -1615    -1620    -1626    -1632 
   -1634    -1626    -1605    -1576    -1553    -1544    -1556    -1588 
   -1629    -1674    -1725    -1779    -1833    -1885    -1929    -1956 
   -1972    -1981    -1982    -1982    -1984    -1975    -1965    -1964 
   -1960    -1949    -1941    -1937    -1930    -1930    -1944    -1973 
   -2015    -2061    -2104    -2134    -2154    -2169    -2184    -2199 
   -2203    -2205    -2212    -2214    -2207    -2196    -2188    -2182 
   -2185    -2184    -2177    -2173    -2174    -2174    -2170    -2172 
   -2176    -2180    -2184    -2182    -2174    -2165    -2146    -2126 
   -2126    -2139    -2155    -2184    -2214    -2220    -2211    -2192 
   -2166    -2142    -2130    -2130    -2139    -2158    -2188    -2218 
   -2241    -2259    -2282    -2297    -2289    -2280    -2284    -2288 
   -2296    -2317    -2338    -2353    -2354    -2340    -2323    -2305 
   -2286    -2270    -2265    -2266    -2277    -2305    -2343    -2371 
   -2390    -2400    -2405    -2411    -2421    -2438    -2455    -2466 
   -2475    -2481    -2474    -2465    -2451    -2424    -2396    -2374 
   -2362    -2362    -2377    -2409    -2452    -2494    -2519    -2521 
   -2508    -2481    -2448    -2425    -2430    -2461    -2505    -2554 
   -2602    -2647    -2678    -2700    -2712    -2718    -2718    -2721 
   -2728    -2737    -2756    -2785    -2809    -2814    -2799    -2778 
   -2758    -2735    -2713    -2705    -2712    -2721    -2736    -2749 
   -2751    -2740    -2721    -2695    -2671    -2650    -2641    -2660 
   -2685    -2698    -2704    -2693    -2663    -2627    -2592    -2567 
   -2565    -2589    -2631    -2681    -2736    -2789    -2824    -2840 
   -2843    -2829    -2817    -2816    -2822    -2840    -2863    -2871 
   -2860    -2830    -2781    -2714    -2644    -2581    -2533    -2509 
   -2500    -2506    -2529    -2558    -2584    -2610    -2629    -2640 
   -2644    -2644    -2648    -2652    -2655    -2655    -2650    -2646 
   -2647    -2654    -2668    -2678    -2681    -2677    -2663    -2643 
   -2627    -2610    -2594    -2586    -2579    -2562    -2539    -2511 
   -2477    -2446    -2415    -2386    -2367    -2358    -2355    -2361 
   -2366    -2371    -2381    -2390    -2396    -2389    -2373    -2350 
   -2326    -2308    -2301    -2300    -2305    -2316    -2330    -2342 
   -2350    -2346    -2326    -2293    -2265    -2236    -2208    -2196 
   -2201    -2215    -2241    -2266    -2284    -2296    -2297    -2284 
   -2263    -2239    -2215    -2196    -2193    -2203    -2215    -2231 
   -2234    -2219    -2191    -2157    -2123    -2096    -2084    -2087 
   -2102    -2123    -2143    -2162    -2181    -2199    -2207    -2201 
   -2192    -2192    -2201    -2215    -2238    -2272    -2307    -2344 
   -2385    -2413    -2425    -2428    -2419    -2401    -2380    -2361 
   -2355    -2363    -2376    -2393    -2415    -2424    -2416    -2403 
   -2385    -2362    -2335    -2312    -2297    -2295    -2297    -2312 
   -2335    -2353    -2371    -2390    -2403    -2416    -2428    -2431 
   -2432    -2438    -2444    -2451    -2454    -2452    -2458    -2459 
   -2442    -2423    -2409    -2393    -2378    -2366    -2351    -2334 
   -2315    -2303    -2290    -2265    -2232    -2199    -2162    -2123 
   -2084    -2050    -2030    -2016    -2015    -2029    -2049    -2072 
   -2096    -2115    -2123    -2126    -2123    -2115    -2110    -2101 
   -2098    -2107    -2120    -2137    -2150    -2147    -2133    -2110 
   -2076    -2041    -2010    -1989    -1975    -1966    -1964    -1966 
   -1962    -1958    -1956    -1946    -1930    -1915    -1906    -1903 
   -1906    -1917    -1929    -1941    -1956    -1969    -1979    -1987 
   -1988    -1984    -1985    -1996    -2010    -2026    -2052    -2085 
   -2115    -2133    -2144    -2153    -2154    -2155    -2157    -2160 
   -2165    -2173    -2177    -2181    -2181    -2166    -2146    -2126 
   -2107    -2098    -2114    -2141    -2169    -2196    -2219    -2235 
   -2254    -2266    -2267    -2269    -2263    -2251    -2247    -2246 
   -2251    -2262    -2276    -2290    -2303    -2311    -2327    -2342 
   -2359    -2392    -2427    -2461    -2498    -2525    -2539    -2535 
   -2521    -2506    -2493    -2479    -2471    -2465    -2454    -2438 
   -2421    -2403    -2382    -2363    -2338    -2305    -2265    -2218 
   -2173    -2126    -2072    -2016    -1960    -1902    -1846    -1795 
   -1750    -1714    -1692    -1682    -1679    -1683    -1686    -1682 
   -1680    -1674    -1661    -1653    -1649    -1648    -1656    -1669 
   -1677    -1684    -1688    -1682    -1667    -1649    -1636    -1630 
   -1640    -1658    -1682    -1703    -1722    -1733    -1729    -1723 
   -1719    -1709    -1695    -1692    -1702    -1721    -1750    -1784 
   -1810    -1829    -1846    -1859    -1872    -1876    -1875    -1884 
   -1904    -1929    -1962    -1995    -2019    -2042    -2057    -2058 
   -2047    -2031    -2016    -2004    -1992    -1981    -1980    -1984 
   -1985    -1988    -1982    -1962    -1939    -1923    -1904    -1883 
   -1867    -1850    -1833    -1829    -1822    -1809    -1804    -1809 
   -1811    -1810    -1811    -1809    -1799    -1784    -1765    -1742 
   -1718    -1703    -1699    -1698    -1696    -1695    -1680    -1652 
   -1620    -1588    -1564    -1548    -1540    -1540    -1548    -1556 
   -1557    -1559    -1559    -1554    -1557    -1570    -1591    -1617 
   -1648    -1687    -1722    -1744    -1755    -1767    -1775    -1783 
   -1791    -1794    -1795    -1804    -1823    -1837    -1836    -1829 
   -1822    -1810    -1800    -1796    -1786    -1764    -1736    -1707 
   -1684    -1660    -1637    -1628    -1630    -1641    -1663    -1684 
   -1695    -1699    -1699    -1690    -1667    -1644    -1628    -1620 
   -1632    -1671    -1713    -1745    -1773    -1799    -1814    -1823 
   -1831    -1837    -1842    -1852    -1863    -1878    -1894    -1904 
   -1906    -1902    -1898    -1891    -1881    -1869    -1857    -1844 
   -1829    -1802    -1764    -1740    -1734    -1729    -1733    -1746 
   -1755    -1763    -1759    -1745    -1740    -1738    -1729    -1721 
   -1722    -1732    -1755    -1791    -1825    -1846    -1863    -1878 
   -1885    -1885    -1887    -1883    -1880    -1887    -1885    -1872 
   -1861    -1842    -1811    -1777    -1745    -1719    -1702    -1677 
   -1648    -1625    -1603    -1580    -1556    -1532    -1512    -1493 
   -1472    -1462    -1452    -1440    -1435    -1440    -1445    -1449 
   -1451    -1448    -1444    -1436    -1424    -1414    -1405    -1402 
   -1409    -1413    -1412    -1412    -1404    -1394    -1385    -1359 
   -1329    -1308    -1287    -1278    -1285    -1289    -1296    -1312 
   -1320    -1320    -1317    -1304    -1278    -1247    -1217    -1196 
   -1189    -1198    -1219    -1243    -1263    -1278    -1302    -1329 
   -1337    -1340    -1345    -1341    -1340    -1348    -1354    -1358 
   -1367    -1379    -1381    -1381    -1387    -1394    -1399    -1420 
   -1457    -1497    -1533    -1572    -1606    -1629    -1636    -1628 
   -1622    -1622    -1615    -1606    -1615    -1630    -1653    -1684 
   -1711    -1736    -1767    -1794    -1806    -1815    -1823    -1822 
   -1822    -1830    -1848    -1873    -1903    -1938    -1979    -2014 
   -2047    -2079    -2096    -2107    -2118    -2126    -2133    -2135 
   -2139    -2146    -2149    -2150    -2154    -2153    -2154    -2170 
   -2195    -2214    -2223    -2236    -2251    -2265    -2278    -2282 
   -2282    -2286    -2293    -2290    -2282    -2274    -2267    -2261 
   -2255    -2251    -2243    -2239    -2243    -2250    -2257    -2262 
   -2263    -2261    -2265    -2280    -2296    -2316    -2346    -2374 
   -2404    -2438    -2473    -2500    -2511    -2508    -2502    -2500 
   -2501    -2513    -2527    -2528    -2523    -2512    -2492    -2473 
   -2450    -2423    -2400    -2382    -2378    -2381    -2376    -2357 
   -2331    -2297    -2254    -2212    -2176    -2142    -2115    -2098 
   -2092    -2093    -2100    -2104    -2107    -2107    -2096    -2073 
   -2041    -2008    -1981    -1958    -1946    -1939    -1927    -1917 
   -1910    -1906    -1907    -1912    -1908    -1892    -1871    -1859 
   -1865    -1885    -1908    -1898    -1857    -1815    -1790    -1790 
   -1788    -1759    -1717    -1690    -1686    -1699    -1713    -1717 
   -1715    -1718    -1719    -1714    -1711    -1713    -1714    -1721 
   -1723    -1723    -1729    -1755    -1791    -1815    -1830    -1840 
   -1848    -1869    -1917    -1962    -1985    -1996    -2000    -2010 
   -2031    -2058    -2076    -2072    -2047    -2041    -2065    -2096 
   -2121    -2134    -2123    -2102    -2106    -2126    -2144    -2147 
   -2134    -2107    -2079    -2069    -2077    -2079    -2072    -2062 
   -2053    -2053    -2066    -2076    -2066    -2047    -2033    -2030 
   -2037    -2053    -2072    -2079    -2079    -2073    -2056    -2038 
   -2027    -2012    -1989    -1966    -1956    -1956    -1949    -1938 
   -1922    -1898    -1867    -1838    -1813    -1794    -1788    -1790 
   -1794    -1804    -1822    -1844    -1864    -1872    -1861    -1846 
   -1833    -1825    -1817    -1810    -1803    -1799    -1790    -1771 
   -1748    -1729    -1711    -1691    -1671    -1658    -1656    -1663 
   -1676    -1686    -1687    -1682    -1679    -1676    -1679    -1686 
   -1690    -1694    -1705    -1717    -1732    -1749    -1769    -1788 
   -1791    -1787    -1800    -1821    -1833    -1848    -1850    -1838 
   -1821    -1804    -1792    -1783    -1772    -1755    -1723    -1692 
   -1675    -1665    -1653    -1632    -1601    -1575    -1566    -1571 
   -1574    -1566    -1554    -1549    -1552    -1559    -1559    -1553 
   -1556    -1567    -1582    -1599    -1617    -1624    -1624    -1620 
   -1613    -1606    -1605    -1614    -1626    -1638    -1653    -1667 
   -1677    -1699    -1725    -1742    -1760    -1775    -1787    -1803 
   -1823    -1837    -1842    -1845    -1852    -1869    -1895    -1922 
   -1944    -1954    -1962    -1979    -1998    -2014    -2029    -2034 
   -2031    -2030    -2030    -2034    -2047    -2058    -2068    -2081 
   -2089    -2087    -2085    -2088    -2092    -2100    -2111    -2121 
   -2124    -2130    -2133    -2130    -2134    -2133    -2126    -2118 
   -2111    -2106    -2101    -2104    -2116    -2126    -2128    -2130 
   -2137    -2141    -2144    -2142    -2124    -2104    -2092    -2092 
   -2102    -2114    -2120    -2126    -2130    -2128    -2123    -2119 
   -2116    -2115    -2114    -2110    -2107    -2116    -2139    -2158 
   -2169    -2180    -2191    -2200    -2209    -2218    -2219    -2215 
   -2215    -2215    -2209    -2203    -2200    -2193    -2180    -2172 
   -2161    -2142    -2135    -2135    -2123    -2111    -2114    -2120 
   -2120    -2118    -2118    -2111    -2104    -2100    -2097    -2087 
   -2073    -2066    -2065    -2061    -2058    -2061    -2066    -2069 
   -2074    -2084    -2098    -2119    -2143    -2166    -2180    -2192 
   -2211    -2224    -2234    -2239    -2247    -2255    -2262    -2274 
   -2293    -2307    -2319    -2331    -2332    -2330    -2331    -2330 
   -2334    -2340    -2343    -2353    -2367    -2381    -2394    -2403 
   -2403    -2400    -2394    -2388    -2382    -2374    -2370    -2374 
   -2382    -2390    -2390    -2386    -2386    -2381    -2365    -2350 
   -2343    -2338    -2338    -2340    -2338    -2332    -2326    -2315 
   -2289    -2257    -2231    -2208    -2182    -2170    -2166    -2153 
   -2142    -2137    -2123    -2111    -2104    -2098    -2096    -2091 
   -2084    -2084    -2091    -2100    -2110    -2111    -2111    -2111 
   -2115    -2121    -2133    -2137    -2138    -2134    -2120    -2101 
   -2089    -2074    -2057    -2045    -2034    -2023    -2016    -2015 
   -2011    -2003    -1998    -1996    -1992    -1993    -2003    -2012 
   -2020    -2026    -2030    -2034    -2034    -2027    -2018    -2010 
   -2001    -2000    -1999    -1995    -1993    -1995    -1996    -1995 
   -1988    -1979    -1972    -1964    -1954    -1949    -1946    -1949 
   -1960    -1973    -1993    -2011    -2022    -2029    -2026    -2012 
   -1996    -1980    -1969    -1965    -1969    -1984    -2003    -2019 
   -2033    -2037    -2034    -2034    -2031    -2027    -2033    -2046 
   -2061    -2079    -2101    -2124    -2144    -2155    -2155    -2158 
   -2158    -2157    -2161    -2162    -2162    -2168    -2170    -2166 
   -2160    -2149    -2133    -2119    -2111    -2107    -2111    -2116 
   -2124    -2130    -2133    -2135    -2133    -2126    -2134    -2141 
   -2142    -2153    -2161    -2163    -2173    -2187    -2196    -2203 
   -2207    -2205    -2196    -2180    -2163    -2150    -2135    -2120 
   -2110    -2101    -2093    -2085    -2073    -2057    -2039    -2022 
   -2007    -1998    -1993    -1988    -1988    -1995    -1999    -2004 
   -2008    -2008    -2006    -2003    -2003    -2006    -2011    -2014 
   -2018    -2027    -2029    -2019    -2008    -1988    -1958    -1937 
   -1921    -1906    -1900    -1899    -1898    -1896    -1891    -1878 
   -1858    -1830    -1804    -1783    -1767    -1759    -1760    -1759 
   -1757    -1755    -1748    -1741    -1732    -1714    -1692    -1676 
   -1664    -1653    -1644    -1632    -1622    -1614    -1603    -1584 
   -1567    -1557    -1545    -1530    -1520    -1506    -1490    -1478 
   -1462    -1437    -1408    -1379    -1354    -1333    -1317    -1305 
   -1297    -1286    -1273    -1262    -1251    -1239    -1232    -1232 
   -1233    -1236    -1246    -1266    -1282    -1300    -1317    -1327 
   -1327    -1324    -1324    -1324    -1320    -1324    -1332    -1332 
   -1332    -1341    -1344    -1339    -1341    -1347    -1343    -1341 
   -1340    -1331    -1316    -1306    -1300    -1289    -1273    -1255 
   -1239    -1224    -1212    -1204    -1192    -1183    -1182    -1179 
   -1179    -1185    -1196    -1205    -1212    -1215    -1213    -1210 
   -1213    -1217    -1223    -1228    -1232    -1239    -1250    -1262 
   -1269    -1277    -1287    -1293    -1296    -1300    -1305    -1308 
   -1310    -1314    -1318    -1318    -1321    -1325    -1325    -1329 
   -1341    -1354    -1363    -1374    -1385    -1389    -1391    -1394 
   -1395    -1397    -1401    -1405    -1413    -1422    -1435    -1445 
   -1449    -1457    -1466    -1468    -1476    -1489    -1502    -1518 
   -1530    -1539    -1540    -1533    -1525    -1521    -1524    -1528 
   -1537    -1549    -1563    -1582    -1598    -1606    -1617    -1624 
   -1628    -1636    -1647    -1664    -1686    -1711    -1738    -1755 
   -1768    -1784    -1796    -1803    -1814    -1822    -1826    -1826 
   -1830    -1837    -1836    -1833    -1833    -1829    -1822    -1822 
   -1822    -1823    -1833    -1846    -1857    -1864    -1867    -1864 
   -1861    -1852    -1841    -1833    -1829    -1830    -1833    -1840 
   -1842    -1841    -1836    -1821    -1799    -1776    -1757    -1740 
   -1722    -1713    -1709    -1702    -1698    -1692    -1682    -1668 
   -1655    -1645    -1645    -1648    -1653    -1664    -1676    -1687 
   -1698    -1711    -1729    -1738    -1744    -1761    -1780    -1798 
   -1819    -1838    -1852    -1868    -1881    -1894    -1904    -1912 
   -1925    -1935    -1946    -1962    -1979    -1991    -2007    -2023 
   -2033    -2043    -2057    -2072    -2089    -2110    -2126    -2141 
   -2155    -2169    -2182    -2200    -2224    -2243    -2255    -2269 
   -2281    -2289    -2297    -2304    -2303    -2304    -2308    -2309 
   -2313    -2322    -2330    -2340    -2355    -2370    -2385    -2405 
   -2427    -2446    -2463    -2481    -2496    -2504    -2508    -2517 
   -2532    -2546    -2555    -2565    -2578    -2586    -2593    -2602 
   -2605    -2605    -2610    -2610    -2604    -2601    -2597    -2596 
   -2597    -2596    -2598    -2604    -2610    -2619    -2624    -2625 
   -2629    -2632    -2632    -2632    -2631    -2629    -2628    -2628 
   -2636    -2651    -2667    -2683    -2701    -2716    -2725    -2729 
   -2729    -2733    -2735    -2733    -2740    -2749    -2756    -2763 
   -2763    -2755    -2745    -2737    -2728    -2727    -2729    -2735 
   -2744    -2748    -2747    -2744    -2736    -2725    -2720    -2714 
   -2710    -2712    -2714    -2718    -2724    -2729    -2732    -2727 
   -2721    -2717    -2709    -2701    -2694    -2682    -2673    -2667 
   -2658    -2647    -2633    -2617    -2598    -2577    -2554    -2535 
   -2519    -2502    -2490    -2484    -2477    -2473    -2467    -2461 
   -2455    -2446    -2436    -2431    -2423    -2409    -2398    -2384 
   -2369    -2361    -2344    -2327    -2316    -2303    -2288    -2277 
   -2269    -2262    -2251    -2241    -2235    -2227    -2212    -2207 
   -2205    -2205    -2214    -2223    -2232    -2249    -2263    -2278 
   -2292    -2301    -2311    -2315    -2316    -2324    -2332    -2340 
   -2350    -2358    -2367    -2381    -2390    -2390    -2392    -2393 
   -2389    -2384    -2380    -2373    -2369    -2365    -2357    -2351 
   -2355    -2357    -2357    -2359    -2366    -2367    -2361    -2358 
   -2354    -2346    -2347    -2351    -2353    -2359    -2362    -2362 
   -2365    -2363    -2361    -2359    -2357    -2354    -2353    -2349 
   -2347    -2346    -2342    -2338    -2330    -2319    -2312    -2305 
   -2300    -2299    -2297    -2297    -2297    -2296    -2292    -2286 
   -2272    -2254    -2246    -2236    -2224    -2222    -2218    -2207 
   -2201    -2195    -2184    -2176    -2168    -2158    -2150    -2146 
   -2147    -2146    -2144    -2147    -2151    -2158    -2163    -2168 
   -2174    -2184    -2191    -2196    -2207    -2212    -2212    -2212 
   -2209    -2201    -2192    -2181    -2172    -2165    -2155    -2142 
   -2130    -2119    -2106    -2089    -2069    -2049    -2031    -2010 
   -1982    -1954    -1925    -1892    -1863    -1837    -1817    -1804 
   -1795    -1784    -1773    -1764    -1755    -1738    -1719    -1710 
   -1699    -1686    -1684    -1686    -1682    -1680    -1679    -1675 
   -1667    -1660    -1657    -1652    -1647    -1647    -1644    -1641 
   -1641    -1640    -1642    -1644    -1640    -1632    -1622    -1610 
   -1598    -1584    -1575    -1570    -1567    -1568    -1566    -1560 
   -1554    -1545    -1528    -1513    -1494    -1471    -1451    -1436 
   -1426    -1420    -1414    -1412    -1405    -1394    -1381    -1370 
   -1362    -1351    -1344    -1341    -1337    -1332    -1328    -1324 
   -1314    -1306    -1300    -1293    -1286    -1289    -1293    -1293 
   -1298    -1305    -1306    -1310    -1318    -1320    -1317    -1320 
   -1323    -1329    -1341    -1358    -1378    -1401    -1425    -1449 
   -1471    -1494    -1509    -1518    -1532    -1543    -1551    -1564 
   -1579    -1595    -1617    -1634    -1649    -1658    -1663    -1660 
   -1653    -1647    -1640    -1637    -1636    -1637    -1644    -1651 
   -1651    -1651    -1653    -1652    -1649    -1648    -1644    -1642 
   -1648    -1656    -1665    -1675    -1686    -1698    -1710    -1721 
   -1726    -1732    -1738    -1744    -1750    -1755    -1767    -1781 
   -1794    -1806    -1818    -1825    -1826    -1829    -1822    -1814 
   -1810    -1807    -1807    -1811    -1814    -1814    -1815    -1810 
   -1802    -1794    -1779    -1769    -1761    -1749    -1738    -1729 
   -1719    -1710    -1699    -1687    -1676    -1668    -1663    -1660 
   -1657    -1655    -1653    -1651    -1648    -1644    -1637    -1637 
   -1641    -1641    -1644    -1645    -1644    -1647    -1649    -1649 
   -1652    -1657    -1661    -1669    -1674    -1676    -1684    -1690 
   -1695    -1702    -1707    -1710    -1715    -1722    -1726    -1733 
   -1742    -1755    -1768    -1780    -1791    -1806    -1818    -1825 
   -1826    -1829    -1826    -1826    -1830    -1830    -1830    -1826 
   -1819    -1814    -1806    -1796    -1791    -1788    -1781    -1773 
   -1772    -1772    -1764    -1757    -1748    -1734    -1726    -1722 
   -1714    -1707    -1707    -1709    -1710    -1713    -1715    -1711 
   -1707    -1707    -1706    -1709    -1717    -1723    -1729    -1736 
   -1738    -1740    -1740    -1741    -1740    -1738    -1736    -1732 
   -1728    -1729    -1733    -1734    -1738    -1742    -1744    -1750 
   -1757    -1757    -1759    -1767    -1775    -1781    -1795    -1811 
   -1822    -1837    -1852    -1859    -1868    -1880    -1880    -1880 
   -1888    -1891    -1896    -1912    -1925    -1930    -1938    -1942 
   -1941    -1935    -1930    -1929    -1922    -1921    -1927    -1934 
   -1939    -1945    -1949    -1949    -1944    -1937    -1933    -1927 
   -1925    -1927    -1929    -1930    -1937    -1934    -1930    -1935 
   -1934    -1929    -1927    -1927    -1929    -1930    -1929    -1927 
   -1926    -1922    -1919    -1915    -1908    -1906    -1903    -1900 
   -1896    -1887    -1877    -1865    -1850    -1837    -1822    -1804 
   -1788    -1780    -1773    -1768    -1768    -1769    -1768    -1767 
   -1767    -1769    -1767    -1761    -1760    -1759    -1760    -1765 
   -1767    -1771    -1777    -1776    -1773    -1775    -1775    -1773 
   -1772    -1773    -1775    -1776    -1781    -1786    -1787    -1790 
   -1792    -1790    -1786    -1784    -1780    -1780    -1787    -1792 
   -1800    -1815    -1825    -1831    -1848    -1864    -1873    -1887 
   -1906    -1922    -1937    -1952    -1969    -1981    -1989    -2003 
   -2015    -2022    -2033    -2045    -2053    -2066    -2077    -2085 
   -2096    -2106    -2111    -2118    -2124    -2130    -2139    -2143 
   -2146    -2150    -2150    -2149    -2143    -2139    -2135    -2130 
   -2124    -2121    -2118    -2118    -2115    -2111    -2111    -2106 
   -2095    -2091    -2089    -2085    -2084    -2089    -2095    -2098 
   -2107    -2111    -2116    -2124    -2134    -2141    -2147    -2161 
   -2177    -2189    -2196    -2207    -2212    -2212    -2209    -2208 
   -2207    -2203    -2204    -2211    -2212    -2215    -2223    -2223 
   -2215    -2207    -2199    -2188    -2180    -2174    -2166    -2158 
   -2151    -2139    -2124    -2107    -2091    -2081    -2074    -2064 
   -2058    -2057    -2053    -2046    -2043    -2038    -2029    -2023 
   -2022    -2016    -2011    -2012    -2014    -2012    -2018    -2026 
   -2029    -2034    -2046    -2053    -2061    -2070    -2076    -2081 
   -2088    -2095    -2102    -2110    -2119    -2130    -2141    -2151 
   -2165    -2177    -2192    -2204    -2211    -2220    -2228    -2231 
   -2236    -2242    -2239    -2236    -2236    -2235    -2234    -2231 
   -2231    -2228    -2220    -2214    -2211    -2199    -2184    -2172 
   -2155    -2138    -2124    -2114    -2100    -2084    -2077    -2072 
   -2061    -2052    -2047    -2034    -2023    -2018    -2006    -1995 
   -1991    -1988    -1988    -1989    -1991    -2000    -2006    -2007 
   -2011    -2015    -2018    -2023    -2029    -2033    -2037    -2034 
   -2030    -2027    -2020    -2018    -2018    -2015    -2014    -2015 
   -2015    -2014    -2012    -2008    -2006    -2000    -1991    -1981 
   -1973    -1965    -1954    -1942    -1930    -1925    -1919    -1917 
   -1915    -1914    -1914    -1914    -1914    -1914    -1910    -1907 
   -1906    -1907    -1908    -1910    -1908    -1907    -1907    -1907 
   -1906    -1906    -1900    -1890    -1881    -1875    -1865    -1854 
   -1845    -1838    -1831    -1821    -1807    -1799    -1795    -1792 
   -1791    -1784    -1779    -1779    -1779    -1776    -1777    -1777 
   -1772    -1771    -1769    -1764    -1759    -1755    -1750    -1745 
   -1737    -1733    -1729    -1729    -1733    -1736    -1733    -1736 
   -1740    -1741    -1748    -1760    -1768    -1773    -1783    -1788 
   -1792    -1800    -1809    -1815    -1826    -1836    -1841    -1852 
   -1868    -1876    -1885    -1896    -1903    -1908    -1918    -1926 
   -1935    -1949    -1958    -1969    -1985    -1999    -2007    -2018 
   -2030    -2034    -2034    -2038    -2042    -2046    -2056    -2065 
   -2076    -2091    -2100    -2106    -2111    -2111    -2111    -2115 
   -2114    -2111    -2115    -2115    -2118    -2119    -2111    -2104 
   -2096    -2087    -2081    -2074    -2066    -2065    -2061    -2056 
   -2056    -2053    -2046    -2038    -2033    -2029    -2029    -2026 
   -2022    -2023    -2019    -2012    -2011    -2007    -1998    -1991 
   -1984    -1975    -1968    -1964    -1958    -1952    -1945    -1941 
   -1937    -1934    -1933    -1935    -1942    -1948    -1953    -1962 
   -1968    -1973    -1977    -1980    -1980    -1980    -1981    -1981 
   -1987    -1996    -2000    -1999    -2004    -2015    -2023    -2029 
   -2037    -2049    -2057    -2066    -2079    -2087    -2092    -2097 
   -2101    -2102    -2104    -2107    -2110    -2119    -2128    -2134 
   -2144    -2147    -2139    -2134    -2133    -2126    -2124    -2124 
   -2123    -2128    -2135    -2138    -2137    -2142    -2147    -2146 
   -2144    -2146    -2144    -2150    -2154    -2157    -2165    -2172 
   -2174    -2180    -2182    -2182    -2189    -2192    -2191    -2193 
   -2196    -2201    -2207    -2211    -2215    -2219    -2223    -2228 
   -2234    -2239    -2245    -2254    -2263    -2273    -2282    -2292 
   -2297    -2304    -2311    -2313    -2311    -2309    -2311    -2305 
   -2299    -2300    -2304    -2300    -2299    -2304    -2308    -2305 
   -2305    -2304    -2297    -2290    -2288    -2282    -2276    -2276 
   -2273    -2267    -2267    -2267    -2265    -2261    -2251    -2239 
   -2231    -2219    -2207    -2201    -2195    -2185    -2174    -2165 
   -2153    -2135    -2123    -2119    -2107    -2098    -2097    -2092 
   -2088    -2087    -2079    -2068    -2056    -2041    -2031    -2019 
   -2007    -2003    -1995    -1982    -1975    -1968    -1952    -1934 
