Origin Time       2016/04/16 01:25:00
Lat.              32.753
Long.             130.762
Depth. (km)       12
Mag.              7.3
Station Code      OKY013
Station Lat.      34.5095
Station Long.     133.5099
Station Height(m) 6
Record Time       2016/04/16 01:26:35
Sampling Freq(Hz) 100Hz
Duration Time(s)  77
Dir.              E-W
Scale Factor      7845(gal)/8223790
Max. Acc. (gal)   3.778
Last Correction   2016/04/16 01:26:37
Memo.             
     355      298      216      121       27      -60     -139     -201 
    -237     -224     -151      -39       90      236      391      526 
     610      639      629      588      530      473      422      376 
     340      319      318      336      357      356      311      244 
     205      224      288      369      453      531      591      610 
     584      525      449      370      288      197      108       22 
     -65     -147     -191     -178     -114      -21       76      175 
     259      311      338      344      332      321      309      279 
     240      199      175      184      212      241      263      271 
     259      234      191      129       60        0      -32      -43 
     -29       20      105      209      310      395      460      506 
     535      553      560      529      456      356      228       75 
     -86     -246     -382     -461     -475     -419     -299     -137 
      31      183      328      467      577      634      622      569 
     518      487      463      421      333      206       62      -71 
    -157     -205     -243     -280     -324     -353     -326     -246 
    -144      -39       68      202      386      599      781      881 
     882      801      675      526      368      201       36     -109 
    -222     -305     -349     -348     -310     -238     -135      -11 
     109      203      261      298      324      337      325      280 
     237      218      206      171       99       16      -36      -40 
      -5       49      108      153      184      199      183      124 
      23      -94     -199     -284     -363     -433     -467     -457 
    -414     -341     -241     -143      -31      128      315      500 
     657      743      738      648      506      365      238      133 
      64       29       27       43       49       18      -58     -140 
    -172     -144      -82       -8       56       95      125      148 
     131       70       -5      -63      -91     -103     -114     -125 
    -139     -164     -203     -263     -330     -365     -360     -306 
    -221     -157     -144     -170     -207     -203     -139      -44 
      44      114      186      275      369      460      515      502 
     440      387      379      410      433      414      361      313 
     309      360      433      493      511      472      398      321 
     251      187      136       98       60       21      -25     -103 
    -203     -292     -361     -391     -357     -268     -140        8 
     148      271      387      491      560      584      573      545 
     519      491      425      310      174       58      -22      -89 
    -152     -210     -244     -225     -164      -85       13      139 
     274      402      522      623      689      700      652      564 
     453      325      187       47      -68     -128     -109      -23 
     106      259      403      510      572      595      560      445 
     266       43     -193     -372     -467     -510     -542     -585 
    -626     -642     -626     -562     -459     -352     -272     -225 
    -207     -202     -189     -155     -103      -41       20       72 
     128      197      284      383      451      463      410      307 
     178       39     -120     -292     -437     -518     -526     -491 
    -440     -382     -322     -278     -246     -211     -178     -160 
    -155     -149     -141     -129     -112      -97      -70      -22 
      41      117      205      295      365      407      425      430 
     434      446      461      456      411      341      276      251 
     280      352      432      499      561      646      760      870 
     940      950      908      828      726      618      493      340 
     167       -1     -136     -222     -265     -270     -225     -131 
      -5      114      206      263      305      334      346      321 
     251      163       90       45       25       18       23       40 
      55       45        5      -58     -110     -136     -157     -189 
    -198     -159      -62       72      189      248      274      319 
     403      495      568      622      645      634      614      589 
     545      480      413      364      329      282      220      163 
     114       64       17       -5        4       54      129      206 
     279      336      353      311      214      102       13      -41 
     -83     -133     -178     -183     -136      -59       35      141 
     259      388      513      626      737      842      920      943 
     900      804      676      535      386      229      106       43 
      27       25       16      -13      -67     -139     -198     -220 
    -194     -133      -67      -10       32       75      133      216 
     310      394      437      438      418      405      423      451 
     464      450      406      333      270      238      246      289 
     351      400      407      369      314      259      212      197 
     220      261      292      297      289      270      221      136 
      22      -91     -184     -256     -301     -315     -291     -225 
    -157     -126     -114      -89      -35       49      147      236 
     321      410      487      529      535      506      440      330 
     182        5     -168     -306     -394     -436     -436     -415 
    -402     -386     -334     -234     -108        4       76      102 
      94       91      105      110       99       99      120      157 
     207      253      263      221      136       41      -32      -86 
    -136     -212     -319     -427     -510     -549     -540     -508 
    -496     -503     -506     -499     -467     -410     -360     -328 
    -294     -240     -160      -68       17       90      139      172 
     211      270      346      425      481      510      519      510 
     469      402      325      245      184      157      166      207 
     270      332      388      434      461      464      434      365 
     274      206      199      238      292      344      390      430 
     464      486      496      503      502      487      464      448 
     433      400      322      187       35      -87     -151     -141 
     -75       16      117      211      286      346      406      476 
     552      615      648      630      564      484      418      360 
     303      236      160      105       78       65       58       55 
      56       55       67      102      164      259      378      490 
     583      662      735      797      822      801      765      750 
     772      808      819      789      723      614      456      283 
     143       81      103      178      261      328      372      396 
     394      360      297      211      124       40      -43     -112 
    -159     -202     -237     -266     -309     -348     -344     -287 
    -183      -47       83      172      209      205      178      152 
     128       93       29      -58     -149     -220     -245     -237 
    -233     -252     -291     -321     -318     -274     -191      -90 
       8       98      170      206      214      199      167      131 
      93       43       -9      -64     -139     -225     -283     -302 
    -297     -278     -246     -202     -129      -29       81      175 
     251      315      361      375      375      375      375      386 
     406      410      402      402      403      400      396      383 
     363      329      291      280      282      265      230      166 
      70      -37     -135     -194     -189     -114        5      122 
     214      294      373      442      480      475      421      330 
     221      103       -9     -117     -212     -275     -297     -283 
    -222     -131      -41       32       87      129      160      178 
     187      170      118       58       -2      -74     -166     -268 
    -365     -438     -477     -481     -450     -383     -287     -183 
     -98      -59      -47      -13       54      120      153      155 
     143      143      147      124       52      -58     -168     -233 
    -236     -183      -83       32      131      206      259      292 
     298      270      210      136       72       37       16       -5 
     -23      -28      -16       11       49       89      105       90 
      63       35       14        4       -8      -16      -13        8 
      47       89      122      162      217      280      341      392 
     456      540      641      741      824      870      864      808 
     715      583      422      259      101      -47     -160     -238 
    -299     -337     -341     -317     -274     -221     -153      -74 
      -5       47       93      129      172      233      317      409 
     503      602      685      715      679      575      414      225 
      55      -54      -99     -114     -121     -125     -143     -178 
    -220     -253     -292     -334     -356     -353     -341     -321 
    -288     -246     -202     -168     -163     -178     -194     -191 
    -178     -175     -209     -280     -364     -425     -446     -425 
    -383     -322     -245     -148      -35       60      118      139 
     109       37      -28      -56      -52      -17       58      160 
     256      326      368      380      375      355      330      321 
     321      315      305      307      318      326      333      349 
     390      461      556      653      741      812      859      882 
     876      838      776      689      600      519      468      449 
     422      357      268      178      109       79       87      137 
     234      356      476      595      696      756      773      750 
     696      641      603      569      521      456      373      278 
     176       83       20        2       25       55       68       67 
      55       31       18       18       18       35       85      151 
     217      265      282      268      229      160       89       43 
      39       71      110      136      151      167      184      198 
     207      212      225      259      313      383      460      510 
     518      488      450      445      473      503      521      526 
     529      542      565      584      579      538      481      451 
     454      472      498      519      540      573      610      627 
     622      608      611      631      646      641      616      577 
     525      454      361      229       47     -157     -340     -476 
    -556     -589     -611     -626     -622     -599     -568     -545 
    -531     -532     -560     -600     -622     -607     -557     -492 
    -436     -390     -333     -257     -170      -65       32      102 
     125       94       28      -40      -97     -141     -172     -197 
    -222     -253     -280     -295     -283     -230     -128        8 
     151      294      433      537      573      535      436      295 
     129      -28     -157     -236     -252     -217     -155      -99 
     -60      -14       52      144      263      390      496      562 
     583      573      560      549      535      500      433      336 
     214       81      -37     -117     -153     -166     -180     -199 
    -202     -178     -129      -74      -13       47      117      193 
     280      379      475      558      625      679      738      804 
     854      877      870      842      795      727      653      589 
     542      502      446      376      307      263      244      232 
     224      230      261      307      359      417      464      481 
     464      430      390      356      336      330      334      344 
     367      391      402      399      394      378      321      195 
      21     -167     -341     -475     -553     -588     -587     -550 
    -492     -432     -376     -337     -315     -298     -280     -256 
    -225     -207     -211     -221     -210     -184     -171     -191 
    -245     -309     -356     -395     -434     -464     -481     -467 
    -410     -303     -159        2      174      342      484      572 
     600      579      511      387      224       62      -60     -137 
    -193     -244     -294     -341     -373     -386     -372     -334 
    -279     -228     -189     -147      -98      -58      -54      -78 
     -87      -60      -22       14       32       39       60      114 
     193      284      361      417      450      461      457      451 
     451      456      460      450      413      346      270      194 
     139      120      131      155      176      198      221      241 
     259      270      272      274      272      261      243      218 
     190      137       51      -60     -182     -299     -421     -548 
    -665     -765     -841     -877     -873     -826     -737     -622 
    -518     -449     -407     -375     -357     -360     -367     -353 
    -307     -233     -143      -62       -1       32       62      112 
     183      255      313      342      360      386      423      467 
     496      506      511      523      533      540      529      487 
     421      329      218      112       13      -82     -167     -225 
    -252     -243     -221     -207     -205     -210     -224     -241 
    -245     -234     -214     -164      -60       91      280      479 
     643      747      787      773      723      649      550      438 
     324      206       93      -16     -125     -222     -282     -294 
    -275     -248     -225     -206     -182     -143      -99      -75 
     -86     -125     -170     -205     -225     -248     -286     -330 
    -361     -370     -372     -382     -406     -436     -442     -414 
    -357     -289     -237     -207     -191     -180     -175     -178 
    -190     -205     -211     -201     -178     -162     -151     -147 
    -152     -163     -178     -194     -201     -197     -195     -193 
    -183     -167     -124      -51       39      135      222      297 
     367      444      544      673      823      980     1119     1225 
    1301     1347     1350     1300     1205     1098     1000      908 
     812      708      608      514      413      324      265      246 
     275      352      463      577      687      791      882      959 
    1032     1097     1132     1136     1129     1120     1105     1089 
    1043      949      830      715      621      542      472      413 
     360      301      253      244      286      378      510      658 
     791      888      947      966      942      892      828      767 
     715      665      625      615      630      661      702      741 
     773      804      850      909      970     1026     1073     1112 
    1129     1094      997      858      696      529      369      220 
      85      -25     -108     -157     -186     -201     -199     -183 
    -157     -139     -129     -129     -137     -140     -131     -117 
     -97      -78      -67      -59      -49      -32       -2       39 
      87      139      189      232      246      225      191      157 
     144      162      193      217      218      197      153       98 
      44       10        0        0       10       35       60       78 
      72       59       56       47       13      -32      -68      -76 
     -45       13       78      124      151      171      190      205 
     230      266      301      328      341      326      287      233 
     178      128       81       28      -13      -23       -5       29 
      72      101       99       74       41       20       27       76 
     157      217      234      225      201      182      193      236 
     295      351      386      383      353      318      295      295 
     317      363      445      562      699      857     1036     1196 
    1302     1351     1341     1290     1232     1175     1109     1034 
     950      849      738      627      523      432      355      299 
     302      372      475      579      668      707      697      680 
     661      614      525      396      246      103      -11     -103 
    -178     -238     -286     -333     -372     -387     -368     -307 
    -217     -131      -68      -31        0       52      122      190 
     245      284      321      372      442      526      621      715 
     799      838      823      762      672      565      453      344 
     246      178      148      126       99       72       40        5 
     -17      -18       13       90      197      315      434      545 
     648      723      757      767      773      767      739      677 
     577      449      295      125      -22     -121     -152     -125 
     -75      -31       -8        1       14       25       29       16 
     -22      -78     -137     -206     -294     -398     -508     -625 
    -735     -824     -881     -903     -905     -900     -893     -888 
    -896     -920     -946     -959     -947     -895     -823     -747 
    -656     -540     -394     -225      -55       86      180      220 
     210      159       71      -32     -120     -186     -236     -278 
    -324     -378     -434     -481     -504     -495     -456     -398 
    -325     -251     -182     -105      -13       90      203      313 
     388      427      457      487      511      530      548      558 
     560      553      542      521      486      433      357      259 
     147       32      -72     -172     -257     -318     -346     -342 
    -311     -259     -187      -97       16      126      207      255 
     268      251      201      120       21      -91     -228     -376 
    -532     -697     -843     -947    -1019    -1070    -1092    -1070 
   -1005     -916     -814     -688     -530     -357     -189      -28 
     124      272      415      545      654      728      769      793 
     814      842      873      903      924      934      924      890 
     849      820      816      831      853      866      881      916 
     945      938      885      777      629      471      311      144 
     -16     -136     -210     -252     -265     -245     -187      -98 
       5       97      144      143      105       28      -83     -209 
    -333     -449     -552     -623     -639     -594     -508     -407 
    -303     -186      -41      117      257      356      409      436 
     446      454      475      522      600      688      773      846 
     882      877      845      789      715      626      506      370 
     255      178      144      151      198      283      394      521 
     646      758      853      915      940      938      912      886 
     895      940     1011     1111     1258     1440     1611     1732 
    1796     1811     1779     1715     1622     1493     1347     1208 
    1073      927      800      720      689      707      766      843 
     922      994     1059     1107     1131     1115     1060      970 
     851      719      592      492      425      392      406      459 
     530      594      633      638      599      519      418      311 
     201      103       37       11       16       37       82      140 
     189      220      241      266      317      395      471      522 
     568      622      683      751      820      870      892      885 
     857      818      766      710      669      656      649      625 
     573      491      379      229       49     -135     -301     -425 
    -502     -529     -496     -410     -288     -152      -14      124 
     271      418      548      627      635      577      475      357 
     272      229      228      268      341      442      565      664 
     695      654      550      392      197      -27     -276     -540 
    -791    -1019    -1208    -1340    -1412    -1436    -1418    -1364 
   -1279    -1185    -1105    -1036     -992     -990    -1031    -1090 
   -1148    -1190    -1213    -1240    -1301    -1383    -1451    -1489 
   -1517    -1543    -1552    -1539    -1506    -1459    -1404    -1334 
   -1250    -1179    -1133    -1089    -1020     -909     -753     -571 
    -373     -149      103      368      619      850     1069     1279 
    1479     1675     1871     2060     2251     2448     2643     2852 
    3082     3314     3541     3754     3923     4023     4036     3959 
    3820     3645     3423     3157     2857     2515     2147     1823 
    1575     1389     1277     1250     1277     1321     1350     1356 
    1393     1483     1614     1753     1867     1944     1998     2008 
    1946     1802     1586     1340     1120      939      797      693 
     616      550      483      407      324      238      153       71 
       9       -2       37       98      157      210      259      307 
     352      396      446      495      529      542      526      481 
     434      395      360      329      289      234      175      109 
      36      -31      -85     -118     -118      -82        9      175 
     396      638      872     1074     1224     1312     1323     1260 
    1150     1016      886      793      749      749      774      784 
     749      673      587      502      429      373      326      276 
     212      126       18     -110     -265     -436     -607     -776 
    -927    -1051    -1155    -1256    -1366    -1471    -1522    -1490 
   -1381    -1215    -1004     -778     -562     -365     -187      -27 
     121      251      348      419      483      548      600      618 
     585      519      444      388      365      375      403      427 
     432      411      367      309      246      193      166      184 
     256      372      513      685      888     1098     1321     1545 
    1728     1873     1999     2092     2165     2220     2231     2199 
    2128     2001     1830     1637     1425     1201      977      756 
     538      318       82     -174     -422     -631     -787     -884 
    -931     -936     -896     -814     -723     -677     -700     -777 
    -877     -982    -1074    -1136    -1163    -1162    -1142    -1112 
   -1059     -969     -850     -720     -591     -483     -429     -448 
    -538     -687     -859    -1023    -1169    -1274    -1297    -1223 
   -1057     -807     -515     -225       47      287      495      689 
     872     1034     1163     1243     1282     1308     1344     1389 
    1431     1464     1482     1483     1480     1487     1497     1499 
    1494     1495     1524     1582     1660     1728     1748     1702 
    1587     1401     1151      855      503      108     -288     -675 
   -1034    -1325    -1532    -1651    -1656    -1561    -1395    -1181 
    -957     -769     -629     -550     -552     -614     -706     -796 
    -853     -859     -815     -730     -604     -442     -278     -143 
     -51       -1       27       63      103      118       98       47 
     -16      -83     -155     -225     -288     -333     -357     -363 
    -351     -311     -238     -129       16      203      415      625 
     799      919      990     1016     1008      996     1004     1030 
    1077     1158     1255     1344     1416     1451     1425     1337 
    1205     1044      864      689      514      333      152      -35 
    -225     -395     -550     -697     -834     -949    -1009     -978 
    -864     -707     -515     -298      -72      162      402      618 
     797      934     1026     1094     1151     1189     1194     1162 
    1107     1055      992      903      791      641      473      324 
     205      112       32      -47     -135     -224     -322     -427 
    -526     -608     -656     -662     -638     -585     -506     -407 
    -295     -168      -20      151      344      537      684      764 
     767      679      510      301       82     -129     -315     -451 
    -545     -612     -654     -668     -669     -657     -618     -549 
    -467     -383     -313     -288     -337     -467     -654     -877 
   -1105    -1305    -1460    -1567    -1615    -1594    -1507    -1377 
   -1216    -1047     -881     -722     -581     -468     -387     -361 
    -398     -492     -625     -764     -888     -993    -1086    -1170 
   -1221    -1237    -1239    -1213    -1158    -1096    -1031     -962 
    -896     -831     -764     -697     -639     -602     -600     -646 
    -726     -807     -859     -869     -845     -780     -650     -459 
    -230       16      256      457      614      726      788      795 
     751      668      562      446      328      217       98      -31 
    -156     -265     -361     -459     -545     -592     -581     -491 
    -324      -99      172      471      770     1063     1343     1606 
    1838     2004     2093     2107     2061     1980     1864     1721 
    1564     1395     1235     1121     1073     1111     1237     1399 
    1540     1628     1656     1630     1560     1471     1390     1317 
    1235     1140     1036      926      816      708      600      490 
     361      190      -29     -270     -514     -760    -1005    -1262 
   -1517    -1738    -1907    -2016    -2079    -2120    -2124    -2083 
   -2000    -1876    -1705    -1490    -1225     -916     -573     -217 
      99      325      421      379      234       23     -236     -525 
    -812    -1070    -1277    -1424    -1506    -1506    -1433    -1312 
   -1162    -1011     -869     -731     -579     -398     -199      -10 
     141      228      229      157       47      -74     -202     -341 
    -487     -627     -754     -853     -916     -953     -950     -897 
    -823     -750     -697     -683     -695     -726     -800     -926 
   -1094    -1286    -1475    -1647    -1772    -1831    -1845    -1837 
   -1806    -1750    -1686    -1628    -1563    -1471    -1358    -1237 
   -1128    -1067    -1074    -1154    -1306    -1509    -1761    -2060 
   -2369    -2663    -2936    -3177    -3384    -3551    -3685    -3778 
   -3808    -3753    -3591    -3333    -3026    -2716    -2438    -2232 
   -2124    -2115    -2180    -2274    -2353    -2393    -2386    -2331 
   -2232    -2104    -1958    -1819    -1707    -1606    -1505    -1431 
   -1405    -1441    -1543    -1698    -1887    -2077    -2243    -2369 
   -2436    -2431    -2340    -2151    -1887    -1584    -1267     -962 
    -711     -526     -405     -340     -291     -221     -129      -29 
      78      190      280      352      437      531      646      796 
     959     1104     1213     1277     1298     1281     1208     1080 
     908      710      495      271       37     -207     -463     -735 
   -1031    -1333    -1611    -1825    -1953    -2000    -1984    -1923 
   -1823    -1682    -1495    -1271    -1016     -750     -517     -352 
    -248     -202     -210     -251     -309     -379     -460     -562 
    -679     -773     -816     -774     -634     -437     -225      -29 
     128      229      259      207       63     -153     -413     -662 
    -864    -1000    -1065    -1084    -1069    -1034     -992     -935 
    -864     -823     -811     -814     -834     -873     -932    -1007 
   -1075    -1120    -1107    -1015     -864     -683     -467     -237 
     -18      178      348      477      562      608      612      564 
     461      324      186       72      -21      -93     -120      -98 
     -39       49      152      234      280      289      271      241 
     210      174      137       95       47        4      -45     -109 
    -166     -180     -120        5      144      232      229      137 
     -14     -183     -325     -437     -525     -600     -669     -711 
    -712     -699     -693     -695     -681     -639     -568     -484 
    -411     -370     -375     -429     -523     -645     -764     -858 
    -924     -973    -1020    -1078    -1143    -1202    -1243    -1266 
   -1281    -1286    -1301    -1339    -1383    -1416    -1426    -1405 
   -1345    -1260    -1159    -1036     -877     -689     -499     -337 
    -232     -193     -210     -268     -356     -471     -602     -720 
    -808     -862     -884     -877     -847     -781     -669     -530 
    -376     -228     -118      -51       -5       36      110      225 
     352      459      546      623      669      684      676      638 
     576      506      436      390      375      380      405      430 
     438      434      429      440      481      556      648      741 
     834      919      986     1030     1039     1051     1090     1154 
    1229     1312     1366     1382     1366     1308     1221     1143 
    1102     1098     1121     1151     1154     1123     1081     1036 
     982      942      936      966     1016     1070     1128     1209 
    1308     1402     1468     1497     1501     1499     1499     1495 
    1482     1459     1426     1389     1355     1327     1308     1290 
    1260     1225     1197     1190     1225     1316     1456     1620 
    1786     1949     2098     2219     2308     2365     2374     2346 
    2285     2178     2016     1819     1617     1444     1316     1237 
    1220     1270     1379     1533     1709     1869     1984     2052 
    2079     2065     2014     1944     1872     1807     1740     1661 
    1586     1541     1545     1595     1671     1738     1769     1752 
    1695     1605     1495     1391     1296     1200     1121     1078 
    1065     1086     1151     1260     1390     1522     1652     1753 
    1810     1837     1837     1783     1661     1485     1278     1081 
     931      832      796      815      874      958     1046     1121 
    1188     1247     1297     1332     1355     1370     1375     1387 
    1440     1543     1699     1910     2153     2397     2620     2798 
    2924     3003     3046     3059     3022     2910     2727     2512 
    2305     2119     1948     1784     1647     1560     1509     1480 
    1482     1521     1610     1753     1926     2091     2218     2288 
    2292     2238     2139     2018     1894     1788     1718     1683 
    1683     1703     1709     1676     1609     1512     1402     1314 
    1269     1255     1267     1308     1381     1452     1486     1457 
    1375     1260     1136     1015      903      812      760      745 
     756      777      804      849      916      986     1039     1086 
    1139     1189     1215     1204     1163     1113     1065     1026 
    1007     1013     1057     1138     1236     1328     1408     1476 
    1535     1587     1621     1632     1624     1599     1588     1599 
    1611     1606     1586     1545     1491     1445     1418     1391 
    1366     1350     1343     1354     1389     1433     1487     1564 
    1653     1733     1783     1796     1794     1783     1763     1728 
    1661     1579     1490     1394     1316     1269     1252     1270 
    1305     1340     1371     1404     1453     1509     1545     1551 
    1502     1405     1290     1173     1080     1023      989      962 
     932      903      888      889      895      895      881      847 
     780      680      572      488      459      479      518      546 
     556      561      566      561      542      504      445      370 
     299      244      207      203      244      314      394      480 
     565      641      687      689      660      616      575      546 
     529      535      598      714      850      984     1081     1124 
    1115     1065      985      903      849      837      880      965 
    1048     1094     1093     1046      965      866      757      650 
     564      515      503      510      506      467      395      295 
     172       45      -59     -133     -170     -166     -139     -105 
     -78      -62      -47      -31        1       51      101      131 
     147      148      135      112       93       78       74       78 
      74       36      -41     -151     -261     -361     -441     -475 
    -454     -398     -319     -237     -172     -144     -144     -159 
    -193     -236     -275     -302     -313     -309     -279     -220 
    -140      -55       37      136      238      341      423      477 
     508      523      518      483      418      342      265      178 
      85       -5      -99     -195     -283     -351     -386     -396 
    -396     -391     -392     -391     -379     -367     -365     -373 
    -376     -357     -315     -251     -164      -67       36      143 
     256      373      483      576      654      724      792      841 
     842      799      734      670      604      526      441      368 
     313      283      284      309      355      421      490      546 
     579      581      565      529      476      425      370      313 
     263      232      210      197      197      211      234      255 
     263      243      189      118       45      -31     -118     -210 
    -303     -396     -469     -498     -475     -402     -298     -193 
     -99      -14       65      137      198      249      287      307 
     301      261      198      118       29      -56     -129     -189 
    -225     -246     -241     -201     -136      -64        0       35 
      25      -32     -125     -230     -332     -430     -515     -591 
    -668     -737     -791     -851     -922     -989    -1053    -1113 
   -1161    -1196    -1229    -1274    -1337    -1420    -1509    -1599 
   -1674    -1733    -1777    -1814    -1836    -1837    -1818    -1771 
   -1692    -1586    -1449    -1287    -1115     -951     -820     -739 
    -702     -691     -677     -653     -626     -608     -602     -611 
    -648     -706     -774     -838     -877     -880     -850     -787 
    -687     -556     -405     -259     -144      -78      -75     -118 
    -193     -305     -453     -633     -830    -1023    -1193    -1318 
   -1390    -1414    -1402    -1364    -1312    -1266    -1243    -1255 
   -1300    -1368    -1444    -1493    -1486    -1431    -1350    -1263 
   -1185    -1116    -1070    -1053    -1047    -1046    -1028     -980 
    -909     -832     -761     -708     -665     -619     -565     -496 
    -410     -322     -240     -159      -90      -55      -54      -87 
    -153     -241     -337     -433     -526     -626     -745     -864 
    -969    -1070    -1171    -1256    -1321    -1350    -1325    -1273 
   -1204    -1128    -1067    -1034    -1012     -993     -970     -935 
    -899     -872     -854     -847     -838     -819     -793     -762 
    -714     -660     -618     -594     -599     -631     -676     -715 
    -735     -731     -696     -627     -529     -422     -318     -229 
    -166     -126      -98      -74      -62      -64      -75      -93 
    -112     -129     -144     -160     -178     -202     -214     -229 
    -266     -313     -351     -378     -391     -407     -448     -498 
    -537     -560     -565     -557     -530     -476     -405     -328 
    -257     -205     -180     -195     -259     -383     -553     -746 
    -929    -1080    -1188    -1239    -1223    -1158    -1062     -947 
    -842     -749     -650     -553     -473     -411     -372     -351 
    -341     -330     -295     -237     -160      -60       51      159 
     263      380      538      724      903     1051     1155     1216 
    1243     1233     1182     1102     1000      884      785      718 
     669      630      591      535      479      437      400      355 
     313      287      271      270      287      315      352      383 
     405      421      440      463      491      515      530      533 
     532      525      526      548      577      612      642      656 
     656      642      615      581      540      499      459      413 
     353      288      225      176      143      129      144      176 
     229      302      380      457      523      572      604      615 
     595      556      496      417      337      263      203      152 
      90       21      -32      -72      -91      -86      -70      -54 
     -37      -25      -17       -4       16       51       98      148 
     194      220      224      220      207      178      131       59 
     -25      -89     -122     -140     -155     -170     -189     -212 
    -240     -272     -307     -341     -369     -391     -417     -445 
    -464     -479     -481     -477     -480     -487     -480     -451 
    -406     -351     -282     -218     -183     -167     -153     -143 
    -122      -87      -43       -9        8       28       59       93 
     129      175      218      268      307      330      344      337 
     298      236      156       64      -18      -85     -136     -170 
    -176     -163     -144     -121      -89      -54      -20        0 
     -11      -64     -159     -287     -419     -540     -639     -724 
    -807     -884     -954    -1011    -1047    -1065    -1069    -1048 
   -1000     -932     -845     -749     -662     -592     -540     -522 
    -525     -529     -532     -538     -532     -518     -498     -480 
    -471     -451     -422     -383     -329     -265     -207     -159 
    -124      -98      -78      -63      -47      -18       17       43 
      64      101      140      178      230      295      365      445 
     532      619      693      757      801      823      823      812 
     801      792      772      738      693      648      604      562 
     522      492      481      481      480      476      472      483 
     506      531      562      592      612      627      646      662 
     666      653      619      573      517      457      400      351 
     318      306      318      342      376      425      472      510 
     544      572      594      619      650      680      697      697 
     681      653      608      553      493      433      370      315 
     263      201      126       62       20       -8      -31      -47 
     -59      -68      -75      -72      -52      -10       47      116 
     178      232      287      351      419      492      565      631 
     689      737      770      793      816      838      864      889 
     908      934      969     1000     1023     1030     1012      977 
     928      864      795      735      689      661      650      657 
     683      719      767      823      877      916      927      903 
     854      791      720      650      585      518      433      329 
     225      140       78       43       44       83      156      259 
     378      503      637      767      872      935      959      957 
     932      897      866      847      850      876      920      970 
    1024     1078     1113     1124     1119     1107     1093     1084 
    1088     1104     1124     1133     1124     1105     1081     1039 
     987      916      814      697      591      498      409      325 
     248      180      129      116      151      225      315      403 
     469      510      529      530      510      467      410      341 
     268      205      157      129      125      135      160      206 
     263      330      411      503      598      688      761      812 
     849      868      877      884      892      911      945      980 
    1012     1048     1081     1109     1135     1161     1189     1223 
    1246     1243     1217     1161     1067      954      828      706 
     618      569      545      544      560      579      599      622 
     631      627      614      589      562      537      503      468 
     442      430      440      471      506      552      612      679 
     733      772      799      811      797      777      757      735 
     715      704      688      672      660      654      660      666 
     673      687      697      680      615      514      398      295 
     220      160      103       52        1      -56     -114     -172 
    -221     -252     -275     -289     -292     -288     -283     -282 
    -286     -295     -294     -278     -259     -245     -234     -224 
    -217     -225     -244     -255     -255     -238     -195     -129 
     -52       32      114      172      195      195      191      202 
     238      294      346      390      415      417      395      359 
     310      249      183      117       47      -20      -75     -131 
    -206     -299     -399     -506     -610     -696     -765     -808 
    -807     -758     -679     -584     -491     -392     -286     -184 
     -98      -41      -23      -47      -98     -166     -251     -351 
    -460     -568     -669     -754     -830     -896     -943     -953 
    -922     -859     -767     -652     -535     -427     -321     -205 
     -95       -9       49       85       98       91       68       36 
      -5      -54      -95     -137     -178     -211     -237     -259 
    -275     -282     -279     -276     -282     -279     -259     -220 
    -167     -118      -87      -72      -71      -91     -131     -187 
    -252     -318     -383     -446     -510     -579     -664     -757 
    -849     -924     -985    -1036    -1081    -1115    -1128    -1111 
   -1069    -1012     -932     -827     -714     -603     -504     -415 
    -341     -286     -243     -211     -186     -178     -194     -221 
    -256     -297     -326     -353     -388     -418     -438     -450 
    -445     -421     -392     -368     -348     -325     -295     -261 
    -225     -187     -144      -98      -58      -41      -49      -75 
    -108     -131     -143     -147     -153     -168     -186     -197 
    -189     -156     -110      -58        2       59      109      157 
     197      221      236      237      240      259      298      344 
     391      423      438      436      413      378      338      295 
     251      216      195      191      206      241      286      330 
     376      425      473      519      557      569      549      511 
     471      440      429      430      429      429      433      438 
     442      442      444      448      450      451      448      438 
     430      417      390      357      328      294      255      214 
     178      143      117      110      118      133      157      180 
     184      166      125       59      -31     -136     -238     -329 
    -399     -441     -459     -456     -440     -417     -390     -355 
    -309     -261     -216     -175     -137      -95      -55      -25 
      -5        5        9        5       -4      -29      -74     -129 
    -178     -205     -199     -168     -124      -72      -28        2 
      28       36       20       -5      -25      -36      -39      -31 
      -5       32       72      112      137      147      155      175 
     193      187      167      149      131      120      112       90 
      68       59       45       29       10      -17      -47      -71 
     -93     -105     -101      -81      -44       -2       35       64 
      89      108      124      139      155      168      189      209 
     225      249      278      306      342      386      427      473 
     517      550      576      594      600      592      569      532 
     473      392      297      194      102       41        9       11 
      40       78      128      178      221      251      253      228 
     178      105       18      -64     -137     -195     -233     -248 
    -241     -221     -195     -168     -152     -147     -144     -141 
    -140     -129     -109      -78      -27       49      140      230 
     318      398      468      523      571      608      631      635 
     633      631      626      611      584      548      513      484 
     467      457      450      454      464      471      464      454 
     451      456      467      487      513      526      523      511 
     487      448      403      360      324      289      257      218 
     159       91       25      -49     -133     -207     -259     -291 
    -307     -305     -275     -228     -167      -91       -5       81 
     167      249      318      375      419      449      472      487 
     495      502      500      486      479      480      480      481 
     479      473      472      487      513      548      588      629 
     665      696      718      743      781      819      857      888 
     903      908      916      922      926      928      931      928 
     918      907      907      916      935      958      969      969 
     958      931      900      868      831      791      749      708 
     672      652      653      656      645      622      595      569 
     549      530      506      481      464      467      476      491 
     518      552      579      603      621      625      626      633 
     646      672      714      767      831      897      955     1016 
    1081     1132     1162     1178     1178     1151     1102     1044 
     980      903      818      727      638      556      480      406 
     329      263      207      159      112       70       32        2 
     -25      -56      -90     -128     -164     -198     -232     -265 
    -295     -326     -351     -359     -357     -356     -367     -394 
    -425     -457     -490     -506     -508     -503     -490     -471 
    -461     -457     -454     -459     -472     -490     -508     -508 
    -490     -471     -441     -396     -349     -301     -261     -243 
    -237     -233     -225     -210     -183     -151     -117      -81 
     -37        5       47       90      128      166      199      221 
     232      236      237      234      218      197      171      136 
      97       52       10      -18      -40      -60      -76      -89 
     -93      -90      -95     -112     -126     -122     -105      -83 
     -47        8       68      124      163      178      172      144 
     105       52      -14      -85     -155     -225     -287     -334 
    -365     -386     -394     -375     -324     -251     -156      -51 
      49      149      236      307      370      425      463      476 
     464      433      387      333      280      236      207      201 
     211      230      253      278      303      329      360      399 
     433      454      460      441      400      355      306      261 
     233      220      211      205      203      205      203      201 
     199      193      178      163      160      167      174      178 
     186      183      172      160      147      139      133      131 
     137      144      144      144      141      144      153      170 
     186      194      202      206      195      178      168      148 
     125      109      109      122      139      162      201      243 
     274      306      340      369      395      410      413      406 
     392      364      321      268      205      140       89       58 
      59       91      143      201      253      298      330      344 
     344      333      321      318      322      337      367      405 
     456      515      564      604      642      661      660      646 
     616      583      553      526      503      490      490      496 
     506      519      533      558      585      611      643      680 
     708      728      737      733      734      738      741      747 
     749      750      757      750      738      726      707      689 
     684      687      696      710      715      720      727      738 
     754      783      824      872      919      957      980      989 
     981      957      923      885      838      781      726      670 
     614      558      502      454      432      422      415      417 
     427      438      456      471      477      481      480      471 
     457      441      429      422      423      432      438      441 
     449      463      476      483      487      495      493      480 
     456      419      373      322      263      209      155      105 
      67       45       35       28       31       47       71      103 
     137      167      194      220      241      256      259      257 
     249      232      205      171      133       82       23      -23 
     -58      -83      -93      -90      -82      -67      -44      -27 
     -27      -27      -22       -9       18       47       72       95 
     105       99       83       64       43       23       10       -1 
     -14      -22      -20      -10       -1       17       40       54 
      62       63       56       47       32       18        8       -1 
     -10      -17      -11        4       23       51       81      112 
     143      162      167      164      160      152      129      101 
      72       41       21       14       11       13       14        5 
     -13      -39      -67     -101     -139     -170     -189     -199 
    -207     -212     -214     -210     -206     -203     -203     -209 
    -222     -240     -268     -311     -364     -414     -467     -531 
    -607     -681     -751     -823     -886     -935     -966     -978 
    -970     -946     -915     -884     -845     -805     -778     -764 
    -769     -791     -822     -857     -890     -915     -932     -947 
    -961     -972     -982     -994    -1005    -1012    -1016    -1020 
   -1024    -1024    -1015    -1000     -986     -969     -950     -934 
    -920     -905     -884     -855     -824     -787     -747     -715 
    -700     -697     -702     -702     -699     -691     -680     -662 
    -631     -589     -538     -481     -418     -342     -261     -186 
    -117      -58      -13       10        5      -25      -74     -133 
    -194     -249     -297     -328     -344     -357     -364     -360 
    -349     -338     -324     -305     -289     -271     -256     -256 
    -263     -263     -259     -261     -276     -303     -341     -380 
    -417     -449     -476     -499     -517     -525     -514     -484 
    -451     -423     -394     -364     -338     -311     -287     -263 
    -234     -201     -163     -129     -109      -89      -76      -85 
     -99     -106     -103      -95      -94      -98      -98      -98 
     -97      -85      -75      -67      -51      -40      -44      -44 
     -36      -21       -5        5       18       29       29       27 
      27       23       21       25       31       28       20        5 
     -14      -43      -79     -112     -128     -122      -98      -58 
     -10       37       90      144      190      224      243      252 
     259      272      288      310      338      367      399      438 
     467      491      518      540      564      596      623      646 
     670      692      714      734      750      762      766      765 
     760      747      724      696      668      637      604      572 
     548      526      506      502      506      508      513      514 
     508      502      502      506      514      523      533      545 
     548      544      542      548      550      553      556      556 
     560      568      579      596      616      635      656      675 
     691      710      731      756      777      792      803      819 
     841      861      881      903      927      951      973      987 
     993      990      974      951      928      908      893      885 
     885      895      915      939      959      972      970      962 
     951      942      935      935      940      954      970      981 
     989      999     1005     1011     1019     1020     1009      996 
     974      943      907      864      812      754      697      646 
     599      561      540      525      504      490      480      468 
     448      432      418      398      378      364      340      324 
     324      332      352      383      418      471      535      598 
     661      728      793      855      911      953      981     1003 
    1011      997      966      919      862      804      745      695 
     654      614      575      540      510      477      444      403 
     361      319      274      225      175      126       81       47 
      21       -2      -31      -65     -103     -128     -140     -144 
    -136     -114      -83      -55      -36      -14        4       11 
      11        2      -16      -44      -78     -109     -147     -187 
    -221     -252     -286     -311     -322     -311     -279     -229 
    -175     -117      -54       16       87      157      220      265 
     299      326      348      367      380      388      399      411 
     423      429      427      429      427      409      386      367 
     351      340      337      334      338      351      359      367 
     378      390      403      418      432      442      449      441 
     418      394      361      315      266      220      170      121 
      78       41        5      -36      -85     -133     -183     -237 
    -282     -319     -356     -382     -398     -409     -414     -415 
    -411     -395     -356     -302     -251     -206     -168     -135 
    -105      -87      -74      -68      -76      -89      -95      -99 
     -99     -101     -103     -105     -106     -108     -103      -95 
     -90      -81      -60      -35      -16       -8       -1        0 
       0        2        5       10       11        8        8       16 
      36       65       93      112      126      139      140      133 
     124      109       91       81       75       71       58       32 
       4      -25      -58      -85     -110     -133     -153     -163 
    -159     -153     -147     -140     -136     -139     -144     -137 
    -116      -91      -65      -40      -27      -21      -16      -16 
     -18      -11        0       18       45       79      112      139 
     156      159      160      157      147      137      129      121 
     118      117      120      129      149      178      212      237 
     257      274      280      272      259      243      221      205 
     198      187      182      187      201      225      266      305 
     337      368      390      405      418      423      415      410 
     403      379      348      324      301      275      253      234 
     217      206      202      191      180      178      183      197 
     217      244      275      309      346      383      414      432 
     429      414      396      368      332      302      274      236 
     199      176      160      147      139      140      148      157 
     175      197      216      236      257      270      274      274 
     268      252      233      210      183      159      140      124 
     108       87       67       52       36       18        2       -5 
     -10       -5        2        9       18       29       37       51 
      63       64       67       67       59       59       67       72 
      71       64       47       18      -17      -55      -95     -133 
    -167     -198     -225     -246     -256     -251     -236     -220 
    -199     -178     -160     -143     -121      -94      -67      -41 
     -17        1       20       36       44       52       63       68 
      68       62       47       39       39       43       51       67 
      85      110      141      170      195      210      214      216 
     220      218      216      211      201      193      191      190 
     183      176      170      164      164      176      195      216 
     244      272      295      318      336      351      367      373 
     376      391      406      415      436      463      483      488 
     484      479      473      467      460      459      460      460 
     461      464      463      457      456      454      449      444 
     444      438      433      427      417      402      387      372 
     353      334      319      307      288      257      229      198 
     155      108       67       32        2      -20      -36      -52 
     -70      -85     -106     -135     -159     -176     -193     -214 
    -232     -237     -244     -246     -245     -236     -224     -217 
    -214     -206     -197     -190     -183     -174     -172     -180 
    -186     -191     -206     -222     -241     -271     -303     -326 
    -338     -344     -344     -330     -310     -292     -279     -274 
    -274     -275     -276     -282     -292     -305     -310     -303 
    -294     -286     -276     -268     -263     -261     -259     -263 
    -268     -271     -266     -266     -270     -263     -253     -245 
    -237     -224     -205     -184     -162     -143     -135     -129 
    -120     -109      -99      -86      -75      -70      -60      -51 
     -45      -44      -51      -60      -70      -81      -97     -118 
    -141     -171     -207     -244     -270     -291     -315     -336 
    -353     -373     -388     -400     -417     -427     -437     -444 
    -442     -432     -407     -379     -355     -332     -309     -287 
    -265     -245     -222     -201     -178     -144     -112      -83 
     -51      -11       31       68      106      149      193      236 
     279      313      337      356      365      368      369      373 
     379      390      403      417      438      464      490      511 
     533      553      569      576      577      577      575      576 
     588      600      607      622      639      652      658      658 
     653      646      645      643      635      619      602      579 
     553      529      504      481      467      454      446      444 
     442      442      442      440      441      441      430      415 
     405      392      376      359      349      352      359      361 
     370      387      405      418      427      434      440      445 
     449      451      451      456      463      469      464      456 
     453      445      433      425      419      413      415      425 
     436      449      463      479      498      521      540      553 
     566      579      589      599      595      579      566      546 
     515      481      451      421      390      361      338      325 
     318      313      309      299      282      259      234      207 
     180      160      152      157      170      187      206      217 
     221      225      218      205      195      189      182      176 
     171      157      136      121      108       93       85       83 
      93      112      129      148      175      198      217      240 
     259      275      291      309      317      315      317      318 
     317      311      303      301      298      292      289      288 
     278      266      255      244      240      233      224      217 
     214      217      220      218      218      222      224      221 
     222      222      220      211      202      182      157      141 
     121       94       75       60       41       27       21       22 
      31       41       58       82      108      139      174      205 
     224      228      216      194      167      136      101       70 
      40        5      -16      -25      -35      -36      -23       -5 
      17       54       98      140      180      212      233      245 
     253      257      259      251      236      222      202      178 
     156      133      112       94       75       58       37       13 
      -4      -16      -31      -45      -55      -67      -75      -71 
     -60      -54      -47      -41      -35      -31      -22       -8 
       5       23       40       43       36       20        0      -21 
     -44      -65      -78      -86      -94      -99      -99      -93 
     -86      -76      -70      -63      -54      -43      -25       -2 
      17       35       49       59       65       74       86      102 
     121      141      162      176      189      205      218      225 
     228      230      238      245      245      244      246      255 
     263      266      272      284      302      325      344      361 
     387      407      417      423      425      422      417      403 
     382      357      337      317      294      276      266      268 
     278      282      291      313      333      352      370      382 
     392      407      417      423      433      440      440      436 
     425      410      398      392      396      406      415      430 
     448      460      472      491      513      538      564      581 
     598      610      618      619      606      576      530      477 
     425      375      332      294      261      232      207      193 
     182      178      180      186      191      199      209      218 
     228      237      252      272      284      292      303      318 
     328      328      319      305      282      252      221      197 
     178      157      141      136      128      121      121      122 
     128      148      172      198      234      272      301      328 
     357      387      410      425      432      429      415      390 
     359      326      291      259      237      212      187      174 
     164      148      131      110       90       82       70       55 
      43       18      -13      -40      -65      -95     -122     -147 
    -168     -184     -193     -197     -194     -184     -171     -160 
    -144     -129     -121     -112     -101      -87      -74      -68 
     -64      -47      -23       -1       23       47       68       91 
     122      149      166      178      199      218      233      234 
     229      228      225      228      236      237      238      249 
     261      276      292      309      324      332      332      329 
     324      311      301      292      280      272      268      263 
     252      238      225      209      195      182      167      149 
     126      106       93       72       45       17      -14      -41 
     -63      -89     -112     -133     -155     -170     -178     -187 
    -187     -175     -160     -143     -110      -70      -22       23 
      65      105      144      180      205      218      218      214 
     212      203      182      160      139      105       70       45 
      21        1       -5      -16      -31      -40      -45      -54 
     -59      -67      -79      -89      -98     -110     -124     -139 
    -155     -174     -197     -224     -253     -286     -315     -337 
    -356     -379     -395     -406     -423     -440     -449     -457 
    -463     -459     -451     -445     -437     -427     -418     -407 
    -396     -386     -375     -369     -361     -352     -346     -348 
    -348     -346     -342     -334     -319     -301     -272     -241 
    -214     -180     -148     -118      -82      -52      -31       -5 
       4        2        4        1       -8      -14      -22      -32 
     -35      -35      -31      -14        2       18       40       65 
      87      103      118      128      125      121      112       95 
      76       59       36       17        1      -13      -22      -28 
     -39      -49      -59      -72      -85      -97     -116     -131 
    -148     -168     -190     -207     -217     -218     -211     -205 
    -195     -184     -175     -168     -157     -147     -140     -129 
    -125     -129     -136     -139     -144     -152     -157     -162 
    -156     -147     -133     -120     -106      -91      -68      -47 
     -36      -23       -5       17       40       58       72       83 
      91       95       93       86       78       72       74       72 
      71       78       85       90       98      102      101      102 
     103      103      109      117      121      133      149      153 
     155      160      153      144      143      140      143      144 
     141      136      129      124      122      121      120      124 
     133      144      155      167      184      202      217      232 
     249      265      282      287      287      287      294      303 
     306      309      322      333      341      352      363      367 
     367      368      369      365      364      365      369      372 
     373      378      379      379      383      391      391      395 
     403      405      405      405      406      409      406      402 
     395      383      378      373      372      369      363      360 
     361      357      353      352      351      346      342      340 
     340      338      338      333      319      307      298      283 
     265      256      249      244      244      246      243      237 
     230      218      201      184      163      144      129      112 
      95       87       74       59       49       32       21       14 
       5        5       13       13        9        5       -1       -9 
     -11       -8       -5       -1        5       17       27       35 
      39       39       47       54       59       64       72       90 
     110      125      147      175      205      240      279      317 
     355      390      421      446      464      477      492      499 
     502      506      514      517      523      531      538      544 
     550      556      558      556      552      544      530      513 
     499      484      469      456      449      446      438      425 
     419      417      415      409      403      399      391      382 
     373      361      344      333      326      315      299      289 
     286      280      270      261      259      265      272      276 
     275      272      270      261      253      249      248      248 
     257      263      268      275      280      278      278      284 
     294      305      315      329      341      353      368      382 
     392      403      414      422      430      438      445      444 
     449      463      469      479      493      500      508      522 
     532      545      558      572      584      594      600      607 
     610      611      607      598      591      583      576      573 
     568      562      560      550      542      540      529      519 
     518      514      510      510      518      531      548      561 
     572      588      608      626      641      652      658      666 
     673      676      681      685      683      679      673      658 
     645      635      625      616      616      622      631      643 
     650      661      677      689      704      724      741      758 
     776      783      787      795      795      793      797      800 
     804      810      805      793      783      774      761      743 
     722      700      688      677      660      642      630      610 
     585      564      544      525      510      499      498      492 
     488      492      492      486      483      479      467      454 
     449      446      446      448      454      464      476      484 
     486      486      487      480      473      464      451      441 
     429      406      386      368      348      333      325      314 
     306      309      310      311      314      311      310      313 
     313      315      318      314      311      307      292      283 
     271      248      228      211      189      170      162      153 
     149      152      153      153      153      152      144      137 
     126      112      101       89       75       65       56       51 
      52       55       59       65       68       68       74       78 
      75       72       71       65       54       43       32       16 
      -4      -23      -44      -64      -85     -110     -139     -167 
    -194     -220     -244     -266     -287     -305     -321     -338 
    -357     -372     -388     -405     -425     -448     -468     -490 
    -513     -529     -542     -553     -566     -577     -581     -579 
    -581     -583     -581     -579     -583     -583     -577     -572 
    -568     -562     -557     -552     -545     -537     -526     -519 
    -510     -502     -496     -495     -496     -502     -510     -517 
    -522     -531     -540     -542     -552     -557     -558     -565 
    -572     -575     -584     -584     -576     -569     -556     -535 
    -515     -499     -481     -463     -441     -422     -407     -391 
    -373     -360     -349     -340     -341     -349     -349     -352 
    -359     -363     -370     -379     -390     -405     -422     -442 
    -457     -471     -480     -479     -476     -469     -454     -436 
    -417     -398     -380     -364     -346     -330     -315     -299 
    -286     -276     -261     -248     -237     -225     -216     -203 
    -187     -174     -162     -149     -136     -124     -106      -86 
     -71      -59      -47      -40      -36      -32      -29      -29 
     -35      -47      -59      -65      -78      -93     -101     -110 
    -122     -129     -135     -140     -147     -147     -137     -128 
    -125     -121     -112      -99      -85      -75      -68      -59 
     -47      -36      -22       -9        5       29       56       79 
      99      121      141      156      168      176      183      198 
     209      210      214      225      232      237      241      240 
     240      240      236      234      234      230      225      222 
     214      206      199      191      180      168      156      147 
     136      121      112      106       97       91       91       98 
     110      125      141      162      182      206      234      257 
     282      305      326      341      348      355      356      348 
     341      334      310      279      255      230      201      172 
     152      137      122      112      114      118      122      133 
     144      156      170      184      198      209      212      212 
     212      203      180      156      136      112       90       70 
      47       25       13        5       -4       -5       -1        8 
      22       37       52       68 
