Origin Time       2016/04/16 01:25:00
Lat.              32.753
Long.             130.762
Depth. (km)       12
Mag.              7.3
Station Code      OKY010
Station Lat.      34.7454
Station Long.     134.1884
Station Height(m) 2
Record Time       2016/04/16 01:26:57
Sampling Freq(Hz) 100Hz
Duration Time(s)  65
Dir.              E-W
Scale Factor      7845(gal)/8223790
Max. Acc. (gal)   2.219
Last Correction   2016/04/16 01:26:57
Memo.             
   -3322    -3321    -3281    -3241    -3184    -3102    -3037    -2991 
   -2953    -2920    -2874    -2822    -2803    -2814    -2806    -2785 
   -2774    -2759    -2756    -2786    -2847    -2915    -2957    -2986 
   -3001    -3009    -3042    -3068    -3071    -3094    -3123    -3127 
   -3125    -3133    -3160    -3173    -3168    -3192    -3265    -3348 
   -3400    -3433    -3469    -3491    -3499    -3508    -3491    -3443 
   -3396    -3357    -3335    -3342    -3373    -3391    -3372    -3325 
   -3254    -3180    -3122    -3086    -3059    -3030    -3018    -3026 
   -3036    -3046    -3053    -3036    -2986    -2924    -2898    -2921 
   -2945    -2971    -2997    -2998    -2992    -3007    -3060    -3140 
   -3180    -3187    -3187    -3146    -3096    -3086    -3098    -3126 
   -3142    -3129    -3126    -3134    -3122    -3106    -3098    -3079 
   -3069    -3090    -3096    -3065    -3029    -2982    -2934    -2934 
   -2994    -3048    -3042    -3029    -3048    -3061    -3083    -3125 
   -3161    -3219    -3284    -3302    -3281    -3272    -3302    -3349 
   -3399    -3446    -3464    -3454    -3447    -3453    -3449    -3411 
   -3346    -3298    -3291    -3331    -3407    -3443    -3424    -3424 
   -3406    -3335    -3260    -3199    -3163    -3144    -3153    -3177 
   -3165    -3127    -3083    -3041    -3044    -3076    -3105    -3129 
   -3138    -3130    -3100    -3090    -3122    -3125    -3063    -2967 
   -2909    -2941    -3026    -3087    -3073    -3003    -2967    -3011 
   -3073    -3060    -2956    -2847    -2816    -2860    -2945    -3028 
   -3068    -3052    -3001    -2967    -2970    -2952    -2913    -2902 
   -2934    -3005    -3088    -3164    -3207    -3203    -3173    -3146 
   -3133    -3118    -3086    -3026    -2949    -2901    -2887    -2863 
   -2839    -2844    -2867    -2878    -2870    -2853    -2836    -2817 
   -2809    -2829    -2848    -2835    -2790    -2768    -2824    -2921 
   -2971    -2952    -2909    -2878    -2872    -2882    -2894    -2902 
   -2898    -2896    -2925    -2953    -2937    -2878    -2840    -2866 
   -2922    -2978    -3028    -3068    -3071    -3048    -3026    -2986 
   -2926    -2860    -2806    -2774    -2751    -2759    -2808    -2832 
   -2829    -2835    -2839    -2833    -2848    -2894    -2953    -3019 
   -3090    -3145    -3157    -3132    -3102    -3125    -3203    -3264 
   -3265    -3226    -3179    -3148    -3142    -3161    -3176    -3156 
   -3118    -3111    -3144    -3177    -3207    -3227    -3206    -3175 
   -3192    -3248    -3277    -3268    -3265    -3256    -3213    -3180 
   -3175    -3172    -3142    -3075    -3040    -3067    -3105    -3159 
   -3225    -3252    -3222    -3148    -3082    -3056    -3041    -3022 
   -3007    -3001    -2990    -2970    -2967    -2999    -3055    -3095 
   -3106    -3121    -3144    -3172    -3218    -3238    -3213    -3177 
   -3132    -3103    -3117    -3153    -3194    -3237    -3288    -3341 
   -3369    -3368    -3325    -3240    -3171    -3152    -3171    -3192 
   -3171    -3109    -3042    -2990    -2986    -3028    -3083    -3123 
   -3117    -3083    -3079    -3127    -3177    -3163    -3092    -3028 
   -3025    -3076    -3117    -3122    -3088    -3026    -2995    -3001 
   -3040    -3130    -3204    -3194    -3134    -3079    -3055    -3038 
   -2992    -2920    -2868    -2853    -2821    -2754    -2695    -2643 
   -2600    -2605    -2663    -2727    -2758    -2790    -2840    -2871 
   -2882    -2903    -2956    -2999    -2974    -2933    -2949    -2990 
   -3015    -3051    -3098    -3113    -3099    -3114    -3160    -3200 
   -3198    -3144    -3090    -3076    -3057    -2994    -2910    -2859 
   -2840    -2822    -2810    -2855    -2952    -2975    -2899    -2843 
   -2837    -2829    -2814    -2810    -2795    -2710    -2565    -2447 
   -2408    -2440    -2500    -2531    -2525    -2505    -2511    -2565 
   -2643    -2702    -2740    -2783    -2814    -2829    -2876    -2940 
   -2955    -2947    -2991    -3084    -3146    -3167    -3207    -3253 
   -3288    -3355    -3411    -3387    -3326    -3292    -3298    -3287 
   -3234    -3192    -3180    -3192    -3249    -3338    -3412    -3437 
   -3431    -3437    -3472    -3537    -3601    -3596    -3515    -3443 
   -3422    -3431    -3453    -3437    -3360    -3287    -3260    -3240 
   -3217    -3202    -3173    -3098    -2990    -2929    -2915    -2870 
   -2825    -2813    -2798    -2817    -2844    -2816    -2822    -2896 
   -2929    -2915    -2930    -2970    -2978    -2944    -2941    -3006 
   -3056    -3046    -3045    -3061    -3082    -3107    -3122    -3149 
   -3183    -3168    -3145    -3146    -3159    -3187    -3200    -3199 
   -3199    -3156    -3102    -3084    -3063    -3037    -3028    -3029 
   -3042    -3060    -3086    -3129    -3154    -3136    -3098    -3082 
   -3071    -3029    -2984    -2992    -3045    -3069    -3048    -3041 
   -3034    -3007    -2994    -2978    -2934    -2915    -2921    -2910 
   -2890    -2882    -2853    -2778    -2697    -2633    -2578    -2560 
   -2583    -2627    -2652    -2641    -2655    -2697    -2691    -2659 
   -2655    -2700    -2785    -2852    -2882    -2905    -2934    -2949 
   -2948    -2971    -3011    -3034    -3048    -3076    -3145    -3227 
   -3237    -3177    -3127    -3140    -3187    -3203    -3206    -3245 
   -3315    -3380    -3380    -3348    -3345    -3322    -3265    -3222 
   -3215    -3218    -3157    -3014    -2890    -2841    -2811    -2779 
   -2774    -2809    -2860    -2898    -2926    -2961    -3002    -3044 
   -3084    -3130    -3188    -3245    -3287    -3350    -3451    -3523 
   -3539    -3539    -3553    -3576    -3573    -3530    -3474    -3419 
   -3383    -3338    -3252    -3188    -3171    -3160    -3164    -3172 
   -3191    -3235    -3272    -3292    -3295    -3258    -3213    -3206 
   -3221    -3218    -3213    -3226    -3204    -3140    -3086    -3071 
   -3071    -3028    -2961    -2949    -2957    -2961    -2984    -2982 
   -2949    -2953    -2986    -3005    -2991    -2961    -2955    -2945 
   -2937    -2972    -2979    -2896    -2805    -2781    -2802    -2833 
   -2848    -2818    -2762    -2727    -2728    -2759    -2790    -2785 
   -2744    -2709    -2725    -2764    -2772    -2740    -2698    -2668 
   -2663    -2679    -2709    -2737    -2756    -2767    -2790    -2837 
   -2895    -2928    -2907    -2872    -2856    -2857    -2859    -2844 
   -2825    -2816    -2802    -2801    -2836    -2871    -2896    -2945 
   -2972    -2955    -2964    -3003    -3015    -3021    -3052    -3096 
   -3145    -3187    -3210    -3234    -3269    -3319    -3357    -3353 
   -3357    -3388    -3416    -3434    -3424    -3385    -3343    -3273 
   -3196    -3168    -3179    -3213    -3245    -3257    -3284    -3315 
   -3284    -3219    -3204    -3231    -3250    -3279    -3304    -3279 
   -3227    -3200    -3203    -3210    -3187    -3138    -3099    -3105 
   -3156    -3213    -3260    -3275    -3223    -3133    -3078    -3083 
   -3118    -3142    -3141    -3117    -3082    -3033    -2970    -2941 
   -2960    -2984    -3017    -3044    -3025    -2998    -2983    -2974 
   -2992    -3036    -3090    -3145    -3188    -3221    -3231    -3238 
   -3272    -3326    -3388    -3439    -3461    -3469    -3470    -3459 
   -3464    -3497    -3532    -3534    -3515    -3491    -3480    -3500 
   -3501    -3449    -3384    -3322    -3253    -3180    -3133    -3137 
   -3176    -3202    -3198    -3164    -3087    -3001    -2961    -2970 
   -2994    -3018    -3029    -3022    -3007    -3003    -3022    -3045 
   -3048    -3033    -2998    -2947    -2937    -2978    -3017    -3015 
   -2940    -2821    -2740    -2698    -2686    -2721    -2775    -2810 
   -2816    -2828    -2879    -2918    -2901    -2863    -2837    -2811 
   -2783    -2766    -2758    -2727    -2688    -2678    -2658    -2639 
   -2663    -2673    -2643    -2641    -2687    -2749    -2790    -2798 
   -2790    -2755    -2704    -2688    -2733    -2814    -2889    -2920 
   -2930    -2926    -2902    -2882    -2898    -2917    -2911    -2913 
   -2917    -2893    -2856    -2811    -2759    -2721    -2681    -2640 
   -2667    -2745    -2805    -2824    -2848    -2896    -2895    -2849 
   -2829    -2798    -2754    -2758    -2789    -2805    -2821    -2868 
   -2929    -2972    -3045    -3148    -3200    -3211    -3238    -3257 
   -3229    -3196    -3192    -3186    -3141    -3067    -2998    -2967 
   -2951    -2949    -3018    -3107    -3130    -3117    -3106    -3080 
   -3037    -2994    -2963    -2943    -2905    -2821    -2770    -2844 
   -2974    -3040    -3071    -3136    -3199    -3249    -3310    -3338 
   -3306    -3273    -3276    -3298    -3338    -3358    -3284    -3188 
   -3213    -3315    -3339    -3288    -3273    -3336    -3416    -3439 
   -3407    -3362    -3288    -3198    -3200    -3326    -3403    -3312 
   -3154    -3078    -3150    -3310    -3403    -3369    -3273    -3180 
   -3134    -3102    -3028    -2961    -2947    -2955    -2971    -2972 
   -2932    -2882    -2872    -2914    -2959    -2974    -2948    -2879 
   -2851    -2915    -2963    -2920    -2843    -2778    -2694    -2624 
   -2671    -2809    -2894    -2872    -2820    -2806    -2837    -2895 
   -2994    -3127    -3241    -3308    -3348    -3393    -3462    -3543 
   -3595    -3613    -3645    -3665    -3661    -3726    -3854    -3901 
   -3827    -3716    -3642    -3626    -3608    -3519    -3414    -3350 
   -3291    -3219    -3184    -3198    -3199    -3176    -3163    -3167 
   -3210    -3264    -3249    -3225    -3295    -3388    -3396    -3315 
   -3192    -3084    -3029    -3011    -2999    -2971    -2963    -3014 
   -3082    -3121    -3132    -3094    -3022    -2982    -2960    -2938 
   -2941    -2940    -2895    -2872    -2896    -2903    -2879    -2835 
   -2751    -2686    -2718    -2813    -2891    -2907    -2843    -2751 
   -2716    -2740    -2762    -2752    -2755    -2759    -2744    -2733 
   -2740    -2763    -2785    -2762    -2700    -2659    -2677    -2733 
   -2774    -2790    -2836    -2905    -2947    -2971    -2994    -3006 
   -2986    -2926    -2856    -2818    -2840    -2882    -2879    -2837 
   -2814    -2844    -2886    -2871    -2830    -2810    -2814    -2857 
   -2890    -2878    -2856    -2824    -2779    -2781    -2844    -2913 
   -2943    -2949    -2957    -2979    -2972    -2910    -2830    -2776 
   -2758    -2755    -2755    -2763    -2759    -2718    -2668    -2639 
   -2640    -2648    -2631    -2636    -2714    -2809    -2844    -2852 
   -2909    -2988    -3036    -3051    -3056    -3079    -3115    -3138 
   -3148    -3153    -3153    -3144    -3105    -3041    -3006    -2984 
   -2920    -2840    -2771    -2729    -2733    -2747    -2745    -2764 
   -2785    -2774    -2763    -2789    -2849    -2909    -2956    -3014 
   -3083    -3153    -3198    -3180    -3126    -3084    -3042    -2979 
   -2940    -2918    -2878    -2849    -2826    -2789    -2766    -2745 
   -2733    -2758    -2802    -2844    -2874    -2891    -2901    -2886 
   -2872    -2895    -2956    -3042    -3121    -3175    -3200    -3213 
   -3254    -3322    -3372    -3391    -3404    -3427    -3431    -3403 
   -3355    -3310    -3275    -3241    -3202    -3149    -3099    -3082 
   -3090    -3090    -3087    -3096    -3086    -3059    -3065    -3117 
   -3180    -3221    -3221    -3213    -3217    -3223    -3245    -3256 
   -3231    -3207    -3192    -3161    -3154    -3160    -3136    -3114 
   -3118    -3134    -3145    -3132    -3126    -3154    -3194    -3229 
   -3249    -3275    -3325    -3372    -3410    -3440    -3445    -3410 
   -3360    -3315    -3292    -3268    -3194    -3092    -3002    -2917 
   -2848    -2818    -2839    -2891    -2936    -2959    -2982    -3032 
   -3090    -3146    -3219    -3299    -3385    -3454    -3473    -3476 
   -3496    -3514    -3497    -3447    -3383    -3291    -3188    -3095 
   -3002    -2914    -2839    -2791    -2792    -2814    -2848    -2909 
   -2979    -3025    -3076    -3169    -3269    -3353    -3419    -3478 
   -3559    -3636    -3677    -3715    -3732    -3708    -3686    -3692 
   -3712    -3736    -3738    -3719    -3697    -3647    -3573    -3518 
   -3458    -3388    -3365    -3372    -3365    -3368    -3412    -3459 
   -3465    -3464    -3459    -3437    -3419    -3407    -3388    -3360 
   -3323    -3283    -3234    -3183    -3130    -3076    -3033    -3015 
   -3037    -3071    -3092    -3100    -3087    -3071    -3060    -3032 
   -2997    -2955    -2925    -2924    -2926    -2944    -3003    -3078 
   -3134    -3175    -3207    -3213    -3184    -3144    -3119    -3107 
   -3073    -3040    -3056    -3082    -3078    -3046    -2986    -2938 
   -2948    -3024    -3130    -3208    -3252    -3264    -3234    -3204 
   -3213    -3244    -3275    -3310    -3335    -3329    -3298    -3241 
   -3200    -3186    -3132    -3036    -2930    -2818    -2725    -2669 
   -2656    -2669    -2673    -2646    -2579    -2509    -2477    -2490 
   -2565    -2678    -2759    -2758    -2663    -2546    -2484    -2469 
   -2466    -2455    -2446    -2438    -2419    -2412    -2415    -2409 
   -2374    -2312    -2255    -2199    -2153    -2130    -2097    -2072 
   -2037    -1982    -1964    -1964    -1960    -1944    -1918    -1915 
   -1911    -1904    -1902    -1867    -1826    -1802    -1798    -1826 
   -1884    -1972    -2045    -2088    -2166    -2227    -2263    -2317 
   -2350    -2382    -2424    -2450    -2457    -2430    -2404    -2380 
   -2340    -2312    -2299    -2286    -2250    -2224    -2245    -2249 
   -2282    -2338    -2312    -2234    -2124    -2004    -1948    -1921 
   -1895    -1869    -1841    -1833    -1815    -1768    -1722    -1686 
   -1676    -1669    -1690    -1769    -1869    -1992    -2107    -2209 
   -2334    -2435    -2519    -2597    -2635    -2675    -2733    -2794 
   -2835    -2821    -2785    -2721    -2644    -2612    -2601    -2584 
   -2554    -2540    -2554    -2532    -2501    -2488    -2467    -2470 
   -2490    -2555    -2698    -2882    -3088    -3280    -3429    -3532 
   -3603    -3688    -3755    -3766    -3761    -3740    -3723    -3686 
   -3619    -3586    -3568    -3544    -3557    -3593    -3665    -3732 
   -3754    -3747    -3697    -3655    -3631    -3577    -3541    -3527 
   -3524    -3528    -3528    -3593    -3696    -3762    -3786    -3750 
   -3681    -3599    -3503    -3434    -3369    -3300    -3252    -3225 
   -3252    -3333    -3465    -3592    -3639    -3666    -3689    -3701 
   -3755    -3809    -3856    -3878    -3811    -3732    -3672    -3624 
   -3643    -3704    -3771    -3812    -3828    -3851    -3840    -3808 
   -3776    -3735    -3704    -3689    -3693    -3711    -3731    -3766 
   -3792    -3807    -3828    -3838    -3879    -3958    -4003    -4014 
   -3991    -3931    -3840    -3738    -3661    -3596    -3526    -3465 
   -3429    -3410    -3362    -3284    -3211    -3134    -3053    -2986 
   -2952    -2960    -2979    -2983    -2979    -2990    -3025    -3048 
   -3071    -3109    -3134    -3149    -3145    -3123    -3109    -3071 
   -3015    -2970    -2926    -2894    -2876    -2890    -2949    -3034 
   -3123    -3187    -3232    -3283    -3302    -3310    -3326    -3329 
   -3338    -3345    -3334    -3327    -3312    -3307    -3323    -3317 
   -3299    -3287    -3273    -3231    -3171    -3138    -3103    -3063 
   -3048    -3041    -3040    -3026    -3010    -3021    -3021    -3029 
   -3067    -3100    -3130    -3160    -3175    -3183    -3194    -3217 
   -3241    -3252    -3253    -3232    -3175    -3100    -3051    -3002 
   -2940    -2911    -2887    -2844    -2849    -2879    -2922    -3005 
   -3078    -3111    -3129    -3160    -3187    -3144    -3068    -3006 
   -2901    -2798    -2745    -2675    -2604    -2578    -2581    -2596 
   -2639    -2705    -2752    -2775    -2806    -2822    -2814    -2795 
   -2785    -2803    -2818    -2841    -2880    -2878    -2848    -2813 
   -2783    -2774    -2771    -2797    -2847    -2895    -2949    -2980 
   -2978    -2959    -2930    -2902    -2859    -2817    -2782    -2727 
   -2675    -2644    -2658    -2721    -2772    -2821    -2906    -2999 
   -3082    -3132    -3150    -3157    -3167    -3213    -3256    -3265 
   -3242    -3186    -3146    -3125    -3098    -3105    -3129    -3159 
   -3173    -3118    -3032    -2938    -2837    -2751    -2685    -2673 
   -2691    -2650    -2579    -2535    -2506    -2496    -2528    -2608 
   -2691    -2772    -2867    -2930    -2980    -3044    -3076    -3084 
   -3090    -3109    -3136    -3136    -3133    -3115    -3064    -2999 
   -2896    -2762    -2619    -2473    -2367    -2308    -2273    -2263 
   -2262    -2282    -2323    -2363    -2421    -2519    -2659    -2803 
   -2905    -2964    -2998    -3032    -3059    -3075    -3118    -3159 
   -3168    -3192    -3240    -3289    -3306    -3267    -3213    -3171 
   -3134    -3107    -3061    -2984    -2915    -2878    -2849    -2820 
   -2798    -2772    -2737    -2721    -2712    -2662    -2583    -2535 
   -2504    -2452    -2412    -2413    -2436    -2484    -2565    -2675 
   -2799    -2909    -2994    -3087    -3180    -3252    -3311    -3345 
   -3338    -3331    -3354    -3392    -3419    -3434    -3469    -3491 
   -3439    -3333    -3208    -3071    -2928    -2785    -2636    -2497 
   -2362    -2224    -2120    -2072    -2049    -2060    -2102    -2126 
   -2139    -2174    -2222    -2281    -2344    -2390    -2430    -2451 
   -2447    -2438    -2415    -2362    -2307    -2274    -2215    -2119 
   -2038    -1964    -1888    -1836    -1798    -1761    -1729    -1711 
   -1717    -1753    -1838    -1927    -1996    -2104    -2230    -2313 
   -2376    -2432    -2489    -2529    -2562    -2609    -2646    -2660 
   -2671    -2659    -2639    -2655    -2659    -2597    -2515    -2447 
   -2381    -2323    -2284    -2249    -2220    -2236    -2292    -2323 
   -2343    -2381    -2393    -2389    -2419    -2444    -2448    -2477 
   -2509    -2520    -2527    -2535    -2536    -2512    -2455    -2411 
   -2398    -2409    -2439    -2473    -2506    -2554    -2629    -2721 
   -2791    -2844    -2907    -2974    -3048    -3141    -3240    -3353 
   -3466    -3559    -3639    -3697    -3724    -3735    -3734    -3712 
   -3680    -3650    -3620    -3557    -3440    -3292    -3127    -2956 
   -2779    -2628    -2521    -2442    -2394    -2376    -2376    -2403 
   -2452    -2525    -2633    -2759    -2878    -2965    -3015    -3029 
   -2998    -2947    -2890    -2824    -2768    -2739    -2721    -2702 
   -2662    -2604    -2539    -2458    -2376    -2300    -2231    -2181 
   -2162    -2189    -2250    -2332    -2444    -2558    -2656    -2767 
   -2876    -2945    -2984    -3034    -3098    -3154    -3199    -3227 
   -3240    -3252    -3265    -3279    -3315    -3369    -3415    -3453 
   -3478    -3503    -3542    -3565    -3558    -3577    -3662    -3767 
   -3850    -3940    -4035    -4097    -4153    -4225    -4266    -4271 
   -4271    -4266    -4220    -4172    -4149    -4114    -4072    -4039 
   -4006    -3986    -3994    -4013    -4035    -4050    -4035    -4016 
   -4021    -4016    -3977    -3919    -3866    -3802    -3730    -3688 
   -3680    -3663    -3615    -3568    -3542    -3534    -3551    -3591 
   -3634    -3670    -3696    -3728    -3797    -3889    -3983    -4068 
   -4110    -4116    -4120    -4107    -4052    -3981    -3944    -3904 
   -3794    -3684    -3628    -3576    -3499    -3443    -3420    -3380 
   -3315    -3260    -3237    -3248    -3265    -3281    -3300    -3323 
   -3358    -3420    -3511    -3612    -3699    -3775    -3821    -3832 
   -3844    -3861    -3858    -3821    -3766    -3713    -3659    -3592 
   -3520    -3461    -3411    -3334    -3223    -3114    -2998    -2874 
   -2762    -2656    -2562    -2515    -2519    -2556    -2597    -2647 
   -2728    -2811    -2898    -3015    -3159    -3321    -3459    -3543 
   -3569    -3522    -3411    -3279    -3152    -3052    -2980    -2925 
   -2875    -2818    -2768    -2720    -2646    -2565    -2498    -2425 
   -2354    -2289    -2249    -2254    -2288    -2309    -2311    -2331 
   -2403    -2478    -2539    -2621    -2721    -2816    -2896    -2964 
   -3030    -3073    -3090    -3092    -3090    -3118    -3179    -3242 
   -3312    -3383    -3430    -3465    -3496    -3530    -3596    -3681 
   -3757    -3798    -3821    -3866    -3915    -3932    -3936    -3950 
   -3954    -3951    -3971    -3993    -4023    -4087    -4129    -4136 
   -4170    -4215    -4261    -4324    -4348    -4336    -4329    -4286 
   -4200    -4125    -4058    -3971    -3861    -3744    -3634    -3511 
   -3403    -3323    -3234    -3168    -3175    -3206    -3241    -3321 
   -3407    -3466    -3524    -3570    -3582    -3581    -3546    -3466 
   -3369    -3264    -3145    -3034    -2949    -2884    -2832    -2781 
   -2732    -2683    -2650    -2631    -2605    -2592    -2596    -2589 
   -2593    -2631    -2697    -2791    -2894    -2999    -3113    -3208 
   -3284    -3362    -3449    -3516    -3543    -3572    -3618    -3630 
   -3595    -3542    -3510    -3495    -3469    -3466    -3511    -3576 
   -3650    -3723    -3788    -3847    -3865    -3848    -3851    -3883 
   -3925    -3974    -4020    -4047    -4044    -4036    -4033    -4028 
   -4044    -4085    -4136    -4199    -4255    -4313    -4376    -4415 
   -4453    -4517    -4592    -4684    -4810    -4962    -5119    -5251 
   -5333    -5359    -5360    -5364    -5374    -5367    -5335    -5296 
   -5239    -5148    -5047    -4954    -4851    -4745    -4657    -4576 
   -4487    -4406    -4360    -4342    -4291    -4207    -4166    -4158 
   -4136    -4136    -4197    -4280    -4326    -4317    -4284    -4260 
   -4228    -4186    -4171    -4176    -4159    -4109    -4047    -3977 
   -3912    -3842    -3748    -3655    -3568    -3469    -3379    -3306 
   -3262    -3237    -3168    -3075    -3011    -2965    -2937    -2964 
   -3030    -3105    -3171    -3221    -3241    -3242    -3254    -3283 
   -3289    -3271    -3269    -3283    -3271    -3241    -3210    -3177 
   -3142    -3088    -3025    -2999    -3013    -3041    -3092    -3153 
   -3210    -3271    -3314    -3333    -3350    -3361    -3381    -3412 
   -3437    -3465    -3474    -3439    -3411    -3419    -3426    -3440 
   -3504    -3578    -3609    -3658    -3757    -3847    -3916    -3971 
   -4021    -4095    -4162    -4210    -4266    -4315    -4347    -4360 
   -4372    -4391    -4401    -4415    -4442    -4441    -4386    -4286 
   -4149    -3993    -3819    -3634    -3447    -3280    -3145    -3009 
   -2890    -2825    -2792    -2785    -2817    -2876    -2940    -2979 
   -3011    -3064    -3088    -3076    -3065    -3048    -3006    -2951 
   -2909    -2882    -2844    -2816    -2805    -2785    -2751    -2698 
   -2644    -2608    -2577    -2552    -2524    -2461    -2388    -2322 
   -2263    -2246    -2265    -2300    -2351    -2405    -2425    -2419 
   -2419    -2411    -2396    -2411    -2457    -2539    -2647    -2739 
   -2826    -2914    -2980    -3046    -3117    -3176    -3229    -3279 
   -3331    -3369    -3376    -3354    -3306    -3256    -3204    -3144 
   -3119    -3141    -3169    -3206    -3258    -3314    -3339    -3327 
   -3312    -3307    -3298    -3276    -3245    -3210    -3173    -3142 
   -3137    -3145    -3154    -3179    -3208    -3221    -3223    -3229 
   -3229    -3203    -3161    -3127    -3100    -3067    -3034    -3024 
   -3022    -3010    -2990    -2959    -2925    -2896    -2863    -2849 
   -2856    -2851    -2833    -2806    -2766    -2733    -2714    -2709 
   -2725    -2756    -2799    -2868    -2949    -3032    -3109    -3176 
   -3244    -3304    -3358    -3433    -3522    -3600    -3667    -3709 
   -3703    -3667    -3608    -3530    -3497    -3530    -3577    -3623 
   -3662    -3677    -3681    -3680    -3678    -3672    -3649    -3631 
   -3592    -3492    -3392    -3348    -3319    -3258    -3196    -3192 
   -3213    -3208    -3188    -3192    -3213    -3207    -3150    -3067 
   -2991    -2952    -2945    -2945    -2952    -2961    -2951    -2943 
   -2956    -2972    -3001    -3029    -3021    -2980    -2932    -2887 
   -2836    -2772    -2727    -2702    -2697    -2729    -2774    -2811 
   -2836    -2814    -2747    -2662    -2567    -2481    -2413    -2362 
   -2349    -2385    -2439    -2465    -2474    -2505    -2544    -2577 
   -2624    -2683    -2721    -2736    -2755    -2770    -2749    -2698 
   -2640    -2574    -2515    -2501    -2524    -2551    -2565    -2554 
   -2532    -2531    -2539    -2532    -2504    -2455    -2389    -2334 
   -2300    -2274    -2250    -2263    -2309    -2334    -2331    -2307 
   -2251    -2184    -2128    -2095    -2100    -2124    -2154    -2199 
   -2253    -2309    -2362    -2405    -2436    -2454    -2470    -2501 
   -2548    -2609    -2683    -2751    -2799    -2825    -2809    -2743 
   -2658    -2587    -2533    -2501    -2482    -2463    -2457    -2455 
   -2436    -2398    -2361    -2336    -2334    -2338    -2340    -2317 
   -2270    -2215    -2163    -2106    -2034    -1954    -1903    -1910 
   -1946    -1975    -2000    -2027    -2038    -2045    -2069    -2091 
   -2116    -2166    -2212    -2231    -2254    -2304    -2350    -2370 
   -2384    -2408    -2459    -2538    -2619    -2698    -2774    -2835 
   -2868    -2887    -2886    -2847    -2785    -2717    -2655    -2617 
   -2596    -2586    -2602    -2631    -2658    -2691    -2747    -2833 
   -2917    -2961    -2991    -3026    -3026    -2986    -2940    -2901 
   -2867    -2833    -2798    -2776    -2792    -2832    -2871    -2911 
   -2933    -2905    -2833    -2728    -2592    -2451    -2311    -2161 
   -2023    -1914    -1811    -1707    -1613    -1541    -1494    -1453 
   -1401    -1348    -1314    -1287    -1255    -1202    -1156    -1139 
   -1115    -1065    -1031    -1019    -1016    -1030    -1089    -1188 
   -1302    -1431    -1574    -1717    -1848    -1956    -2050    -2137 
   -2215    -2288    -2344    -2396    -2457    -2525    -2606    -2690 
   -2752    -2790    -2801    -2775    -2743    -2717    -2678    -2610 
   -2520    -2427    -2340    -2274    -2246    -2238    -2247    -2284 
   -2311    -2303    -2288    -2285    -2270    -2234    -2201    -2170 
   -2119    -2057    -1989    -1910    -1829    -1759    -1719    -1710 
   -1719    -1746    -1800    -1872    -1926    -1966    -2010    -2053 
   -2116    -2208    -2315    -2442    -2563    -2646    -2704    -2751 
   -2795    -2843    -2898    -2970    -3029    -3051    -3053    -3033 
   -2986    -2952    -2944    -2949    -2978    -3030    -3087    -3122 
   -3133    -3138    -3160    -3196    -3230    -3258    -3289    -3312 
   -3310    -3267    -3200    -3141    -3098    -3069    -3045    -3017 
   -2991    -2957    -2895    -2814    -2731    -2660    -2610    -2589 
   -2590    -2605    -2643    -2704    -2764    -2813    -2856    -2902 
   -2957    -3017    -3087    -3156    -3208    -3242    -3250    -3238 
   -3213    -3157    -3075    -2982    -2889    -2802    -2720    -2627 
   -2532    -2450    -2384    -2323    -2258    -2184    -2116    -2089 
   -2097    -2111    -2150    -2226    -2276    -2288    -2305    -2342 
   -2398    -2471    -2532    -2550    -2523    -2470    -2428    -2417 
   -2409    -2381    -2328    -2241    -2118    -1987    -1884    -1841 
   -1852    -1894    -1948    -1993    -2027    -2061    -2081    -2101 
   -2141    -2196    -2280    -2381    -2481    -2565    -2621    -2663 
   -2700    -2740    -2785    -2821    -2870    -2903    -2880    -2847 
   -2830    -2774    -2675    -2612    -2583    -2527    -2461    -2412 
   -2378    -2361    -2346    -2323    -2307    -2262    -2177    -2083 
   -2008    -1960    -1944    -1949    -1948    -1926    -1898    -1883 
   -1895    -1917    -1929    -1961    -2007    -2014    -1991    -1965 
   -1930    -1888    -1849    -1818    -1810    -1811    -1792    -1777 
   -1776    -1777    -1802    -1844    -1894    -1961    -2034    -2104 
   -2173    -2246    -2315    -2377    -2434    -2481    -2529    -2583 
   -2633    -2675    -2717    -2756    -2774    -2762    -2739    -2716 
   -2700    -2710    -2749    -2810    -2880    -2934    -2978    -3026 
   -3076    -3149    -3223    -3264    -3315    -3369    -3380    -3377 
   -3397    -3410    -3412    -3434    -3462    -3476    -3476    -3464 
   -3446    -3430    -3427    -3442    -3443    -3424    -3414    -3399 
   -3377    -3376    -3393    -3427    -3462    -3473    -3477    -3487 
   -3499    -3526    -3543    -3528    -3504    -3469    -3420    -3391 
   -3384    -3384    -3402    -3440    -3488    -3551    -3627    -3697 
   -3757    -3797    -3815    -3825    -3844    -3880    -3924    -3958 
   -3990    -4043    -4088    -4106    -4110    -4125    -4144    -4140 
   -4122    -4124    -4149    -4180    -4205    -4232    -4279    -4338 
   -4403    -4488    -4594    -4689    -4748    -4777    -4773    -4738 
   -4696    -4646    -4567    -4469    -4383    -4298    -4190    -4077 
   -3991    -3916    -3839    -3796    -3782    -3767    -3738    -3703 
   -3681    -3661    -3628    -3607    -3600    -3597    -3596    -3597 
   -3611    -3638    -3659    -3665    -3650    -3640    -3638    -3623 
   -3604    -3578    -3535    -3488    -3433    -3366    -3296    -3231 
   -3180    -3129    -3075    -3033    -2998    -2960    -2922    -2866 
   -2789    -2718    -2677    -2659    -2658    -2675    -2701    -2717 
   -2731    -2739    -2739    -2740    -2751    -2772    -2805    -2840 
   -2872    -2907    -2955    -3006    -3044    -3090    -3153    -3206 
   -3252    -3300    -3335    -3352    -3368    -3388    -3402    -3388 
   -3350    -3295    -3242    -3207    -3180    -3157    -3142    -3142 
   -3161    -3173    -3176    -3192    -3222    -3265    -3312    -3349 
   -3399    -3451    -3462    -3446    -3437    -3416    -3375    -3335 
   -3303    -3272    -3268    -3298    -3335    -3369    -3403    -3414 
   -3418    -3433    -3450    -3461    -3465    -3465    -3451    -3439 
   -3442    -3453    -3458    -3462    -3472    -3484    -3508    -3563 
   -3609    -3615    -3620    -3632    -3615    -3588    -3585    -3592 
   -3586    -3585    -3593    -3599    -3592    -3586    -3608    -3647 
   -3694    -3748    -3788    -3824    -3871    -3899    -3904    -3909 
   -3913    -3905    -3898    -3901    -3904    -3898    -3880    -3858 
   -3838    -3828    -3836    -3859    -3888    -3916    -3943    -3970 
   -4000    -4020    -4035    -4051    -4039    -3997    -3944    -3897 
   -3846    -3793    -3755    -3727    -3685    -3646    -3638    -3651 
   -3666    -3692    -3735    -3782    -3836    -3897    -3956    -4017 
   -4082    -4140    -4187    -4233    -4293    -4357    -4428    -4529 
   -4631    -4689    -4738    -4780    -4768    -4722    -4696    -4675 
   -4641    -4606    -4561    -4504    -4456    -4429    -4422    -4422 
   -4417    -4415    -4415    -4407    -4390    -4368    -4321    -4245 
   -4159    -4068    -3994    -3942    -3905    -3873    -3823    -3757 
   -3701    -3669    -3661    -3655    -3642    -3642    -3647    -3624 
   -3599    -3592    -3576    -3562    -3584    -3623    -3659    -3696 
   -3726    -3734    -3719    -3681    -3642    -3613    -3586    -3549 
   -3504    -3457    -3384    -3284    -3222    -3194    -3146    -3103 
   -3109    -3109    -3064    -3009    -2974    -2930    -2872    -2811 
   -2749    -2706    -2688    -2682    -2664    -2636    -2610    -2577 
   -2529    -2493    -2481    -2500    -2544    -2589    -2623    -2646 
   -2656    -2652    -2654    -2678    -2717    -2766    -2829    -2896 
   -2944    -2974    -3001    -3006    -2994    -2978    -2967    -2979 
   -2997    -3009    -3017    -3003    -2974    -2940    -2902    -2879 
   -2875    -2871    -2866    -2860    -2853    -2836    -2811    -2792 
   -2774    -2755    -2745    -2752    -2768    -2772    -2763    -2764 
   -2785    -2808    -2841    -2894    -2941    -2967    -2980    -2978 
   -2951    -2915    -2898    -2894    -2898    -2915    -2924    -2905 
   -2874    -2840    -2805    -2767    -2751    -2751    -2740    -2729 
   -2721    -2708    -2690    -2668    -2636    -2629    -2636    -2650 
   -2669    -2683    -2687    -2708    -2735    -2755    -2783    -2826 
   -2875    -2930    -2988    -3044    -3096    -3133    -3167    -3211 
   -3244    -3248    -3244    -3244    -3237    -3217    -3191    -3171 
   -3149    -3122    -3078    -3013    -2953    -2915    -2879    -2833 
   -2787    -2745    -2710    -2675    -2627    -2578    -2543    -2515 
   -2485    -2461    -2450    -2450    -2461    -2481    -2500    -2513 
   -2524    -2528    -2528    -2531    -2540    -2556    -2584    -2623 
   -2658    -2687    -2716    -2732    -2732    -2736    -2755    -2774 
   -2782    -2797    -2816    -2816    -2790    -2756    -2733    -2731 
   -2740    -2743    -2739    -2732    -2721    -2701    -2682    -2690 
   -2714    -2727    -2737    -2759    -2787    -2820    -2839    -2844 
   -2857    -2872    -2870    -2844    -2817    -2799    -2779    -2740 
   -2697    -2651    -2616    -2594    -2567    -2533    -2509    -2500 
   -2490    -2488    -2502    -2527    -2552    -2565    -2559    -2552 
   -2554    -2550    -2548    -2555    -2556    -2552    -2548    -2538 
   -2513    -2485    -2469    -2469    -2492    -2536    -2584    -2636 
   -2704    -2778    -2851    -2910    -2948    -2983    -3033    -3078 
   -3095    -3114    -3138    -3126    -3092    -3063    -3038    -3025 
   -3022    -3011    -2988    -2961    -2933    -2898    -2868    -2853 
   -2832    -2806    -2798    -2798    -2797    -2806    -2825    -2843 
   -2839    -2813    -2779    -2739    -2706    -2681    -2644    -2601 
   -2560    -2513    -2467    -2436    -2420    -2415    -2421    -2442 
   -2473    -2511    -2543    -2569    -2593    -2614    -2647    -2687 
   -2727    -2786    -2852    -2899    -2928    -2945    -2961    -2976 
   -2975    -2965    -2961    -2961    -2971    -2990    -3014    -3040 
   -3056    -3067    -3096    -3144    -3199    -3257    -3308    -3353 
   -3387    -3396    -3395    -3393    -3385    -3369    -3350    -3339 
   -3331    -3310    -3277    -3231    -3171    -3126    -3107    -3080 
   -3046    -3024    -2992    -2952    -2917    -2894    -2871    -2840 
   -2824    -2830    -2844    -2874    -2910    -2937    -2960    -2986 
   -3003    -3026    -3071    -3121    -3156    -3183    -3200    -3207 
   -3225    -3257    -3277    -3280    -3279    -3284    -3296    -3308 
   -3327    -3346    -3350    -3349    -3346    -3343    -3350    -3362 
   -3369    -3387    -3419    -3440    -3440    -3446    -3466    -3474 
   -3464    -3449    -3437    -3422    -3396    -3360    -3326    -3304 
   -3295    -3294    -3287    -3267    -3253    -3249    -3235    -3218 
   -3221    -3244    -3262    -3271    -3269    -3241    -3210    -3207 
   -3211    -3206    -3188    -3168    -3165    -3172    -3175    -3183 
   -3180    -3142    -3094    -3063    -3040    -3029    -3033    -3024 
   -2988    -2951    -2925    -2895    -2859    -2833    -2824    -2824 
   -2818    -2817    -2814    -2802    -2782    -2752    -2718    -2701 
   -2697    -2705    -2710    -2705    -2698    -2708    -2717    -2716 
   -2721    -2740    -2764    -2798    -2820    -2820    -2817    -2830 
   -2841    -2836    -2836    -2857    -2879    -2887    -2903    -2938 
   -2978    -3017    -3061    -3100    -3127    -3146    -3145    -3122 
   -3107    -3107    -3090    -3052    -3022    -2986    -2940    -2903 
   -2872    -2851    -2849    -2853    -2849    -2840    -2828    -2836 
   -2860    -2891    -2925    -2955    -2974    -2988    -2994    -3001 
   -3025    -3067    -3130    -3208    -3265    -3303    -3348    -3372 
   -3360    -3345    -3341    -3354    -3384    -3410    -3438    -3470 
   -3489    -3499    -3508    -3526    -3550    -3568    -3584    -3611 
   -3634    -3651    -3669    -3682    -3699    -3724    -3747    -3763 
   -3784    -3796    -3797    -3790    -3778    -3771    -3771    -3763 
   -3761    -3769    -3771    -3765    -3748    -3727    -3727    -3728 
   -3717    -3721    -3734    -3738    -3743    -3734    -3715    -3703 
   -3696    -3696    -3700    -3700    -3717    -3735    -3724    -3703 
   -3681    -3645    -3593    -3541    -3492    -3461    -3434    -3407 
   -3388    -3388    -3396    -3410    -3426    -3442    -3449    -3440 
   -3427    -3414    -3400    -3388    -3380    -3377    -3387    -3393 
   -3392    -3400    -3415    -3426    -3424    -3410    -3392    -3383 
   -3365    -3333    -3302    -3289    -3289    -3289    -3296    -3314 
   -3343    -3385    -3433    -3474    -3503    -3514    -3511    -3500 
   -3480    -3454    -3429    -3392    -3346    -3296    -3238    -3177 
   -3123    -3080    -3044    -3005    -2965    -2926    -2880    -2833 
   -2787    -2740    -2702    -2682    -2682    -2690    -2701    -2713 
   -2724    -2740    -2759    -2774    -2779    -2768    -2751    -2724 
   -2679    -2633    -2606    -2596    -2587    -2567    -2544    -2539 
   -2552    -2565    -2571    -2590    -2616    -2619    -2606    -2609 
   -2631    -2666    -2702    -2720    -2731    -2747    -2756    -2755 
   -2749    -2752    -2764    -2774    -2775    -2775    -2764    -2740 
   -2721    -2716    -2717    -2718    -2721    -2721    -2716    -2704 
   -2691    -2688    -2683    -2679    -2677    -2662    -2644    -2635 
   -2612    -2584    -2565    -2555    -2546    -2524    -2500    -2497 
   -2511    -2535    -2565    -2589    -2617    -2648    -2668    -2677 
   -2690    -2714    -2743    -2781    -2830    -2868    -2894    -2925 
   -2960    -2980    -2994    -3024    -3071    -3109    -3136    -3156 
   -3172    -3194    -3203    -3190    -3180    -3177    -3175    -3168 
   -3159    -3152    -3132    -3096    -3060    -3022    -2986    -2961 
   -2944    -2914    -2875    -2844    -2826    -2808    -2782    -2754 
   -2732    -2724    -2724    -2724    -2736    -2763    -2786    -2798 
   -2818    -2841    -2857    -2863    -2859    -2862    -2884    -2910 
   -2922    -2925    -2921    -2918    -2921    -2924    -2928    -2940 
   -2952    -2955    -2955    -2948    -2925    -2889    -2855    -2818 
   -2774    -2744    -2736    -2739    -2743    -2756    -2774    -2779 
   -2772    -2766    -2764    -2767    -2779    -2803    -2822    -2832 
   -2837    -2832    -2821    -2810    -2792    -2772    -2759    -2755 
   -2756    -2771    -2779    -2775    -2779    -2785    -2767    -2735 
   -2717    -2716    -2721    -2732    -2752    -2785    -2795    -2775 
   -2747    -2725    -2720    -2727    -2718    -2698    -2682    -2668 
   -2667    -2669    -2667    -2677    -2698    -2714    -2713    -2714 
   -2729    -2758    -2787    -2813    -2839    -2863    -2876    -2875 
   -2863    -2843    -2820    -2802    -2790    -2781    -2770    -2754 
   -2740    -2735    -2714    -2677    -2644    -2643    -2671    -2701 
   -2720    -2744    -2778    -2802    -2817    -2839    -2867    -2895 
   -2922    -2943    -2964    -2990    -3005    -3006    -3006    -3002 
   -2988    -2970    -2947    -2929    -2909    -2872    -2822    -2778 
   -2739    -2688    -2633    -2600    -2587    -2581    -2569    -2550 
   -2540    -2538    -2527    -2511    -2497    -2497    -2509    -2506 
   -2488    -2473    -2461    -2446    -2423    -2397    -2380    -2389 
   -2423    -2455    -2482    -2500    -2492    -2485    -2485    -2490 
   -2505    -2516    -2524    -2538    -2540    -2540    -2563    -2605 
   -2655    -2697    -2731    -2766    -2792    -2802    -2806    -2820 
   -2844    -2874    -2899    -2924    -2955    -2995    -3042    -3092 
   -3150    -3207    -3257    -3303    -3342    -3380    -3427    -3476 
   -3520    -3559    -3592    -3615    -3630    -3645    -3662    -3673 
   -3685    -3704    -3713    -3703    -3686    -3674    -3667    -3666 
   -3663    -3653    -3647    -3655    -3661    -3661    -3663    -3667 
   -3676    -3694    -3719    -3754    -3796    -3838    -3874    -3901 
   -3923    -3935    -3931    -3920    -3916    -3906    -3882    -3867 
   -3858    -3842    -3821    -3801    -3786    -3782    -3773    -3757 
   -3742    -3727    -3713    -3701    -3692    -3676    -3653    -3638 
   -3632    -3634    -3643    -3658    -3676    -3682    -3681    -3680 
   -3676    -3678    -3690    -3693    -3684    -3686    -3701    -3708 
   -3709    -3723    -3740    -3757    -3771    -3771    -3771    -3782 
   -3794    -3789    -3762    -3743    -3730    -3692    -3649    -3624 
   -3603    -3586    -3580    -3572    -3555    -3535    -3519    -3507 
   -3492    -3489    -3495    -3497    -3483    -3469    -3481    -3507 
   -3524    -3539    -3557    -3570    -3582    -3593    -3600    -3596 
   -3586    -3592    -3599    -3591    -3576    -3562    -3543    -3515 
   -3500    -3503    -3492    -3468    -3450    -3435    -3429    -3429 
   -3422    -3422    -3429    -3426    -3427    -3437    -3450    -3465 
   -3469    -3465    -3465    -3468    -3473    -3484    -3488    -3478 
   -3472    -3470    -3459    -3430    -3396    -3365    -3331    -3294 
   -3262    -3237    -3211    -3180    -3148    -3125    -3107    -3076 
   -3024    -2967    -2922    -2891    -2856    -2809    -2759    -2728 
   -2697    -2664    -2639    -2623    -2617    -2608    -2571    -2536 
   -2539    -2554    -2546    -2540    -2554    -2570    -2575    -2569 
   -2556    -2558    -2578    -2592    -2593    -2598    -2623    -2656 
   -2677    -2682    -2679    -2669    -2655    -2635    -2627    -2635 
   -2646    -2652    -2662    -2677    -2688    -2695    -2700    -2705 
   -2721    -2740    -2736    -2716    -2704    -2694    -2674    -2647 
   -2633    -2640    -2643    -2631    -2620    -2620    -2628    -2627 
   -2610    -2606    -2624    -2646    -2674    -2706    -2721    -2713 
   -2700    -2701    -2720    -2745    -2763    -2770    -2763    -2748 
   -2728    -2705    -2679    -2666    -2664    -2655    -2633    -2612 
   -2601    -2596    -2587    -2587    -2605    -2621    -2619    -2613 
   -2610    -2620    -2652    -2682    -2694    -2704    -2713    -2718 
   -2713    -2698    -2695    -2697    -2687    -2679    -2674    -2663 
   -2658    -2652    -2650    -2660    -2664    -2663    -2671    -2674 
   -2667    -2663    -2662    -2648    -2616    -2589    -2578    -2578 
   -2579    -2579    -2577    -2560    -2536    -2517    -2506    -2508 
   -2513    -2509    -2500    -2490    -2490    -2502    -2512    -2516 
   -2524    -2539    -2556    -2567    -2583    -2610    -2627    -2627 
   -2621    -2623    -2641    -2660    -2666    -2671    -2683    -2681 
   -2662    -2640    -2620    -2600    -2574    -2539    -2498    -2455 
   -2416    -2376    -2330    -2288    -2257    -2226    -2201    -2189 
   -2182    -2178    -2195    -2223    -2241    -2257    -2285    -2313 
   -2334    -2355    -2386    -2415    -2431    -2438    -2444    -2455 
   -2466    -2471    -2474    -2474    -2467    -2454    -2448    -2444 
   -2435    -2424    -2412    -2403    -2404    -2420    -2446    -2452 
   -2444    -2447    -2461    -2474    -2494    -2519    -2542    -2569 
   -2590    -2606    -2621    -2636    -2662    -2686    -2701    -2717 
   -2737    -2759    -2791    -2813    -2820    -2844    -2882    -2906 
   -2920    -2941    -2971    -2998    -3019    -3041    -3061    -3075 
   -3071    -3060    -3053    -3057    -3065    -3073    -3076    -3073 
   -3082    -3113    -3146    -3167    -3186    -3208    -3219    -3213 
   -3202    -3192    -3180    -3160    -3136    -3125    -3132    -3141 
   -3137    -3132    -3141    -3165    -3191    -3206    -3211    -3211 
   -3200    -3198    -3202    -3194    -3180    -3169    -3159    -3149 
   -3141    -3140    -3152    -3152    -3134    -3125    -3121    -3117 
   -3122    -3121    -3118    -3127    -3137    -3144    -3150    -3160 
   -3180    -3215    -3246    -3276    -3311    -3343    -3364    -3369 
   -3373    -3395    -3423    -3434    -3433    -3439    -3457    -3472 
   -3465    -3451    -3453    -3458    -3451    -3435    -3424    -3429 
   -3423    -3397    -3365    -3348    -3345    -3342    -3335    -3338 
   -3349    -3364    -3384    -3393    -3391    -3397    -3424    -3453 
   -3472    -3492    -3518    -3535    -3554    -3573    -3591    -3604 
   -3603    -3586    -3572    -3569    -3572    -3559    -3544    -3537 
   -3520    -3500    -3483    -3461    -3437    -3418    -3403    -3395 
   -3383    -3369    -3366    -3366    -3369    -3376    -3380    -3387 
   -3395    -3403    -3415    -3423    -3427    -3429    -3433    -3439 
   -3446    -3449    -3442    -3437    -3434    -3434    -3451    -3474 
   -3483    -3488    -3489    -3491    -3501    -3514    -3528    -3547 
   -3562    -3584    -3612    -3623    -3630    -3653    -3673    -3684 
   -3712    -3746    -3766    -3786    -3805    -3817    -3831    -3839 
   -3844    -3854    -3856    -3851    -3850    -3852    -3852    -3855 
   -3859    -3844    -3819    -3809    -3800    -3786    -3786    -3782 
   -3765    -3751    -3743    -3736    -3727    -3713    -3707    -3704 
   -3693    -3681    -3677    -3674    -3669    -3651    -3630    -3624 
   -3630    -3622    -3605    -3593    -3580    -3565    -3542    -3507 
   -3485    -3480    -3468    -3449    -3438    -3437    -3430    -3414 
   -3396    -3384    -3376    -3360    -3330    -3306    -3299    -3291 
   -3272    -3253    -3248    -3250    -3244    -3232    -3231    -3231 
   -3226    -3211    -3194    -3192    -3200    -3198    -3192    -3188 
   -3186    -3176    -3163    -3144    -3127    -3130    -3138    -3132 
   -3122    -3113    -3095    -3080    -3073    -3076    -3082    -3078 
   -3076    -3080    -3086    -3090    -3092    -3090    -3092    -3092 
   -3084    -3076    -3084    -3092    -3090    -3087    -3088    -3087 
   -3094    -3105    -3109    -3106    -3102    -3102    -3100    -3095 
   -3082    -3071    -3061    -3042    -3026    -3021    -3021    -3017 
   -2999    -2974    -2961    -2949    -2921    -2889    -2871    -2862 
   -2855    -2844    -2828    -2811    -2803    -2791    -2779    -2770 
   -2762    -2758    -2748    -2725    -2710    -2721    -2736    -2735 
   -2725    -2728    -2747    -2771    -2782    -2785    -2787    -2787 
   -2782    -2770    -2763    -2767    -2775    -2778    -2778    -2781 
   -2790    -2801    -2803    -2801    -2806    -2813    -2805    -2785 
   -2771    -2762    -2751    -2743    -2740    -2751    -2759    -2754 
   -2744    -2749    -2762    -2767    -2767    -2766    -2764    -2762 
   -2764    -2771    -2778    -2783    -2783    -2781    -2778    -2770 
   -2766    -2775    -2783    -2786    -2795    -2808    -2820    -2835 
   -2844    -2848    -2848    -2839    -2821    -2813    -2813    -2820 
   -2828    -2835    -2839    -2844    -2841    -2832    -2824    -2825 
   -2836    -2841    -2839    -2849    -2871    -2874    -2855    -2826 
   -2811    -2818    -2821    -2816    -2828    -2849    -2860    -2866 
   -2870    -2871    -2880    -2891    -2887    -2878    -2889    -2903 
   -2895    -2882    -2879    -2874    -2870    -2875    -2879    -2882 
   -2887    -2890    -2894    -2906    -2924    -2940    -2956    -2978 
   -3003    -3022    -3037    -3045    -3051    -3061    -3071    -3069 
   -3061    -3059    -3059    -3053    -3052    -3059    -3057    -3052 
   -3045    -3034    -3024    -3011    -3011    -3024    -3029    -3024 
   -3026    -3040    -3057    -3075    -3088    -3102    -3117    -3127 
   -3129    -3125    -3125    -3122    -3115    -3111    -3103    -3082 
   -3057    -3034    -3017    -3001    -2990    -2992    -3003    -3011 
   -3011    -3003    -3001    -3019    -3036    -3040    -3049    -3063 
   -3073    -3084    -3095    -3107    -3121    -3126    -3114    -3098 
   -3088    -3073    -3051    -3028    -3014    -3009    -2991    -2963 
   -2943    -2932    -2924    -2922    -2917    -2909    -2909    -2905 
   -2898    -2899    -2911    -2929    -2941    -2944    -2944    -2941 
   -2934    -2920    -2902    -2889    -2867    -2837    -2817    -2802 
   -2789    -2767    -2749    -2752    -2751    -2751    -2756    -2754 
   -2751    -2758    -2764    -2775    -2790    -2801    -2820    -2847 
   -2872    -2899    -2929    -2952    -2970    -2984    -2990    -2992 
   -2999    -3002    -3005    -3006    -3006    -3018    -3032    -3034 
   -3044    -3064    -3079    -3086    -3095    -3111    -3119    -3117 
   -3114    -3113    -3117    -3129    -3136    -3137    -3146    -3153 
   -3141    -3127    -3122    -3117    -3106    -3092    -3080    -3069 
   -3059    -3051    -3042    -3032    -3026    -3021    -3018    -3028 
   -3037    -3040    -3045    -3048    -3037    -3034    -3034    -3029 
   -3026    -3022    -3014    -3011    -3007    -2994    -2974    -2951 
   -2933    -2925    -2920    -2920    -2926    -2913    -2882    -2882 
   -2906    -2914    -2903    -2910    -2918    -2915    -2951    -2992 
   -2976    -2978    -3028    -3044    -3028    -3056    -3121    -3153 
   -3153    -3187    -3217    -3191    -3194    -3213    -3172    -3169 
   -3194    -3156    -3145    -3167    -3141    -3115    -3125    -3119 
   -3094    -3087    -3088    -3075    -3073    -3071    -3042    -3025 
   -3029    -3028    -3033    -3053    -3063    -3063    -3069    -3071 
   -3084    -3082    -3026    -2983    -2995    -3014    -3024    -3017 
   -2974    -2917    -2867    -2825    -2817    -2839    -2853    -2859 
   -2852    -2832    -2811    -2782    -2735    -2705    -2708    -2724 
   -2747    -2779    -2803    -2802    -2782    -2763    -2754    -2751 
   -2755    -2754    -2749    -2763    -2774    -2767    -2762    -2772 
   -2797    -2830    -2863    -2894    -2922    -2933    -2928    -2922 
   -2932    -2943    -2938    -2937    -2955    -2980    -2991    -2983 
   -2963    -2932    -2898    -2867    -2841    -2833    -2841    -2860 
   -2880    -2878    -2863    -2841    -2803    -2785    -2792    -2810 
   -2844    -2891    -2921    -2917    -2891    -2871    -2860    -2848 
   -2840    -2848    -2867    -2874    -2863    -2848    -2844    -2848 
   -2844    -2833    -2825    -2822    -2816    -2814    -2818    -2836 
   -2860    -2863    -2856    -2855    -2855    -2849    -2835    -2826 
   -2830    -2829    -2824    -2824    -2822    -2826    -2828    -2820 
   -2818    -2829    -2835    -2826    -2816    -2809    -2801    -2789 
   -2778    -2771    -2771    -2779    -2781    -2779    -2781    -2779 
   -2774    -2774    -2781    -2795    -2816    -2837    -2860    -2879 
   -2895    -2910    -2925    -2947    -2972    -3001    -3036    -3065 
   -3076    -3079    -3090    -3103    -3102    -3098    -3111    -3121 
   -3117    -3109    -3098    -3094    -3094    -3082    -3061    -3061 
   -3071    -3060    -3040    -3028    -3019    -3010    -2998    -2983 
   -2976    -2986    -2994    -2994    -2995    -3006    -3007    -2995 
   -2984    -2983    -2982    -2971    -2959    -2959    -2967    -2974 
   -2976    -2978    -2980    -2982    -2978    -2974    -2971    -2976 
   -2983    -2986    -2994    -3001    -3009    -3018    -3030    -3048 
   -3064    -3069    -3084    -3114    -3140    -3156    -3179    -3208 
   -3229    -3237    -3252    -3276    -3296    -3306    -3322    -3346 
   -3361    -3369    -3379    -3393    -3412    -3420    -3423    -3447 
   -3469    -3477    -3492    -3511    -3527    -3542    -3541    -3526 
   -3523    -3530    -3534    -3527    -3524    -3530    -3532    -3532 
   -3535    -3539    -3539    -3530    -3519    -3514    -3519    -3518 
   -3515    -3511    -3508    -3510    -3510    -3504    -3515    -3530 
   -3530    -3522    -3524    -3532    -3541    -3546    -3551    -3558 
   -3553    -3542    -3551    -3568    -3573    -3578    -3593    -3605 
   -3615    -3627    -3630    -3626    -3623    -3624    -3622    -3618 
   -3623    -3628    -3623    -3619    -3619    -3615    -3604    -3599 
   -3604    -3608    -3612    -3613    -3618    -3632    -3646    -3646 
   -3646    -3655    -3669    -3673    -3670    -3673    -3682    -3682 
   -3673    -3663    -3658    -3658    -3655    -3642    -3634    -3636 
   -3631    -3615    -3607    -3601    -3592    -3584    -3580    -3578 
   -3577    -3577    -3573    -3562    -3557    -3555    -3544    -3530 
   -3519    -3514    -3510    -3508    -3504    -3497    -3485    -3477 
   -3476    -3468    -3446    -3437    -3442    -3431    -3419    -3427 
   -3434    -3426    -3423    -3429    -3430    -3434    -3434    -3419 
   -3400    -3396    -3392    -3365    -3335    -3325    -3315    -3295 
   -3277    -3276    -3289    -3288    -3261    -3244    -3240    -3225 
   -3207    -3198    -3184    -3163    -3136    -3106    -3080    -3059 
   -3042    -3036    -3029    -3011    -2998    -2994    -2986    -2964 
   -2936    -2918    -2901    -2879    -2860    -2847    -2841    -2830 
   -2817    -2814    -2806    -2790    -2783    -2776    -2759    -2749 
   -2751    -2748    -2728    -2706    -2705    -2704    -2682    -2674 
   -2685    -2682    -2669    -2669    -2681    -2698    -2712    -2712 
   -2716    -2740    -2771    -2789    -2802    -2818    -2835    -2841 
   -2849    -2867    -2886    -2901    -2913    -2921    -2940    -2970 
   -2982    -2983    -2984    -2982    -2978    -2974    -2970    -2967 
   -2961    -2952    -2944    -2930    -2917    -2907    -2891    -2872 
   -2857    -2841    -2824    -2813    -2803    -2798    -2791    -2786 
   -2789    -2782    -2770    -2771    -2772    -2771    -2772    -2776 
   -2783    -2785    -2783    -2791    -2798    -2798    -2808    -2814 
   -2809    -2813    -2818    -2810    -2805    -2805    -2806    -2810 
   -2803    -2799    -2806    -2806    -2799    -2799    -2809    -2829 
   -2841    -2840    -2849    -2867    -2871    -2876    -2889    -2901 
   -2909    -2922    -2937    -2951    -2971    -2990    -3005    -3015 
   -3019    -3026    -3036    -3040    -3045    -3049    -3056    -3073 
   -3087    -3096    -3115    -3126    -3130    -3136    -3140    -3142 
   -3153    -3165    -3173    -3184    -3198    -3203    -3203    -3208 
   -3217    -3223    -3225    -3226    -3227    -3223    -3219    -3208 
   -3192    -3187    -3188    -3183    -3180    -3183    -3186    -3191 
   -3191    -3184    -3180    -3175    -3161    -3145    -3137    -3140 
   -3138    -3125    -3109    -3103    -3096    -3076    -3061    -3064 
   -3068    -3057    -3037    -3028    -3033    -3025    -3005    -2995 
   -2992    -2986    -2982    -2971    -2960    -2960    -2956    -2947 
   -2943    -2944    -2940    -2928    -2915    -2914    -2922    -2930 
   -2934    -2936    -2941    -2947    -2949    -2961    -2979    -2990 
   -3006    -3022    -3032    -3036    -3036    -3038    -3051    -3055 
   -3051    -3063    -3076    -3071    -3071    -3083    -3096    -3105 
   -3098    -3090    -3096    -3100    -3102    -3103    -3103    -3107 
   -3119    -3123    -3125    -3129    -3127    -3121    -3111    -3109 
   -3119    -3122    -3115    -3115    -3118    -3115    -3109    -3102 
   -3098    -3099    -3095    -3079    -3064    -3059    -3052    -3034 
   -3018    -3010    -3002    -2995    -2990    -2982    -2976    -2964 
   -2947    -2937    -2929    -2910    -2895    -2875    -2847    -2835 
   -2829    -2821    -2822    -2814    -2794    -2785    -2785    -2787 
   -2789    -2786    -2782    -2771    -2754    -2743    -2736    -2725 
   -2716    -2709    -2705    -2713    -2721    -2720    -2720    -2724 
   -2721    -2706    -2688    -2688    -2702    -2705    -2693    -2682 
   -2673    -2664    -2658    -2643    -2631    -2631    -2631    -2628 
   -2629    -2633    -2632    -2621    -2620    -2629    -2627    -2627 
   -2640    -2658    -2673    -2682    -2685    -2687    -2691    -2694 
   -2687    -2681    -2679    -2678    -2668    -2650    -2635    -2631 
   -2623    -2606    -2592    -2586    -2584    -2570    -2559    -2562 
   -2554    -2542    -2533    -2527    -2528    -2532    -2529    -2527 
   -2528    -2525    -2521    -2520    -2519    -2515    -2508    -2496 
   -2492    -2490    -2484    -2478    -2478    -2473    -2465    -2461 
   -2463    -2461    -2461    -2461    -2461    -2474    -2489    -2490 
   -2492    -2508    -2524    -2528    -2532    -2544    -2556    -2565 
   -2571    -2578    -2586    -2592    -2597    -2609    -2623    -2636 
   -2652    -2660    -2668    -2679    -2683    -2679    -2679    -2686 
   -2700    -2710    -2713    -2720    -2736    -2752    -2764    -2779 
   -2792    -2809    -2832    -2852    -2866    -2878    -2882    -2886 
   -2901    -2915    -2925    -2937    -2953    -2971    -2991    -3010 
   -3033    -3057    -3071    -3083    -3095    -3113    -3136    -3156 
   -3173    -3188    -3194    -3192    -3196    -3204    -3217    -3227 
   -3229    -3231    -3237    -3234    -3226    -3225    -3230    -3237 
   -3241    -3248    -3261    -3273    -3287    -3300    -3307    -3317 
   -3331    -3342    -3346    -3348    -3348    -3349    -3353    -3352 
   -3348    -3353    -3353    -3353    -3362    -3366    -3373    -3388 
   -3404    -3411    -3412    -3416    -3430    -3440    -3447    -3458 
   -3470    -3481    -3487    -3488    -3499    -3508    -3500    -3492 
   -3505    -3511    -3503    -3484    -3465    -3454    -3440    -3416 
   -3392    -3381    -3375    -3355    -3329    -3312    -3308    -3296 
   -3275    -3258    -3252    -3253    -3245    -3222    -3207    -3207 
   -3202    -3194    -3194    -3202    -3202    -3188    -3186    -3192 
   -3194    -3192    -3184    -3175    -3183    -3187    -3173    -3163 
   -3156    -3146    -3142    -3149    -3161    -3168    -3168    -3172 
   -3175    -3172    -3172    -3172    -3176    -3188    -3199    -3200 
   -3199    -3203    -3210    -3208    -3204    -3203    -3207    -3211 
   -3207    -3207    -3213    -3211    -3204    -3200    -3199    -3198 
   -3198    -3210    -3230    -3241    -3241    -3238    -3242    -3249 
   -3242    -3235    -3240    -3242    -3241    -3238    -3231    -3225 
   -3218    -3211    -3208    -3215    -3219    -3219    -3215    -3218 
   -3222    -3217    -3213    -3213    -3219    -3222    -3211    -3200 
   -3208    -3218    -3213    -3213    -3218    -3217    -3213    -3210 
   -3202    -3198    -3198    -3194    -3198    -3199    -3196    -3196 
   -3192    -3186    -3180    -3173    -3172    -3175    -3168    -3157 
   -3149    -3145    -3142    -3133    -3119    -3115    -3115    -3109 
   -3100    -3095    -3090    -3082    -3069    -3057    -3051    -3044 
   -3037    -3032    -3028    -3038    -3052    -3045    -3034    -3033 
   -3032    -3024    -3011    -3009    -3021    -3028    -3024    -3024 
   -3021    -3015    -3013    -3003    -3003    -3011    -3010    -3007 
   -3018    -3030    -3036    -3026 
