Origin Time       2016/04/16 01:25:00
Lat.              32.753
Long.             130.762
Depth. (km)       12
Mag.              7.3
Station Code      OKY004
Station Lat.      34.9579
Station Long.     133.5018
Station Height(m) 168
Record Time       2016/04/16 01:26:47
Sampling Freq(Hz) 100Hz
Duration Time(s)  69
Dir.              E-W
Scale Factor      7845(gal)/8223790
Max. Acc. (gal)   2.386
Last Correction   2016/04/16 01:26:48
Memo.             
  -10710   -10705   -10692   -10674   -10666   -10674   -10685   -10675 
  -10638   -10585   -10530   -10466   -10401   -10342   -10274   -10207 
  -10168   -10173   -10227   -10324   -10440   -10547   -10621   -10644 
  -10612   -10531   -10416   -10293   -10195   -10143   -10147   -10195 
  -10263   -10328   -10372   -10396   -10404   -10409   -10426   -10454 
  -10496   -10542   -10577   -10605   -10625   -10619   -10585   -10534 
  -10463   -10392   -10332   -10291   -10268   -10263   -10273   -10304 
  -10357   -10428   -10513   -10588   -10631   -10635   -10600   -10537 
  -10480   -10438   -10415   -10409   -10405   -10376   -10312   -10216 
  -10108   -10033   -10037   -10120   -10247   -10381   -10488   -10536 
  -10531   -10508   -10488   -10474   -10461   -10438   -10403   -10368 
  -10362   -10397   -10443   -10478   -10486   -10458   -10415   -10372 
  -10327   -10284   -10241   -10203   -10192   -10227   -10307   -10404 
  -10480   -10513   -10500   -10453   -10393   -10335   -10277   -10237 
  -10220   -10216   -10228   -10251   -10262   -10260   -10255   -10265 
  -10300   -10354   -10426   -10514   -10602   -10663   -10702   -10712 
  -10685   -10629   -10561   -10484   -10407   -10343   -10303   -10300 
  -10343   -10412   -10478   -10525   -10536   -10507   -10450   -10377 
  -10303   -10242   -10203   -10177   -10156   -10121   -10069   -10014 
   -9991   -10027   -10126   -10258   -10382   -10461   -10486   -10476 
  -10461   -10459   -10482   -10524   -10569   -10604   -10633   -10656 
  -10662   -10654   -10638   -10611   -10574   -10536   -10498   -10469 
  -10457   -10461   -10471   -10482   -10490   -10498   -10521   -10571 
  -10648   -10737   -10804   -10814   -10762   -10663   -10555   -10469 
  -10422   -10422   -10478   -10579   -10687   -10775   -10821   -10806 
  -10736   -10638   -10528   -10424   -10327   -10235   -10156   -10112 
  -10118   -10173   -10266   -10380   -10481   -10531   -10532   -10500 
  -10450   -10397   -10346   -10296   -10258   -10241   -10238   -10243 
  -10263   -10319   -10405   -10501   -10579   -10608   -10574   -10503 
  -10432   -10389   -10370   -10355   -10324   -10273   -10215   -10168 
  -10145   -10157   -10201   -10246   -10265   -10254   -10212   -10146 
  -10069   -10012   -10002   -10037   -10104   -10206   -10328   -10442 
  -10523   -10561   -10558   -10523   -10477   -10438   -10408   -10384 
  -10370   -10372   -10390   -10427   -10466   -10493   -10498   -10494 
  -10488   -10480   -10467   -10451   -10423   -10386   -10351   -10314 
  -10280   -10261   -10250   -10253   -10284   -10345   -10401   -10434 
  -10438   -10415   -10368   -10316   -10282   -10268   -10263   -10262 
  -10255   -10253   -10270   -10309   -10366   -10440   -10519   -10569 
  -10585   -10575   -10542   -10503   -10486   -10500   -10536   -10589 
  -10643   -10677   -10686   -10675   -10644   -10600   -10546   -10482 
  -10413   -10342   -10270   -10201   -10143   -10104   -10099   -10139 
  -10220   -10322   -10415   -10461   -10453   -10405   -10341   -10287 
  -10263   -10272   -10301   -10346   -10397   -10442   -10480   -10516 
  -10537   -10532   -10496   -10413   -10311   -10249   -10249   -10309 
  -10409   -10504   -10563   -10573   -10551   -10516   -10471   -10430 
  -10388   -10346   -10305   -10265   -10235   -10228   -10247   -10292 
  -10345   -10401   -10453   -10480   -10481   -10476   -10477   -10492 
  -10516   -10531   -10525   -10493   -10436   -10369   -10303   -10245 
  -10199   -10169   -10150   -10142   -10161   -10223   -10323   -10435 
  -10531   -10584   -10578   -10528   -10471   -10447   -10474   -10525 
  -10567   -10573   -10536   -10476   -10417   -10386   -10392   -10417 
  -10443   -10461   -10461   -10435   -10389   -10339   -10295   -10266 
  -10254   -10245   -10234   -10215   -10200   -10223   -10296   -10405 
  -10514   -10588   -10600   -10569   -10531   -10514   -10534   -10571 
  -10594   -10582   -10540   -10480   -10412   -10359   -10329   -10316 
  -10324   -10343   -10349   -10338   -10315   -10280   -10239   -10211 
  -10211   -10233   -10255   -10277   -10295   -10308   -10320   -10339 
  -10362   -10380   -10393   -10403   -10395   -10374   -10370   -10396 
  -10457   -10551   -10636   -10681   -10674   -10617   -10542   -10493 
  -10486   -10520   -10580   -10646   -10689   -10704   -10689   -10654 
  -10619   -10592   -10573   -10563   -10561   -10554   -10547   -10547 
  -10566   -10597   -10625   -10640   -10640   -10623   -10598   -10578 
  -10561   -10546   -10524   -10490   -10442   -10389   -10354   -10349 
  -10384   -10458   -10547   -10628   -10692   -10724   -10709   -10652 
  -10577   -10482   -10365   -10233   -10087    -9930    -9788    -9686 
   -9636    -9647    -9713    -9809    -9910   -10000   -10071   -10110 
  -10125   -10130   -10135   -10147   -10177   -10227   -10288   -10351 
  -10409   -10454   -10471   -10463   -10435   -10393   -10354   -10329 
  -10315   -10300   -10284   -10254   -10214   -10174   -10141   -10126 
  -10152   -10219   -10308   -10405   -10501   -10567   -10589   -10566 
  -10507   -10424   -10341   -10281   -10257   -10265   -10296   -10341 
  -10393   -10451   -10504   -10540   -10550   -10530   -10493   -10454 
  -10423   -10403   -10388   -10369   -10331   -10273   -10208   -10143 
  -10093   -10062   -10057   -10080   -10120   -10172   -10237   -10304 
  -10357   -10392   -10411   -10416   -10420   -10436   -10471   -10513 
  -10537   -10530   -10480   -10393   -10292   -10210   -10169   -10170 
  -10212   -10277   -10353   -10427   -10482   -10503   -10484   -10430 
  -10362   -10301   -10269   -10269   -10296   -10339   -10372   -10403 
  -10447   -10504   -10565   -10627   -10667   -10679   -10674   -10651 
  -10613   -10574   -10525   -10443   -10336   -10227   -10138   -10095 
  -10103   -10137   -10156   -10143   -10107   -10065   -10049   -10087 
  -10184   -10312   -10440   -10542   -10598   -10621   -10635   -10639 
  -10635   -10616   -10563   -10486   -10409   -10339   -10288   -10261 
  -10238   -10214   -10193   -10185   -10197   -10235   -10300   -10385 
  -10462   -10511   -10528   -10509   -10462   -10408   -10361   -10327 
  -10319   -10338   -10380   -10442   -10503   -10552   -10590   -10608 
  -10601   -10577   -10546   -10507   -10465   -10428   -10403   -10390 
  -10400   -10424   -10449   -10476   -10504   -10523   -10534   -10547 
  -10558   -10558   -10546   -10501   -10420   -10315   -10201   -10099 
  -10018    -9957    -9921    -9906    -9913    -9946   -10000   -10081 
  -10184   -10285   -10376   -10443   -10480   -10486   -10459   -10411 
  -10362   -10329   -10331   -10372   -10436   -10507   -10555   -10569 
  -10566   -10563   -10574   -10608   -10654   -10702   -10737   -10741 
  -10712   -10656   -10579   -10500   -10428   -10362   -10305   -10251 
  -10203   -10166   -10142   -10138   -10152   -10174   -10201   -10223 
  -10234   -10247   -10261   -10265   -10254   -10228   -10187   -10135 
  -10095   -10076   -10084   -10121   -10185   -10266   -10358   -10453 
  -10524   -10562   -10575   -10571   -10557   -10537   -10524   -10507 
  -10473   -10438   -10417   -10412   -10416   -10419   -10416   -10412 
  -10419   -10449   -10511   -10602   -10705   -10787   -10829   -10824 
  -10778   -10708   -10642   -10606   -10608   -10631   -10660   -10678 
  -10669   -10633   -10589   -10566   -10573   -10594   -10629   -10663 
  -10678   -10669   -10646   -10615   -10571   -10519   -10451   -10376 
  -10322   -10301   -10315   -10350   -10386   -10404   -10403   -10396 
  -10405   -10436   -10469   -10492   -10501   -10493   -10477   -10467 
  -10471   -10484   -10512   -10562   -10627   -10687   -10732   -10746 
  -10729   -10689   -10638   -10590   -10551   -10504   -10462   -10434 
  -10436   -10484   -10561   -10632   -10674   -10682   -10660   -10619 
  -10592   -10590   -10601   -10624   -10654   -10675   -10692   -10712 
  -10729   -10740   -10743   -10732   -10700   -10639   -10557   -10469 
  -10380   -10292   -10215   -10143   -10084   -10053   -10053   -10080 
  -10126   -10170   -10197   -10191   -10137   -10044    -9929    -9818 
   -9742    -9722    -9769    -9887   -10057   -10247   -10424   -10562 
  -10640   -10659   -10642   -10619   -10611   -10605   -10586   -10540 
  -10474   -10400   -10336   -10299   -10289   -10296   -10311   -10329 
  -10357   -10385   -10409   -10436   -10469   -10508   -10546   -10579 
  -10604   -10611   -10605   -10612   -10642   -10682   -10716   -10729 
  -10728   -10725   -10733   -10759   -10791   -10814   -10817   -10795 
  -10758   -10728   -10714   -10708   -10704   -10697   -10685   -10675 
  -10669   -10656   -10639   -10613   -10569   -10516   -10477   -10462 
  -10470   -10504   -10551   -10590   -10611   -10606   -10578   -10523 
  -10446   -10362   -10289   -10235   -10212   -10216   -10246   -10309 
  -10389   -10463   -10528   -10573   -10582   -10562   -10516   -10453 
  -10396   -10354   -10320   -10289   -10255   -10219   -10185   -10164 
  -10162   -10184   -10237   -10334   -10467   -10612   -10731   -10791 
  -10779   -10717   -10633   -10547   -10474   -10419   -10365   -10311 
  -10280   -10272   -10285   -10329   -10386   -10442   -10490   -10514 
  -10512   -10501   -10488   -10478   -10480   -10486   -10497   -10514 
  -10540   -10567   -10578   -10558   -10503   -10409   -10318   -10257 
  -10233   -10237   -10251   -10258   -10255   -10257   -10273   -10311 
  -10362   -10405   -10430   -10438   -10435   -10428   -10427   -10435 
  -10447   -10453   -10440   -10397   -10329   -10254   -10174   -10099 
  -10037    -9992    -9956    -9913    -9861    -9815    -9799    -9836 
   -9923   -10042   -10170   -10278   -10338   -10349   -10319   -10269 
  -10223   -10193   -10185   -10187   -10168   -10108   -10017    -9915 
   -9837    -9796    -9796    -9834    -9892    -9941    -9957    -9950 
   -9942    -9931    -9918    -9907    -9900    -9891    -9895    -9913 
   -9941    -9976   -10014   -10046   -10071   -10092   -10104   -10095 
  -10064   -10010    -9936    -9867    -9832    -9850    -9922   -10029 
  -10138   -10216   -10247   -10233   -10200   -10183   -10201   -10268 
  -10361   -10455   -10525   -10554   -10542   -10503   -10451   -10409 
  -10372   -10324   -10261   -10200   -10156   -10138   -10147   -10162 
  -10160   -10131   -10077   -10010    -9956    -9940    -9972   -10041 
  -10118   -10184   -10224   -10230   -10218   -10222   -10250   -10299 
  -10362   -10419   -10444   -10444   -10419   -10382   -10353   -10336 
  -10328   -10320   -10308   -10292   -10278   -10281   -10301   -10320 
  -10319   -10285   -10218   -10134   -10054    -9989    -9948    -9942 
   -9979   -10054   -10153   -10254   -10331   -10370   -10372   -10343 
  -10304   -10276   -10269   -10291   -10341   -10416   -10507   -10594 
  -10669   -10722   -10747   -10736   -10698   -10635   -10557   -10485 
  -10431   -10399   -10392   -10403   -10412   -10411   -10388   -10343 
  -10295   -10263   -10263   -10305   -10374   -10440   -10477   -10484 
  -10477   -10476   -10486   -10503   -10509   -10493   -10454   -10408 
  -10366   -10327   -10280   -10218   -10145   -10075   -10008    -9954 
   -9922    -9900    -9899    -9929    -9979   -10054   -10146   -10233 
  -10303   -10354   -10376   -10372   -10369   -10384   -10413   -10442 
  -10451   -10430   -10385   -10357   -10380   -10451   -10554   -10655 
  -10719   -10735   -10710   -10656   -10590   -10523   -10458   -10400 
  -10361   -10343   -10359   -10419   -10504   -10590   -10644   -10646 
  -10588   -10485   -10372   -10285   -10251   -10262   -10287   -10311 
  -10331   -10354   -10393   -10457   -10534   -10611   -10670   -10694 
  -10692   -10667   -10621   -10566   -10509   -10440   -10372   -10323 
  -10282   -10261   -10272   -10300   -10341   -10386   -10412   -10409 
  -10385   -10346   -10308   -10278   -10262   -10242   -10201   -10152 
  -10119   -10115   -10147   -10212   -10281   -10323   -10316   -10251 
  -10160   -10080   -10034   -10029   -10061   -10119   -10181   -10230 
  -10266   -10288   -10296   -10292   -10270   -10227   -10164   -10088 
  -10021    -9981    -9995   -10054   -10141   -10230   -10288   -10303 
  -10287   -10250   -10214   -10206   -10216   -10226   -10220   -10191 
  -10137   -10084   -10061   -10087   -10158   -10260   -10362   -10442 
  -10485   -10503   -10507   -10501   -10501   -10508   -10503   -10480 
  -10455   -10436   -10440   -10473   -10524   -10575   -10606   -10606 
  -10580   -10534   -10477   -10431   -10397   -10384   -10386   -10396 
  -10400   -10397   -10392   -10384   -10374   -10361   -10324   -10272 
  -10214   -10147   -10073   -10000    -9931    -9873    -9836    -9829 
   -9847    -9884    -9931    -9981   -10021   -10042   -10042   -10011 
   -9964    -9913    -9873    -9853    -9857    -9877    -9904    -9934 
   -9973   -10017   -10053   -10080   -10095   -10103   -10107   -10114 
  -10135   -10166   -10189   -10193   -10176   -10139   -10095   -10064 
  -10058   -10095   -10173   -10266   -10353   -10426   -10480   -10504 
  -10496   -10457   -10390   -10309   -10233   -10174   -10125   -10075 
  -10026    -9983    -9952    -9946    -9972   -10022   -10088   -10158 
  -10224   -10276   -10318   -10354   -10372   -10384   -10395   -10403 
  -10419   -10453   -10503   -10567   -10633   -10683   -10706   -10687 
  -10632   -10565   -10503   -10457   -10438   -10438   -10449   -10461 
  -10469   -10476   -10496   -10532   -10575   -10617   -10646   -10658 
  -10646   -10611   -10555   -10489   -10422   -10362   -10318   -10295 
  -10299   -10332   -10395   -10480   -10573   -10669   -10759   -10841 
  -10916   -10975   -11025   -11061   -11078   -11072   -11048   -11020 
  -11016   -11052   -11121   -11207   -11288   -11330   -11330   -11310 
  -11288   -11269   -11257   -11250   -11250   -11257   -11271   -11283 
  -11283   -11275   -11267   -11263   -11273   -11294   -11294   -11261 
  -11192   -11098   -10998   -10922   -10885   -10883   -10912   -10962 
  -11010   -11043   -11065   -11088   -11118   -11161   -11214   -11263 
  -11296   -11313   -11323   -11346   -11383   -11422   -11468   -11514 
  -11545   -11561   -11570   -11574   -11572   -11561   -11538   -11503 
  -11466   -11426   -11384   -11341   -11284   -11206   -11114   -11005 
  -10883   -10764   -10662   -10585   -10543   -10534   -10536   -10534 
  -10528   -10536   -10565   -10632   -10748   -10889   -11018   -11119 
  -11178   -11187   -11167   -11140   -11114   -11107   -11118   -11119 
  -11102   -11068   -11013   -10941   -10863   -10777   -10698   -10642 
  -10600   -10569   -10542   -10496   -10420   -10322   -10201   -10079 
   -9976    -9891    -9819    -9764    -9724    -9694    -9684    -9684 
   -9684    -9684    -9682    -9672    -9647    -9605    -9547    -9462 
   -9350    -9231    -9124    -9038    -8985    -8968    -8985    -9031 
   -9092    -9157    -9201    -9212    -9197    -9155    -9084    -9003 
   -8924    -8857    -8814    -8795    -8802    -8824    -8846    -8858 
   -8872    -8899    -8947    -9022    -9116    -9216    -9300    -9363 
   -9408    -9431    -9439    -9431    -9405    -9369    -9333    -9309 
   -9309    -9333    -9374    -9410    -9424    -9401    -9350    -9290 
   -9240    -9217    -9231    -9274    -9331    -9383    -9440    -9513 
   -9599    -9702    -9802    -9879    -9930    -9972   -10022   -10091 
  -10170   -10237   -10266   -10250   -10201   -10138   -10088   -10065 
  -10065   -10083   -10099   -10088   -10044    -9965    -9869    -9771 
   -9679    -9602    -9541    -9490    -9445    -9406    -9378    -9360 
   -9352    -9335    -9300    -9246    -9167    -9070    -8969    -8872 
   -8781    -8719    -8699    -8726    -8799    -8896    -9000    -9082 
   -9127    -9127    -9093    -9045    -9013    -9020    -9076    -9165 
   -9252    -9329    -9402    -9468    -9544    -9644    -9761    -9887 
  -10008   -10091   -10112   -10083   -10019    -9934    -9844    -9767 
   -9699    -9624    -9541    -9463    -9401    -9369    -9377    -9417 
   -9479    -9544    -9601    -9649    -9682    -9707    -9730    -9749 
   -9764    -9764    -9745    -9713    -9664    -9607    -9559    -9525 
   -9509    -9505    -9506    -9518    -9533    -9545    -9578    -9632 
   -9691    -9761    -9842    -9919    -9994   -10069   -10147   -10237 
  -10336   -10447   -10562   -10675   -10785   -10890   -11001   -11111 
  -11209   -11286   -11323   -11313   -11271   -11214   -11160   -11128 
  -11114   -11128   -11159   -11187   -11213   -11246   -11283   -11321 
  -11360   -11392   -11414   -11427   -11443   -11476   -11535   -11616 
  -11704   -11790   -11869   -11923   -11951   -11969   -11979   -11992 
  -12016   -12048   -12079   -12101   -12097   -12044   -11936   -11792 
  -11618   -11427   -11241   -11071   -10932   -10841   -10787   -10748 
  -10716   -10673   -10605   -10514   -10415   -10332   -10282   -10265 
  -10276   -10296   -10304   -10292   -10281   -10293   -10326   -10384 
  -10458   -10513   -10536   -10536   -10521   -10504   -10508   -10543 
  -10606   -10689   -10787   -10887   -10982   -11071   -11151   -11218 
  -11272   -11308   -11315   -11280   -11213   -11124   -11029   -10947 
  -10878   -10817   -10746   -10651   -10539   -10420   -10305   -10215 
  -10147   -10096   -10050    -9992    -9909    -9791    -9655    -9522 
   -9424    -9387    -9433    -9553    -9721    -9890   -10018   -10073 
  -10052    -9976    -9871    -9779    -9741    -9752    -9790    -9846 
   -9896    -9910    -9895    -9865    -9830    -9787    -9741    -9697 
   -9652    -9610    -9582    -9571    -9570    -9574    -9576    -9568 
   -9547    -9513    -9475    -9437    -9405    -9374    -9344    -9324 
   -9316    -9319    -9335    -9367    -9416    -9481    -9559    -9648 
   -9733    -9786    -9794    -9741    -9620    -9452    -9274    -9108 
   -8968    -8866    -8811    -8793    -8811    -8861    -8945    -9070 
   -9236    -9423    -9609    -9779    -9913   -10003   -10049   -10075 
  -10093   -10104   -10112   -10114   -10106   -10093   -10099   -10142 
  -10228   -10354   -10500   -10635   -10731   -10768   -10735   -10652 
  -10557   -10480   -10443   -10442   -10462   -10496   -10534   -10575 
  -10628   -10689   -10750   -10786   -10781   -10717   -10590   -10426 
  -10246   -10071    -9934    -9860    -9849    -9900    -9989   -10081 
  -10146   -10157   -10107   -10031    -9973    -9954    -9987   -10069 
  -10183   -10296   -10395   -10471   -10534   -10592   -10650   -10709 
  -10751   -10751   -10697   -10596   -10469   -10336   -10207   -10084 
   -9976    -9890    -9842    -9846    -9903   -10002   -10125   -10257 
  -10370   -10450   -10489   -10485   -10440   -10372   -10305   -10258 
  -10235   -10239   -10265   -10309   -10369   -10434   -10492   -10554 
  -10632   -10728   -10839   -10944   -11013   -11029   -10999   -10937 
  -10854   -10759   -10646   -10516   -10366   -10210   -10054    -9913 
   -9810    -9752    -9742    -9790    -9877    -9984   -10092   -10197 
  -10288   -10353   -10390   -10411   -10416   -10405   -10388   -10378 
  -10372   -10357   -10327   -10274   -10195   -10098    -9992    -9892 
   -9810    -9753    -9720    -9702    -9697    -9705    -9725    -9738 
   -9741    -9713    -9640    -9535    -9425    -9335    -9294    -9312 
   -9383    -9483    -9596    -9705    -9799    -9876    -9934    -9975 
   -9994    -9996    -9989    -9968    -9919    -9847    -9771    -9713 
   -9691    -9710    -9759    -9810    -9830    -9804    -9742    -9647 
   -9535    -9437    -9367    -9324    -9300    -9283    -9281    -9310 
   -9396    -9549    -9753    -9981   -10196   -10357   -10438   -10442 
  -10392   -10319   -10251   -10215   -10216   -10242   -10266   -10276 
  -10276   -10299   -10377   -10520   -10716   -10926   -11110   -11223 
  -11245   -11191   -11097   -10993   -10895   -10795   -10685   -10571 
  -10480   -10438   -10466   -10554   -10658   -10727   -10732   -10651 
  -10503   -10327   -10168   -10064   -10038   -10083   -10174   -10289 
  -10403   -10498   -10571   -10635   -10689   -10725   -10739   -10736 
  -10712   -10663   -10590   -10498   -10400   -10305   -10223   -10160 
  -10119   -10092   -10061   -10015    -9945    -9847    -9733    -9606 
   -9472    -9337    -9215    -9116    -9067    -9084    -9167    -9316 
   -9502    -9687    -9836    -9922    -9944    -9915    -9872    -9842 
   -9825    -9814    -9817    -9837    -9887    -9976   -10098   -10238 
  -10370   -10470   -10534   -10561   -10557   -10532   -10500   -10480 
  -10489   -10534   -10592   -10652   -10706   -10744   -10778   -10818 
  -10858   -10893   -10933   -10975   -11005   -11010   -10990   -10948 
  -10906   -10894   -10935   -11032   -11164   -11292   -11396   -11462 
  -11487   -11495   -11507   -11533   -11573   -11612   -11626   -11597 
  -11523   -11403   -11263   -11129   -11002   -10895   -10820   -10759 
  -10706   -10663   -10627   -10596   -10566   -10534   -10494   -10447 
  -10393   -10335   -10281   -10242   -10234   -10262   -10323   -10407 
  -10492   -10562   -10616   -10666   -10724   -10801   -10903   -11029 
  -11165   -11290   -11389   -11450   -11460   -11431   -11394   -11367 
  -11344   -11317   -11273   -11187   -11048   -10876   -10696   -10544 
  -10454   -10427   -10466   -10552   -10643   -10700   -10705   -10665 
  -10602   -10546   -10521   -10540   -10601   -10697   -10816   -10940 
  -11041   -11099   -11115   -11090   -11032   -10960   -10890   -10832 
  -10801   -10800   -10827   -10879   -10962   -11071   -11192   -11311 
  -11410   -11481   -11519   -11524   -11495   -11430   -11348   -11252 
  -11145   -11036   -10926   -10818   -10731   -10674   -10660   -10708 
  -10806   -10928   -11038   -11114   -11164   -11204   -11254   -11330 
  -11433   -11553   -11673   -11767   -11823   -11843   -11831   -11778 
  -11706   -11642   -11599   -11576   -11553   -11506   -11416   -11280 
  -11103   -10913   -10750   -10635   -10582   -10605   -10689   -10795 
  -10897   -10995   -11090   -11187   -11299   -11412   -11507   -11564 
  -11564   -11526   -11487   -11465   -11477   -11524   -11580   -11627 
  -11661   -11688   -11736   -11821   -11951   -12132   -12332   -12498 
  -12613   -12671   -12660   -12596   -12505   -12396   -12268   -12121 
  -11961   -11804   -11676   -11608   -11614   -11670   -11754   -11840 
  -11914   -11986   -12059   -12132   -12216   -12295   -12363   -12410 
  -12420   -12399   -12372   -12337   -12309   -12297   -12286   -12271 
  -12253   -12247   -12262   -12286   -12307   -12316   -12293   -12247 
  -12198   -12158   -12140   -12151   -12195   -12266   -12313   -12317 
  -12271   -12167   -12029   -11893   -11785   -11736   -11754   -11815 
  -11888   -11940   -11961   -11963   -11989   -12075   -12228   -12424 
  -12630   -12796   -12883   -12879   -12784   -12613   -12402   -12182 
  -11969   -11769   -11581   -11418   -11310   -11265   -11294   -11402 
  -11547   -11681   -11788   -11862   -11902   -11932   -11974   -12036 
  -12124   -12221   -12289   -12299   -12266   -12218   -12186   -12187 
  -12231   -12294   -12339   -12351   -12320   -12249   -12181   -12131 
  -12101   -12094   -12096   -12085   -12063   -12037   -12031   -12059 
  -12122   -12220   -12326   -12405   -12436   -12422   -12363   -12267 
  -12150   -12019   -11881   -11757   -11659   -11599   -11583   -11619 
  -11688   -11762   -11832   -11875   -11867   -11809   -11722   -11632 
  -11562   -11523   -11526   -11562   -11600   -11626   -11653   -11680 
  -11713   -11751   -11772   -11757   -11701   -11605   -11493   -11373 
  -11242   -11098   -10936   -10766   -10600   -10458   -10368   -10347 
  -10401   -10512   -10648   -10783   -10881   -10914   -10883   -10797 
  -10686   -10588   -10519   -10473   -10447   -10434   -10432   -10453 
  -10493   -10542   -10592   -10633   -10651   -10640   -10612   -10593 
  -10609   -10675   -10786   -10917   -11024   -11070   -11045   -10963 
  -10858   -10759   -10675   -10597   -10521   -10447   -10378   -10318 
  -10268   -10230   -10207   -10191   -10177   -10168   -10156   -10130 
  -10096   -10061   -10025    -9999    -9989    -9987    -9984    -9969 
   -9927    -9852    -9756    -9661    -9586    -9543    -9528    -9513 
   -9475    -9406    -9315    -9225    -9177    -9194    -9286    -9444 
   -9637    -9844   -10044   -10226   -10388   -10511   -10574   -10562 
  -10465   -10291   -10081    -9891    -9769    -9740    -9798    -9913 
  -10042   -10153   -10220   -10237   -10214   -10181   -10161   -10166 
  -10201   -10258   -10332   -10427   -10539   -10667   -10788   -10886 
  -10939   -10930   -10871   -10800   -10740   -10709   -10712   -10733 
  -10750   -10741   -10702   -10636   -10552   -10478   -10440   -10455 
  -10521   -10612   -10687   -10712   -10658   -10527   -10347   -10160 
   -9995    -9864    -9775    -9717    -9680    -9667    -9691    -9757 
   -9852    -9960   -10058   -10119   -10129   -10110   -10088   -10085 
  -10115   -10172   -10241   -10299   -10336   -10346   -10320   -10285 
  -10272   -10289   -10328   -10361   -10355   -10291   -10176   -10033 
   -9895    -9780    -9701    -9656    -9634    -9618    -9610    -9607 
   -9605    -9607    -9632    -9661    -9680    -9690    -9699    -9705 
   -9705    -9684    -9629    -9535    -9408    -9266    -9131    -9024 
   -8958    -8938    -8955    -8989    -9031    -9078    -9126    -9169 
   -9204    -9223    -9225    -9207    -9162    -9113    -9074    -9051 
   -9051    -9061    -9055    -9020    -8950    -8865    -8814    -8827 
   -8908    -9038    -9193    -9351    -9490    -9596    -9668    -9705 
   -9699    -9647    -9560    -9470    -9396    -9340    -9298    -9271 
   -9259    -9266    -9297    -9340    -9378    -9414    -9459    -9510 
   -9572    -9641    -9709    -9771    -9826    -9876    -9921    -9967 
  -10004   -10027   -10037   -10030   -10017   -10002    -9984    -9958 
   -9925    -9886    -9837    -9771    -9691    -9599    -9510    -9440 
   -9397    -9381    -9394    -9440    -9501    -9556    -9602    -9624 
   -9628    -9641    -9676    -9732    -9798    -9860    -9906    -9923 
   -9911    -9884    -9853    -9836    -9847    -9898    -9973   -10061 
  -10138   -10183   -10193   -10184   -10160   -10129   -10095   -10055 
  -10014    -9975    -9941    -9907    -9865    -9809    -9737    -9655 
   -9580    -9535    -9520    -9537    -9580    -9621    -9629    -9601 
   -9530    -9454    -9425    -9456    -9549    -9683    -9804    -9869 
   -9847    -9733    -9559    -9370    -9200    -9071    -8999    -8966 
   -8955    -8968    -8999    -9046    -9097    -9131    -9130    -9094 
   -9038    -8988    -8968    -8981    -9032    -9109    -9180    -9219 
   -9223    -9197    -9150    -9099    -9053    -9011    -8988    -8988 
   -9000    -9024    -9058    -9086    -9094    -9078    -9042    -9000 
   -8972    -8970    -9009    -9078    -9151    -9215    -9255    -9262 
   -9244    -9216    -9180    -9142    -9100    -9057    -9013    -8974 
   -8935    -8887    -8827    -8754    -8681    -8629    -8611    -8635 
   -8696    -8787    -8899    -9009    -9093    -9146    -9169    -9173 
   -9178    -9205    -9252    -9309    -9364    -9396    -9383    -9325 
   -9232    -9121    -9019    -8939    -8903    -8911    -8943    -8985 
   -9019    -9030    -9016    -8980    -8923    -8858    -8787    -8725 
   -8683    -8668    -8688    -8739    -8815    -8903    -8980    -9038 
   -9078    -9092    -9090    -9081    -9058    -9018    -8964    -8904 
   -8856    -8829    -8841    -8901    -8986    -9070    -9144    -9189 
   -9200    -9198    -9202    -9223    -9274    -9351    -9433    -9499 
   -9526    -9502    -9437    -9352    -9266    -9197    -9169    -9177 
   -9207    -9246    -9283    -9319    -9343    -9346    -9333    -9317 
   -9300    -9286    -9286    -9292    -9297    -9305    -9317    -9333 
   -9351    -9352    -9337    -9316    -9293    -9282    -9289    -9315 
   -9343    -9363    -9366    -9363    -9366    -9373    -9379    -9374 
   -9347    -9301    -9234    -9150    -9065    -8995    -8955    -8955 
   -8988    -9045    -9101    -9143    -9175    -9202    -9221    -9231 
   -9232    -9227    -9212    -9184    -9159    -9150    -9159    -9200 
   -9265    -9343    -9431    -9528    -9625    -9718    -9813    -9909 
   -9988   -10041   -10068   -10065   -10034    -9977    -9899    -9813 
   -9733    -9674    -9640    -9628    -9639    -9674    -9734    -9822 
   -9937   -10060   -10176   -10270   -10323   -10322   -10277   -10212 
  -10147   -10106   -10096   -10103   -10111   -10093   -10034    -9952 
   -9875    -9830    -9823    -9859    -9926    -9994   -10057   -10125 
  -10203   -10288   -10378   -10471   -10550   -10609   -10646   -10658 
  -10654   -10643   -10633   -10621   -10585   -10524   -10449   -10366 
  -10305   -10288   -10304   -10350   -10415   -10486   -10563   -10639 
  -10702   -10754   -10783   -10775   -10724   -10640   -10543   -10457 
  -10407   -10403   -10435   -10490   -10535   -10551   -10543   -10511 
  -10467   -10434   -10412   -10412   -10428   -10447   -10470   -10500 
  -10516   -10530   -10561   -10602   -10646   -10696   -10752   -10797 
  -10827   -10848   -10859   -10864   -10871   -10876   -10875   -10864 
  -10847   -10818   -10785   -10766   -10767   -10786   -10817   -10847 
  -10854   -10837   -10801   -10752   -10709   -10687   -10704   -10760 
  -10847   -10951   -11049   -11113   -11128   -11091   -10996   -10867 
  -10737   -10621   -10531   -10473   -10447   -10443   -10451   -10466 
  -10486   -10517   -10562   -10621   -10705   -10813   -10936   -11053 
  -11142   -11194   -11210   -11200   -11180   -11146   -11102   -11047 
  -10976   -10895   -10814   -10750   -10722   -10737   -10787   -10870 
  -10962   -11038   -11087   -11102   -11086   -11057   -11032   -11014 
  -10999   -10984   -10976   -10974   -10974   -10975   -10968   -10949 
  -10924   -10903   -10906   -10936   -10998   -11098   -11218   -11333 
  -11431   -11495   -11511   -11492   -11446   -11379   -11290   -11183 
  -11082   -10996   -10939   -10910   -10901   -10902   -10913   -10933 
  -10972   -11025   -11076   -11118   -11140   -11137   -11121   -11094 
  -11060   -11033   -11006   -10970   -10920   -10847   -10744   -10624 
  -10507   -10411   -10351   -10342   -10389   -10488   -10632   -10804 
  -10970   -11111   -11214   -11272   -11284   -11260   -11217   -11171 
  -11140   -11132   -11141   -11155   -11159   -11138   -11091   -11029 
  -10968   -10924   -10917   -10955   -11021   -11097   -11160   -11198 
  -11209   -11196   -11176   -11155   -11129   -11101   -11065   -11018 
  -10966   -10937   -10948   -11001   -11090   -11191   -11273   -11313 
  -11308   -11276   -11244   -11236   -11260   -11303   -11341   -11349 
  -11330   -11295   -11256   -11223   -11202   -11191   -11192   -11195 
  -11192   -11187   -11171   -11142   -11107   -11080   -11059   -11045 
  -11044   -11049   -11062   -11094   -11138   -11200   -11276   -11358 
  -11441   -11512   -11566   -11605   -11620   -11600   -11561   -11523 
  -11483   -11448   -11430   -11422   -11425   -11438   -11453   -11468 
  -11495   -11527   -11566   -11619   -11672   -11715   -11751   -11770 
  -11769   -11753   -11716   -11655   -11584   -11507   -11425   -11365 
  -11344   -11345   -11372   -11414   -11441   -11450   -11439   -11410 
  -11373   -11335   -11303   -11277   -11265   -11261   -11249   -11214 
  -11151   -11057   -10957   -10872   -10814   -10786   -10783   -10800 
  -10829   -10867   -10909   -10949   -10975   -10976   -10953   -10912 
  -10858   -10797   -10736   -10679   -10631   -10582   -10521   -10458 
  -10403   -10359   -10329   -10316   -10320   -10329   -10328   -10315 
  -10301   -10301   -10322   -10365   -10420   -10461   -10484   -10496 
  -10498   -10494   -10498   -10503   -10497   -10484   -10461   -10426 
  -10388   -10359   -10349   -10362   -10401   -10467   -10557   -10660 
  -10777   -10893   -10986   -11051   -11076   -11052   -10986   -10906 
  -10835   -10788   -10785   -10820   -10878   -10951   -11026   -11090 
  -11138   -11175   -11204   -11226   -11229   -11214   -11183   -11133 
  -11061   -10975   -10874   -10755   -10627   -10493   -10365   -10258 
  -10189   -10168   -10199   -10281   -10397   -10530   -10663   -10779 
  -10862   -10897   -10887   -10828   -10721   -10590   -10453   -10320 
  -10210   -10129   -10075   -10053   -10052   -10065   -10095   -10146 
  -10214   -10296   -10382   -10457   -10496   -10497   -10473   -10434 
  -10389   -10350   -10312   -10277   -10257   -10253   -10262   -10277 
  -10289   -10278   -10223   -10129   -10004    -9863    -9734    -9645 
   -9601    -9599    -9640    -9710    -9788    -9853    -9892    -9894 
   -9852    -9771    -9672    -9586    -9539    -9539    -9579    -9640 
   -9695    -9730    -9734    -9714    -9686    -9667    -9667    -9684 
   -9717    -9769    -9837    -9906    -9964    -9998    -9999    -9973 
   -9933    -9894    -9868    -9863    -9876    -9900    -9931    -9968 
  -10010   -10050   -10077   -10087   -10081   -10058   -10021    -9988 
   -9984   -10019   -10088   -10174   -10260   -10327   -10366   -10377 
  -10370   -10357   -10342   -10334   -10343   -10362   -10392   -10432 
  -10476   -10517   -10554   -10571   -10571   -10562   -10542   -10521 
  -10519   -10532   -10557   -10579   -10593   -10596   -10593   -10588 
  -10593   -10613   -10635   -10656   -10677   -10685   -10679   -10670 
  -10654   -10623   -10592   -10571   -10566   -10582   -10609   -10628 
  -10628   -10600   -10544   -10484   -10426   -10386   -10388   -10413 
  -10444   -10481   -10516   -10536   -10539   -10537   -10535   -10532 
  -10536   -10550   -10558   -10561   -10562   -10551   -10531   -10511 
  -10490   -10471   -10457   -10454   -10471   -10507   -10540   -10561 
  -10559   -10540   -10509   -10481   -10458   -10438   -10419   -10397 
  -10366   -10342   -10331   -10328   -10338   -10350   -10353   -10343 
  -10316   -10277   -10227   -10169   -10102   -10027    -9960    -9907 
   -9871    -9861    -9883    -9927    -9988   -10060   -10135   -10206 
  -10260   -10296   -10322   -10332   -10336   -10342   -10346   -10350 
  -10353   -10343   -10314   -10274   -10237   -10206   -10189   -10197 
  -10214   -10230   -10250   -10268   -10280   -10295   -10315   -10334 
  -10332   -10304   -10255   -10192   -10119   -10052    -9994    -9945 
   -9919    -9925    -9948    -9972    -9996   -10018   -10038   -10058 
  -10085   -10119   -10142   -10147   -10135   -10104   -10065   -10017 
   -9952    -9895    -9860    -9845    -9845    -9865    -9899    -9933 
   -9967   -10004   -10037   -10048   -10030    -9994    -9949    -9907 
   -9875    -9860    -9868    -9887    -9910    -9942    -9972    -9988 
  -10004   -10011    -9998    -9979    -9964    -9950    -9950    -9961 
   -9976    -9991    -9998   -10000    -9998    -9991    -9988    -9983 
   -9961    -9933    -9911    -9890    -9879    -9882    -9888    -9898 
   -9909    -9909    -9900    -9902    -9907    -9921    -9942    -9956 
   -9950    -9930    -9898    -9864    -9842    -9846    -9875    -9925 
   -9983   -10033   -10057   -10049   -10014    -9972    -9944    -9934 
   -9946    -9979   -10025   -10080   -10142   -10211   -10274   -10319 
  -10350   -10369   -10374   -10369   -10361   -10350   -10331   -10308 
  -10284   -10258   -10226   -10189   -10149   -10120   -10119   -10146 
  -10203   -10288   -10380   -10457   -10508   -10523   -10498   -10450 
  -10390   -10328   -10266   -10206   -10153   -10111   -10088   -10088 
  -10114   -10154   -10201   -10242   -10263   -10258   -10224   -10174 
  -10119   -10058   -10007    -9979    -9960    -9953    -9963    -9976 
   -9991   -10015   -10045   -10069   -10100   -10133   -10146   -10139 
  -10119   -10085   -10052   -10033   -10021   -10017   -10027   -10050 
  -10072   -10091   -10107   -10125   -10145   -10161   -10176   -10193 
  -10200   -10192   -10176   -10160   -10146   -10146   -10160   -10177 
  -10200   -10220   -10227   -10226   -10223   -10224   -10238   -10260 
  -10285   -10314   -10336   -10349   -10355   -10362   -10381   -10409 
  -10440   -10473   -10504   -10532   -10550   -10559   -10571   -10585 
  -10601   -10616   -10620   -10621   -10627   -10632   -10643   -10662 
  -10677   -10687   -10700   -10712   -10728   -10750   -10775   -10793 
  -10794   -10787   -10775   -10760   -10755   -10762   -10768   -10768 
  -10763   -10752   -10741   -10747   -10770   -10804   -10833   -10844 
  -10831   -10798   -10755   -10712   -10671   -10640   -10621   -10615 
  -10611   -10597   -10565   -10525   -10489   -10451   -10434   -10454 
  -10503   -10570   -10652   -10728   -10785   -10818   -10824   -10798 
  -10748   -10687   -10619   -10542   -10470   -10422   -10393   -10386 
  -10407   -10447   -10490   -10530   -10554   -10558   -10543   -10513 
  -10478   -10444   -10423   -10417   -10426   -10443   -10465   -10486 
  -10511   -10539   -10573   -10609   -10640   -10660   -10662   -10640 
  -10592   -10527   -10465   -10419   -10399   -10401   -10408   -10408 
  -10405   -10401   -10400   -10407   -10428   -10458   -10490   -10524 
  -10551   -10559   -10550   -10530   -10504   -10476   -10453   -10453 
  -10476   -10501   -10528   -10555   -10566   -10555   -10534   -10501 
  -10471   -10455   -10444   -10436   -10435   -10431   -10416   -10401 
  -10395   -10397   -10404   -10417   -10435   -10454   -10474   -10496 
  -10521   -10554   -10593   -10620   -10627   -10623   -10606   -10578 
  -10551   -10532   -10520   -10509   -10503   -10503   -10501   -10501 
  -10512   -10521   -10525   -10523   -10511   -10482   -10444   -10408 
  -10369   -10323   -10281   -10242   -10193   -10146   -10106   -10076 
  -10064   -10068   -10085   -10115   -10146   -10179   -10206   -10222 
  -10222   -10206   -10164   -10111   -10062   -10027   -10014   -10021 
  -10031   -10039   -10050   -10058   -10068   -10084   -10106   -10135 
  -10170   -10206   -10239   -10265   -10273   -10270   -10260   -10243 
  -10230   -10230   -10239   -10257   -10284   -10316   -10346   -10368 
  -10381   -10389   -10386   -10380   -10372   -10357   -10331   -10292 
  -10242   -10187   -10133   -10093   -10080   -10096   -10131   -10174 
  -10219   -10254   -10274   -10285   -10296   -10308   -10320   -10327 
  -10327   -10327   -10334   -10346   -10365   -10381   -10385   -10381 
  -10369   -10353   -10345   -10350   -10370   -10411   -10461   -10516 
  -10574   -10621   -10658   -10681   -10697   -10716   -10735   -10751 
  -10767   -10777   -10768   -10754   -10743   -10740   -10750   -10773 
  -10808   -10843   -10870   -10899   -10935   -10968   -11002   -11036 
  -11055   -11052   -11037   -11005   -10959   -10910   -10874   -10852 
  -10847   -10860   -10887   -10920   -10953   -10994   -11043   -11092 
  -11141   -11183   -11207   -11209   -11187   -11144   -11091   -11044 
  -11018   -11009   -11016   -11037   -11059   -11072   -11079   -11080 
  -11080   -11083   -11094   -11105   -11121   -11151   -11187   -11219 
  -11250   -11268   -11254   -11219   -11169   -11115   -11075   -11056 
  -11061   -11087   -11119   -11160   -11204   -11240   -11264   -11275 
  -11271   -11253   -11225   -11194   -11169   -11151   -11136   -11121 
  -11110   -11097   -11072   -11044   -11018   -11002   -10996   -10998 
  -11001   -10994   -10978   -10957   -10936   -10918   -10902   -10897 
  -10893   -10881   -10864   -10852   -10839   -10828   -10827   -10829 
  -10829   -10827   -10810   -10781   -10744   -10704   -10663   -10627 
  -10593   -10566   -10547   -10532   -10516   -10493   -10466   -10442 
  -10420   -10400   -10380   -10362   -10354   -10343   -10327   -10315 
  -10309   -10312   -10328   -10359   -10393   -10413   -10420   -10403 
  -10368   -10329   -10291   -10257   -10238   -10227   -10222   -10220 
  -10220   -10214   -10207   -10207   -10218   -10234   -10253   -10274 
  -10289   -10291   -10277   -10246   -10206   -10160   -10115   -10081 
  -10062   -10054   -10046   -10034   -10019    -9999    -9973    -9952 
   -9940    -9940    -9948    -9965    -9991   -10025   -10055   -10081 
  -10102   -10106   -10091   -10071   -10054   -10039   -10033   -10042 
  -10062   -10084   -10110   -10129   -10135   -10131   -10114   -10083 
  -10052   -10022    -9999    -9985    -9981    -9987   -10007   -10039 
  -10080   -10130   -10180   -10219   -10250   -10265   -10258   -10234 
  -10195   -10145   -10103   -10065   -10038   -10034   -10044   -10062 
  -10088   -10118   -10157   -10193   -10219   -10239   -10254   -10255 
  -10250   -10235   -10203   -10157   -10100   -10038    -9973    -9921 
   -9887    -9869    -9871    -9895    -9934    -9972   -10004   -10030 
  -10041   -10048   -10061   -10079   -10093   -10104   -10108   -10102 
  -10083   -10054   -10022    -9994    -9969    -9956    -9954    -9957 
   -9968    -9979    -9985    -9998   -10010   -10015   -10018   -10021 
  -10019   -10014   -10010   -10004    -9994    -9979    -9967    -9952 
   -9940    -9933    -9945    -9977   -10026   -10088   -10154   -10203 
  -10238   -10254   -10242   -10214   -10177   -10133   -10088   -10061 
  -10049   -10048   -10052   -10062   -10064   -10057   -10052   -10048 
  -10046   -10049   -10054   -10066   -10087   -10116   -10158   -10204 
  -10243   -10273   -10289   -10296   -10301   -10304   -10309   -10324 
  -10338   -10345   -10347   -10349   -10350   -10354   -10358   -10362 
  -10369   -10377   -10377   -10368   -10345   -10312   -10278   -10245 
  -10216   -10208   -10216   -10226   -10242   -10257   -10261   -10265 
  -10273   -10285   -10303   -10316   -10323   -10322   -10308   -10291 
  -10272   -10260   -10255   -10253   -10242   -10227   -10212   -10191 
  -10174   -10162   -10149   -10143   -10147   -10157   -10176   -10204 
  -10234   -10263   -10285   -10296   -10293   -10276   -10250   -10216 
  -10177   -10138   -10104   -10076   -10052   -10038   -10042   -10052 
  -10058   -10065   -10073   -10077   -10080   -10088   -10092   -10093 
  -10100   -10106   -10106   -10102   -10095   -10084   -10069   -10050 
  -10025    -9999    -9976    -9952    -9926    -9909    -9909    -9926 
   -9957    -9992   -10019   -10033   -10033   -10021   -10000    -9984 
   -9971    -9958    -9956    -9968    -9984   -10002   -10021   -10033 
  -10039   -10052   -10072   -10098   -10121   -10139   -10147   -10146 
  -10135   -10121   -10116   -10121   -10131   -10145   -10164   -10187 
  -10214   -10239   -10268   -10293   -10305   -10303   -10287   -10260 
  -10226   -10187   -10152   -10120   -10096   -10081   -10077   -10084 
  -10104   -10129   -10152   -10169   -10177   -10174   -10168   -10154 
  -10145   -10139   -10141   -10152   -10166   -10179   -10185   -10187 
  -10181   -10169   -10158   -10158   -10169   -10193   -10233   -10270 
  -10301   -10322   -10326   -10318   -10304   -10293   -10287   -10288 
  -10301   -10322   -10342   -10361   -10370   -10365   -10345   -10320 
  -10300   -10287   -10285   -10296   -10315   -10329   -10341   -10354 
  -10366   -10378   -10400   -10422   -10438   -10459   -10476   -10484 
  -10496   -10507   -10509   -10513   -10521   -10531   -10535   -10535 
  -10539   -10543   -10546   -10550   -10557   -10559   -10562   -10565 
  -10559   -10547   -10532   -10523   -10517   -10517   -10525   -10537 
  -10551   -10569   -10579   -10589   -10606   -10628   -10646   -10666 
  -10693   -10717   -10744   -10775   -10800   -10813   -10817   -10812 
  -10795   -10773   -10758   -10750   -10746   -10746   -10743   -10737 
  -10729   -10716   -10696   -10674   -10650   -10627   -10611   -10606 
  -10613   -10632   -10659   -10686   -10706   -10714   -10717   -10712 
  -10708   -10708   -10712   -10712   -10704   -10687   -10666   -10654 
  -10655   -10670   -10698   -10733   -10768   -10800   -10825   -10851 
  -10870   -10881   -10887   -10889   -10876   -10854   -10821   -10785 
  -10746   -10709   -10682   -10670   -10667   -10667   -10666   -10666 
  -10663   -10662   -10670   -10682   -10704   -10735   -10759   -10773 
  -10778   -10770   -10754   -10739   -10722   -10709   -10704   -10709 
  -10721   -10725   -10720   -10710   -10689   -10655   -10615   -10578 
  -10554   -10542   -10535   -10531   -10527   -10519   -10507   -10488 
  -10459   -10426   -10393   -10368   -10350   -10336   -10328   -10326 
  -10320   -10312   -10305   -10300   -10296   -10288   -10274   -10260 
  -10242   -10230   -10230   -10245   -10269   -10296   -10314   -10322 
  -10324   -10322   -10315   -10309   -10300   -10285   -10270   -10251 
  -10227   -10201   -10177   -10161   -10154   -10160   -10168   -10187 
  -10216   -10245   -10276   -10312   -10338   -10347   -10343   -10329 
  -10308   -10281   -10250   -10212   -10177   -10141   -10114   -10107 
  -10111   -10123   -10145   -10166   -10187   -10211   -10230   -10241 
  -10246   -10250   -10246   -10228   -10210   -10189   -10170   -10160 
  -10153   -10152   -10158   -10173   -10196   -10218   -10234   -10245 
  -10246   -10243   -10243   -10249   -10260   -10272   -10277   -10276 
  -10263   -10242   -10211   -10177   -10150   -10129   -10114   -10106 
  -10110   -10125   -10149   -10183   -10223   -10257   -10272   -10268 
  -10254   -10237   -10215   -10200   -10199   -10204   -10214   -10224 
  -10238   -10255   -10273   -10295   -10322   -10343   -10359   -10380 
  -10399   -10416   -10434   -10451   -10465   -10471   -10478   -10480 
  -10474   -10466   -10459   -10458   -10459   -10459   -10465   -10477 
  -10486   -10492   -10503   -10520   -10535   -10544   -10557   -10578 
  -10602   -10627   -10654   -10679   -10693   -10692   -10685   -10674 
  -10663   -10656   -10656   -10669   -10686   -10700   -10712   -10717 
  -10714   -10705   -10689   -10674   -10656   -10642   -10632   -10632 
  -10644   -10659   -10670   -10683   -10704   -10720   -10736   -10752 
  -10762   -10766   -10768   -10767   -10764   -10760   -10754   -10743 
  -10728   -10710   -10689   -10673   -10670   -10678   -10694   -10709 
  -10712   -10712   -10719   -10719   -10712   -10708   -10705   -10694 
  -10674   -10651   -10628   -10604   -10580   -10562   -10552   -10551 
  -10557   -10561   -10559   -10558   -10557   -10544   -10525   -10513 
  -10509   -10509   -10513   -10520   -10528   -10532   -10536   -10542 
  -10547   -10557   -10563   -10565   -10561   -10547   -10525   -10501 
  -10481   -10463   -10455   -10449   -10434   -10423   -10412   -10396 
  -10380   -10361   -10341   -10320   -10301   -10284   -10265   -10243 
  -10226   -10204   -10177   -10154   -10141   -10130   -10121   -10121 
  -10123   -10123   -10126   -10135   -10153   -10169   -10177   -10177 
  -10168   -10149   -10134   -10130   -10138   -10152   -10162   -10168 
  -10168   -10164   -10164   -10170   -10183   -10201   -10223   -10241 
  -10251   -10261   -10274   -10289   -10300   -10311   -10319   -10314 
  -10296   -10278   -10257   -10237   -10222   -10212   -10208   -10204 
  -10201   -10216   -10249   -10287   -10324   -10359   -10377   -10369 
  -10350   -10329   -10312   -10301   -10299   -10301   -10303   -10305 
  -10315   -10326   -10339   -10354   -10362   -10368   -10365   -10361 
  -10351   -10339   -10327   -10312   -10295   -10276   -10251   -10226 
  -10200   -10177   -10160   -10147   -10138   -10130   -10121   -10119 
  -10112   -10104   -10102   -10099   -10093   -10091   -10092   -10091 
  -10096   -10114   -10138   -10164   -10189   -10214   -10230   -10237 
  -10233   -10224   -10215   -10204   -10204   -10218   -10237   -10261 
  -10289   -10311   -10322   -10324   -10323   -10315   -10303   -10287 
  -10261   -10227   -10189   -10156   -10125   -10107   -10106   -10107 
  -10111   -10118   -10123   -10130   -10143   -10166   -10196   -10230 
  -10266   -10299   -10320   -10334   -10338   -10336   -10334   -10329 
  -10318   -10307   -10307   -10308   -10315   -10331   -10351   -10366 
  -10377   -10378   -10372   -10362   -10355   -10355   -10366   -10380 
  -10386   -10382   -10369   -10345   -10320   -10300   -10287   -10284 
  -10288   -10288   -10287   -10288   -10292   -10300   -10309   -10312 
  -10309   -10304   -10296   -10287   -10280   -10278   -10278   -10278 
  -10277   -10276   -10274   -10280   -10292   -10305   -10323   -10336 
  -10341   -10341   -10342   -10343   -10343   -10343   -10347   -10357 
  -10369   -10378   -10386   -10389   -10386   -10386   -10389   -10382 
  -10366   -10349   -10331   -10318   -10318   -10327   -10339   -10351 
  -10357   -10353   -10349   -10349   -10354   -10366   -10372   -10369 
  -10359   -10342   -10319   -10303   -10299   -10301   -10316   -10338 
  -10350   -10355   -10357   -10351   -10343   -10335   -10328   -10328 
  -10328   -10326   -10323   -10314   -10301   -10300   -10300   -10300 
  -10307   -10311   -10319   -10332   -10343   -10355   -10362   -10362 
  -10358   -10349   -10334   -10322   -10315   -10314   -10318   -10326 
  -10335   -10339   -10338   -10336   -10335   -10335   -10332   -10329 
  -10327   -10320   -10308   -10299   -10293   -10288   -10291   -10292 
  -10281   -10257   -10224   -10192   -10166   -10150   -10146   -10147 
  -10154   -10166   -10176   -10180   -10187   -10201   -10211   -10218 
  -10222   -10220   -10214   -10204   -10193   -10187   -10181   -10181 
  -10187   -10199   -10218   -10235   -10263   -10303   -10339   -10372 
  -10404   -10424   -10430   -10422   -10412   -10408   -10407   -10409 
  -10419   -10435   -10455   -10473   -10484   -10496   -10509   -10521 
  -10531   -10535   -10534   -10534   -10534   -10537   -10547   -10557 
  -10561   -10561   -10561   -10558   -10557   -10558   -10562   -10567 
  -10575   -10579   -10580   -10580   -10578   -10574   -10569   -10567 
  -10565   -10559   -10555   -10550   -10534   -10514   -10500   -10489 
  -10481   -10476   -10473   -10471   -10471   -10469   -10466   -10469 
  -10474   -10477   -10477   -10471   -10465   -10455   -10446   -10440 
  -10438   -10438   -10438   -10443   -10442   -10438   -10438   -10446 
  -10461   -10478   -10498   -10521   -10547   -10565   -10570   -10569 
  -10569   -10566   -10559   -10558   -10562   -10567   -10574   -10582 
  -10594   -10605   -10613   -10619   -10623   -10625   -10627   -10625 
  -10627   -10636   -10642   -10642   -10638   -10631   -10620   -10609 
  -10593   -10577   -10566   -10554   -10540   -10525   -10507   -10488 
  -10465   -10443   -10432   -10431   -10432   -10438   -10451   -10457 
  -10454   -10450   -10438   -10427   -10427   -10435   -10447   -10463 
  -10476   -10482   -10488   -10494   -10498   -10496   -10496   -10501 
  -10504   -10509   -10524   -10543   -10558   -10565   -10567   -10566 
  -10561   -10555   -10554   -10552   -10561   -10574   -10586   -10597 
  -10606   -10613   -10612   -10605   -10593   -10575   -10558   -10536 
  -10513   -10494   -10482   -10476   -10474   -10474   -10474   -10470 
  -10467   -10473   -10478   -10484   -10484   -10477   -10465   -10446 
  -10424   -10408   -10393   -10378   -10368   -10359   -10354   -10347 
  -10341   -10339   -10331   -10320   -10314   -10309   -10308   -10316 
  -10329   -10341   -10347   -10353   -10354   -10358   -10368   -10374 
  -10380   -10385   -10385   -10381   -10372   -10361   -10354   -10347 
  -10339   -10336   -10336   -10332   -10329   -10327   -10323   -10316 
  -10308   -10301   -10291   -10280   -10274   -10266   -10253   -10241 
  -10233   -10224   -10220   -10215   -10206   -10192   -10183   -10176 
  -10170   -10172   -10181   -10187   -10189   -10193   -10196   -10191 
  -10187   -10189   -10187   -10187   -10187   -10193   -10199   -10210 
  -10216   -10218   -10218   -10215   -10211   -10216   -10228   -10245 
  -10268   -10287   -10296   -10300   -10299   -10299   -10303   -10299 
  -10293   -10291   -10284   -10274   -10273   -10273   -10270   -10272 
  -10278   -10285   -10292   -10296   -10296   -10299   -10301   -10305 
  -10314   -10323   -10334   -10345   -10349   -10351   -10357   -10353 
  -10339   -10323   -10303   -10277   -10253   -10241   -10239   -10238 
  -10245   -10255   -10263   -10269   -10280   -10293   -10303   -10308 
  -10308   -10303   -10295   -10289   -10282   -10278   -10287   -10307 
  -10336   -10376   -10413   -10444   -10466   -10476   -10476   -10469 
  -10459   -10455   -10453   -10444   -10436   -10428   -10415   -10403 
  -10400   -10401   -10404   -10409   -10415   -10420   -10423   -10423 
  -10424   -10423   -10417   -10408   -10401   -10399   -10400   -10405 
  -10415   -10424   -10434   -10438   -10440   -10438   -10432   -10426 
  -10419   -10411   -10405   -10412   -10428   -10443   -10457   -10474 
  -10492   -10503   -10504   -10501   -10490   -10473   -10455   -10443 
  -10435   -10431   -10431   -10435   -10440   -10449   -10454   -10467 
  -10488   -10504   -10521   -10536   -10543   -10544   -10550   -10547 
  -10540   -10542   -10544   -10543   -10547   -10552   -10547   -10543 
  -10537   -10524   -10508   -10501   -10488   -10469   -10458   -10447 
  -10430   -10408   -10384   -10365   -10358   -10359   -10366   -10380 
  -10397   -10408   -10416   -10424   -10424   -10417   -10415   -10415 
  -10412   -10408   -10403   -10397   -10397   -10408   -10422   -10435 
  -10450   -10463   -10470   -10471   -10467   -10459   -10449   -10435 
  -10420   -10404   -10386   -10372   -10355   -10342   -10339   -10345 
  -10351   -10359   -10370   -10380   -10389   -10399   -10404   -10405 
  -10405   -10403   -10401   -10405   -10405   -10411   -10422   -10432 
  -10440   -10446   -10449   -10444   -10438   -10435   -10434   -10434 
  -10440   -10455   -10469   -10480   -10486   -10489   -10497   -10504 
  -10512   -10517   -10525   -10531   -10531   -10527   -10524   -10523 
  -10523   -10525   -10534   -10543   -10554   -10571   -10590   -10604 
  -10609   -10608   -10604   -10601   -10602   -10609   -10615   -10616 
  -10620   -10623   -10621   -10616   -10613   -10605   -10588   -10570 
  -10559   -10554   -10540   -10527   -10513   -10489   -10465   -10446 
  -10424   -10405   -10400   -10403   -10404   -10409   -10424   -10436 
  -10444   -10446   -10444   -10438   -10430   -10420   -10415   -10409 
  -10401   -10392   -10382   -10370   -10351   -10331   -10308   -10289 
  -10273   -10260   -10257   -10263   -10272   -10281   -10299   -10312 
  -10318   -10315   -10305   -10296   -10284   -10273   -10266   -10260 
  -10257   -10257   -10254   -10253   -10255   -10255   -10254   -10260 
  -10268   -10273   -10278   -10281   -10281   -10285   -10291   -10293 
  -10293   -10291   -10280   -10262   -10242   -10220   -10201   -10184 
  -10174   -10170   -10166   -10166   -10174   -10183   -10193   -10207 
  -10214   -10215   -10207   -10192   -10176   -10158   -10142   -10127 
  -10115   -10100   -10084   -10073   -10066   -10066   -10075   -10088 
  -10110   -10130   -10147   -10162   -10172   -10179   -10181   -10172 
  -10158   -10156   -10161   -10170   -10185   -10196   -10199   -10196 
  -10187   -10183   -10187   -10192   -10207   -10237   -10261   -10278 
  -10299   -10319   -10335   -10349   -10362   -10378   -10395   -10413 
  -10431   -10451   -10469   -10477   -10480   -10481   -10476   -10467 
  -10470   -10478   -10484   -10485   -10492   -10500   -10509   -10520 
  -10540   -10566   -10585   -10601   -10612   -10616   -10617   -10616 
  -10612   -10609   -10600   -10586   -10575   -10566   -10557   -10552 
  -10551   -10559   -10570   -10578   -10585   -10588   -10582   -10570 
  -10554   -10534   -10511   -10492   -10473   -10453   -10440   -10427 
  -10412   -10405   -10405   -10403   -10401   -10408   -10409   -10405 
  -10400   -10390   -10381   -10372   -10362   -10355   -10349   -10342 
  -10338   -10336   -10339   -10351   -10359   -10358   -10353   -10338 
  -10315   -10296   -10280   -10263   -10255   -10250   -10243   -10237 
  -10230   -10230   -10235   -10238   -10238   -10237   -10230   -10224 
  -10215   -10204   -10197   -10193   -10192   -10184   -10169   -10152 
  -10138   -10129   -10123   -10123   -10133   -10141   -10146   -10154 
  -10160   -10158   -10154   -10153   -10153   -10147   -10139   -10134 
  -10120   -10104   -10096   -10087   -10076   -10071   -10072   -10073 
  -10083   -10102   -10125   -10145   -10162   -10181   -10187   -10187 
  -10193   -10199   -10199   -10201   -10208   -10207   -10206   -10210 
  -10216   -10227   -10241   -10251   -10258   -10260   -10253   -10241 
  -10226   -10211   -10199   -10192   -10185   -10181   -10183   -10184 
  -10187   -10191   -10195   -10204   -10214   -10215   -10216   -10224 
  -10228   -10226   -10224   -10226   -10226   -10224   -10223   -10227 
  -10228   -10230   -10243   -10257   -10270   -10289   -10307   -10316 
  -10323   -10323   -10319   -10312   -10304   -10300   -10296   -10296 
  -10296   -10296   -10301   -10314   -10328   -10339   -10350   -10353 
  -10351   -10346   -10338   -10334   -10331   -10324   -10320   -10318 
  -10309   -10304   -10303   -10309   -10328   -10353   -10372   -10386 
  -10401   -10417   -10427   -10434   -10443   -10453   -10449   -10435 
  -10423   -10412   -10404   -10401   -10405   -10411   -10422   -10430 
  -10438   -10446   -10444   -10440   -10443   -10447   -10450   -10458 
  -10466   -10469   -10469   -10465   -10459   -10455   -10457   -10467 
  -10484   -10497   -10509   -10519   -10525   -10534   -10537   -10537 
  -10542   -10552   -10559   -10562   -10570   -10579   -10584   -10588 
  -10589   -10586   -10582   -10573   -10563   -10557   -10554   -10551 
  -10547   -10550   -10551   -10546   -10542   -10534   -10520   -10504 
  -10493   -10480   -10466   -10462   -10466   -10470   -10471   -10473 
  -10466   -10455   -10447   -10438   -10428   -10419   -10413   -10411 
  -10409   -10411   -10415   -10420   -10423   -10424   -10426   -10427 
  -10424   -10417   -10411   -10407   -10403   -10396   -10386   -10384 
  -10381   -10370   -10359   -10351   -10342   -10338   -10338   -10336 
  -10335   -10336   -10329   -10320   -10311   -10296   -10280   -10266 
  -10258   -10260   -10268   -10278   -10295   -10311   -10316   -10319 
  -10324   -10324   -10316   -10307   -10296   -10292   -10291   -10289 
  -10292   -10292   -10285   -10281   -10278   -10276   -10269   -10263 
  -10261   -10254   -10245   -10239   -10230   -10222   -10218   -10220 
  -10226   -10233   -10243   -10262   -10278   -10292   -10303   -10312 
  -10320   -10324   -10328   -10335   -10339   -10338   -10336   -10335 
  -10331   -10331   -10334   -10336   -10342   -10350   -10357   -10366 
  -10372   -10377   -10378   -10374   -10370   -10366   -10355   -10342 
  -10332   -10326   -10319   -10315   -10314   -10314   -10324   -10338 
  -10351   -10369   -10388   -10403   -10416   -10423   -10423   -10424 
  -10426   -10426   -10424   -10426   -10428   -10434   -10443   -10453 
  -10467   -10486   -10507   -10528   -10547   -10551   -10546   -10543 
  -10539   -10528   -10516   -10509   -10507   -10504   -10511   -10517 
  -10525   -10535   -10540   -10544   -10547   -10551   -10561   -10577 
  -10596   -10616   -10635   -10646   -10652   -10654   -10648   -10633 
  -10616   -10598   -10570   -10543   -10527   -10519   -10514   -10514 
  -10513   -10507   -10500   -10496   -10493   -10493   -10496   -10498 
  -10500   -10501   -10503   -10498   -10492   -10490   -10490   -10488 
  -10488   -10485   -10478   -10474   -10476   -10480   -10481   -10485 
  -10497   -10509   -10516   -10527   -10535   -10540   -10542   -10536 
  -10528   -10523   -10514   -10504   -10498   -10493   -10488   -10488 
  -10488   -10484   -10480   -10480   -10481   -10482   -10480   -10477 
  -10474   -10473   -10471   -10467   -10458   -10450   -10440   -10428 
  -10420   -10419   -10423   -10427   -10432   -10438   -10443   -10438 
  -10436   -10432   -10423   -10417   -10412   -10397   -10382   -10372 
  -10359   -10353   -10351   -10349   -10354   -10358   -10355   -10354 
  -10353   -10349   -10345   -10345   -10345   -10343   -10345   -10345 
  -10341   -10334   -10331   -10334   -10338   -10345   -10349   -10347 
  -10342   -10329   -10314   -10296   -10287   -10280   -10280   -10281 
  -10284   -10295   -10307   -10311   -10312   -10316   -10318   -10315 
  -10316   -10322   -10331   -10345   -10357   -10366   -10372   -10374 
  -10378   -10378   -10372   -10369   -10368   -10369   -10365   -10361 
  -10362   -10362   -10362   -10369   -10377   -10380   -10377   -10366 
  -10354   -10346   -10338   -10332   -10335   -10341   -10345   -10346 
  -10349   -10357   -10362   -10372   -10385   -10400   -10412   -10422 
  -10430   -10432   -10431   -10434   -10438   -10440   -10440   -10438 
  -10435   -10434   -10431   -10432   -10450   -10470   -10489   -10513 
  -10531   -10539   -10543   -10544   -10547   -10552   -10555   -10558 
  -10559   -10561   -10563   -10566   -10569   -10577   -10593   -10608 
  -10619   -10627   -10631   -10632   -10631   -10632   -10639   -10650 
  -10663   -10678   -10692   -10708   -10725   -10737   -10748   -10755 
  -10759   -10755   -10755   -10758   -10754   -10752   -10754   -10752 
  -10746   -10740   -10737   -10732   -10725   -10724   -10727   -10732 
  -10743   -10752   -10754   -10751   -10744   -10733   -10724   -10717 
  -10712   -10704   -10698   -10686   -10670   -10654   -10639   -10629 
  -10627   -10628   -10629   -10628   -10628   -10631   -10631   -10629 
  -10628   -10629   -10631   -10628   -10620   -10608   -10593   -10585 
  -10580   -10578   -10578   -10579   -10585   -10593   -10600   -10600 
  -10598   -10597   -10593   -10586   -10582   -10580   -10579   -10577 
  -10575   -10573   -10570   -10569   -10571   -10575   -10580   -10586 
  -10592   -10597   -10601   -10604   -10605   -10600   -10590   -10584 
  -10577   -10565   -10552   -10544   -10539   -10532   -10525   -10520 
  -10516   -10513   -10511   -10504   -10501   -10497   -10492   -10481 
  -10469   -10457   -10443   -10431   -10423   -10417   -10415   -10411 
  -10409   -10407   -10404   -10403   -10399   -10397   -10401   -10403 
  -10407   -10411   -10404   -10393   -10382   -10362   -10341   -10331 
  -10323   -10312   -10305   -10300   -10287   -10272   -10258   -10239 
  -10222   -10212   -10200   -10187   -10176   -10160   -10143   -10130 
  -10119   -10116   -10107   -10095   -10093   -10093   -10088   -10091 
  -10100   -10110   -10120   -10127   -10130   -10129   -10120   -10111 
  -10099   -10087   -10081   -10079   -10076   -10075   -10068   -10064 
  -10061   -10054   -10050   -10048   -10041   -10037   -10035   -10034 
  -10035   -10034   -10031   -10031   -10030   -10030   -10035   -10039 
  -10042   -10039   -10035   -10030 
