Origin Time       2016/04/16 01:25:00
Lat.              32.753
Long.             130.762
Depth. (km)       12
Mag.              7.3
Station Code      OKY008
Station Lat.      34.8701
Station Long.     133.9036
Station Height(m) 62
Record Time       2016/04/16 01:26:53
Sampling Freq(Hz) 100Hz
Duration Time(s)  65
Dir.              E-W
Scale Factor      7845(gal)/8223790
Max. Acc. (gal)   1.936
Last Correction   2016/04/16 01:26:54
Memo.             
     602      646      684      683      654      629      600      575 
     566      566      579      615      642      656      676      685 
     662      630      592      546      514      488      472      492 
     530      549      566      583      573      553      532      506 
     491      484      473      464      449      414      379      349 
     309      292      314      344      370      413      464      521 
     565      583      598      616      603      568      542      511 
     480      468      457      456      491      537      552      553 
     565      550      511      484      459      422      399      387 
     368      364      392      429      471      529      585      623 
     645      643      621      604      598      579      566      585 
     618      633      639      635      592      518      449      390 
     352      351      369      411      486      544      564      564 
     540      492      446      391      329      306      311      322 
     360      407      434      459      469      454      456      463 
     441      441      475      498      513      538      553      553 
     553      553      553      584      629      656      673      685 
     676      641      585      529      492      473      461      461 
     487      515      530      542      544      523      495      469 
     436      407      392      380      382      409      440      472 
     514      532      523      529      537      522      519      545 
     562      583      629      664      680      691      669      599 
     518      444      373      325      317      338      367      394 
     410      418      432      440      429      417      421      421 
     411      419      446      469      484      495      500      499 
     495      498      513      532      556      588      607      600 
     576      529      469      415      356      315      332      375 
     407      444      464      427      373      340      302      280 
     319      395      475      575      679      735      757      761 
     712      629      552      473      400      372      373      391 
     432      464      464      467      464      442      422      403 
     370      355      352      336      321      322      325      336 
     359      370      375      378      365      352      349      338 
     336      360      392      422      450      468      475      477 
     464      444      430      434      453      475      506      544 
     568      585      596      579      550      526      502      477 
     473      484      499      510      521      532      538      532 
     530      529      522      521      532      535      525      529 
     538      532      537      542      513      471      445      414 
     391      400      419      432      444      449      445      427 
     388      356      330      292      263      249      233      224 
     222      222      233      253      263      279      319      363 
     400      444      483      508      530      549      546      526 
     500      457      399      356      328      306      302      317 
     336      364      411      444      451      479      522      546 
     561      588      618      660      715      769      819      880 
     922      932      939      931      888      830      773      711 
     646      588      540      499      476      464      454      450 
     457      483      530      581      627      677      727      764 
     792      805      797      762      710      652      596      530 
     461      414      383      355      328      314      305      303 
     325      344      344      351      352      325      295      279 
     253      233      236      240      255      294      311      302 
     299      271      220      201      203      217      266      326 
     376      445      487      473      468      464      422      383 
     376      352      334      355      376      395      436      464 
     464      479      515      550      592      639      673      697 
     700      665      604      538      471      396      321      259 
     224      194      172      183      217      257      318      394 
     464      537      598      629      637      639      642      641 
     633      612      577      556      533      483      436      407 
     353      295      283      299      319      369      437      498 
     553      591      591      576      558      518      464      430 
     419      405      395      409      425      422      414      409 
     395      376      370      386      413      444      496      553 
     599      662      741      797      843      886      905      916 
     924      911      877      846      816      777      749      745 
     751      767      789      807      824      835      823      787 
     737      688      642      604      591      598      618      653 
     692      711      707      673      614      549      487      430 
     383      349      336      356      395      449      518      572 
     602      635      670      691      718      754      769      770 
     770      746      706      665      600      526      486      459 
     422      394      378      359      351      338      317      313 
     310      287      270      259      236      207      184      151 
     108       83       72       62       78      126      175      224 
     287      328      334      318      283      228      170      126 
     120      157      217      299      413      518      589      648 
     684      670      627      579      529      486      460      446 
     444      448      445      436      409      367      328      284 
     241      224      224      234      259      278      289      333 
     379      398      432      484      511      530      552      535 
     491      436      365      303      279      287      309      356 
     432      506      561      602      615      604      591      575 
     553      552      560      558      565      599      638      660 
     673      699      723      733      743      764      777      778 
     783      781      754      720      695      670      653      650 
     641      625      610      579      537      519      515      508 
     526      562      591      618      641      643      639      626 
     594      561      537      506      487      493      515      540 
     565      577      584      596      598      581      575      572 
     565      575      599      618      630      630      604      571 
     544      506      469      467      472      475      495      508 
     491      468      444      400      349      291      222      163 
     128      109       99      105      122      148      170      193 
     225      252      263      282      307      315      324      344 
     361      375      391      399      399      407      422      437 
     464      511      542      558      583      603      602      587 
     553      500      459      437      411      405      438      484 
     523      561      592      600      592      579      556      517 
     479      446      425      437      467      476      491      522 
     531      523      525      510      481      479      481      480 
     492      499      484      488      508      517      529      558 
     596      631      660      680      692      700      714      724 
     733      739      734      715      695      661      627      598 
     552      506      472      419      369      352      329      310 
     325      336      319      309      298      270      265      287 
     301      324      378      440      510      598      680      737 
     784      818      822      800      753      692      645      606 
     571      564      587      603      626      673      708      720 
     724      714      693      692      692      689      719      762 
     793      842      899      929      934      920      877      823 
     780      741      711      712      735      761      795      827 
     849      859      859      837      787      722      660      618 
     588      573      577      579      569      576      585      557 
     519      491      441      387      356      321      289      291 
     297      302      334      365      370      383      400      396 
     383      380      378      372      368      372      382      383 
     382      386      386      375      368      360      342      321 
     301      282      276      292      318      352      398      442 
     477      499      506      500      488      484      477      460 
     446      433      413      394      382      379      411      464 
     503      550      615      653      661      669      675      679 
     684      680      675      677      669      645      630      623 
     614      608      612      621      629      631      630      641 
     654      656      658      673      693      710      731      754 
     760      750      734      699      648      599      564      556 
     562      569      585      611      629      634      622      594 
     556      510      476      468      481      518      572      618 
     656      695      715      712      697      677      658      656 
     652      626      603      588      552      506      483      471 
     464      480      506      538      571      595      600      589 
     572      533      468      415      391      370      360      382 
     413      422      418      400      359      310      271      240 
     230      251      278      311      365      422      464      506 
     552      579      588      599      603      588      568      538 
     504      469      427      383      351      315      270      229 
     202      170      139      129      144      168      207      268 
     330      375      402      414      423      418      394      379 
     375      367      379      418      459      506      566      616 
     664      700      699      681      665      631      599      598 
     603      616      656      702      734      764      778      776 
     772      766      750      730      704      666      635      616 
     588      571      584      604      623      646      657      658 
     657      639      614      611      623      639      679      730 
     772      811      842      853      862      864      849      827 
     812      795      772      750      731      711      700      700 
     706      722      745      758      761      753      735      712 
     688      664      638      608      562      506      442      379 
     326      284      252      244      255      270      286      292 
     276      248      217      183      159      155      189      263 
     356      444      533      612      657      680      693      691 
     676      649      629      631      637      630      621      604 
     562      508      454      419      405      407      432      477 
     529      569      588      571      526      473      410      341 
     292      259      238      253      299      336      373      421 
     445      457      483      493      477      469      476      481 
     499      540      594      649      699      728      741      738 
     724      700      669      650      645      639      642      661 
     675      681      692      702      711      715      702      683 
     664      635      614      614      629      653      684      712 
     739      766      777      754      700      627      553      472 
     386      326      306      298      292      306      328      334 
     325      307      286      268      259      256      274      307 
     336      357      375      370      338      295      249      201 
     166      148      151      178      225      287      364      437 
     495      550      616      662      672      684      714      707 
     666      637      615      589      569      562      564      575 
     585      604      639      661      664      666      646      607 
     577      540      499      486      490      488      490      483 
     450      407      361      324      310      305      298      315 
     342      351      367      392      383      348      301      241 
     186      141       94       59       47       27       17       44 
      74      101      156      218      257      294      340      365 
     367      363      361      359      342      332      344      367 
     396      430      457      468      461      434      396      370 
     361      368      382      390      392      376      337      298 
     259      202      140       85       54       55       78      101 
     118      139      148      133      101       65       40       31 
      32       56       94      124      149      187      225      261 
     299      328      352      383      413      425      427      419 
     411      419      430      422      403      387      363      322 
     282      249      222      205      195      176      157      139 
     110       89       85       79       67       55       39       16 
     -13      -41      -64      -90     -108     -103      -95      -93 
     -81      -64      -59      -55      -37      -27      -11       27 
      82      143      212      275      336      402      432      425 
     421      413      399      403      419      432      441      440 
     425      406      380      348      329      341      372      410 
     463      515      552      584      607      621      625      612 
     611      634      652      676      722      756      780      819 
     854      880      913      938      954      993     1047     1105 
    1173     1240     1285     1298     1289     1266     1213     1146 
    1101     1065     1036     1039     1065     1096     1120     1140 
    1162     1167     1150     1129     1107     1080     1067     1077 
    1100     1128     1154     1181     1216     1254     1290     1328 
    1356     1383     1428     1472     1507     1554     1595     1597 
    1578     1551     1505     1462     1437     1425     1426     1447 
    1471     1490     1502     1516     1516     1498     1468     1428 
    1386     1366     1366     1378     1402     1431     1452     1476 
    1507     1514     1487     1457     1424     1366     1301     1242 
    1179     1133     1107     1090     1097     1119     1143     1182 
    1230     1267     1282     1291     1308     1345     1389     1440 
    1513     1587     1644     1698     1760     1814     1857     1895 
    1915     1911     1884     1833     1763     1683     1599     1520 
    1449     1386     1328     1281     1240     1198     1159     1116 
    1070     1035     1016     1003     1000     1009     1021     1017 
    1000      982      949      888      826      777      727      679 
     638      606      584      571      546      530      529      513 
     488      480      473      464      464      463      456      449 
     429      396      360      314      253      203      172      133 
      95       72       49       28        1      -49      -93     -139 
    -212     -270     -310     -370     -427     -477     -549     -611 
    -652     -699     -735     -738     -750     -766     -749     -722 
    -712     -689     -658     -631     -579     -519     -461     -361 
    -233     -106       28      156      253      326      368      380 
     400      421      399      423      514      503      456      529 
     572      526      519      523      519      521      486      457 
     454      449      472      511      557      641      735      808 
     858      877      868      823      745      660      592      538 
     515      523      562      623      688      764      843      897 
     911      897      874      845      785      715      672      638 
     611      596      594      612      641      665      689      691 
     673      656      625      588      565      548      530      521 
     510      475      429      382      317      234      162       91 
      20      -25      -47      -47       -9       45      118      210 
     297      376      457      522      579      635      680      712 
     728      735      739      715      677      648      614      575 
     533      484      427      370      301      209      122       37 
     -58     -144     -220     -284     -319     -322     -305     -265 
    -220     -178     -144     -129     -125     -133     -153     -171 
    -187     -202     -190     -156     -129     -105      -79      -87 
    -109     -124     -176     -259     -325     -392     -459     -480 
    -472     -449     -390     -334     -309     -268     -221     -193 
    -156      -95      -18       75      184      302      434      569 
     681      788      884      940      967      972      942      909 
     882      835      787      764      743      722      719      715 
     707      720      751      776      819      882      936      993 
    1059     1136     1229     1334     1440     1547     1649     1737 
    1796     1830     1852     1852     1838     1822     1821     1838 
    1869     1892     1899     1887     1846     1780     1696     1599 
    1509     1431     1351     1290     1262     1228     1177     1128 
    1073      996      935      908      885      877      884      872 
     851      820      737      633      546      453      379      356 
     357      382      440      493      533      585      623      627 
     633      656      675      699      735      770      803      815 
     788      731      654      553      468      425      421      457 
     526      598      656      696      704      668      599      500 
     378      246      128       32      -47     -105     -126     -121 
    -110      -85      -20       60      144      255      380      499 
     623      751      872      996     1115     1210     1320     1453 
    1575     1684     1790     1861     1898     1907     1894     1873 
    1845     1804     1769     1740     1703     1669     1638     1595 
    1561     1548     1543     1545     1553     1563     1570     1568 
    1561     1575     1590     1588     1593     1605     1595     1571 
    1533     1471     1398     1331     1275     1235     1206     1197 
    1216     1246     1266     1282     1286     1259     1212     1161 
    1094     1024      967      918      884      886      903      934 
     990     1043     1086     1131     1163     1175     1173     1154 
    1133     1107     1071     1044     1017      981      946      899 
     826      753      683      600      521      440      344      244 
     129       11      -68     -118     -153     -139      -74        5 
      91      171      224      237      224      195      148       95 
      63       49       60       86      114      149      171      166 
     153      121       64       28        9      -31      -70      -94 
    -144     -194     -220     -259     -263     -211     -159      -63 
      87      212      311      415      477      479      459      460 
     506      575      637      715      799      873      957     1009 
    1012     1023     1031     1004      992     1008     1024     1060 
    1113     1151     1185     1224     1244     1247     1228     1169 
    1100     1047      986      951      985     1042     1105     1198 
    1297     1378     1440     1456     1445     1435     1404     1347 
    1291     1237     1185     1155     1152     1151     1140     1142 
    1166     1190     1204     1217     1235     1240     1236     1232 
    1209     1155     1105     1062     1003      949      896      845 
     818      795      772      761      730      685      642      583 
     522      486      451      430      437      457      496      548 
     584      607      623      600      526      444      348      233 
     140       93       76       83       81       58       39       -9 
    -112     -232     -344     -461     -557     -610     -626     -602 
    -548     -480     -387     -284     -202     -143      -99      -81 
     -87     -105     -136     -176     -203     -222     -225     -197 
    -159     -124      -71      -21        2       17       22        9 
     -16      -45      -68      -72      -64      -70      -74      -64 
     -70      -83      -79      -78      -95     -116     -147     -207 
    -297     -417     -556     -691     -815     -927    -1009    -1060 
   -1102    -1128    -1125    -1119    -1117    -1120    -1151    -1197 
   -1239    -1285    -1325    -1329    -1291    -1230    -1156    -1062 
    -962     -872     -780     -688     -599     -518     -451     -383 
    -299     -205      -87       43      191      369      530      668 
     819      946     1015     1051     1058     1016      934      827 
     702      566      440      329      234      147       39      -93 
    -222     -346     -468     -568     -641     -681     -679     -631 
    -557     -475     -396     -342     -333     -367     -441     -556 
    -689     -827     -949    -1017    -1039    -1026     -969     -896 
    -842     -811     -805     -828     -859     -873     -853     -801 
    -723     -616     -486     -348     -217      -94       18      103 
     147      170      174      152      125      103       75       40 
       4      -23      -51      -78     -102     -122     -148     -184 
    -224     -261     -302     -351     -407     -464     -522     -562 
    -577     -577     -560     -511     -448     -394     -344     -289 
    -245     -216     -182     -151     -136     -117      -86      -70 
     -54      -18        4       -2      -11      -17      -47      -98 
    -143     -178     -225     -283     -328     -370     -434     -514 
    -600     -695     -795     -886     -965    -1021    -1058    -1094 
   -1123    -1133    -1163    -1209    -1237    -1267    -1306    -1324 
   -1318    -1285    -1217    -1136    -1039     -903     -762     -639 
    -523     -434     -388     -357     -341     -346     -348     -342 
    -344     -333     -303     -265     -218     -167     -116      -60 
      -9       20       36       37        8      -40      -93     -155 
    -207     -243     -295     -370     -437     -513     -619     -722 
    -797     -859     -897     -885     -838     -784     -722     -662 
    -618     -579     -545     -532     -522     -506     -513     -525 
    -518     -518     -529     -522     -506     -496     -461     -411 
    -367     -315     -266     -229     -207     -225     -286     -378 
    -506     -662     -819     -954    -1042    -1078    -1057     -986 
    -884     -773     -681     -606     -535     -500     -483     -448 
    -409     -373     -318     -261     -211     -167     -136     -129 
    -137     -152     -184     -228     -253     -280     -309     -310 
    -307     -303     -263     -230     -214     -182     -147     -121 
     -99      -99     -131     -176     -224     -288     -353     -386 
    -390     -361     -287     -186      -75       32      112      167 
     220      259      278      292      313      329      342      364 
     386      406      438      456      449      438      398      318 
     232      129       21      -62     -135     -190     -205     -194 
    -182     -157     -121      -87      -62      -43      -29      -18 
     -10        2       25       41       45       41       23      -10 
     -59     -114     -174     -229     -259     -261     -237     -171 
     -54       81      203      306      383      422      423      406 
     399      410      448      526      645      774      895     1007 
    1098     1144     1144     1111     1047      978      918      866 
     835      826      835      864      900      936      974     1013 
    1051     1092     1133     1171     1205     1233     1244     1237 
    1230     1224     1208     1185     1159     1116     1053      994 
     954      915      880      864      872      901      947      990 
    1031     1053     1031      984      932      864      789      730 
     677      645      643      656      681      730      796      864 
     922      974     1020     1053     1070     1080     1093     1107 
    1117     1132     1148     1151     1136     1107     1060      986 
     889      797      733      696      702      727      758      810 
     851      884      929      953      943      932      924      913 
     903      886      868      846      818      780      751      737 
     719      702      693      675      643      592      513      422 
     314      194       93       18      -27      -36      -17       27 
      89      149      203      257      319      391      461      535 
     618      697      778      853      913      980     1038     1080 
    1136     1198     1235     1255     1264     1254     1224     1175 
    1109     1055     1021      982      949      939      932      935 
     959      984      999     1026     1053     1059     1051     1036 
     999      946      909      889      862      842      837      835 
     849      864      854      834      811      776      745      733 
     739      756      795      880      985     1069     1154     1224 
    1246     1259     1267     1237     1200     1177     1156     1135 
    1123     1131     1143     1133     1132     1144     1140     1124 
    1101     1062      997      889      780      695      614      557 
     545      548      560      596      637      675      704      718 
     704      676      653      619      572      548      546      550 
     564      600      645      677      710      749      772      793 
     816      823      832      854      881      931     1008     1090 
    1177     1271     1360     1422     1470     1520     1551     1549 
    1540     1532     1514     1499     1502     1513     1532     1575 
    1611     1636     1683     1726     1753     1783     1796     1796 
    1799     1791     1784     1806     1852     1911     1985     2074 
    2178     2280     2367     2439     2500     2535     2531     2515 
    2500     2461     2413     2378     2334     2281     2235     2191 
    2147     2110     2072     2043     2026     2006     1989     1979 
    1961     1930     1911     1911     1919     1935     1960     1979 
    1985     1968     1927     1873     1791     1688     1598     1524 
    1462     1417     1370     1327     1305     1281     1236     1200 
    1173     1140     1115     1107     1129     1170     1200     1224 
    1263     1304     1337     1370     1405     1443     1476     1495 
    1505     1518     1522     1507     1491     1478     1451     1416 
    1383     1358     1328     1304     1294     1300     1308     1297 
    1282     1294     1298     1289     1291     1289     1269     1248 
    1216     1169     1133     1112     1089     1071     1081     1096 
    1100     1116     1136     1140     1150     1162     1165     1185 
    1220     1246     1278     1310     1321     1316     1301     1263 
    1202     1121     1030      955      896      842      828      866 
     920      982     1074     1182     1289     1390     1478     1556 
    1618     1660     1702     1749     1791     1842     1917     1988 
    2042     2076     2072     2022     1946     1848     1742     1663 
    1603     1554     1547     1579     1615     1653     1701     1732 
    1738     1738     1736     1729     1738     1771     1810     1848 
    1875     1885     1885     1881     1865     1841     1831     1841 
    1845     1844     1856     1865     1864     1872     1895     1914 
    1922     1927     1929     1930     1944     1948     1944     1953 
    1958     1954     1969     1996     2020     2047     2068     2073 
    2068     2053     2034     2008     1966     1921     1863     1788 
    1702     1599     1486     1374     1269     1166     1077     1020 
     987      976      984     1009     1053     1101     1125     1129 
    1125     1097     1039      978      927      892      888      907 
     934      958      976      969      936      882      818      765 
     734      728      750      788      831      876      909      926 
     931      926      903      869      843      835      834      841 
     859      881      903      905      896      885      855      808 
     776      747      699      652      614      560      498      436 
     368      303      255      230      230      251      292      351 
     403      449      491      510      510      513      525      552 
     598      652      704      758      807      831      845      862 
     841      778      715      641      542      445      352      256 
     183      137      110      106      106       83       45       18 
      -8      -51      -89     -101     -102      -90      -49       -4 
      21       47       87      110      109       91       51        5 
     -21      -49      -82      -81      -47      -22        5       51 
      93      124      153      184      212      241      266      279 
     282      299      313      297      282      274      259      251 
     243      222      203      174      120       64        8      -68 
    -144     -198     -251     -314     -375     -429     -487     -549 
    -603     -650     -696     -720     -737     -774     -812     -838 
    -864     -885     -900     -915     -918     -913     -913     -897 
    -862     -835     -811     -783     -774     -770     -751     -750 
    -757     -735     -707     -684     -643     -591     -538     -487 
    -451     -432     -406     -392     -409     -425     -430     -445 
    -469     -491     -514     -523     -508     -499     -490     -457 
    -438     -442     -441     -461     -506     -549     -600     -649 
    -664     -648     -618     -577     -530     -492     -476     -472 
    -480     -513     -545     -561     -569     -558     -515     -454 
    -387     -321     -278     -252     -238     -241     -255     -268 
    -288     -321     -364     -403     -437     -468     -498     -522 
    -529     -526     -522     -521     -532     -558     -588     -616 
    -645     -657     -643     -612     -564     -493     -422     -369 
    -334     -314     -314     -329     -340     -342     -348     -338 
    -311     -288     -271     -259     -255     -244     -228     -221 
    -222     -220     -229     -249     -263     -279     -303     -315 
    -326     -355     -376     -388     -418     -442     -442     -448 
    -453     -430     -402     -386     -356     -321     -303     -287 
    -291     -328     -357     -379     -413     -425     -403     -372 
    -333     -292     -275     -282     -302     -334     -375     -407 
    -434     -457     -460     -445     -430     -419     -411     -407 
    -403     -391     -378     -373     -376     -373     -353     -318 
    -279     -236     -195     -163     -126      -90      -65      -45 
     -18       20       67      122      187      249      297      317 
     317      314      307      284      252      221      183      129 
      78       35        5      -11      -17      -28      -37      -43 
     -70     -118     -159     -193     -228     -244     -244     -243 
    -222     -180     -149     -133     -117     -108     -121     -144 
    -166     -193     -210     -214     -211     -190     -135      -68 
     -22       25       97      164      217      278      348      418 
     480      529      561      568      550      519      480      451 
     434      414      413      434      442      436      438      433 
     409      394      392      398      417      448      475      493 
     502      486      445      391      338      299      274      263 
     280      305      317      332      341      325      298      274 
     243      210      190      178      178      198      222      246 
     270      284      298      315      333      351      372      399 
     432      456      453      448      450      441      423      421 
     434      460      496      540      591      642      680      704 
     714      710      700      688      685      696      722      750 
     770      791      805      791      762      734      696      670 
     662      669      708      760      788      819      846      824 
     783      750      692      619      579      565      564      589 
     629      653      676      691      685      677      669      641 
     608      598      594      584      585      599      615      649 
     700      754      812      859      884      905      918      901 
     888      892      892      900      923      939      962      987 
     963      915      890      851      777      719      676      633 
     614      612      608      610      610      588      566      550 
     514      473      450      410      353      328      303      249 
     216      202      172      167      201      228      268      338 
     387      415      454      476      475      476      464      448 
     449      427      383      372      378      368      364      353 
     329      315      310      298      297      311      328      344 
     369      402      436      464      486      517      558      598 
     641      697      749      789      824      849      870      912 
     965     1016     1084     1158     1227     1291     1345     1386 
    1422     1452     1471     1490     1513     1520     1503     1487 
    1475     1463     1455     1444     1431     1413     1394     1377 
    1341     1291     1248     1201     1151     1112     1081     1065 
    1060     1065     1078     1089     1085     1065     1044     1028 
    1020     1013     1012     1020     1026     1021     1015      997 
     961      919      884      849      822      808      799      795 
     799      799      796      793      792      800      830      864 
     896      938      984     1020     1047     1065     1075     1080 
    1078     1070     1055     1039     1034     1038     1046     1053 
    1067     1086     1101     1109     1112     1113     1111     1104 
    1098     1098     1090     1085     1098     1121     1139     1159 
    1194     1221     1239     1266     1285     1289     1304     1318 
    1324     1340     1352     1351     1363     1381     1378     1385 
    1405     1412     1402     1401     1405     1401     1394     1381 
    1360     1344     1340     1343     1348     1356     1360     1344 
    1321     1306     1277     1229     1194     1161     1116     1080 
    1043      993      947      907      864      826      784      728 
     672      618      566      533      511      488      476      472 
     464      450      437      425      413      395      387      386 
     383      383      387      402      418      414      402      402 
     396      383      373      364      338      311      295      278 
     255      230      202      171      143      118      103      101 
      97       90      102      112      106      103      112      108 
      93       81       62       37        4      -49     -105     -151 
    -207     -259     -280     -284     -294     -295     -284     -279 
    -275     -270     -280     -295     -298     -302     -314     -315 
    -305     -289     -266     -237     -216     -202     -198     -212 
    -248     -291     -344     -396     -438     -471     -490     -492 
    -479     -448     -419     -399     -364     -326     -314     -306 
    -287     -280     -274     -248     -222     -195     -159     -135 
    -129     -128     -133     -155     -178     -187     -201     -225 
    -241     -248     -259     -263     -274     -288     -287     -272 
    -263     -236     -187     -141     -108      -79      -51      -22 
      -9      -11      -16      -21      -27      -14        5       25 
      43       58       70       86      101      117      135      148 
     166      184      189      198      230      265      291      326 
     368      399      440      483      519      561      595      608 
     623      633      631      637      653      670      697      728 
     757      785      810      827      846      862      872      892 
     922      957     1009     1074     1139     1204     1263     1306 
    1339     1363     1364     1344     1317     1285     1254     1236 
    1217     1190     1175     1155     1115     1070     1028      976 
     922      885      861      841      835      828      812      803 
     780      724      677      650      614      577      553      530 
     519      529      530      537      562      581      595      623 
     658      695      739      776      808      845      861      859 
     864      857      835      824      808      789      793      804 
     812      835      861      873      877      873      870      884 
     892      889      895      893      869      846      827      805 
     791      778      761      746      734      719      710      710 
     699      683      684      692      695      702      720      735 
     739      733      722      702      677      656      633      603 
     577      556      544      552      565      565      566      571 
     560      545      546      549      548      552      561      571 
     579      577      571      568      560      538      504      463 
     418      375      332      297      288      292      299      324 
     349      346      334      326      302      274      259      238 
     211      198      174      128       95       74       41       28 
      32       22       25       47       51       47       65       83 
      94      112      125      140      174      207      241      292 
     346      391      432      464      477      491      499      498 
     506      526      546      577      619      642      657      672 
     662      641      631      614      588      581      576      564 
     579      612      637      665      696      712      726      734 
     731      738      743      733      731      731      710      695 
     689      670      653      639      614      592      581      565 
     550      548      537      529      529      533      553      587 
     612      638      673      697      711      733      749      753 
     767      783      781      781      789      784      772      767 
     765      770      792      811      824      847      864      870 
     880      889      886      892      907      903      893      900 
     908      903      907      911      900      884      864      837 
     818      804      776      756      750      723      689      669 
     631      577      540      508      480      469      464      460 
     471      463      429      407      379      328      289      259 
     205      163      144      114       83       89      116      139 
     167      203      245      286      302      302      313      317 
     295      279      283      301      326      340      360      395 
     407      402      410      411      396      392      403      417 
     436      457      488      530      556      564      573      571 
     546      525      499      460      436      421      395      382 
     399      419      425      436      445      438      425      414 
     399      382      378      386      396      417      440      456 
     476      488      479      476      471      448      438      438 
     432      437      457      467      477      503      526      542 
     553      565      572      561      545      532      508      475 
     448      417      379      348      322      294      278      270 
     261      268      275      265      263      263      249      241 
     261      282      299      336      378      403      432      468 
     488      498      502      495      486      481      467      441 
     433      427      407      400      415      425      433      440 
     432      417      415      411      388      373      373      367 
     360      364      373      379      382      379      373      372 
     370      353      334      330      318      289      263      241 
     212      187      160      137      126      128      139      155 
     166      164      163      152      116       72       41       10 
     -14      -23      -29      -20        5       10       13       32 
      43       40       47       55       59       81       93       87 
     106      136      139      143      166      171      167      168 
     152      137      125       98       79       85       94      114 
     148      184      225      263      286      297      297      284 
     274      263      245      233      233      228      220      221 
     218      214      212      202      190      201      214      220 
     243      279      306      334      363      375      386      402 
     399      392      399      400      399      405      403      402 
     410      410      403      406      402      388      391      409 
     415      425      446      454      464      483      487      488 
     504      515      522      540      552      552      562      573 
     569      568      579      585      588      600      611      612 
     618      622      616      614      607      606      625      658 
     697      741      784      816      846      864      857      842 
     832      826      822      816      816      822      816      800 
     783      761      735      707      685      680      683      684 
     683      683      692      702      704      712      726      737 
     749      769      799      823      831      847      868      861 
     851      864      857      823      810      803      773      735 
     702      668      642      616      588      581      591      594 
     596      608      615      611      603      592      591      607 
     625      641      670      707      733      746      753      760 
     761      747      727      710      697      684      670      673 
     693      711      728      751      762      758      757      749 
     731      733      741      737      746      762      770      793 
     815      812      815      815      792      770      757      738 
     727      722      718      737      764      777      797      820 
     830      835      837      812      793      792      773      747 
     747      751      738      730      747      767      772      781 
     793      796      796      796      797      808      820      830 
     847      864      864      864      864      857      855      857 
     859      864      862      858      857      853      841      830 
     828      823      805      789      781      770      753      734 
     722      710      689      673      660      639      626      627 
     625      615      612      615      604      584      566      550 
     532      521      511      511      525      544      553      560 
     571      579      572      558      560      569      572      581 
     598      610      629      641      630      637      657      639 
     610      604      595      579      579      589      603      623 
     642      662      684      696      702      715      723      727 
     739      747      747      756      764      760      753      749 
     743      741      739      738      741      753      757      750 
     749      745      731      722      712      691      681      691 
     684      675      691      708      707      708      712      714 
     711      695      684      693      699      695      707      720 
     723      735      746      754      772      781      783      792 
     797      800      814      816      804      800      796      777 
     761      754      745      739      733      726      724      719 
     700      681      653      619      596      576      548      530 
     523      508      484      463      445      422      399      391 
     383      370      367      368      367      369      379      378 
     373      370      359      353      359      355      352      360 
     363      357      353      344      329      318      310      294 
     297      310      306      302      310      307      298      299 
     298      294      303      326      352      378      402      422 
     446      464      471      473      480      486      483      477 
     487      493      476      459      449      432      407      383 
     364      353      344      333      332      341      349      359 
     376      395      407      421      437      441      442      450 
     453      451      451      440      415      398      379      348 
     329      329      329      330      330      330      336      324 
     294      272      255      218      178      157      148      140 
     149      174      198      225      257      286      311      330 
     346      367      382      398      417      437      459      475 
     492      515      533      542      552      564      564      561 
     564      549      526      511      491      472      464      457 
     459      476      491      506      544      585      618      649 
     669      680      691      695      684      675      677      683 
     677      666      670      673      658      648      649      635 
     619      612      598      583      575      558      552      562 
     560      549      546      531      499      476      445      403 
     380      364      340      333      342      341      338      336 
     319      292      266      236      193      153      124       89 
      54       37       22        5        2        5       -2       -2 
       8       10       11       23       20        8       16       20 
       8        8       22       29       41       70       85       99 
     136      152      144      153      162      155      159      172 
     175      178      193      203      206      217      225      225 
     238      252      253      266      287      289      291      301 
     306      307      313      317      325      337      341      342 
     355      353      338      337      342      334      328      338 
     357      364      367      376      383      379      375      367 
     342      325      322      314      309      322      344      355 
     361      370      370      360      344      324      306      292 
     280      274      280      288      289      297      305      297 
     287      289      287      278      276      283      288      302 
     321      333      337      344      349      349      352      355 
     352      351      351      340      334      341      341      344 
     360      379      391      403      422      445      464      480 
     502      521      526      526      519      506      495      472 
     448      437      425      403      395      396      386      369 
     360      353      342      321      306      302      292      278 
     270      261      251      240      229      218      209      201 
     195      191      182      172      171      164      144      125 
     117       99       74       55       40       29       23       20 
      16       11        5       -5      -11      -11      -14      -16 
     -16      -11      -16      -27      -25      -20      -25      -21 
       4       22       32       54       67       72       87       97 
      99      116      131      140      153      174      191      211 
     228      241      266      289      294      307      332      341 
     351      376      403      425      451      476      492      498 
     500      508      508      499      499      510      519      526 
     537      557      588      604      610      629      650      657 
     670      697      722      745      765      780      795      804 
     804      810      818      816      818      832      850      866 
     886      909      924      934      947      961      977      990 
     999     1011     1019     1020     1028     1043     1042     1039 
    1053     1060     1059     1065     1065     1065     1075     1075 
    1069     1078     1088     1088     1097     1104     1107     1119 
    1124     1125     1140     1154     1155     1162     1179     1189 
    1189     1189     1189     1182     1167     1151     1136     1129 
    1121     1109     1113     1120     1107     1097     1101     1094 
    1073     1065     1062     1042     1016      993      969      950 
     935      912      903      911      903      897      903      903 
     895      888      880      880      877      864      858      864 
     857      847      847      850      853      851      849      855 
     859      842      830      838      841      828      822      818 
     805      788      767      753      745      727      702      684 
     670      656      639      629      623      616      619      630 
     642      664      691      711      723      737      750      758 
     764      766      773      783      788      791      791      787 
     785      777      751      734      723      702      680      672 
     670      668      664      664      669      670      664      658 
     657      652      641      637      642      646      645      657 
     676      679      676      687      696      685      675      677 
     670      650      639      631      618      610      602      589 
     588      594      581      569      566      553      537      522 
     506      500      499      493      495      506      513      511 
     513      510      499      490      476      456      436      417 
     398      383      375      367      357      351      341      332 
     325      318      314      315      318      325      329      328 
     321      313      298      278      263      257      256      253 
     261      274      283      292      301      303      305      305 
     301      294      286      286      291      294      301      319 
     332      332      340      348      342      340      340      330 
     328      329      324      325      330      319      311      311 
     303      287      274      257      244      236      225      217 
     212      207      199      206      216      210      210      222 
     225      224      225      221      220      229      236      238 
     259      284      295      315      349      364      372      392 
     402      407      419      425      440      472      486      495 
     529      553      552      553      553      533      515      506 
     487      472      475      481      480      483      496      499 
     493      492      484      472      476      486      490      506 
     530      538      550      577      585      585      600      614 
     615      621      626      627      633      639      646      658 
     664      666      675      676      664      656      653      649 
     638      629      630      629      625      631      641      648 
     664      681      688      693      710      715      707      712 
     722      720      720      730      735      728      715      704 
     696      677      650      643      652      645      633      637 
     645      646      641      631      635      639      619      604 
     611      606      592      592      589      587      588      575 
     558      562      561      542      531      523      506      490 
     479      459      450      459      461      464      479      490 
     493      498      492      491      496      492      480      479 
     487      487      483      484      486      479      475      472 
     468      464      467      467      461      463      471      464 
     453      457      464      456      445      456      463      449 
     449      456      451      463      473      469      484      510 
     506      503      523      530      525      531      533      532 
     537      531      532      550      550      538      545      550 
     537      531      546      558      565      579      598      607 
     616      631      637      631      631      637      630      623 
     623      622      616      606      587      576      577      566 
     552      550      550      540      542      540      530      530 
     522      500      491      488      472      459      459      460 
     468      476      475      477      490      483      463      451 
     448      436      423      423      433      438      433      433 
     442      440      433      434      432      429      430      425 
     423      433      430      423      429      422      400      390 
     378      359      344      333      325      329      321      310 
     321      326      317      318      325      317      310      309 
     294      275      263      256      252      253      261      272 
     284      291      295      298      299      297      294      291 
     287      288      298      302      298      302      314      315 
     313      317      317      311      307      305      303      299 
     291      288      287      280      275      275      259      244 
     251      248      230      229      241      249      263      275 
     283      305      319      311      313      322      314      305 
     299      289      295      301      291      291      306      315 
     319      326      334      349      363      365      372      390 
     395      392      398      399      395      395      392      386 
     387      387      382      387      394      394      396      402 
     409      415      421      422      425      433      436      437 
     446      453      453      459      464      464      463      464 
     468      468      459      446      449      453      446      442 
     451      460      467      477      483      486      487      477 
     464      457      440      419      414      414      406      403 
     413      421      425      434      442      451      459      464 
     475      481      492      502      511      518      515      508 
     511      508      499      503      517      525      532      544 
     553      560      573      579      575      579      592      591 
     592      603      606      610      616      611      612      623 
     619      610      610      606      602      599      589      581 
     587      591      583      576      575      568      553      538 
     529      530      526      523      525      531      537      538 
     540      548      550      542      532      526      523      519 
     508      500      503      499      492      500      510      506 
     504      513      521      521      518      521      526      531 
     532      535      544      550      550      549      553      557 
     553      553      558      565      572      572      579      594 
     585      581      592      584      572      572      553      529 
     523      504      472      464      461      440      432      434 
     421      414      414      403      392      392      388      383 
     383      383      391      403      403      411      425      423 
     423      433      423      414      421      422      418      427 
     434      429      432      434      427      427      427      417 
     411      409      396      388      386      378      379      383 
     369      363      376      373      357      352      352      344 
     340      336      334      344      351      349      352      360 
     360      359      357      357      356      349      342      337 
     325      317      319      319      321      322      322      333 
     342      332      326      341      344      333      332      338 
     341      340      337      344      356      353      349      352 
     353      356      360      364      379      394      402      413 
     427      437      441      449      461      476      488      503 
     525      546      553      556      565      571      558      553 
     562      562      560      565      576      583      576      568 
     569      565      548      532      529      519      513      522 
     533      538      540      549      560      560      552      553 
     561      557      553      565      581      588      595      611 
     631      645      652      660      676      687      691      693 
     702      714      711      702      712      719      712      707 
     715      720      719      722      724      724      731      734 
     731      738      745      738      733      741      745      743 
     749      761      770      777      784      787      784      778 
     767      756      753      745      733      741      751      747 
     756      767      761      760      770      766      761      769 
     762      750      760      764      754      762      767      764 
     769      777      781      792      807      812      819      831 
     842      847      851      855      864      881      884      874 
     874      884      877      859      849      847      847      843 
     828      827      838      831      818      818      811      799 
     800      797      784      785      791      776      764      761 
     745      733      730      708      689      689      680      661 
     664      661      653      652      642      631      631      616 
     594      588      581      564      553      542      526      525 
     518      496      495      500      486      473      469      463 
     460      457      450      456      460      451      454      460 
     454      450      454      450      446      444      436      434 
     438      436      434      445      453      448      438      438 
     430      409      396      386      369      363      367      364 
     360      365      367      360      353      351      351      351 
     346      338      340      344      338      324      317      314 
     306      297      289      287      291      288      283      291 
     297      287      282      288      291      286      287      295 
     298      294      303      319      319      322      341      344 
     342      357      368      372      386      395      398      413 
     418      418      425      432      442      459      461      464 
     481      488      480      481 
