Origin Time       2016/04/16 01:25:00
Lat.              32.753
Long.             130.762
Depth. (km)       12
Mag.              7.3
Station Code      OKY007
Station Lat.      34.7807
Station Long.     133.6121
Station Height(m) 60
Record Time       2016/04/16 01:26:48
Sampling Freq(Hz) 100Hz
Duration Time(s)  62
Dir.              E-W
Scale Factor      7845(gal)/8223790
Max. Acc. (gal)   2.237
Last Correction   2016/04/16 01:26:48
Memo.             
    5325     5377     5377     5319     5265     5256     5227     5188 
    5205     5213     5161     5103     5057     5015     4974     4895 
    4783     4748     4781     4773     4803     4923     5004     5053 
    5142     5181     5169     5238     5331     5373     5452     5539 
    5543     5552     5584     5505     5367     5293     5196     5093 
    5092     5103     5111     5185     5248     5255     5252     5238 
    5169     5063     4976     4900     4793     4698     4649     4635 
    4619     4635     4714     4747     4750     4822     4880     4916 
    5008     5073     5053     5046     5070     5040     4997     5017 
    5038     5012     5009     5065     5162     5265     5333     5410 
    5509     5521     5487     5508     5460     5346     5319     5317 
    5255     5240     5287     5283     5246     5251     5262     5235 
    5206     5215     5296     5356     5320     5319     5386     5390 
    5313     5259     5255     5202     5119     5105     5101     5040 
    5012     5027     4999     4993     5089     5143     5146     5266 
    5452     5539     5584     5651     5640     5540     5398     5244 
    5144     5085     5047     5093     5174     5220     5286     5364 
    5368     5355     5337     5212     5060     5001     4949     4907 
    4956     5008     4978     4968     5008     4985     4909     4904 
    4923     4834     4735     4745     4748     4739     4827     4946 
    4989     5013     5081     5115     5088     5074     5062     5004 
    4938     4958     5053     5076     5038     5062     5082     5020 
    4965     4955     4905     4835     4864     4911     4877     4923 
    5039     5027     5031     5128     5071     4907     4872     4904 
    4878     4866     4932     5027     5093     5148     5246     5343 
    5385     5385     5359     5287     5190     5135     5119     5103 
    5097     5078     5000     4938     4930     4870     4783     4797 
    4876     4928     4988     5069     5139     5142     5023     4891 
    4827     4753     4722     4792     4823     4769     4779     4889 
    4947     4903     4930     5051     5073     5046     5123     5194 
    5154     5121     5169     5182     5151     5216     5267     5192 
    5146     5150     5093     5043     5039     5051     5077     5101 
    5109     5123     5120     5082     5097     5154     5154     5140 
    5157     5175     5169     5147     5171     5216     5233     5254 
    5246     5193     5150     5135     5142     5162     5148     5108 
    5113     5142     5136     5148     5260     5400     5437     5458 
    5526     5525     5479     5505     5499     5406     5375     5429 
    5439     5395     5352     5339     5354     5381     5483     5613 
    5629     5633     5688     5686     5678     5686     5622     5583 
    5571     5437     5300     5252     5171     5076     5046     5055 
    5100     5208     5310     5308     5273     5310     5316     5239 
    5239     5298     5270     5206     5167     5105     5073     5093 
    5107     5127     5162     5163     5161     5150     5107     5081 
    5081     5040     4947     4861     4804     4754     4679     4598 
    4565     4560     4567     4653     4822     4939     4976     5039 
    5119     5166     5228     5287     5256     5190     5178     5120 
    5003     4969     4947     4882     4865     4850     4826     4865 
    4928     4981     5035     5070     5074     5050     5057     5073 
    5000     4922     4923     4908     4843     4814     4810     4750 
    4719     4742     4734     4764     4851     4877     4872     4903 
    4941     4974     5013     5051     5090     5111     5076     4969 
    4857     4827     4824     4820     4869     4904     4916     5012 
    5138     5192     5193     5175     5128     5092     5125     5108 
    5009     5013     5066     5027     5022     5103     5120     5111 
    5171     5220     5217     5235     5268     5248     5201     5177 
    5189     5240     5265     5260     5300     5335     5310     5286 
    5296     5302     5316     5359     5351     5302     5324     5375 
    5364     5362     5421     5491     5555     5632     5688     5742 
    5798     5776     5715     5689     5579     5406     5314     5246 
    5167     5151     5204     5308     5393     5410     5402     5359 
    5290     5262     5278     5294     5314     5371     5431     5431 
    5421     5445     5427     5310     5206     5184     5119     4999 
    4978     4976     4897     4908     4992     4985     4976     5058 
    5080     5023     5019     5017     4976     4945     4926     4916 
    4931     4981     5031     5108     5239     5273     5208     5181 
    5136     5081     5088     5073     5016     5016     5030     4954 
    4914     4976     4992     4968     4961     4963     5001     5007 
    4959     4976     5001     4936     4860     4800     4722     4718 
    4806     4841     4830     4884     4969     4999     5019     5097 
    5111     4993     4905     4873     4807     4789     4833     4847 
    4892     4973     5007     5069     5208     5293     5250     5166 
    5112     5053     4999     4951     4908     4946     4994     4962 
    4994     5089     5096     5108     5174     5186     5178     5173 
    5131     5128     5188     5188     5130     5140     5166     5104 
    5077     5105     5057     5020     5074     5058     4999     5043 
    5103     5088     5060     5086     5131     5135     5140     5174 
    5152     5109     5127     5144     5125     5104     5130     5231 
    5328     5408     5497     5540     5585     5628     5532     5405 
    5325     5173     5026     4984     4965     4963     5023     5071 
    5117     5212     5266     5268     5278     5221     5077     4982 
    4923     4841     4851     4934     4911     4892     4974     4985 
    4949     5046     5140     5103     5093     5140     5100     5074 
    5164     5212     5177     5166     5155     5123     5128     5146 
    5090     5001     4954     4882     4793     4765     4750     4753 
    4808     4885     4966     5013     5051     5125     5174     5189 
    5202     5231     5271     5235     5164     5181     5202     5173 
    5179     5238     5268     5268     5285     5278     5224     5162 
    5100     5011     4911     4855     4852     4838     4777     4761 
    4774     4699     4645     4710     4745     4738     4768     4770 
    4761     4783     4776     4737     4735     4745     4715     4723 
    4780     4822     4870     4895     4930     5023     5063     5080 
    5154     5181     5146     5107     5051     5030     5081     5090 
    5005     4966     5004     4999     4959     4923     4884     4874 
    4851     4801     4818     4876     4880     4864     4865     4841 
    4839     4916     5005     5027     4984     4965     5012     5017 
    4977     4980     5011     5043     5090     5152     5240     5358 
    5427     5400     5375     5409     5402     5316     5262     5242 
    5148     5096     5171     5238     5260     5317     5398     5448 
    5455     5462     5454     5379     5314     5314     5335     5371 
    5431     5475     5503     5518     5491     5413     5320     5221 
    5116     5049     5036     5040     5101     5227     5309     5344 
    5414     5479     5486     5486     5495     5499     5555     5684 
    5800     5846     5896     5973     5991     5983     5995     5907 
    5757     5699     5656     5541     5443     5383     5323     5289 
    5296     5319     5337     5359     5405     5409     5324     5267 
    5271     5238     5194     5200     5216     5197     5159     5194 
    5260     5246     5233     5255     5204     5161     5221     5271 
    5304     5386     5422     5394     5373     5331     5270     5208 
    5123     5055     5047     5065     5080     5108     5181     5273 
    5312     5323     5341     5356     5383     5383     5356     5358 
    5358     5371     5385     5336     5312     5356     5367     5354 
    5363     5373     5371     5364     5347     5323     5319     5333 
    5341     5319     5287     5327     5377     5352     5351     5406 
    5402     5363     5401     5448     5418     5421     5478     5459 
    5436     5516     5574     5544     5535     5562     5539     5478 
    5441     5406     5337     5267     5262     5282     5235     5179 
    5161     5107     5011     4959     4946     4864     4783     4797 
    4792     4780     4845     4884     4912     5005     5058     5024 
    5012     5053     5012     4951     5032     5092     5007     4946 
    4923     4828     4758     4781     4822     4889     5009     5135 
    5227     5267     5281     5286     5279     5282     5271     5224 
    5175     5120     5077     5080     5100     5152     5221     5242 
    5267     5332     5395     5422     5420     5433     5402     5341 
    5379     5476     5535     5556     5555     5552     5605     5626 
    5535     5455     5385     5235     5088     4994     4951     4945 
    4945     4972     5027     5050     5070     5138     5125     5001 
    4945     4966     4946     4923     4931     4909     4897     4946 
    5031     5125     5220     5304     5395     5506     5572     5533 
    5459     5406     5387     5432     5470     5466     5474     5467 
    5437     5416     5373     5292     5200     5111     5074     5090 
    5113     5127     5108     5073     5051     5036     5046     5035 
    5024     5077     5090     5084     5194     5266     5193     5197 
    5271     5223     5178     5240     5282     5302     5364     5418 
    5445     5495     5544     5536     5503     5512     5536     5517 
    5489     5509     5547     5580     5621     5644     5626     5566 
    5491     5402     5275     5196     5196     5198     5233     5282 
    5260     5244     5256     5192     5123     5135     5124     5103 
    5194     5289     5306     5352     5395     5339     5248     5215 
    5206     5166     5146     5142     5134     5143     5135     5127 
    5123     5081     5057     5050     5027     5049     5112     5173 
    5205     5193     5186     5177     5134     5125     5179     5259 
    5298     5305     5377     5439     5410     5386     5389     5389 
    5404     5398     5397     5448     5483     5490     5497     5468 
    5427     5386     5329     5287     5262     5220     5193     5211 
    5251     5329     5441     5525     5566     5575     5509     5390 
    5281     5146     4997     4908     4909     4963     4989     5036 
    5143     5213     5256     5308     5332     5377     5455     5486 
    5460     5459     5521     5560     5522     5516     5563     5543 
    5472     5456     5435     5355     5320     5324     5255     5169 
    5130     5070     4992     4932     4896     4872     4858     4860 
    4922     5038     5092     5119     5205     5201     5073     4985 
    4901     4785     4727     4684     4629     4646     4675     4669 
    4720     4757     4685     4648     4676     4662     4668     4708 
    4723     4780     4904     4976     5004     5115     5244     5266 
    5255     5260     5224     5135     5032     4943     4828     4684 
    4595     4561     4488     4415     4444     4483     4475     4540 
    4635     4641     4661     4703     4662     4599     4583     4535 
    4430     4371     4369     4357     4376     4460     4540     4575 
    4598     4618     4571     4477     4407     4330     4240     4199 
    4236     4293     4326     4355     4367     4395     4440     4405 
    4349     4355     4345     4333     4375     4406     4413     4438 
    4445     4441     4482     4526     4529     4527     4510     4437 
    4367     4355     4347     4330     4355     4421     4490     4529 
    4537     4544     4563     4575     4531     4490     4521     4541 
    4549     4633     4710     4753     4858     4966     5007     5020 
    5017     5000     4966     4926     4930     4974     5027     5112 
    5188     5240     5324     5387     5371     5306     5220     5140 
    5074     4989     4923     4903     4904     4942     4973     4968 
    4959     4916     4870     4915     4938     4880     4877     4926 
    4930     4920     4941     5001     5065     5085     5120     5202 
    5292     5339     5305     5232     5131     4930     4707     4564 
    4436     4338     4336     4352     4391     4514     4633     4654 
    4625     4604     4572     4535     4542     4617     4743     4866 
    4974     5101     5200     5235     5202     5086     4976     4911 
    4854     4864     4985     5159     5375     5667     5948     6115 
    6239     6328     6327     6316     6350     6328     6264     6276 
    6311     6281     6280     6381     6501     6575     6651     6729 
    6744     6731     6750     6728     6625     6566     6552     6512 
    6535     6617     6670     6736     6798     6820     6855     6870 
    6828     6791     6771     6736     6696     6659     6646     6686 
    6733     6739     6764     6820     6825     6790     6791     6790 
    6756     6768     6772     6693     6675     6744     6735     6677 
    6673     6619     6448     6327     6330     6312     6262     6309 
    6411     6453     6467     6507     6528     6502     6470     6427 
    6307     6123     5964     5803     5613     5463     5355     5225 
    5108     5065     5096     5169     5229     5278     5387     5521 
    5564     5551     5576     5613     5605     5589     5609     5656 
    5738     5861     5968     6065     6169     6261     6340     6378 
    6399     6478     6558     6543     6520     6542     6531     6496 
    6480     6463     6431     6382     6323     6278     6212     6085 
    5972     5880     5751     5629     5564     5497     5391     5309 
    5265     5169     5090     5120     5140     5107     5131     5184 
    5158     5082     5030     5015     4989     4962     4970     4999 
    5032     5065     5096     5131     5147     5130     5071     4974 
    4880     4814     4731     4594     4445     4348     4260     4156 
    4117     4133     4145     4147     4120     4068     4045     4031 
    3959     3842     3713     3565     3406     3237     3082     2998 
    2933     2837     2799     2855     2928     2988     3109     3329 
    3561     3774     3998     4238     4480     4653     4747     4850 
    4946     4965     4927     4891     4884     4876     4876     4934 
    4997     5035     5082     5127     5140     5116     5093     5101 
    5063     4986     4915     4796     4664     4608     4572     4526 
    4507     4483     4453     4411     4365     4351     4334     4326 
    4349     4407     4494     4573     4671     4801     4899     4941 
    4968     5027     5060     4999     4958     4988     4989     4999 
    5057     5084     5104     5185     5256     5258     5273     5324 
    5283     5174     5120     5159     5244     5354     5474     5556 
    5617     5659     5664     5643     5582     5532     5530     5532 
    5549     5589     5626     5702     5788     5829     5844     5861 
    5864     5836     5796     5765     5726     5680     5623     5525 
    5404     5302     5204     5135     5127     5131     5161     5224 
    5252     5273     5308     5271     5152     5063     5016     4930 
    4828     4799     4826     4884     4997     5125     5211     5267 
    5331     5390     5394     5362     5377     5439     5478     5549 
    5629     5636     5691     5809     5854     5849     5809     5746 
    5714     5663     5594     5575     5564     5505     5459     5447 
    5412     5377     5362     5373     5448     5571     5663     5702 
    5727     5756     5733     5664     5628     5647     5660     5634 
    5621     5645     5688     5769     5868     5917     5964     6060 
    6133     6143     6162     6205     6212     6183     6178     6181 
    6148     6151     6207     6210     6133     6091     6154     6242 
    6245     6185     6141     6091     6012     5946     5910     5853 
    5778     5773     5810     5849     6019     6257     6421     6606 
    6828     6972     7042     7088     7122     7144     7137     7115 
    7106     7076     7038     7037     7006     6853     6619     6411 
    6214     6016     5886     5786     5682     5623     5590     5551 
    5532     5524     5483     5417     5343     5278     5224     5151 
    5086     5071     5077     5070     5057     5046     5044     5067 
    5101     5100     5053     4993     4974     4993     5012     5043 
    5107     5186     5273     5360     5425     5490     5564     5585 
    5571     5590     5589     5536     5470     5406     5390     5364 
    5302     5317     5341     5319     5397     5509     5524     5589 
    5732     5778     5773     5825     5860     5859     5888     5942 
    5983     6033     6138     6261     6323     6338     6356     6345 
    6247     6157     6123     6069     6022     6008     5964     5875 
    5752     5633     5533     5398     5267     5197     5130     5057 
    5071     5155     5197     5232     5298     5335     5377     5437 
    5428     5364     5305     5239     5181     5119     5005     4884 
    4799     4684     4554     4502     4459     4349     4256     4197 
    4116     4060     4059     4017     3886     3784     3782     3767 
    3727     3723     3705     3650     3566     3443     3326     3229 
    3114     3007     2957     2925     2910     2967     3061     3179 
    3402     3653     3807     3967     4156     4205     4120     4048 
    3984     3875     3819     3854     3850     3825     3890     3960 
    3958     4036     4200     4252     4301     4511     4708     4823 
    4973     5146     5282     5397     5547     5674     5679     5655 
    5664     5625     5571     5557     5509     5408     5317     5256 
    5190     5098     5016     4965     4932     4912     4923     4980 
    5065     5162     5240     5297     5312     5256     5196     5179 
    5169     5155     5174     5229     5281     5310     5377     5463 
    5494     5536     5633     5687     5711     5795     5860     5815 
    5729     5649     5541     5443     5417     5422     5462     5568 
    5698     5845     5988     6092     6216     6339     6424     6554 
    6697     6724     6701     6739     6774     6763     6790     6836 
    6824     6804     6818     6782     6677     6615     6571     6448 
    6339     6316     6265     6196     6193     6176     6115     6069 
    6018     5938     5823     5640     5398     5169     5013     4888 
    4753     4658     4600     4552     4556     4587     4629     4708 
    4764     4780     4819     4852     4833     4770     4676     4576 
    4504     4442     4378     4357     4386     4410     4433     4455 
    4511     4631     4725     4799     4885     4893     4823     4710 
    4529     4284     4017     3802     3634     3489     3422     3418 
    3443     3492     3532     3558     3595     3613     3608     3619 
    3631     3607     3589     3551     3481     3451     3431     3422 
    3478     3526     3514     3481     3424     3334     3248     3161 
    3052     2934     2830     2805     2915     3037     3115     3260 
    3418     3505     3557     3555     3457     3334     3272     3204 
    3130     3186     3316     3429     3615     3870     4050     4162 
    4268     4318     4317     4324     4289     4212     4149     4113 
    4101     4082     4062     4106     4187     4199     4132     4072 
    4054     4040     4041     4066     4094     4136     4186     4205 
    4202     4217     4220     4197     4222     4274     4276     4275 
    4278     4230     4159     4099     4060     4052     4055     4066 
    4105     4128     4133     4218     4333     4402     4464     4487 
    4457     4440     4437     4444     4446     4442     4464     4529 
    4639     4760     4820     4834     4862     4892     4900     4912 
    4895     4839     4796     4738     4662     4657     4673     4638 
    4572     4480     4414     4376     4302     4255     4261     4280 
    4318     4364     4405     4434     4426     4386     4321     4220 
    4113     4025     3913     3813     3812     3812     3763     3740 
    3712     3657     3630     3653     3659     3628     3670     3794 
    3893     4008     4189     4336     4438     4518     4491     4387 
    4289     4172     4059     4024     4093     4212     4299     4388 
    4480     4477     4409     4338     4256     4186     4124     4029 
    3936     3894     3874     3834     3773     3700     3634     3576 
    3514     3491     3524     3524     3497     3530     3557     3551 
    3595     3607     3537     3442     3317     3218     3187     3157 
    3125     3114     3132     3213     3322     3396     3514     3713 
    3886     4031     4178     4252     4291     4357     4374     4349 
    4376     4446     4517     4621     4777     4915     4996     5030 
    4989     4899     4814     4769     4726     4635     4553     4542 
    4572     4591     4604     4610     4573     4486     4360     4225 
    4062     3873     3694     3578     3547     3546     3561     3628 
    3705     3761     3821     3894     3937     3925     3899     3886 
    3861     3831     3821     3815     3781     3781     3852     3904 
    3932     4023     4135     4228     4341     4453     4513     4526 
    4506     4469     4393     4266     4156     4087     4052     4051 
    4043     4002     3946     3908     3867     3784     3712     3682 
    3646     3605     3596     3595     3561     3530     3518     3489 
    3473     3480     3511     3622     3781     3892     3959     4012 
    4029     3983     3960     4036     4063     3986     3960     3954 
    3861     3771     3748     3744     3786     3943     4164     4376 
    4568     4758     4878     4872     4835     4827     4810     4792 
    4765     4743     4741     4746     4831     4950     5012     5090 
    5189     5206     5167     5131     5104     5069     5011     4974 
    4980     4946     4855     4762     4700     4661     4608     4571 
    4563     4556     4606     4726     4820     4868     4918     4989 
    5024     4999     4981     4945     4807     4696     4699     4660 
    4563     4552     4603     4606     4606     4716     4881     5007 
    5128     5267     5379     5455     5519     5567     5562     5540 
    5559     5590     5626     5672     5729     5798     5825     5790 
    5783     5800     5734     5634     5628     5638     5601     5610 
    5659     5684     5733     5836     5917     5949     5962     5934 
    5894     5859     5740     5617     5576     5479     5316     5238 
    5248     5293     5382     5475     5548     5621     5637     5606 
    5587     5537     5462     5445     5493     5555     5671     5841 
    5950     5987     6030     6060     6033     5981     5948     5952 
    5989     6041     6102     6173     6261     6361     6439     6475 
    6519     6577     6615     6652     6697     6724     6748     6795 
    6858     6876     6843     6808     6777     6717     6655     6654 
    6704     6736     6787     6894     6972     7010     7072     7144 
    7180     7202     7195     7129     7041     6974     6889     6782 
    6733     6736     6754     6808     6867     6876     6872     6856 
    6791     6698     6627     6582     6542     6508     6489     6459 
    6407     6350     6299     6250     6196     6115     6014     5929 
    5834     5753     5778     5891     6025     6166     6326     6469 
    6546     6579     6598     6592     6556     6505     6480     6498 
    6548     6635     6756     6872     6952     7021     7048     6985 
    6901     6840     6729     6569     6424     6311     6239     6216 
    6203     6205     6210     6158     6093     6031     5914     5818 
    5813     5830     5859     5940     6000     5995     6004     6011 
    5960     5899     5838     5744     5702     5786     5881     5950 
    6072     6214     6323     6427     6504     6519     6475     6403 
    6336     6288     6238     6201     6176     6102     5994     5919 
    5848     5780     5784     5783     5703     5626     5590     5575 
    5571     5613     5710     5802     5884     5988     6065     6095 
    6134     6162     6127     6129     6188     6195     6178     6172 
    6135     6122     6157     6174     6200     6322     6453     6509 
    6602     6741     6859     6963     7036     7074     7105     7103 
    7060     7002     6934     6881     6847     6795     6766     6786 
    6786     6732     6701     6682     6625     6555     6484     6457 
    6486     6465     6386     6355     6312     6161     6006     5907 
    5764     5606     5541     5536     5562     5606     5664     5780 
    5902     5956     6011     6064     6044     6048     6108     6135 
    6131     6156     6188     6181     6156     6114     6058     6035 
    6035     6025     6016     6048     6133     6219     6307     6460 
    6648     6777     6860     6949     7013     7018     7020     7009 
    6956     6937     6971     6976     6952     6957     6967     6936 
    6881     6845     6805     6759     6729     6669     6590     6540 
    6488     6417     6319     6180     6039     5921     5833     5792 
    5822     5890     5929     5967     6043     6133     6218     6295 
    6347     6372     6370     6350     6330     6334     6349     6361 
    6372     6372     6361     6343     6311     6272     6205     6138 
    6134     6160     6162     6188     6230     6208     6172     6193 
    6197     6143     6110     6112     6108     6135     6230     6377 
    6547     6673     6750     6848     6906     6835     6744     6663 
    6519     6401     6377     6359     6334     6373     6457     6498 
    6507     6575     6675     6717     6732     6751     6718     6646 
    6579     6513     6412     6299     6234     6208     6183     6151 
    6137     6158     6146     6064     5994     5911     5756     5632 
    5585     5499     5348     5243     5179     5109     5097     5164 
    5248     5324     5409     5489     5503     5458     5408     5366 
    5309     5246     5158     5049     4963     4870     4769     4727 
    4693     4641     4671     4734     4715     4726     4773     4707 
    4648     4679     4627     4518     4480     4467     4464     4499 
    4518     4531     4568     4606     4652     4692     4710     4754 
    4847     4912     4907     4900     4923     4954     4981     4977 
    4934     4928     5008     5081     5112     5143     5147     5143 
    5198     5251     5246     5240     5247     5233     5166     5060 
    4977     4926     4873     4850     4877     4912     4951     5027 
    5093     5078     5011     4962     4941     4874     4762     4693 
    4645     4573     4568     4600     4557     4553     4658     4718 
    4762     4895     4965     4891     4806     4745     4622     4492 
    4437     4386     4360     4428     4510     4535     4527     4535 
    4553     4522     4449     4423     4395     4301     4276     4299 
    4228     4158     4153     4129     4063     4017     4047     4106 
    4171     4243     4294     4363     4461     4498     4500     4579 
    4677     4729     4822     4958     5057     5155     5255     5287 
    5297     5327     5308     5188     5040     4920     4781     4703 
    4735     4739     4708     4698     4656     4591     4567     4581 
    4531     4402     4315     4240     4120     4068     4060     3990 
    3924     3919     3954     4044     4159     4247     4326     4374 
    4333     4286     4255     4185     4143     4125     4039     3951 
    3909     3866     3882     3946     3965     3970     3984     3986 
    4003     4028     4024     4009     3997     3970     3932     3913 
    3908     3890     3847     3815     3832     3873     3902     3924 
    3937     3944     3946     3932     3939     4001     4060     4072 
    4099     4151     4186     4218     4263     4311     4330     4320 
    4326     4357     4341     4294     4299     4325     4305     4276 
    4271     4258     4256     4313     4376     4411     4488     4606 
    4665     4672     4706     4716     4630     4518     4433     4364 
    4334     4369     4442     4463     4429     4460     4530     4537 
    4553     4596     4568     4535     4576     4637     4699     4772 
    4838     4909     4969     4977     4988     5011     4988     4958 
    4938     4885     4849     4843     4826     4820     4843     4865 
    4881     4911     4962     4999     4996     4965     4920     4861 
    4811     4785     4748     4689     4664     4671     4658     4677 
    4792     4899     4903     4873     4850     4779     4675     4598 
    4537     4496     4487     4464     4429     4417     4395     4347 
    4310     4271     4205     4171     4186     4155     4086     4102 
    4136     4091     4098     4186     4209     4178     4166     4129 
    4060     4017     4044     4059     4010     4009     4074     4090 
    4077     4135     4230     4286     4338     4399     4407     4382 
    4364     4360     4352     4302     4245     4238     4236     4171 
    4091     4094     4128     4107     4105     4163     4210     4248 
    4295     4314     4387     4486     4500     4552     4661     4662 
    4612     4598     4531     4436     4388     4334     4248     4241 
    4280     4228     4178     4220     4255     4317     4498     4654 
    4700     4745     4784     4739     4688     4668     4602     4519 
    4502     4533     4557     4619     4738     4837     4849     4785 
    4710     4638     4549     4472     4444     4446     4459     4487 
    4517     4537     4573     4599     4557     4490     4446     4402 
    4363     4375     4421     4461     4519     4596     4646     4660 
    4656     4656     4660     4646     4634     4652     4650     4631 
    4666     4738     4814     4892     4968     5024     5051     5067 
    5073     5085     5142     5169     5177     5273     5383     5478 
    5637     5744     5732     5742     5757     5697     5682     5746 
    5738     5675     5711     5772     5746     5737     5760     5715 
    5618     5545     5505     5460     5443     5451     5391     5312 
    5268     5175     5100     5101     5067     5039     5115     5197 
    5200     5193     5215     5173     5067     5030     5057     5038 
    4999     4980     4951     4927     4915     4892     4865     4838 
    4833     4847     4857     4895     4966     5034     5084     5135 
    5188     5215     5231     5255     5273     5248     5196     5202 
    5220     5200     5219     5263     5292     5331     5354     5332 
    5325     5350     5348     5341     5375     5431     5493     5552 
    5611     5692     5755     5734     5672     5629     5606     5609 
    5590     5539     5555     5583     5533     5506     5535     5549 
    5532     5537     5605     5661     5653     5633     5613     5551 
    5451     5375     5328     5282     5287     5362     5406     5389 
    5413     5472     5456     5409     5389     5354     5337     5367 
    5408     5479     5567     5614     5656     5727     5768     5755 
    5751     5780     5813     5864     5913     5938     5976     6012 
    6029     6048     6064     6056     6022     5961     5884     5813 
    5783     5753     5682     5613     5524     5389     5309     5294 
    5262     5255     5305     5329     5312     5312     5339     5382 
    5405     5402     5397     5401     5427     5459     5491     5528 
    5547     5535     5539     5572     5590     5564     5519     5490 
    5478     5441     5389     5387     5420     5390     5320     5302 
    5314     5309     5329     5363     5368     5370     5386     5394 
    5385     5387     5418     5412     5346     5325     5347     5328 
    5316     5347     5352     5343     5339     5287     5221     5217 
    5221     5209     5216     5213     5189     5178     5184     5174 
    5144     5135     5117     5024     4938     4958     5007     5019 
    5054     5098     5098     5107     5144     5167     5161     5120 
    5053     4984     4930     4888     4843     4814     4837     4885 
    4922     4962     4989     4927     4826     4806     4807     4733 
    4685     4737     4781     4811     4899     4974     4961     4945 
    4970     4931     4889     4943     4965     4926     4945     5004 
    5034     5077     5189     5255     5227     5204     5181     5138 
    5135     5159     5134     5082     5076     5069     5057     5082 
    5134     5177     5150     5080     5084     5105     5054     5024 
    5067     5093     5108     5144     5148     5150     5198     5248 
    5267     5259     5260     5310     5360     5387     5410     5422 
    5462     5525     5529     5514     5530     5533     5556     5625 
    5659     5649     5649     5625     5556     5495     5479     5448 
    5355     5302     5344     5381     5414     5467     5494     5509 
    5506     5460     5448     5467     5402     5287     5229     5221 
    5211     5228     5278     5243     5147     5116     5077     4989 
    4974     5001     4968     4939     4970     4965     4916     4918 
    4934     4923     4970     5047     5053     5093     5193     5189 
    5148     5192     5192     5121     5128     5184     5196     5221 
    5258     5281     5348     5422     5425     5412     5437     5478 
    5502     5495     5532     5621     5651     5614     5574     5567 
    5574     5530     5474     5436     5390     5358     5356     5374 
    5425     5479     5508     5519     5498     5490     5539     5559 
    5517     5462     5410     5355     5309     5289     5260     5221 
    5201     5169     5127     5130     5173     5235     5285     5283 
    5277     5310     5359     5368     5339     5317     5289     5270 
    5321     5367     5385     5425     5467     5472     5462     5490 
    5499     5402     5278     5238     5250     5216     5167     5196 
    5251     5258     5251     5277     5273     5227     5211     5219 
    5229     5273     5335     5344     5351     5425     5464     5412 
    5387     5394     5343     5341     5427     5417     5370     5429 
    5479     5476     5517     5568     5574     5579     5603     5643 
    5684     5691     5670     5625     5548     5533     5602     5638 
    5623     5611     5599     5579     5540     5510     5521     5476 
    5359     5312     5348     5374     5404     5436     5422     5374 
    5333     5297     5240     5228     5229     5130     5057     5076 
    5046     5020     5046     5007     4941     4938     4946     4926 
    4912     4914     4923     4951     5003     5086     5175     5220 
    5242     5302     5367     5377     5389     5435     5420     5333 
    5309     5331     5305     5285     5336     5401     5390     5351 
    5362     5400     5405     5355     5323     5329     5279     5197 
    5182     5220     5235     5188     5159     5221     5277     5289 
    5355     5408     5333     5277     5298     5243     5164     5216 
    5271     5231     5221     5281     5347     5425     5524     5610 
    5623     5590     5614     5599     5478     5440     5476     5387 
    5256     5235     5240     5178     5143     5158     5131     5073 
    5049     5040     5040     5044     5026     5008     4989     4994 
    5065     5108     5076     5067     5082     5047     4985     4963 
    4986     4985     4942     4923     4942     4963     4973     4956 
    4926     4915     4916     4888     4826     4803     4830     4855 
    4852     4810     4819     4903     4918     4901     4905     4866 
    4864     4905     4903     4936     5017     5031     5027     5051 
    5013     4974     4984     4923     4870     4874     4812     4807 
    4932     4946     4891     4946     4978     4915     4889     4899 
    4872     4855     4873     4870     4866     4901     4936     4928 
    4916     4963     5027     5016     4930     4893     4927     4881 
    4758     4739     4793     4769     4734     4769     4793     4807 
    4852     4882     4893     4884     4860     4862     4850     4788 
    4745     4757     4752     4722     4753     4780     4722     4677 
    4673     4649     4592     4541     4550     4549     4482     4464 
    4525     4523     4491     4538     4585     4581     4590     4606 
    4579     4545     4595     4656     4592     4514     4527     4553 
    4533     4499     4514     4533     4535     4579     4631     4664 
    4722     4785     4769     4720     4730     4727     4683     4653 
    4587     4502     4502     4529     4496     4473     4472     4442 
    4437     4487     4500     4457     4419     4403     4401     4393 
    4392     4455     4537     4521     4484     4519     4507     4476 
    4565     4654     4635     4650     4743     4800     4841     4903 
    4904     4860     4845     4850     4824     4785     4820     4872 
    4845     4834     4900     4978     5049     5127     5197     5215 
    5211     5259     5279     5220     5211     5244     5244     5260 
    5281     5240     5202     5254     5319     5309     5267     5216 
    5162     5150     5152     5119     5089     5112     5112     5059 
    5076     5136     5143     5151     5171     5209     5314     5418 
    5486     5556     5630     5687     5671     5643     5703     5744 
    5702     5664     5647     5623     5606     5628     5652     5621 
    5599     5609     5606     5638     5687     5670     5638     5647 
    5634     5589     5574     5580     5537     5443     5393     5370 
    5297     5275     5339     5341     5304     5367     5435     5412 
    5437     5489     5447     5422     5475     5481     5441     5431 
    5420     5389     5366     5343     5309     5271     5231     5206 
    5200     5185     5166     5148     5125     5113     5093     5054 
    5011     4996     5000     4953     4893     4876     4823     4758 
    4762     4781     4795     4807     4761     4768     4874     4884 
    4831     4887     4954     4974     5022     5050     5016     4996 
    5009     5007     4962     4911     4885     4872     4857     4839 
    4846     4897     4943     4962     5013     5084     5089     5073 
    5115     5111     5019     5016     5080     5020     4926     4928 
    4935     4914     4916     4911     4896     4896     4905     4911 
    4893     4895     4943     4972     4980     5003     4999     4978 
    4973     4939     4907     4951     5013     5008     4999     5042 
    5073     5084     5134     5189     5184     5190     5250     5260 
    5240     5273     5314     5314     5287     5298     5354     5360 
    5335     5363     5377     5356     5410     5475     5439     5417 
    5421     5355     5301     5305     5275     5202     5198     5240 
    5208     5161     5216     5277     5243     5201     5166     5113 
    5117     5194     5267     5244     5197     5224     5201     5140 
    5201     5250     5190     5184     5220     5219     5247     5312 
    5362     5360     5323     5328     5313     5247     5256     5271 
    5215     5227     5287     5290     5308     5373     5412     5418 
    5420     5409     5356     5310     5328     5347     5328     5305 
    5281     5278     5308     5328     5348     5356     5320     5268 
    5220     5178     5163     5140     5100     5062     5019     5023 
    5043     5001     4989     5000     4961     4936     4922     4880 
    4873     4927     4961     4945     4946     4956     4980     5035 
    5038     5026     5103     5159     5109     5108     5193     5193 
    5148     5174     5197     5185     5178     5196     5238     5256 
    5260     5254     5211     5185     5231     5262     5239     5228 
    5258     5300     5306     5310     5363     5385     5337     5298 
    5297     5300     5294     5297     5290     5275     5286     5323 
    5373     5385     5331     5319     5347     5310     5270     5298 
    5331     5341     5351     5348     5347     5364     5367     5339 
    5320     5297     5250     5232     5186     5092     5082     5121 
    5100     5081     5101     5096     5076     5076     5042     4994 
    5026     5081     5089     5065     5073     5131     5121     5060 
    5093     5134     5116     5136     5150     5140     5205     5285 
    5294     5309     5333     5336     5381     5402     5371     5418 
    5505     5502     5499     5567     5613     5603     5607     5644 
    5656     5632     5599     5564     5498     5441     5460     5493 
    5464     5448     5494     5540     5563     5589     5611     5607 
    5605     5647     5687     5694     5741     5802     5775     5729 
    5767     5811     5792     5788     5850     5869     5793     5751 
    5765     5755     5746     5748     5730     5706     5674     5659 
    5634     5559     5499     5476     5454     5478     5559     5570 
    5489     5464     5486     5433     5427     5537     5562     5476 
    5458     5494     5516     5540     5555     5545     5519     5490 
    5503     5533     5481     5432     5486     5517     5470     5455 
    5470     5441     5398     5405     5405     5356     5350     5377 
    5354     5351     5393     5383     5368     5393     5391     5402 
    5451     5409     5328     5374     5414     5321     5278     5325 
    5297     5240     5238     5213     5197     5229     5219     5174 
    5146     5109     5101     5109     5057     5024     5065     5060 
    5007     4981     4981     4997     4962     4885     4896     4938 
    4926     4965     5024     5004     5031     5134     5164     5113 
    5089     5098     5097     5108     5098     5062     5076     5085 
    5097     5158     5184     5198     5252     5250     5169     5124 
    5169     5216     5193     5152     5117     5085     5069     5086 
    5131     5161     5130     5071     5051     5047     5082     5177 
    5193     5138     5150     5148     5096     5112     5140     5088 
    5047     5058     5019     4972     5007     5019     4935     4870 
    4861     4834     4795     4795     4822     4811     4766     4768 
    4793     4799     4824     4835     4783     4735     4766     4826 
    4814     4780     4803     4820     4816     4854     4874     4814 
    4785     4816     4814     4866     5024     5076     5001     5026 
    5115     5131     5161     5232     5223     5152     5143     5131 
    5069     5062     5105     5107     5076     5046     5031     5008 
    4950     4923     4941     4920     4892     4912     4923     4908 
    4920     4954     4959     4962     4970     4923     4905     4955 
    4951     4912     4912     4923     4939     4953     4958     4985 
    4994     4989     5049     5097     5067     5086     5167     5192 
    5173     5167     5179     5197     5224     5270     5300     5273 
    5246     5267     5273     5220     5144     5104     5101     5111 
    5150     5204     5209     5179     5225     5316     5290     5229 
    5273     5267     5171     5189     5279     5255     5242     5356 
    5409     5354     5364     5398     5337     5266     5275     5313 
    5297     5243     5259     5341     5371     5367     5401     5413 
    5370     5370     5391     5310     5229     5270     5306     5279 
    5294     5344     5332     5300     5346     5371     5302     5267 
    5297     5265     5188     5184     5216     5200     5144     5125 
    5159     5162     5144     5144     5115     5073     5067     5082 
    5047     4992     4997     4996     4984     5024     5054     5067 
    5084     5067     5062     5117     5169     5157     5113     5093 
    5085     5081     5086     5089     5082     5081     5103     5108 
    5070     5053     5059     5031     4986     4941     4908     4914 
    4904     4861     4858     4861     4820     4797     4800     4768 
    4760     4806     4818     4770     4750     4806     4816     4776 
    4826     4877     4834     4849     4912     4891     4858     4912 
    4935     4865     4864     4935     4923     4858     4846     4866 
    4854     4838     4854     4880     4892     4874     4855     4854 
    4841     4850     4852     4789     4758     4804     4810     4761 
    4793     4872     4846     4814     4891     4918     4865     4905 
    4988     4963     4953     5046     5105     5123     5164     5184 
    5196     5235     5246     5238     5263     5259     5233     5255 
    5251     5225     5278     5309     5298     5323     5317     5275 
    5278     5313     5296     5268     5298     5279     5231     5267 
    5283     5228     5229     5256     5182     5108     5140     5169 
    5136     5130     5164     5158     5155     5211     5229     5215 
    5223     5197     5157     5146     5111     5073     5082     5088 
    5097     5143     5161     5150     5177     5223     5200     5131 
    5120     5111     5057     5058     5098     5086     5030     4985 
    4996     5020     5015     5027     5042     5040     5069     5082 
    5046     5015     5039     5066     5054     5074     5112     5093 
    5116     5177     5173     5162     5155     5119     5116     5146 
    5150     5158     5186     5197     5212     5242     5260     5281 
    5273     5232     5194     5150     5089     5024     5001     5039 
    5062     5054     5036     5008     4989     5008     5020     4988 
    4984     5008     4989     4981     4992     4988     5015     5012 
    4945     4932     4973     4978     4965     4953     4947     4941 
    4900     4857     4854     4880     4889     4865     4854     4885 
    4946     5005     5013     5003     5013     4997     5001     5098 
    5154     5116     5125     5162     5161     5194     5233     5235 
    5244     5250     5232     5189     5162     5182     5177     5163 
    5157     5117     5089     5074     5047     5027     5019     5019 
    5019     4999     4968     4992     5034     4976     4918     4927 
    4891     4835     4855     4912     4908     4839     4846     4903 
    4878     4864     4909     4903     4866     4899     4954     4950 
    4939     4999     5012     4947     4963     5024     5000     4972 
    5019     5069     5073     5053     5034     5011     4969     4935 
    4956     4997     5016     5020     4989     4931     4950     5058 
    5097     5059     5069     5086     5034     4969     4974     5022 
    5023     4970     4931     4916     4904     4931     4985     5000 
    4963     4923     4927     4905     4850     4858     4872     4800 
    4765     4811     4797     4770     4816     4818     4780     4770 
    4739     4706     4707     4710     4698     4681     4688     4710 
    4718     4707     4722     4760     4750     4761     4842     4865 
    4824     4823     4852     4874     4891     4916     4943     4950 
    4962     4993     5026     5069     5125     5144     5121     5146 
    5235     5309     5309     5297     5344     5371     5331     5339 
    5409     5425     5405     5418     5448     5468     5505     5528 
    5532     5563     5574     5552     5557     5547     5505     5493 
    5505     5524     5557     5585     5590     5598     5617     5625 
    5637     5620     5574     5582     5593     5563     5580     5637 
    5656     5651     5682     5709     5671     5655     5683     5679 
    5656     5633     5603     5567     5549     5564     5594     5609 
    5606     5611     5603     5568     5552     5547     5526     5516 
    5503     5481     5456     5435     5443     5476     5481     5471 
    5490     5499     5481     5456     5443     5478     5506     5458 
    5409     5429     5452     5448     5451     5451     5448     5456 
    5436     5410     5425     5454     5454     5432     5451     5487 
    5478     5448     5424     5382     5339     5332     5335     5324 
    5335     5358     5344     5301     5312     5367     5351     5302 
    5305     5323     5339     5339     5325     5328     5336     5362 
    5389     5356     5335     5347     5312     5296     5346     5367 
    5339     5305     5287     5296     5294     5271     5267     5244 
    5192     5208     5244     5208     5194     5194     5150     5148 
    5169     5136     5105     5121     5146     5140     5116     5120 
    5148     5142     5136     5163     5164     5152     5167     5163 
    5124     5117     5150     5146     5138     5182     5196     5188 
    5206     5185     5128     5115     5113     5084     5070     5080 
    5076     5074     5098     5115     5111     5131     5182     5189 
    5162     5169     5166     5143     5148     5142     5123     5158 
    5209     5197     5184     5246     5279     5256     5259     5243 
    5189     5161     5169     5169     5147     5162     5182     5152 
    5157     5193     5208     5235     5240     5217     5215     5201 
    5181     5173     5181     5205     5202     5184     5188     5167 
    5111     5090     5092     5066     5050     5023     4982     5001 
    5013     4984     4982     4996     4980     4963     4984     5004 
    4965     4904     4880     4869     4873     4909     4918     4888 
    4900     4897     4834     4826     4851     4833     4804     4772 
    4748     4745     4745     4762     4787     4777     4748     4718 
    4683     4718     4780     4753     4729     4739     4710     4715 
    4758     4760     4783     4819     4762     4684     4725     4793 
    4758     4708     4718     4720     4731     4783     4806     4801 
    4812     4818     4800     4785     4801     4811     4807     4804 
    4791     4800     4849     4905     4943     4965     5003     5012 
    4986     5008     5066     5098     5103     5065     5042     5074 
    5092     5092     5116     5124     5086     5042     5017     5016 
    5031     5038     5026     4996     4972     4989     5017     5013 
    4993     4953     4928     4956     4994     5011     5024     5020 
    4985     4963     4981     5016     5036     5026     4994     4980 
    5004     5032     5031     5032     5060     5066     5040     5044 
    5066     5050     5069     5136     5152     5164     5206     5208 
    5198     5224     5273     5310     5301     5273     5279     5321 
    5364     5393     5406     5418     5455     5487     5506     5529 
    5540     5560     5571     5519     5491     5506     5505     5524 
    5514     5475     5491     5481     5420     5436     5490     5493 
    5481     5460     5427     5441     5475     5463     5454     5471 
    5448     5401     5405     5429     5427     5436     5466     5448 
    5421     5418     5395     5402     5433     5421     5387     5370 
    5386     5412     5412     5416     5397     5351     5339     5333 
    5323     5363     5404     5390     5371     5383     5431     5458 
    5429     5458     5517     5470     5420     5443     5437     5413 
    5422     5404     5358     5352     5337     5301     5332     5370 
    5331     5287     5263     5259     5278     5273     5271     5281 
    5246     5246     5310     5314     5292     5332     5337     5268 
    5242     5302     5341     5308     5316     5355     5339     5343 
    5391     5436     5490     5536     5535     5506     5458     5455 
    5535     5548     5499     5512     5494     5472     5552     5583 
    5555     5572     5535     5476     5467     5408     5348     5350 
    5355     5354     5325     5292     5305     5328     5324     5297 
    5266     5248     5231     5208     5174     5130     5124     5135 
    5115     5108     5111     5092     5107     5103     5024     4989 
    5001     4977     4963     4955     4931     4927     4926     4922 
    4942     4982     4996     4966     4923     4901     4896     4870 
    4884     4953     4963     4950     4958     4918     4881     4926 
    4956     4891     4839     4843     4812     4799     4833     4834 
    4819     4804     4796     4820     4822     4812     4843     4818 
    4739     4757     4785     4715     4702     4745     4707     4680 
    4718     4722     4706     4720     4726     4693     4681     4710 
    4725     4719     4719     4742     4756     4726     4715     4761 
    4788     4743     4700     4712     4706     4672     4665     4645 
    4633     4691     4743     4747     4747     4738     4729     4741 
    4752     4764     4785     4766     4727     4722     4743     4800 
    4851     4857     4865     4873     4905     4956     4923     4882 
    4903     4897     4900     4961     4992     4958     4935     4980 
    5035     5024     5022     5057     5035     4994     5008     5013 
    4993     5007     5039     5038     5012     5026     5071     5051 
    5017     5057     5078     5053     5042     5043     5062     5093 
    5089     5073     5071     5058     5077     5093     5032     5022 
    5071     5027     4973     5043     5109     5074     5043     5078 
    5103     5069     5044     5057     5057     5044     5005     4968 
    4981     4973     4966     5026     5036     4993     5024     5060 
    5043     5069     5121     5123     5092     5040     5020     5055 
    5059     5039     5051     5044     5008     5004     5027     5054 
    5063     5036     5012     5001     5007     5046     5063     5046 
    5049     5040     5034     5092     5125     5093     5082     5098 
    5104     5117     5150     5157     5164     5194     5213     5229 
    5248     5233     5201     5190     5185     5178     5190     5190 
    5190     5216     5215     5188     5196     5233     5260     5263 
    5256     5223     5169     5155     5173     5194     5242     5254 
    5232     5248     5232     5209     5256     5275     5248     5235 
    5235     5250     5275     5294     5301     5305     5302     5285 
    5302     5359     5379     5370     5366     5360     5364     5387 
    5414     5427     5431     5433     5427     5435     5463     5475 
    5498     5517     5467     5397     5409     5478     5503     5479 
    5458     5459     5441     5427     5481     5503     5447     5443 
    5462     5416     5398     5454     5506     5497     5481     5521 
    5498     5441     5526     5587     5518     5557     5629     5560 
    5543     5609     5606     5568     5578     5617     5623     5603 
    5584     5532     5502     5568     5601     5557     5526     5467 
    5404     5425     5467     5490     5513     5516     5498     5486 
    5483     5514     5580     5620     5607     5580     5536     5495 
    5525     5605     5629     5568     5521     5540     5549     5528 
    5537     5562     5552     5536     5535     5535     5532     5509 
    5479     5493     5485     5433     5447     5479     5456     5458 
    5458     5421     5448     5501     5470     5440     5476     5489 
    5472     5464     5441     5448     5466     5455     5441     5424 
    5400     5373     5337     5329     5327     5282     5273     5323 
    5329     5296     5256     5225     5188     5113     5062     5088 
    5107     5077     5089     5138     5121     5092     5111     5116 
    5086     5051     5057     5101     5089     5030     5011     5001 
    4978     4989     5024     5026     4994     4965     4918     4881 
    4923     4981     4961     4939     4963     4920     4865     4930 
    4974     4927     4893     4849     4800     4839     4889     4855 
    4826     4835     4820     4804     4843     4900     4900     4849 
    4826     4843     4870     4899     4920     4918     4878     4842 
    4866     4873     4833     4833     4866     4861     4826     4810 
    4824     4843     4839     4811     4792     4811     4792     4730 
    4739     4764     4729     4727     4738     4718     4739     4781 
    4801     4797     4776     4758     4739     4757     4819     4814 
    4785     4804     4808     4831     4892     4914     4927     4950 
    4946     4947     4977     5022     5005     4938     4945     4973 
