Origin Time       2016/04/16 01:25:00
Lat.              32.753
Long.             130.762
Depth. (km)       12
Mag.              7.3
Station Code      SIG002
Station Lat.      35.4215
Station Long.     136.0243
Station Height(m) 95
Record Time       2016/04/16 01:27:57
Sampling Freq(Hz) 100Hz
Duration Time(s)  60
Dir.              N-S
Scale Factor      7845(gal)/8223790
Max. Acc. (gal)   2.100
Last Correction   2016/04/16 01:27:58
Memo.             
   11746    11728    11719    11708    11695    11693    11689    11676 
   11665    11657    11649    11642    11634    11628    11624    11616 
   11610    11601    11596    11595    11585    11577    11577    11570 
   11561    11553    11539    11521    11511    11506    11492    11481 
   11476    11462    11443    11438    11433    11418    11418    11426 
   11419    11410    11414    11419    11422    11429    11433    11441 
   11445    11442    11448    11458    11464    11472    11484    11499 
   11518    11526    11519    11518    11521    11516    11510    11514 
   11518    11510    11503    11502    11493    11481    11466    11453 
   11460    11462    11450    11450    11453    11445    11437    11430 
   11422    11418    11418    11421    11422    11422    11422    11426 
   11427    11430    11439    11445    11450    11461    11465    11469 
   11481    11487    11493    11504    11508    11504    11514    11520 
   11511    11511    11520    11521    11518    11516    11518    11516 
   11515    11518    11526    11523    11515    11519    11531    11531 
   11533    11550    11569    11578    11600    11628    11639    11650 
   11673    11692    11709    11736    11759    11772    11792    11815 
   11828    11844    11869    11892    11909    11927    11940    11951 
   11955    11955    11963    11974    11973    11967    11962    11954 
   11951    11951    11937    11927    11920    11904    11889    11884 
   11874    11857    11844    11836    11821    11799    11772    11762 
   11755    11729    11712    11705    11689    11677    11677    11670 
   11662    11659    11662    11669    11666    11661    11669    11672 
   11661    11659    11663    11666    11670    11674    11678    11684 
   11692    11696    11705    11706    11708    11711    11703    11691 
   11691    11692    11681    11669    11666    11659    11647    11646 
   11650    11651    11654    11651    11655    11668    11666    11663 
   11674    11673    11662    11673    11685    11676    11670    11678 
   11678    11680    11686    11686    11686    11692    11691    11685 
   11685    11692    11703    11703    11699    11703    11699    11695 
   11695    11691    11693    11696    11699    11696    11689    11688 
   11693    11689    11688    11696    11696    11688    11684    11684 
   11676    11657    11643    11641    11635    11620    11608    11600 
   11587    11578    11576    11573    11566    11558    11558    11561 
   11558    11551    11547    11547    11546    11546    11558    11562 
   11554    11561    11569    11564    11564    11572    11574    11580 
   11584    11591    11603    11612    11620    11634    11646    11658 
   11673    11688    11705    11720    11734    11751    11762    11769 
   11778    11789    11789    11794    11809    11816    11817    11821 
   11817    11820    11824    11811    11800    11800    11789    11774 
   11759    11742    11724    11709    11691    11670    11651    11638 
   11627    11604    11578    11564    11550    11535    11519    11499 
   11483    11469    11462    11468    11455    11435    11437    11438 
   11430    11437    11446    11449    11453    11457    11465    11484 
   11493    11487    11503    11533    11533    11533    11562    11577 
   11578    11596    11616    11619    11628    11650    11658    11658 
   11673    11696    11708    11713    11722    11728    11734    11746 
   11758    11762    11769    11778    11788    11800    11803    11799 
   11801    11803    11799    11793    11788    11789    11788    11778 
   11776    11781    11777    11774    11780    11782    11778    11776 
   11774    11774    11767    11762    11759    11747    11747    11755 
   11747    11742    11749    11742    11731    11732    11727    11723 
   11727    11716    11706    11715    11715    11708    11716    11718 
   11704    11701    11708    11701    11692    11695    11696    11693 
   11691    11693    11700    11711    11719    11720    11727    11736 
   11739    11746    11758    11772    11780    11770    11772    11789 
   11784    11762    11767    11778    11762    11753    11754    11749 
   11739    11736    11738    11739    11734    11722    11720    11716 
   11703    11699    11699    11691    11684    11677    11663    11653 
   11650    11650    11645    11641    11639    11634    11638    11645 
   11642    11641    11642    11637    11637    11645    11646    11651 
   11661    11653    11647    11650    11643    11642    11646    11638 
   11638    11641    11630    11634    11646    11639    11643    11653 
   11632    11628    11649    11646    11637    11646    11654    11653 
   11658    11672    11681    11686    11701    11715    11719    11723 
   11728    11729    11731    11729    11728    11727    11719    11715 
   11712    11699    11689    11691    11692    11696    11700    11693 
   11685    11676    11657    11646    11650    11655    11643    11628 
   11624    11610    11589    11597    11614    11608    11589    11580 
   11581    11572    11558    11561    11569    11560    11546    11554 
   11566    11568    11572    11581    11591    11596    11593    11596 
   11612    11630    11639    11650    11666    11681    11692    11708 
   11735    11762    11785    11809    11836    11866    11896    11913 
   11934    11967    11993    12010    12040    12073    12093    12121 
   12152    12172    12198    12224    12233    12248    12264    12271 
   12276    12278    12271    12267    12272    12267    12262    12274 
   12274    12254    12251    12249    12231    12220    12212    12191 
   12171    12154    12133    12116    12101    12089    12079    12064 
   12054    12046    12032    12023    12008    11986    11967    11942 
   11914    11896    11870    11846    11835    11821    11800    11789 
   11774    11754    11742    11732    11719    11704    11696    11692 
   11676    11659    11649    11630    11614    11604    11587    11564 
   11546    11530    11511    11484    11464    11445    11426    11410 
   11385    11362    11350    11334    11313    11310    11313    11313 
   11322    11327    11321    11326    11337    11341    11353    11372 
   11389    11408    11427    11434    11446    11465    11475    11488 
   11508    11521    11537    11554    11562    11557    11546    11543 
   11542    11531    11539    11553    11541    11526    11520    11503 
   11485    11481    11477    11469    11457    11435    11408    11394 
   11383    11369    11365    11372    11371    11365    11368    11367 
   11367    11375    11377    11379    11389    11394    11391    11392 
   11395    11395    11396    11396    11395    11394    11387    11373 
   11362    11350    11344    11348    11338    11325    11322    11315 
   11302    11291    11276    11268    11268    11261    11249    11242 
   11232    11222    11218    11214    11214    11223    11234    11249 
   11260    11261    11263    11275    11291    11310    11329    11344 
   11356    11372    11391    11410    11422    11442    11469    11493 
   11510    11520    11537    11556    11572    11583    11600    11624 
   11653    11680    11708    11732    11751    11767    11789    11816 
   11838    11862    11888    11909    11927    11939    11956    11982 
   12010    12029    12046    12070    12089    12100    12110    12127 
   12133    12136    12155    12167    12155    12155    12162    12154 
   12143    12136    12125    12110    12094    12078    12062    12043 
   12025    12005    11980    11956    11929    11911    11890    11859 
   11835    11809    11772    11739    11726    11706    11678    11659 
   11646    11626    11603    11581    11564    11556    11543    11524 
   11504    11491    11488    11480    11465    11461    11454    11438 
   11430    11422    11421    11426    11422    11422    11441    11452 
   11449    11457    11475    11480    11479    11491    11511    11530 
   11547    11564    11576    11595    11623    11645    11663    11693 
   11727    11751    11772    11797    11819    11840    11871    11896 
   11914    11942    11971    11983    11992    12010    12025    12031 
   12052    12083    12105    12117    12133    12148    12154    12162 
   12178    12191    12204    12216    12221    12236    12247    12248 
   12251    12260    12271    12274    12271    12278    12287    12287 
   12287    12295    12295    12301    12317    12317    12309    12318 
   12314    12297    12293    12297    12294    12285    12275    12268 
   12260    12251    12237    12226    12221    12217    12210    12212 
   12220    12221    12218    12220    12226    12231    12243    12254 
   12260    12268    12279    12279    12286    12303    12312    12320 
   12334    12344    12343    12343    12353    12367    12367    12366 
   12368    12363    12363    12368    12363    12367    12371    12357 
   12351    12349    12333    12318    12320    12309    12289    12285 
   12275    12245    12229    12220    12194    12170    12163    12155 
   12133    12112    12104    12086    12060    12040    12029    12010 
   11983    11959    11944    11923    11888    11854    11824    11789 
   11743    11711    11688    11646    11600    11569    11533    11480 
   11425    11384    11345    11291    11245    11209    11167    11124 
   11084    11052    11026    11002    10970    10944    10930    10910 
   10890    10883    10879    10874    10871    10874    10881    10882 
   10883    10897    10918    10936    10959    10979    10991    11013 
   11036    11061    11101    11138    11167    11200    11236    11263 
   11299    11335    11364    11399    11435    11460    11483    11510 
   11541    11574    11601    11630    11658    11676    11691    11712 
   11735    11745    11755    11774    11785    11786    11790    11797 
   11801    11804    11817    11828    11826    11821    11823    11832 
   11830    11817    11820    11827    11826    11831    11836    11836 
   11846    11861    11869    11881    11904    11924    11942    11966 
   11988    12009    12037    12063    12086    12105    12120    12141 
   12170    12186    12206    12231    12240    12248    12270    12287 
   12295    12309    12322    12321    12322    12332    12343    12345 
   12344    12343    12343    12341    12341    12345    12348    12341 
   12329    12316    12302    12295    12289    12279    12278    12272 
   12256    12247    12237    12220    12205    12202    12195    12181 
   12177    12166    12144    12133    12122    12109    12102    12098 
   12089    12085    12081    12063    12039    12010    11993    11989 
   11979    11967    11962    11931    11892    11867    11834    11796 
   11781    11761    11724    11693    11661    11615    11576    11538 
   11497    11475    11453    11422    11392    11364    11333    11310 
   11292    11269    11247    11230    11217    11214    11213    11192 
   11173    11169    11164    11161    11160    11153    11144    11134 
   11122    11117    11128    11130    11118    11117    11117    11109 
   11107    11107    11109    11119    11130    11132    11133    11140 
   11155    11178    11200    11221    11234    11247    11267    11291 
   11322    11360    11394    11418    11441    11473    11512    11546 
   11576    11604    11639    11674    11699    11732    11780    11815 
   11834    11854    11880    11912    11943    11958    11974    11998 
   12008    12015    12033    12051    12051    12040    12032    12024 
   12008    11996    11996    11988    11959    11925    11907    11885 
   11850    11824    11805    11770    11728    11700    11680    11646 
   11607    11576    11539    11497    11462    11442    11419    11389 
   11364    11338    11302    11269    11247    11232    11218    11207 
   11196    11175    11152    11146    11151    11151    11155    11155 
   11152    11159    11159    11168    11200    11218    11223    11257 
   11295    11313    11330    11356    11394    11431    11454    11470 
   11500    11529    11562    11605    11635    11661    11695    11728 
   11758    11793    11838    11878    11911    11947    11989    12029 
   12077    12137    12206    12271    12324    12368    12420    12479 
   12538    12603    12668    12721    12771    12826    12874    12921 
   12976    13020    13057    13088    13111    13132    13155    13174 
   13186    13185    13176    13167    13161    13149    13139    13127 
   13096    13053    13028    13016    12997    12969    12943    12919 
   12883    12842    12822    12804    12779    12762    12745    12710 
   12673    12652    12627    12602    12586    12565    12533    12495 
   12463    12442    12428    12406    12384    12366    12344    12321 
   12303    12287    12283    12297    12291    12280    12285    12286 
   12283    12279    12278    12287    12297    12305    12320    12329 
   12332    12344    12348    12345    12363    12388    12403    12418 
   12418    12411    12420    12434    12447    12472    12496    12498 
   12487    12491    12507    12525    12548    12573    12587    12583 
   12579    12587    12600    12614    12636    12649    12652    12663 
   12672    12680    12695    12696    12692    12704    12715    12718 
   12726    12731    12735    12741    12734    12725    12726    12733 
   12742    12749    12750    12735    12712    12702    12700    12695 
   12683    12671    12656    12629    12598    12565    12532    12498 
   12464    12429    12401    12361    12310    12271    12235    12187 
   12145    12106    12069    12036    12004    11969    11935    11896 
   11854    11820    11797    11770    11746    11732    11715    11689 
   11666    11645    11627    11610    11596    11595    11593    11585 
   11576    11574    11569    11561    11569    11581    11578    11587 
   11611    11618    11618    11630    11647    11670    11696    11709 
   11726    11747    11757    11772    11805    11824    11827    11836 
   11854    11869    11884    11900    11913    11924    11927    11932 
   11942    11950    11961    11967    11967    11970    11974    11973 
   11970    11974    11980    11978    11973    11973    11966    11954 
   11947    11946    11944    11935    11920    11911    11893    11867 
   11854    11831    11799    11784    11776    11751    11724    11704 
   11678    11655    11641    11627    11614    11599    11584    11573 
   11566    11562    11560    11556    11556    11557    11560    11562 
   11570    11584    11581    11580    11599    11615    11616    11624 
   11641    11647    11650    11662    11677    11689    11699    11704 
   11713    11732    11743    11745    11757    11774    11784    11790 
   11803    11816    11820    11823    11831    11844    11857    11861 
   11863    11874    11884    11888    11892    11900    11913    11935 
   11947    11947    11962    11977    11980    11989    12000    12010 
   12017    12027    12040    12055    12070    12077    12085    12098 
   12100    12093    12096    12101    12100    12087    12082    12081 
   12070    12054    12032    12013    12002    11980    11951    11928 
   11904    11870    11836    11805    11767    11734    11701    11659 
   11618    11584    11547    11510    11468    11434    11411    11379 
   11344    11318    11292    11275    11263    11242    11230    11233 
   11230    11226    11230    11232    11233    11246    11259    11276 
   11307    11327    11341    11371    11403    11421    11452    11491 
   11515    11539    11566    11585    11604    11626    11643    11665 
   11688    11701    11712    11727    11742    11766    11786    11788 
   11792    11805    11812    11816    11827    11838    11848    11850 
   11847    11850    11861    11865    11873    11889    11893    11889 
   11885    11881    11884    11880    11869    11869    11875    11867 
   11850    11844    11848    11842    11838    11850    11857    11859 
   11869    11877    11881    11890    11900    11907    11920    11944 
   11956    11963    11982    12000    12016    12029    12035    12044 
   12062    12067    12063    12066    12069    12058    12044    12035 
   12024    12005    11985    11967    11947    11917    11886    11867 
   11836    11799    11769    11732    11688    11650    11619    11583 
   11541    11507    11476    11438    11407    11376    11340    11307 
   11280    11250    11222    11202    11176    11152    11129    11105 
   11090    11074    11048    11032    11026    11009    10987    10974 
   10960    10941    10924    10906    10891    10874    10851    10835 
   10818    10793    10766    10748    10733    10705    10682    10663 
   10635    10613    10597    10574    10555    10539    10516    10497 
   10482    10458    10435    10424    10408    10384    10372    10353 
   10324    10305    10295    10282    10263    10235    10211    10197 
   10176    10143    10123    10103    10069    10038    10014     9987 
    9957     9926     9904     9883     9860     9841     9821     9802 
    9795     9787     9767     9757     9759     9757     9759     9769 
    9776     9776     9782     9801     9822     9834     9849     9868 
    9877     9888     9909     9925     9936     9948     9957     9969 
    9979     9979     9981     9987     9994     9996     9989     9987 
    9992     9994     9988     9988     9992     9989     9981     9979 
    9984     9983     9975     9972     9979     9979     9967     9973 
    9985     9979     9975     9985    10000    10007    10010    10021 
   10034    10045    10065    10083    10099    10125    10142    10164 
   10199    10222    10237    10269    10305    10335    10357    10377 
   10408    10440    10465    10500    10536    10566    10594    10624 
   10662    10704    10735    10771    10813    10841    10871    10921 
   10963    10998    11044    11090    11126    11171    11219    11260 
   11313    11362    11400    11448    11497    11531    11564    11619 
   11672    11708    11746    11792    11838    11877    11913    11961 
   12005    12036    12073    12112    12141    12175    12216    12247 
   12283    12324    12353    12383    12418    12448    12468    12492 
   12525    12550    12561    12571    12587    12599    12602    12604 
   12609    12610    12604    12594    12587    12583    12568    12546 
   12537    12523    12496    12472    12447    12415    12388    12363 
   12336    12297    12263    12233    12195    12159    12128    12087 
   12046    12013    11979    11943    11904    11859    11824    11799 
   11757    11715    11685    11641    11591    11564    11533    11488 
   11450    11415    11373    11338    11298    11256    11225    11191 
   11151    11122    11087    11047    11021    10991    10948    10917 
   10895    10867    10844    10817    10783    10760    10741    10709 
   10686    10677    10658    10635    10631    10621    10600    10590 
   10584    10570    10569    10569    10561    10557    10561    10563 
   10565    10569    10577    10580    10584    10586    10600    10617 
   10624    10632    10651    10663    10673    10696    10716    10727 
   10747    10768    10787    10804    10814    10832    10854    10871 
   10893    10917    10929    10940    10967    10993    11007    11033 
   11062    11078    11095    11125    11155    11171    11187    11214 
   11237    11252    11267    11283    11296    11310    11318    11326 
   11331    11335    11338    11335    11327    11326    11322    11308 
   11294    11279    11264    11250    11227    11199    11178    11156 
   11122    11094    11075    11039    10995    10971    10947    10909 
   10876    10854    10829    10790    10755    10733    10705    10665 
   10636    10612    10582    10559    10531    10504    10489    10467 
   10449    10438    10431    10419    10408    10405    10404    10408 
   10415    10416    10420    10434    10446    10461    10481    10497 
   10511    10537    10566    10588    10617    10646    10670    10709 
   10744    10764    10801    10847    10876    10910    10959    11001 
   11034    11076    11128    11175    11211    11256    11308    11353 
   11398    11449    11487    11520    11569    11605    11632    11674 
   11708    11732    11759    11792    11813    11827    11851    11875 
   11888    11907    11931    11943    11959    11983    12008    12032 
   12046    12060    12096    12136    12159    12185    12225    12260 
   12287    12326    12378    12414    12439    12490    12548    12584 
   12625    12677    12726    12771    12825    12883    12931    12969 
   13015    13065    13108    13151    13197    13240    13277    13312 
   13346    13378    13410    13444    13475    13498    13521    13549 
   13568    13582    13598    13618    13629    13631    13640    13645 
   13639    13633    13631    13624    13609    13588    13576    13559 
   13532    13516    13498    13471    13441    13410    13386    13360 
   13323    13279    13244    13216    13177    13135    13096    13054 
   13014    12974    12930    12892    12855    12815    12777    12745 
   12713    12680    12638    12603    12581    12560    12528    12499 
   12478    12453    12424    12406    12399    12380    12359    12348 
   12336    12320    12312    12303    12290    12283    12278    12268 
   12260    12253    12245    12244    12247    12241    12243    12248 
   12241    12247    12259    12253    12260    12280    12280    12283 
   12305    12313    12313    12333    12351    12351    12361    12380 
   12382    12390    12415    12434    12439    12455    12474    12484 
   12494    12518    12541    12552    12565    12584    12602    12618 
   12634    12660    12680    12688    12700    12715    12727    12742 
   12756    12762    12766    12769    12766    12772    12781    12779 
   12773    12771    12760    12745    12738    12734    12723    12707 
   12692    12676    12658    12644    12623    12603    12595    12576 
   12542    12518    12496    12474    12445    12417    12391    12359 
   12326    12301    12268    12231    12210    12186    12147    12117 
   12089    12056    12025    12002    11978    11946    11917    11896 
   11871    11848    11830    11811    11789    11767    11759    11753 
   11732    11712    11700    11692    11682    11674    11670    11662 
   11654    11650    11650    11649    11645    11639    11642    11649 
   11655    11662    11668    11685    11705    11715    11727    11753 
   11774    11797    11830    11857    11875    11901    11927    11952 
   11983    12013    12039    12064    12087    12109    12136    12163 
   12183    12198    12213    12228    12241    12260    12272    12264 
   12268    12285    12278    12275    12285    12287    12290    12291 
   12291    12302    12301    12291    12301    12314    12321    12332 
   12348    12361    12367    12371    12390    12409    12420    12441 
   12464    12482    12505    12518    12529    12552    12577    12599 
   12626    12660    12688    12708    12735    12772    12808    12843 
   12887    12930    12972    13012    13047    13096    13151    13200 
   13258    13317    13358    13396    13444    13495    13544    13587 
   13626    13664    13702    13730    13755    13782    13806    13824 
   13845    13865    13868    13864    13865    13863    13853    13839 
   13824    13811    13799    13772    13740    13710    13671    13633 
   13595    13555    13512    13467    13423    13375    13325    13278 
   13224    13163    13109    13068    13018    12958    12904    12850 
   12793    12746    12700    12652    12603    12560    12519    12474 
   12424    12382    12344    12301    12258    12228    12202    12160 
   12117    12091    12071    12044    12020    12000    11979    11958 
   11936    11921    11909    11893    11880    11869    11855    11847 
   11843    11831    11823    11819    11808    11799    11790    11781 
   11778    11778    11772    11766    11762    11755    11747    11746 
   11746    11749    11750    11747    11751    11761    11762    11767 
   11782    11797    11807    11819    11832    11847    11861    11877 
   11904    11927    11934    11954    11989    12009    12027    12056 
   12081    12098    12122    12150    12172    12197    12218    12235 
   12253    12276    12295    12307    12324    12349    12367    12375 
   12396    12420    12434    12453    12467    12479    12499    12515 
   12523    12540    12552    12565    12583    12591    12602    12613 
   12621    12638    12649    12641    12646    12661    12653    12638 
   12646    12646    12625    12618    12614    12591    12567    12555 
   12533    12507    12487    12457    12425    12406    12383    12347 
   12316    12295    12260    12221    12206    12185    12141    12109 
   12083    12050    12019    11993    11958    11923    11896    11866 
   11827    11794    11770    11739    11705    11686    11661    11626 
   11599    11572    11546    11530    11504    11475    11457    11441 
   11419    11396    11376    11356    11330    11304    11292    11269 
   11233    11209    11194    11165    11132    11105    11076    11047 
   11017    10983    10952    10918    10872    10836    10809    10768 
   10731    10697    10650    10604    10571    10528    10478    10444 
   10411    10362    10323    10291    10249    10207    10170    10134 
   10096    10064    10031     9988     9952     9929     9898     9867 
    9837     9806     9780     9755     9725     9705     9690     9664 
    9640     9620     9602     9586     9568     9556     9553     9544 
    9530     9525     9520     9516     9520     9524     9528     9532 
    9536     9545     9556     9571     9586     9598     9621     9644 
    9661     9684     9709     9730     9756     9782     9803     9828 
    9855     9880     9903     9921     9949     9975     9991    10014 
   10037    10053    10073    10096    10116    10131    10146    10162 
   10173    10191    10204    10212    10227    10242    10249    10258 
   10272    10280    10291    10312    10326    10328    10341    10358 
   10366    10372    10388    10403    10409    10411    10415    10427 
   10438    10438    10438    10446    10454    10447    10446    10466 
   10473    10471    10485    10492    10489    10501    10517    10523 
   10531    10547    10569    10584    10597    10624    10648    10660 
   10689    10735    10759    10779    10813    10847    10882    10917 
   10956    11002    11034    11064    11111    11152    11181    11221 
   11265    11303    11334    11362    11399    11434    11455    11479 
   11508    11529    11547    11569    11578    11587    11601    11605 
   11607    11616    11616    11611    11608    11596    11584    11573 
   11553    11538    11530    11508    11483    11465    11441    11412 
   11392    11372    11346    11327    11306    11279    11263    11253 
   11236    11219    11211    11207    11195    11188    11191    11194 
   11192    11194    11207    11219    11226    11237    11253    11265 
   11283    11304    11323    11335    11349    11369    11394    11415 
   11439    11465    11485    11503    11523    11546    11569    11593 
   11620    11645    11668    11696    11723    11738    11759    11792 
   11816    11836    11870    11893    11904    11927    11950    11966 
   11988    12004    12013    12033    12055    12060    12075    12102 
   12112    12120    12137    12152    12159    12168    12183    12194 
   12206    12220    12231    12244    12249    12253    12262    12259 
   12251    12253    12258    12252    12247    12244    12233    12217 
   12209    12195    12178    12167    12152    12124    12101    12089 
   12064    12031    12015    11996    11958    11927    11902    11869 
   11828    11796    11770    11736    11693    11657    11627    11591 
   11547    11518    11488    11445    11407    11381    11346    11308 
   11276    11252    11227    11191    11159    11148    11136    11109 
   11086    11075    11061    11043    11034    11033    11024    11016 
   11020    11021    11016    11016    11020    11022    11026    11036 
   11041    11039    11047    11057    11060    11062    11075    11086 
   11090    11094    11098    11101    11105    11110    11113    11126 
   11140    11133    11130    11140    11145    11146    11153    11159 
   11160    11165    11167    11163    11171    11179    11178    11184 
   11187    11184    11191    11191    11187    11196    11194    11188 
   11194    11191    11183    11184    11183    11176    11171    11167 
   11175    11171    11152    11155    11156    11140    11129    11126 
   11124    11122    11118    11105    11091    11088    11087    11079 
   11075    11071    11062    11053    11048    11045    11044    11041 
   11037    11038    11038    11033    11036    11038    11039    11049 
   11055    11053    11061    11070    11078    11092    11098    11105 
   11126    11137    11142    11163    11181    11191    11206    11222 
   11241    11260    11277    11294    11318    11344    11362    11381 
   11410    11438    11461    11487    11520    11554    11581    11611 
   11643    11677    11715    11754    11793    11834    11869    11900 
   11942    11992    12031    12066    12109    12154    12195    12235 
   12276    12322    12366    12406    12449    12492    12529    12571 
   12614    12646    12684    12727    12760    12796    12841    12874 
   12904    12942    12974    13004    13036    13068    13103    13128 
   13146    13176    13205    13220    13246    13278    13298    13324 
   13350    13363    13393    13423    13435    13455    13479    13494 
   13512    13533    13551    13564    13581    13597    13594    13595 
   13614    13621    13609    13605    13612    13605    13593    13590 
   13576    13558    13545    13532    13517    13500    13479    13456 
   13429    13400    13374    13352    13325    13298    13271    13238 
   13211    13181    13147    13122    13096    13061    13023    12988 
   12961    12935    12893    12847    12815    12783    12745    12712 
   12676    12631    12595    12556    12510    12469    12434    12390 
   12343    12306    12272    12224    12175    12140    12110    12070 
   12028    11993    11959    11917    11884    11858    11823    11794 
   11770    11742    11712    11688    11663    11638    11614    11593 
   11572    11560    11545    11524    11515    11500    11483    11476 
   11466    11462    11464    11452    11441    11442    11431    11421 
   11430    11434    11427    11427    11422    11418    11427    11433 
   11431    11441    11450    11455    11464    11470    11480    11488 
   11500    11521    11535    11542    11564    11585    11593    11610 
   11638    11654    11663    11688    11709    11722    11743    11762 
   11770    11794    11824    11842    11861    11885    11902    11909 
   11934    11965    11978    11989    12009    12025    12037    12054 
   12066    12078    12091    12101    12108    12117    12124    12129 
   12139    12135    12128    12133    12127    12110    12109    12108 
   12087    12071    12064    12048    12032    12024    12005    11982 
   11967    11950    11935    11919    11896    11881    11877    11853 
   11831    11827    11816    11803    11796    11788    11784    11786 
   11789    11792    11797    11801    11811    11828    11843    11854 
   11875    11901    11919    11940    11971    12000    12021    12046 
   12082    12112    12136    12166    12198    12225    12248    12282 
   12312    12330    12356    12386    12402    12420    12451    12474 
   12484    12503    12528    12534    12540    12555    12563    12563 
   12561    12567    12571    12560    12555    12560    12548    12541 
   12541    12523    12510    12509    12499    12484    12475    12465 
   12444    12421    12414    12403    12379    12366    12351    12322 
   12305    12294    12275    12259    12249    12233    12210    12198 
   12183    12155    12140    12131    12114    12097    12083    12075 
   12067    12054    12039    12033    12024    12009    12004    12000 
   11988    11980    11977    11963    11947    11943    11936    11927 
   11921    11912    11894    11881    11877    11866    11854    11843 
   11832    11821    11805    11786    11777    11766    11749    11726 
   11705    11696    11676    11649    11630    11608    11578    11549 
   11521    11497    11466    11426    11392    11367    11331    11288 
   11256    11227    11194    11163    11121    11076    11048    11017 
   10974    10932    10897    10863    10825    10795    10766    10729 
   10698    10669    10632    10604    10579    10555    10532    10503 
   10474    10454    10426    10397    10382    10369    10341    10314 
   10304    10284    10258    10247    10237    10223    10208    10189 
   10177    10173    10162    10154    10156    10152    10143    10146 
   10149    10149    10164    10172    10172    10187    10203    10214 
   10230    10249    10270    10295    10314    10345    10377    10393 
   10419    10462    10489    10512    10547    10582    10615    10646 
   10681    10717    10747    10783    10825    10863    10902    10945 
   10986    11025    11068    11111    11155    11196    11237    11286 
   11331    11373    11422    11470    11507    11549    11599    11643 
   11681    11723    11767    11807    11842    11881    11919    11950 
   11986    12019    12042    12071    12109    12133    12152    12182 
   12210    12226    12241    12260    12278    12293    12310    12321 
   12330    12341    12340    12340    12353    12356    12343    12347 
   12347    12330    12328    12321    12297    12289    12282    12266 
   12247    12228    12209    12188    12170    12154    12139    12116 
   12094    12077    12056    12042    12024    12001    11989    11980 
   11963    11947    11940    11934    11919    11911    11908    11896 
   11896    11902    11889    11877    11886    11884    11874    11875 
   11875    11874    11877    11877    11874    11874    11870    11866 
   11867    11865    11862    11861    11861    11862    11855    11847 
   11857    11865    11861    11858    11862    11873    11881    11878 
   11880    11898    11911    11908    11920    11937    11943    11955 
   11980    11997    12006    12019    12037    12055    12070    12089 
   12112    12129    12147    12164    12182    12202    12217    12233 
   12258    12283    12306    12326    12347    12368    12384    12395 
   12417    12438    12456    12479    12494    12502    12518    12530 
   12540    12553    12559    12563    12571    12577    12581    12590 
   12591    12580    12580    12581    12568    12552    12545    12538 
   12528    12514    12495    12469    12447    12436    12418    12393 
   12371    12348    12320    12295    12267    12236    12208    12182 
   12150    12118    12087    12051    12020    11988    11946    11902 
   11874    11842    11794    11755    11727    11688    11642    11605 
   11570    11537    11503    11462    11426    11395    11354    11317 
   11288    11259    11225    11191    11161    11133    11103    11076 
   11057    11033    11002    10978    10956    10933    10914    10899 
   10882    10866    10851    10833    10816    10802    10794    10787 
   10775    10774    10775    10763    10755    10758    10762    10764 
   10764    10763    10777    10783    10771    10777    10802    10809 
   10804    10818    10836    10840    10843    10864    10879    10883 
   10905    10928    10930    10941    10970    10980    10986    11009 
   11028    11039    11056    11068    11082    11099    11110    11126 
   11152    11169    11184    11209    11230    11241    11254    11280 
   11300    11318    11342    11364    11379    11398    11421    11442 
   11458    11477    11503    11519    11527    11549    11570    11577 
   11587    11605    11618    11628    11645    11657    11658    11665 
   11677    11681    11684    11689    11695    11699    11696    11700 
   11703    11696    11689    11689    11682    11676    11676    11666 
   11653    11650    11647    11635    11620    11612    11612    11603 
   11592    11595    11592    11577    11573    11574    11570    11572 
   11570    11569    11574    11581    11584    11587    11593    11604 
   11618    11623    11630    11645    11661    11674    11688    11704 
   11718    11734    11753    11770    11784    11800    11821    11840 
   11855    11874    11897    11916    11934    11954    11973    11993 
   12010    12029    12052    12070    12079    12098    12120    12139 
   12151    12166    12185    12201    12216    12235    12248    12256 
   12272    12294    12302    12306    12322    12333    12329    12339 
   12357    12357    12353    12366    12376    12373    12372    12376 
   12372    12366    12366    12359    12345    12334    12332    12322 
   12305    12297    12290    12276    12264    12244    12228    12221 
   12204    12178    12175    12174    12148    12133    12139    12120 
   12096    12096    12089    12071    12063    12059    12048    12042 
   12033    12021    12017    12013    12000    11998    11996    11983 
   11978    11973    11965    11966    11963    11952    11952    11956 
   11952    11947    11947    11947    11947    11951    11951    11954 
   11956    11959    11965    11974    11977    11980    11992    11998 
   12004    12013    12025    12037    12042    12051    12067    12067 
   12062    12078    12098    12101    12100    12108    12110    12109 
   12114    12122    12124    12132    12137    12131    12128    12131 
   12131    12128    12132    12137    12132    12121    12120    12121 
   12114    12105    12102    12098    12087    12078    12070    12055 
   12042    12032    12017    12000    11986    11965    11944    11932 
   11914    11890    11871    11858    11842    11821    11801    11784 
   11762    11739    11722    11711    11695    11674    11655    11645 
   11632    11615    11600    11589    11574    11560    11547    11535 
   11523    11511    11504    11499    11488    11473    11465    11465 
   11454    11445    11450    11454    11448    11438    11437    11437 
   11431    11434    11433    11427    11430    11430    11426    11431 
   11443    11438    11431    11442    11446    11435    11439    11450 
   11450    11454    11464    11460    11458    11466    11457    11449 
   11460    11458    11448    11450    11452    11448    11443    11435 
   11430    11431    11422    11412    11416    11410    11395    11394 
   11391    11375    11368    11367    11356    11345    11338    11330 
   11318    11304    11299    11290    11276    11271    11265    11250 
   11240    11237    11236    11229    11232    11229    11214    11213 
   11217    11214    11209    11206    11214    11221    11214    11211 
   11221    11223    11219    11219    11221    11223    11225    11223 
   11227    11232    11230    11234    11236    11232    11237    11246 
   11242    11237    11245    11250    11250    11249    11253    11254 
   11250    11253    11264    11264    11260    11269    11272    11265 
   11268    11273    11273    11277    11280    11280    11283    11288 
   11291    11298    11303    11303    11311    11321    11319    11325 
   11335    11342    11344    11348    11354    11362    11372    11383 
   11395    11403    11411    11421    11427    11437    11448    11458 
   11472    11485    11499    11511    11523    11539    11560    11574 
   11587    11605    11626    11645    11661    11680    11709    11734 
   11746    11769    11799    11815    11831    11862    11886    11904 
   11934    11961    11978    11998    12023    12043    12066    12089 
   12102    12120    12150    12164    12172    12193    12212    12220 
   12233    12252    12262    12270    12282    12289    12295    12303 
   12306    12307    12307    12307    12309    12312    12310    12307 
   12309    12309    12297    12290    12290    12285    12268    12258 
   12253    12239    12216    12208    12202    12182    12162    12152 
   12139    12116    12101    12085    12064    12046    12032    12016 
   12000    11983    11965    11947    11936    11924    11904    11888 
   11877    11865    11846    11836    11838    11834    11813    11801 
   11796    11785    11774    11772    11776    11767    11758    11758 
   11751    11735    11723    11724    11724    11716    11712    11705 
   11696    11693    11682    11669    11659    11646    11630    11622 
   11612    11597    11584    11568    11550    11538    11524    11506 
   11492    11475    11460    11449    11430    11415    11406    11395 
   11379    11368    11361    11353    11338    11330    11330    11323 
   11310    11296    11296    11298    11287    11277    11277    11276 
   11265    11260    11264    11260    11257    11260    11260    11260 
   11259    11257    11260    11260    11267    11280    11286    11283 
   11295    11308    11295    11296    11329    11342    11335    11350 
   11376    11381    11384    11400    11419    11430    11441    11453 
   11465    11475    11488    11508    11524    11541    11562    11577 
   11591    11614    11637    11651    11668    11691    11713    11729 
   11746    11770    11790    11799    11813    11836    11851    11865 
   11880    11888    11896    11912    11923    11928    11939    11943 
   11947    11958    11955    11955    11965    11958    11946    11956 
   11959    11940    11936    11939    11928    11913    11898    11890 
   11888    11875    11866    11859    11846    11832    11827    11823 
   11808    11797    11799    11788    11774    11777    11778    11762 
   11755    11757    11754    11746    11738    11732    11734    11729 
   11719    11719    11724    11716    11712    11713    11705    11693 
   11689    11686    11689    11689    11684    11684    11686    11688 
   11688    11686    11688    11691    11693    11700    11703    11700 
   11706    11716    11711    11712    11720    11720    11727    11736 
   11738    11738    11742    11747    11753    11754    11754    11758 
   11761    11761    11761    11767    11772    11772    11780    11786 
   11780    11781    11793    11793    11790    11799    11803    11807 
   11811    11808    11808    11816    11813    11815    11823    11821 
   11824    11834    11828    11821    11830    11832    11820    11824 
   11836    11828    11819    11831    11836    11824    11815    11813 
   11816    11809    11797    11801    11807    11792    11785    11790 
   11782    11770    11770    11772    11762    11757    11759    11758 
   11746    11739    11743    11739    11726    11719    11720    11720 
   11715    11706    11703    11700    11691    11677    11673    11665 
   11654    11653    11647    11634    11626    11619    11612    11615 
   11611    11599    11597    11595    11584    11584    11580    11576 
   11578    11572    11558    11558    11558    11549    11542    11546 
   11543    11534    11534    11530    11521    11516    11518    11523 
   11523    11511    11504    11504    11497    11499    11510    11510 
   11504    11503    11508    11506    11500    11508    11514    11515 
   11520    11523    11521    11526    11530    11533    11538    11543 
   11539    11541    11553    11556    11551    11554    11564    11569 
   11573    11581    11583    11583    11593    11597    11597    11608 
   11618    11624    11638    11642    11646    11658    11669    11681 
   11696    11706    11718    11727    11735    11755    11772    11778 
   11790    11812    11827    11835    11844    11861    11877    11885 
   11896    11913    11920    11924    11937    11943    11951    11967 
   11970    11967    11977    11978    11975    11982    11988    11988 
   11993    11990    11983    11986    11986    11977    11973    11974 
   11971    11965    11958    11956    11951    11937    11931    11929 
   11921    11916    11912    11908    11904    11900    11893    11886 
   11885    11880    11873    11870    11873    11867    11859    11862 
   11865    11863    11865    11867    11866    11862    11865    11870 
   11873    11870    11870    11877    11881    11881    11888    11900 
   11901    11897    11909    11924    11924    11925    11940    11952 
   11952    11956    11973    11983    11985    11992    12005    12012 
   12010    12017    12031    12033    12035    12050    12054    12054 
   12060    12069    12073    12071    12069    12066    12066    12067 
   12064    12063    12060    12055    12055    12051    12048    12048 
   12042    12037    12033    12020    12020    12024    12008    12001 
   12008    11997    11990    11997    11994    11986    11980    11980 
   11979    11971    11965    11969    11967    11961    11959    11955 
   11950    11952    11947    11939    11943    11943    11931    11931 
   11929    11921    11923    11917    11907    11912    11913    11897 
   11889    11896    11889    11875    11878    11881    11866    11859 
   11861    11853    11840    11842    11838    11821    11816    11817 
   11804    11794    11796    11790    11781    11772    11766    11762 
   11754    11746    11745    11742    11739    11739    11738    11739 
   11736    11734    11742    11745    11738    11743    11754    11750 
   11749    11765    11776    11776    11782    11788    11790    11794 
   11800    11805    11811    11812    11813    11819    11821    11821 
   11824    11828    11834    11836    11836    11840    11847    11850 
   11854    11855    11855    11857    11861    11866    11865    11869 
   11877    11880    11884    11888    11889    11898    11901    11894 
   11901    11913    11911    11914    11925    11924    11920    11928 
   11934    11931    11936    11946    11943    11940    11946    11951 
   11955    11958    11966    11969    11962    11963    11969    11966 
   11969    11978    11982    11985    11986    11983    11985    11988 
   11985    11985    11993    11996    11990    11989    11989    11985 
   11979    11973    11966    11967    11966    11955    11947    11943 
   11932    11924    11916    11908    11900    11885    11866    11854 
   11846    11836    11819    11803    11800    11788    11762    11749 
   11745    11729    11703    11691    11688    11672    11646    11630 
   11626    11611    11587    11576    11566    11550    11534    11521 
   11512    11500    11485    11480    11468    11448    11438    11430 
   11414    11407    11406    11395    11379    11368    11354    11345 
   11341    11335    11331    11330    11323    11315    11317    11311 
   11303    11304    11311    11313    11310    11304    11306    11311 
   11313    11311    11313    11319    11323    11322    11323    11327 
   11333    11340    11342    11337    11341    11350    11348    11345 
   11352    11354    11353    11356    11356    11356    11360    11354 
   11349    11353    11360    11358    11353    11353    11356    11349 
   11344    11349    11349    11338    11333    11338    11335    11329 
   11327    11329    11333    11331    11322    11329    11338    11333 
   11329    11341    11346    11342    11349    11360    11360    11361 
   11373    11383    11389    11396    11406    11418    11433    11446 
   11455    11468    11484    11493    11500    11516    11531    11539 
   11553    11569    11580    11587    11600    11611    11624    11638 
   11646    11654    11662    11669    11673    11680    11688    11689 
   11696    11704    11701    11700    11706    11708    11700    11699 
   11701    11700    11695    11689    11681    11674    11670    11668 
   11653    11642    11639    11627    11615    11610    11596    11587 
   11578    11566    11560    11549    11530    11523    11518    11502 
   11487    11485    11481    11465    11455    11453    11442    11425 
   11419    11416    11404    11400    11399    11395    11392    11387 
   11383    11384    11383    11384    11388    11387    11387    11392 
   11398    11402    11404    11414    11421    11422    11433    11442 
   11443    11454    11473    11480    11485    11499    11508    11515 
   11527    11541    11549    11554    11569    11587    11593    11595 
   11610    11630    11630    11630    11658    11678    11673    11681 
   11701    11706    11709    11724    11736    11745    11757    11762 
   11767    11778    11786    11789    11797    11801    11799    11812 
   11821    11808    11807    11820    11813    11801    11807    11805 
   11794    11790    11789    11784    11780    11772    11758    11755 
   11751    11732    11719    11723    11718    11700    11689    11678 
   11665    11659    11653    11639    11630    11620    11604    11595 
   11585    11570    11560    11556    11551    11537    11519    11510 
   11500    11488    11477    11466    11464    11455    11438    11430 
   11425    11410    11394    11388    11383    11367    11358    11354 
   11337    11326    11331    11322    11304    11302    11296    11280 
   11277    11273    11264    11260    11260    11247    11230    11225 
   11219    11209    11199    11195    11187    11179    11175    11168 
   11156    11149    11144    11137    11132    11126    11121    11111 
   11102    11103    11098    11088    11094    11098    11094    11095 
   11094    11090    11092    11091    11095    11114    11118    11107 
   11114    11124    11119    11124    11137    11142    11146    11155 
   11161    11165    11178    11191    11199    11206    11214    11223 
   11233    11245    11261    11272    11280    11298    11310    11321 
   11333    11346    11362    11379    11391    11410    11431    11443 
   11458    11485    11499    11506    11530    11560    11573    11583 
   11603    11630    11646    11657    11678    11700    11709    11720 
   11739    11759    11776    11789    11801    11815    11827    11834 
   11848    11866    11873    11884    11900    11902    11907    11925 
   11937    11940    11950    11967    11974    11971    11983    12001 
   12001    12004    12019    12031    12036    12043    12046    12054 
   12064    12070    12079    12091    12101    12106    12112    12120 
   12129    12140    12147    12155    12171    12179    12186    12193 
   12201    12209    12220    12231    12237    12248    12262    12268 
   12274    12283    12297    12309    12313    12321    12339    12351 
   12359    12372    12386    12396    12401    12405    12417    12426 
   12432    12444    12451    12453    12465    12468    12465    12480 
   12490    12486    12491    12505    12505    12496    12498    12503 
   12501    12495    12502    12503    12491    12486    12491    12488 
   12480    12474    12476    12471    12452    12447    12451    12436 
   12415    12414    12413    12395    12376    12368    12360    12351 
   12337    12322    12316    12310    12297    12282    12271    12262 
   12256    12240    12225    12225    12218    12198    12194    12197 
   12179    12160    12158    12154    12137    12127    12125    12121 
   12108    12101    12094    12083    12077    12070    12064    12064 
   12056    12042    12035    12032    12024    12017    12015    12010 
   12002    11992    11980    11979    11971    11956    11954    11952 
   11939    11934    11924    11908    11908    11904    11886    11886 
   11886    11870    11866    11862    11843    11835    11836    11838 
   11831    11817    11811    11811    11804    11801    11805    11805 
   11801    11801    11796    11790    11793    11792    11794    11805 
   11807    11799    11804    11811    11807    11812    11821    11827 
   11838    11844    11846    11851    11854    11857    11867    11877 
   11884    11890    11897    11901    11908    11916    11921    11924 
   11929    11942    11950    11947    11954    11967    11970    11966 
   11971    11983    11983    11975    11986    12001    11997    11992 
   11997    11996    11989    11993    12001    11998    11990    11992 
   11990    11983    11986    11985    11974    11970    11969    11961 
   11959    11961    11947    11942    11944    11935    11924    11928 
   11923    11911    11904    11893    11884    11878    11865    11855 
   11858    11855    11840    11824    11816    11815    11809    11799 
   11792    11784    11772    11761    11747    11743    11742    11736 
   11729    11720    11703    11696    11696    11688    11682    11684 
   11676    11663    11658    11654    11647    11643    11645    11641 
   11632    11626    11626    11626    11624    11622    11620    11616 
   11608    11604    11610    11610    11605    11607    11611    11604 
   11589    11587    11597    11600    11601    11603    11601    11600 
   11593    11589    11596    11597    11595    11600    11597    11591 
   11603    11612    11601    11600    11611    11607    11603    11611 
   11620    11627    11628    11627    11626    11627    11627    11630 
   11637    11638    11638    11641    11630    11626    11634    11639 
   11638    11634    11622    11615    11612    11603    11597    11599 
   11596    11583    11572    11568    11562    11550    11538    11533 
   11530    11514    11496    11495    11492    11475    11455    11452 
   11445    11431    11422    11415    11407    11398    11392    11384 
   11373    11364    11354    11345    11344    11341    11331    11329 
   11329    11325    11317    11313    11315    11319    11317    11307 
   11315    11330    11323    11321    11335    11337    11325    11327 
   11345    11348    11341    11350    11350    11344    11353    11361 
   11356    11356    11358    11361    11360    11358    11360    11358 
   11356    11362    11361    11352    11356    11361    11345    11345 
   11354    11341    11338    11348    11341    11333    11338    11340 
   11337    11335    11335    11344    11352    11345    11340    11353 
   11362    11362    11369    11375    11379    11388    11392    11402 
   11414    11425    11431    11431    11448    11472    11469    11473 
   11496    11507    11515    11530    11546    11561    11578    11592 
   11610    11632    11645    11661    11684    11704    11722    11746 
   11776    11796    11813    11838    11854    11866    11893    11921 
   11942    11966    11990    12010    12029    12051    12069    12087 
   12110    12137    12154    12168    12190    12205    12216    12239 
   12263    12268    12278    12299    12310    12316    12333    12348 
