Origin Time       2016/04/16 01:25:00
Lat.              32.753
Long.             130.762
Depth. (km)       12
Mag.              7.3
Station Code      SIT010
Station Lat.      35.9065
Station Long.     139.6481
Station Height(m) 13
Record Time       2016/04/16 01:30:06
Sampling Freq(Hz) 100Hz
Duration Time(s)  60
Dir.              E-W
Scale Factor      7845(gal)/8223790
Max. Acc. (gal)   1.225
Last Correction   2016/04/16 01:30:09
Memo.             
     492      508      518      523      537      549      553      562 
     577      588      596      607      622      635      649      662 
     673      684      702      718      726      745      762      767 
     781      801      812      827      838      853      876      888 
     897      912      931      949      959      972      990     1005 
    1016     1030     1043     1060     1071     1080     1100     1119 
    1125     1131     1146     1163     1169     1171     1183     1196 
    1205     1212     1219     1228     1235     1237     1243     1252 
    1259     1256     1258     1267     1269     1264     1270     1279 
    1282     1279     1278     1285     1290     1287     1289     1297 
    1297     1298     1298     1298     1304     1296     1287     1297 
    1298     1291     1291     1286     1282     1282     1275     1269 
    1266     1255     1248     1244     1233     1227     1221     1210 
    1198     1188     1179     1170     1161     1146     1129     1123 
    1112     1094     1081     1070     1053     1034     1020     1009 
     986      967      958      943      920      899      882      872 
     857      834      818      807      788      765      751      745 
     731      714      704      693      684      670      656      656 
     649      631      622      619      614      607      598      596 
     594      579      577      583      577      572      571      573 
     576      571      571      581      588      585      587      599 
     608      607      612      626      631      637      649      661 
     673      684      689      700      720      735      741      758 
     778      787      795      812      832      845      850      864 
     888      903      912      932      946      955      976      989 
    1003     1020     1028     1039     1059     1069     1081     1098 
    1113     1131     1144     1151     1161     1174     1188     1202 
    1212     1217     1233     1248     1251     1256     1271     1282 
    1290     1291     1297     1310     1316     1318     1325     1331 
    1333     1337     1340     1345     1351     1352     1354     1360 
    1363     1360     1364     1368     1372     1378     1371     1374 
    1383     1378     1377     1387     1386     1385     1389     1389 
    1394     1399     1398     1399     1405     1409     1408     1409 
    1414     1413     1413     1417     1421     1424     1424     1425 
    1433     1440     1440     1447     1456     1460     1468     1474 
    1474     1482     1494     1499     1505     1512     1520     1528 
    1534     1544     1554     1557     1561     1574     1586     1595 
    1601     1606     1621     1629     1636     1648     1663     1669 
    1672     1680     1691     1699     1707     1710     1715     1729 
    1734     1733     1741     1749     1755     1761     1765     1771 
    1776     1776     1775     1779     1783     1780     1775     1780 
    1788     1781     1776     1775     1775     1775     1771     1767 
    1769     1763     1752     1749     1748     1737     1729     1725 
    1718     1710     1702     1691     1686     1683     1671     1660 
    1657     1649     1642     1637     1622     1613     1606     1593 
    1582     1579     1568     1554     1549     1543     1535     1528 
    1512     1505     1502     1494     1480     1472     1467     1456 
    1444     1437     1431     1422     1410     1401     1393     1385 
    1374     1363     1360     1358     1347     1334     1332     1327 
    1320     1316     1308     1308     1305     1294     1296     1302 
    1296     1290     1294     1294     1291     1294     1298     1302 
    1301     1294     1300     1310     1312     1310     1313     1324 
    1331     1331     1337     1347     1350     1358     1364     1370 
    1383     1387     1389     1399     1408     1405     1410     1422 
    1431     1437     1443     1444     1453     1463     1468     1475 
    1480     1485     1490     1495     1499     1505     1509     1513 
    1517     1518     1522     1526     1528     1532     1534     1534 
    1534     1537     1541     1544     1544     1545     1549     1552 
    1547     1545     1554     1557     1552     1549     1551     1554 
    1552     1547     1551     1552     1549     1551     1551     1549 
    1545     1544     1548     1549     1548     1541     1540     1548 
    1549     1545     1547     1547     1544     1545     1548     1548 
    1549     1551     1548     1551     1554     1545     1539     1545 
    1544     1535     1535     1532     1528     1528     1521     1517 
    1516     1505     1499     1495     1486     1482     1478     1463 
    1455     1447     1428     1421     1417     1399     1390     1381 
    1362     1350     1337     1321     1308     1291     1273     1259 
    1242     1223     1209     1193     1175     1161     1142     1127 
    1111     1089     1075     1065     1042     1020     1008      994 
     974      958      945      928      912      896      882      873 
     859      838      826      819      804      784      773      767 
     757      745      734      722      711      702      688      679 
     673      660      645      641      638      627      622      616 
     611      606      598      595      595      585      576      576 
     572      565      562      560      553      550      542      540 
     540      533      526      523      521      515      514      506 
     498      499      491      483      484      480      471      464 
     463      463      453      446      445      441      434      429 
     425      427      419      410      413      410      400      395 
     392      390      387      383      378      376      376      368 
     367      368      360      355      355      353      355      352 
     351      351      346      346      349      346      346      352 
     349      344      349      352      355      355      349      355 
     359      355      356      364      363      361      367      372 
     378      379      379      388      398      398      399      406 
     413      419      423      425      437      444      449      459 
     463      469      487      493      503      519      522      531 
     552      558      568      579      588      603      618      629 
     641      656      666      673      689      708      715      723 
     739      754      761      769      784      792      797      812 
     826      837      851      862      872      884      893      905 
     916      923      935      945      954      966      972      980 
     990      997     1005     1016     1020     1024     1035     1043 
    1047     1055     1058     1060     1070     1073     1070     1075 
    1085     1086     1085     1093     1097     1093     1094     1097 
    1101     1105     1097     1098     1102     1096     1094     1097 
    1092     1084     1078     1071     1067     1060     1053     1043 
    1036     1031     1021     1008      997      985      973      965 
     955      939      922      909      897      882      869      855 
     835      815      801      788      774      754      731      722 
     711      685      670      662      641      619      606      589 
     577      562      545      530      514      498      487      473 
     457      441      423      411      402      387      375      367 
     356      344      333      322      315      311      299      292 
     286      275      272      268      256      256      253      245 
     245      241      232      230      229      225      221      214 
     214      211      205      203      203      202      197      191 
     194      193      187      189      186      183      180      176 
     182      184      178      180      186      189      191      193 
     195      199      202      206      210      214      218      221 
     225      232      240      246      255      261      263      276 
     289      292      302      315      329      342      355      368 
     382      391      405      422      436      451      464      476 
     492      506      522      537      548      565      577      589 
     612      631      638      649      668      681      693      708 
     726      741      754      764      778      796      811      816 
     830      853      864      870      885      903      916      924 
     939      955      966      976      990     1003     1012     1028 
    1038     1043     1058     1071     1077     1090     1101     1112 
    1128     1136     1143     1154     1165     1174     1177     1183 
    1194     1201     1210     1219     1223     1230     1237     1242 
    1247     1254     1260     1264     1273     1285     1286     1286 
    1296     1297     1301     1308     1314     1320     1323     1321 
    1329     1339     1337     1339     1347     1351     1348     1348 
    1355     1359     1356     1358     1363     1363     1363     1367 
    1370     1368     1367     1368     1367     1368     1367     1363 
    1364     1360     1350     1347     1347     1347     1343     1329 
    1325     1327     1318     1313     1310     1304     1300     1297 
    1294     1290     1282     1278     1275     1273     1269     1266 
    1262     1262     1260     1258     1254     1248     1247     1247 
    1248     1248     1246     1251     1256     1252     1256     1262 
    1259     1263     1269     1269     1273     1278     1278     1282 
    1291     1294     1296     1306     1312     1314     1317     1318 
    1325     1329     1324     1329     1337     1336     1334     1341 
    1343     1339     1337     1339     1341     1341     1334     1337 
    1341     1334     1329     1327     1325     1324     1316     1310 
    1310     1306     1302     1297     1290     1287     1282     1281 
    1281     1271     1262     1259     1255     1248     1243     1239 
    1230     1225     1228     1223     1215     1209     1202     1202 
    1202     1197     1196     1193     1189     1192     1185     1179 
    1179     1171     1169     1175     1170     1165     1167     1167 
    1166     1165     1165     1167     1162     1158     1163     1166 
    1165     1165     1167     1174     1179     1174     1171     1178 
    1185     1183     1185     1189     1190     1194     1197     1197 
    1202     1205     1204     1209     1215     1213     1215     1220 
    1228     1233     1228     1229     1240     1244     1243     1242 
    1244     1247     1244     1246     1252     1252     1250     1247 
    1248     1252     1248     1243     1243     1242     1239     1237 
    1232     1229     1227     1224     1223     1220     1215     1209 
    1208     1210     1204     1197     1200     1197     1190     1189 
    1179     1175     1181     1174     1169     1173     1166     1161 
    1165     1161     1158     1161     1156     1154     1155     1152 
    1156     1158     1147     1144     1154     1154     1147     1147 
    1150     1151     1155     1159     1161     1162     1165     1170 
    1174     1174     1177     1181     1185     1190     1185     1185 
    1197     1197     1190     1193     1201     1206     1204     1201 
    1206     1215     1210     1205     1213     1220     1216     1210 
    1213     1216     1215     1212     1216     1219     1215     1205 
    1209     1220     1215     1208     1209     1210     1209     1204 
    1201     1206     1208     1200     1198     1200     1196     1193 
    1193     1194     1192     1183     1182     1188     1185     1178 
    1182     1182     1174     1178     1178     1174     1179     1175 
    1169     1173     1170     1162     1166     1166     1166     1169 
    1161     1155     1156     1148     1142     1144     1136     1124 
    1124     1121     1109     1104     1100     1089     1078     1075 
    1074     1067     1053     1044     1046     1039     1030     1020 
    1015     1012     1004      993      994      990      974      965 
     957      953      947      935      929      927      915      907 
     903      895      890      882      872      870      868      855 
     855      855      845      841      838      830      826      822 
     818      819      816      808      800      803      804      795 
     788      789      788      784      777      772      773      772 
     769      767      762      761      758      754      758      757 
     747      749      751      746      743      741      737      739 
     739      738      741      739      741      743      743      747 
     743      738      741      745      746      746      743      741 
     743      741      745      751      751      749      750      751 
     756      757      751      753      761      762      758      758 
     760      765      765      757      761      767      761      758 
     762      765      765      761      760      765      764      758 
     762      764      760      757      756      756      757      753 
     754      757      753      746      743      746      745      743 
     738      734      743      741      728      730      731      727 
     722      720      723      719      708      715      718      714 
     714      710      706      710      702      700      706      700 
     695      697      697      695      696      699      700      702 
     702      700      706      711      712      711      714      715 
     722      723      724      735      745      747      753      762 
     774      777      780      792      803      805      811      820 
     831      842      847      854      869      877      882      895 
     900      909      922      928      938      954      961      966 
     984      997     1000     1005     1017     1032     1039     1042 
    1051     1069     1077     1081     1092     1105     1109     1109 
    1119     1136     1142     1139     1144     1152     1155     1158 
    1162     1162     1162     1163     1163     1171     1177     1175 
    1177     1181     1188     1188     1185     1192     1194     1188 
    1190     1193     1188     1188     1188     1182     1182     1181 
    1175     1171     1173     1170     1166     1165     1162     1161 
    1156     1154     1151     1139     1135     1140     1135     1127 
    1121     1116     1119     1120     1112     1109     1112     1107 
    1105     1101     1093     1088     1089     1088     1075     1069 
    1071     1067     1065     1062     1057     1055     1046     1034 
    1036     1035     1021     1012     1005     1000     1000      996 
     992      989      980      972      969      965      959      953 
     943      936      932      928      920      918      915      907 
     899      896      895      886      880      877      877      872 
     864      864      866      859      854      850      850      851 
     849      843      845      851      850      850      855      854 
     855      858      857      864      866      862      869      874 
     876      884      890      889      896      900      897      905 
     915      915      918      923      926      938      943      942 
     950      958      961      973      981      985      992      996 
    1004     1012     1011     1012     1024     1032     1034     1035 
    1039     1050     1053     1053     1058     1065     1063     1067 
    1073     1067     1067     1071     1071     1073     1073     1067 
    1071     1081     1078     1073     1075     1080     1084     1078 
    1075     1084     1081     1074     1074     1074     1077     1080 
    1074     1071     1075     1074     1070     1071     1070     1065 
    1062     1063     1065     1065     1057     1051     1053     1044 
    1035     1038     1034     1021     1019     1013     1011     1012 
    1000      990      993      989      978      972      965      958 
     950      942      936      929      916      907      899      885 
     876      864      855      850      835      822      812      793 
     777      769      754      735      724      710      693      684 
     673      661      652      638      622      608      594      569 
     553      545      526      506      488      473      467      454 
     436      418      409      394      378      365      353      337 
     321      307      295      282      263      251      243      228 
     211      205      195      183      171      159      149      140 
     129      118      112      109       98       90       89       82 
      71       65       60       52       43       36       39       36 
      27       20       17       13       13       11        8        5 
       0       -2       -2       -5       -5       -9      -14      -11 
      -9      -13      -14      -14      -13      -11      -16      -13 
      -8       -9       -9       -5       -5        1        8        4 
       5       18       22       18       29       40       43       47 
      56       65       70       72       86       94       89       95 
     117      126      135      149      157      164      180      193 
     198      214      228      229      245      268      276      287 
     295      305      329      341      341      363      382      386 
     402      417      423      438      451      461      479      498 
     508      523      538      548      560      571      584      600 
     614      627      645      662      679      692      702      719 
     735      750      767      778      791      805      819      835 
     851      864      880      895      911      927      943      961 
     972      986     1009     1026     1039     1055     1070     1088 
    1102     1119     1142     1159     1175     1193     1210     1228 
    1244     1263     1279     1287     1304     1324     1337     1352 
    1367     1382     1398     1413     1426     1444     1462     1472 
    1486     1506     1517     1526     1540     1547     1561     1579 
    1582     1598     1618     1621     1630     1641     1651     1671 
    1675     1676     1695     1702     1705     1713     1719     1733 
    1740     1733     1742     1763     1764     1761     1772     1777 
    1780     1790     1795     1799     1807     1809     1809     1817 
    1822     1825     1830     1831     1831     1840     1841     1838 
    1838     1840     1840     1840     1845     1844     1836     1836 
    1840     1833     1833     1830     1821     1825     1826     1818 
    1814     1806     1803     1806     1796     1786     1781     1771 
    1757     1753     1745     1734     1723     1714     1710     1698 
    1676     1664     1658     1648     1637     1624     1606     1594 
    1580     1561     1549     1537     1518     1506     1494     1474 
    1455     1439     1426     1413     1393     1377     1366     1348 
    1332     1313     1294     1286     1269     1246     1237     1224 
    1205     1190     1178     1165     1152     1136     1119     1112 
    1102     1085     1073     1065     1058     1046     1035     1031 
    1026     1016     1007      999      994      990      981      973 
     969      965      961      955      953      953      947      938 
     940      946      938      929      931      934      928      923 
     923      929      932      928      931      938      936      939 
     946      947      950      949      949      961      969      969 
     976      984      992     1000     1000     1011     1028     1030 
    1031     1044     1055     1065     1071     1078     1093     1097 
    1096     1112     1125     1131     1136     1144     1162     1169 
    1171     1189     1200     1205     1216     1223     1237     1254 
    1252     1264     1282     1286     1298     1314     1321     1333 
    1340     1350     1366     1375     1381     1387     1402     1418 
    1424     1433     1444     1448     1460     1471     1476     1483 
    1490     1498     1509     1514     1516     1522     1532     1537 
    1539     1547     1551     1552     1563     1568     1567     1571 
    1571     1578     1587     1580     1575     1580     1586     1588 
    1583     1586     1588     1583     1580     1586     1588     1579 
    1570     1572     1575     1567     1563     1566     1560     1554 
    1553     1552     1548     1540     1533     1533     1534     1528 
    1517     1514     1513     1505     1495     1493     1494     1486 
    1472     1472     1471     1462     1456     1455     1453     1449 
    1440     1435     1437     1439     1433     1429     1425     1421 
    1416     1410     1414     1417     1408     1404     1405     1405 
    1405     1404     1404     1402     1398     1399     1405     1408 
    1408     1408     1410     1416     1416     1417     1424     1428 
    1431     1433     1436     1441     1447     1448     1455     1464 
    1466     1468     1478     1486     1490     1495     1501     1509 
    1513     1516     1526     1540     1549     1552     1560     1571 
    1579     1587     1594     1602     1611     1618     1628     1637 
    1645     1655     1663     1669     1676     1688     1701     1706 
    1714     1726     1729     1740     1750     1752     1761     1771 
    1775     1784     1794     1796     1802     1810     1815     1818 
    1825     1833     1833     1840     1844     1845     1852     1858 
    1863     1867     1869     1872     1873     1872     1876     1878 
    1875     1881     1887     1884     1887     1890     1888     1895 
    1895     1887     1890     1898     1895     1894     1899     1899 
    1896     1898     1898     1899     1903     1899     1899     1900 
    1896     1896     1898     1896     1900     1903     1900     1904 
    1902     1896     1899     1899     1899     1899     1894     1896 
    1899     1896     1898     1898     1888     1888     1887     1880 
    1880     1877     1871     1868     1859     1854     1856     1848 
    1836     1831     1829     1817     1804     1799     1791     1784 
    1775     1764     1755     1741     1729     1723     1711     1695 
    1680     1668     1663     1652     1626     1617     1613     1590 
    1571     1561     1547     1533     1512     1491     1485     1472 
    1447     1429     1416     1398     1379     1358     1345     1333 
    1308     1287     1271     1254     1235     1215     1197     1177 
    1155     1133     1117     1107     1085     1059     1038     1017 
    1000      982      959      940      918      897      877      861 
     843      822      799      784      762      739      722      700 
     684      666      645      626      610      595      579      558 
     544      530      513      499      480      464      454      433 
     417      407      392      380      365      351      342      333 
     319      302      291      289      275      259      257      245 
     229      225      221      212      202      197      194      183 
     175      170      164      164      157      144      143      141 
     133      128      129      129      126      118      116      117 
     114      110      108      109      109      102      101      108 
     108      102      106      112      112      110      114      117 
     121      128      122      121      129      126      126      131 
     131      135      141      143      149      152      151      159 
     164      168      175      175      178      186      183      186 
     195      198      199      202      203      205      205      207 
     212      211      214      212      210      217      218      217 
     220      218      224      230      225      230      240      241 
     241      241      241      246      246      243      248      253 
     252      252      255      259      259      253      253      263 
     261      251      251      255      253      248      245      246 
     246      240      233      234      238      233      228      230 
     229      222      221      222      220      214      207      211 
     218      212      201      203      206      201      198      197 
     197      198      194      194      197      195      193      191 
     195      199      199      203      207      211      214      216 
     225      232      233      238      244      252      259      263 
     266      274      276      283      291      295      302      313 
     315      321      328      334      340      344      352      359 
     359      363      370      378      376      376      387      391 
     388      388      392      396      399      398      399      405 
     402      395      396      400      403      399      396      405 
     406      398      399      403      407      406      402      403 
     406      406      406      403      406      411      403      400 
     406      402      398      399      396      398      396      388 
     390      391      386      382      383      383      380      378 
     376      380      382      370      368      375      368      361 
     364      359      352      349      344      341      334      329 
     325      319      315      310      302      299      298      294 
     287      278      275      272      261      253      257      252 
     241      238      236      229      224      218      212      209 
     198      184      183      182      174      163      156      153 
     149      137      128      125      121      110      103      108 
     105       90       82       85       82       78       72       67 
      65       67       60       56       60       58       55       56 
      56       52       54       54       54       56       52       52 
      58       58       56       59       59       65       75       74 
      74       81       86       90       93       97      101      103 
     108      109      117      124      120      125      136      137 
     140      144      151      153      147      148      157      159 
     159      160      162      174      176      168      178      186 
     182      187      195      201      203      199      203      214 
     217      216      217      225      234      229      229      244 
     244      236      243      249      252      256      255      259 
     266      263      265      275      279      279      283      284 
     288      298      302      310      319      319      324      336 
     342      351      361      365      369      382      391      400 
     411      421      430      440      450      464      475      484 
     495      510      519      526      540      557      565      576 
     596      611      618      638      656      665      683      697 
     711      728      745      760      777      789      810      837 
     846      851      877      903      915      929      953      976 
     993     1008     1030     1051     1070     1086     1104     1127 
    1154     1171     1181     1206     1233     1243     1259     1285 
    1305     1321     1339     1363     1389     1410     1425     1441 
    1470     1491     1502     1525     1554     1566     1580     1609 
    1630     1644     1663     1680     1698     1722     1736     1746 
    1775     1794     1800     1817     1833     1848     1864     1878 
    1896     1918     1929     1939     1960     1972     1984     2001 
    2011     2025     2043     2052     2061     2074     2083     2097 
    2111     2114     2119     2133     2138     2143     2153     2162 
    2169     2169     2173     2181     2188     2191     2189     2195 
    2196     2196     2196     2199     2207     2208     2192     2199 
    2209     2195     2192     2196     2184     2182     2188     2176 
    2169     2165     2151     2149     2153     2128     2110     2116 
    2111     2091     2077     2070     2066     2056     2034     2023 
    2018     2006     1992     1980     1971     1961     1942     1927 
    1921     1903     1890     1878     1859     1850     1845     1817 
    1799     1800     1784     1767     1761     1741     1723     1722 
    1707     1686     1675     1657     1642     1637     1618     1597 
    1593     1579     1556     1549     1535     1520     1509     1490 
    1472     1468     1453     1435     1425     1412     1393     1391 
    1382     1360     1355     1350     1325     1318     1313     1293 
    1290     1282     1262     1259     1255     1235     1233     1230 
    1216     1210     1205     1193     1196     1192     1174     1177 
    1185     1177     1175     1178     1173     1177     1181     1173 
    1179     1193     1185     1188     1198     1196     1204     1215 
    1212     1221     1229     1230     1247     1255     1254     1269 
    1282     1282     1301     1316     1318     1333     1348     1360 
    1379     1389     1397     1418     1436     1445     1460     1475 
    1490     1509     1521     1528     1551     1574     1584     1599 
    1621     1632     1652     1675     1682     1691     1717     1736 
    1742     1760     1779     1790     1803     1823     1833     1849 
    1872     1883     1891     1910     1926     1942     1958     1969 
    1984     2001     2010     2022     2039     2052     2061     2073 
    2087     2098     2107     2118     2130     2141     2150     2161 
    2172     2182     2192     2199     2204     2215     2226     2230 
    2235     2242     2245     2253     2261     2263     2263     2267 
    2273     2276     2277     2277     2282     2289     2285     2281 
    2289     2289     2282     2282     2282     2282     2281     2274 
    2270     2273     2265     2257     2254     2249     2246     2243 
    2232     2224     2220     2218     2208     2193     2184     2182 
    2172     2157     2147     2142     2133     2116     2104     2096 
    2083     2070     2058     2043     2031     2018     2003     1991 
    1979     1964     1945     1930     1921     1903     1885     1873 
    1859     1848     1833     1814     1803     1791     1769     1757 
    1748     1732     1715     1701     1684     1674     1660     1641 
    1630     1620     1605     1593     1584     1578     1568     1552 
    1537     1526     1518     1509     1499     1487     1475     1463 
    1451     1444     1435     1426     1420     1409     1398     1393 
    1381     1370     1364     1358     1344     1332     1327     1324 
    1314     1300     1290     1282     1275     1270     1259     1247 
    1246     1237     1224     1221     1217     1202     1196     1192 
    1183     1178     1166     1154     1154     1146     1129     1123 
    1119     1109     1098     1088     1081     1074     1062     1053 
    1047     1036     1023     1017     1013     1005      993      984 
     981      974      961      949      942      942      935      920 
     911      909      903      892      885      877      872      862 
     853      850      845      831      822      818      814      803 
     792      789      787      776      764      756      753      749 
     739      728      726      724      715      707      702      699 
     693      687      684      685      676      664      662      662 
     656      645      639      642      639      629      623      625 
     623      615      607      606      604      600      594      588 
     587      584      575      569      572      565      553      550 
     552      549      540      526      526      532      519      504 
     508      511      495      481      486      490      480      468 
     463      461      453      437      433      440      429      411 
     406      403      398      388      372      369      373      360 
     348      349      341      329      324      317      314      306 
     287      286      288      274      263      255      244      240 
     229      218      216      207      197      191      186      176 
     164      159      153      144      139      128      122      120 
     110      101       94       89       86       76       63       60 
      62       55       41       39       43       35       18       16 
      20       17        5       -2        5        4      -11      -17 
     -11       -9      -21      -31      -28      -32      -40      -43 
     -45      -47      -54      -65      -65      -63      -70      -76 
     -79      -81      -79      -85      -91      -90      -89      -97 
    -101      -97      -99     -102     -103     -108     -108     -109 
    -110     -109     -109     -110     -114     -118     -114     -109 
    -112     -110     -109     -110     -108     -109     -106     -101 
    -102      -99      -95      -94      -93      -93      -89      -85 
     -79      -76      -75      -67      -58      -56      -55      -44 
     -32      -29      -32      -22       -5       -2       -2        8 
      23       32       32       41       55       64       72       81 
      95      109      112      120      136      149      156      163 
     178      195      201      206      221      236      245      252 
     263      282      288      292      310      325      333      337 
     348      367      376      380      394      407      414      418 
     425      444      457      457      463      477      487      492 
     495      503      518      523      526      535      540      545 
     556      560      565      579      583      577      584      596 
     603      604      610      622      626      625      630      639 
     646      653      657      662      670      672      675      687 
     693      697      707      712      719      726      726      731 
     743      749      754      765      772      777      784      791 
     799      808      812      818      834      842      841      849 
     861      873      877      877      890      903      905      909 
     916      922      929      935      935      940      947      953 
     957      959      965      970      972      973      978      986 
     990      987      989     1000     1000      996     1000     1003 
    1000      999      999      999     1000      996      993      994 
     993      989      986      982      982      978      974      977 
     970      959      959      957      949      945      938      931 
     928      922      909      903      901      893      882      881 
     880      873      866      859      854      851      841      830 
     830      830      819      811      812      812      804      791 
     787      793      788      774      772      772      765      758 
     757      756      750      747      745      743      743      737 
     731      737      739      734      731      733      735      735 
     731      730      737      741      738      737      746      751 
     750      758      764      766      770      772      781      792 
     791      792      805      815      820      824      834      846 
     853      858      872      884      890      901      912      922 
     936      946      953      967      982      993     1005     1020 
    1036     1050     1058     1073     1092     1102     1113     1129 
    1142     1162     1177     1182     1201     1221     1224     1237 
    1259     1269     1285     1301     1308     1327     1343     1350 
    1367     1385     1394     1409     1425     1439     1451     1460 
    1474     1489     1501     1509     1517     1530     1540     1545 
    1563     1575     1578     1587     1599     1605     1611     1621 
    1626     1634     1647     1651     1645     1652     1668     1671 
    1672     1677     1675     1683     1687     1679     1687     1695 
    1691     1696     1695     1687     1692     1694     1687     1686 
    1687     1684     1679     1679     1676     1669     1664     1657 
    1653     1648     1637     1632     1628     1620     1614     1602 
    1594     1593     1579     1564     1564     1556     1544     1533 
    1517     1509     1506     1490     1475     1471     1459     1441 
    1433     1424     1409     1395     1379     1368     1360     1343 
    1327     1323     1308     1289     1278     1270     1258     1240 
    1224     1220     1213     1193     1178     1171     1156     1147 
    1133     1119     1116     1107     1088     1078     1074     1063 
    1051     1047     1039     1026     1021     1017     1011     1008 
     999      989      990      984      976      977      974      970 
     970      965      965      965      961      962      962      957 
     959      966      959      954      959      963      965      961 
     961      967      969      970      972      976      978      977 
     984      990      989      993     1000     1011     1015     1013 
    1016     1024     1031     1034     1039     1050     1055     1053 
    1060     1074     1081     1088     1090     1096     1107     1115 
    1120     1129     1133     1138     1148     1159     1167     1173 
    1178     1188     1202     1213     1220     1232     1242     1246 
    1256     1267     1277     1289     1297     1305     1321     1327 
    1332     1351     1360     1364     1372     1381     1393     1404 
    1414     1425     1433     1444     1455     1462     1468     1480 
    1495     1509     1516     1521     1530     1541     1551     1554 
    1561     1575     1584     1591     1601     1611     1617     1621 
    1629     1638     1648     1656     1660     1671     1682     1682 
    1686     1694     1698     1706     1713     1717     1726     1729 
    1728     1734     1740     1741     1742     1749     1757     1757 
    1749     1755     1763     1763     1757     1757     1759     1760 
    1761     1759     1759     1764     1760     1757     1761     1760 
    1755     1757     1755     1749     1748     1748     1748     1746 
    1737     1729     1734     1733     1725     1719     1717     1718 
    1715     1702     1696     1698     1694     1687     1682     1677 
    1671     1663     1658     1656     1652     1648     1640     1630 
    1625     1620     1613     1606     1603     1599     1594     1580 
    1575     1571     1560     1553     1548     1543     1537     1525 
    1516     1509     1497     1493     1486     1474     1470     1460 
    1441     1435     1433     1420     1408     1399     1393     1385 
    1375     1371     1366     1356     1345     1337     1336     1327 
    1308     1300     1300     1291     1281     1273     1270     1256 
    1240     1233     1225     1216     1216     1208     1196     1197 
    1194     1177     1173     1171     1166     1162     1158     1156 
    1150     1140     1143     1146     1136     1129     1132     1131 
    1128     1132     1129     1119     1117     1113     1109     1111 
    1107     1105     1109     1104     1100     1100     1096     1098 
    1102     1097     1094     1096     1097     1100     1096     1089 
    1094     1101     1100     1097     1096     1100     1105     1101 
    1100     1107     1111     1109     1104     1105     1109     1109 
    1105     1104     1109     1111     1101     1101     1105     1102 
    1102     1104     1107     1112     1105     1100     1112     1113 
    1105     1107     1107     1112     1115     1111     1112     1116 
    1111     1107     1111     1111     1107     1101     1104     1105 
    1101     1097     1102     1105     1098     1090     1090     1090 
    1088     1081     1075     1073     1065     1059     1062     1062 
    1053     1047     1039     1038     1039     1028     1015     1011 
    1005      999      992      980      970      962      953      946 
     935      920      913      908      893      882      877      864 
     851      849      842      824      811      804      796      787 
     777      765      758      749      730      720      722      708 
     689      683      677      668      656      643      639      633 
     615      604      604      595      579      575      571      565 
     553      540      537      533      521      506      504      504 
     492      480      472      464      457      448      441      438 
     429      419      414      405      400      395      380      373 
     373      364      356      351      344      337      326      315 
     310      303      299      291      278      270      261      251 
     240      232      229      221      205      201      198      184 
     178      171      164      157      144      141      143      124 
     117      121      109      101       98       91       87       79 
      68       67       65       58       45       41       43       43 
      32       29       32       27       18       16       13       14 
      10        2        2        8        9        4        1        8 
       5        2        5        8        9       11       13       10 
      17       23       17       17       27       29       31       36 
      36       43       52       52       56       64       65       71 
      78       79       83       89       95      103      112      116 
     121      133      143      141      147      160      168      178 
     187      194      201      205      210      224      233      233 
     236      246      256      261      270      275      282      288 
     289      299      313      317      321      332      338      348 
     353      353      365      380      382      383      390      396 
     403      411      418      427      433      440      446      450 
     459      464      468      481      492      495      504      513 
     515      523      532      540      546      545      548      564 
     571      569      576      587      595      603      610      615 
     627      639      645      649      654      661      668      679 
     688      695      699      702      710      722      726      724 
     731      741      749      754      760      765      770      777 
     785      791      799      810      811      812      827      835 
     835      838      847      854      862      868      873      882 
     885      888      900      903      903      913      924      929 
     928      931      939      947      950      949      953      962 
     965      962      966      974      981      976      980      993 
     990      982      985      992      997      993      989      996 
    1000      999      994      994     1003     1000      994     1003 
    1007      999     1000     1003     1000     1000      996      990 
     997      997      993      993      989      989      993      986 
     982      984      985      984      980      977      977      978 
     973      972      976      972      970      974      967      963 
     963      962      966      967      961      959      965      962 
     959      962      962      961      955      953      958      961 
     955      953      957      962      961      953      955      967 
     967      961      963      973      978      973      973      982 
     984      985      992      996     1000     1003     1008     1020 
    1026     1026     1032     1039     1043     1053     1059     1065 
    1075     1081     1084     1098     1109     1109     1119     1129 
    1133     1146     1159     1167     1183     1196     1198     1215 
    1228     1232     1242     1255     1266     1279     1287     1293 
    1308     1323     1328     1337     1350     1362     1368     1378 
    1393     1399     1408     1417     1418     1429     1449     1456 
    1456     1466     1479     1485     1487     1490     1499     1509 
    1513     1514     1522     1530     1532     1534     1540     1543 
    1543     1543     1545     1549     1552     1551     1551     1551 
    1552     1553     1553     1552     1549     1545     1544     1545 
    1544     1537     1530     1530     1532     1528     1522     1522 
    1521     1516     1509     1505     1507     1509     1497     1491 
    1494     1490     1482     1476     1474     1467     1460     1457 
    1453     1452     1443     1435     1437     1429     1418     1418 
    1414     1409     1408     1401     1394     1391     1386     1381 
    1377     1371     1366     1363     1356     1350     1347     1344 
    1339     1332     1327     1327     1320     1308     1312     1308 
    1300     1297     1290     1286     1289     1278     1273     1278 
    1274     1269     1266     1263     1260     1251     1246     1247 
    1244     1239     1233     1233     1236     1230     1224     1227 
    1224     1215     1215     1216     1212     1208     1204     1202 
    1204     1201     1190     1193     1202     1194     1185     1189 
    1188     1189     1190     1181     1183     1188     1177     1177 
    1182     1181     1183     1185     1179     1181     1179     1177 
    1185     1183     1175     1179     1182     1182     1183     1185 
    1185     1185     1183     1188     1196     1194     1190     1196 
    1201     1204     1204     1205     1212     1217     1213     1212 
    1213     1210     1212     1220     1220     1217     1219     1224 
    1228     1227     1224     1230     1236     1230     1233     1240 
    1237     1237     1240     1243     1250     1248     1246     1258 
    1263     1258     1259     1266     1266     1269     1270     1266 
    1273     1281     1274     1271     1277     1275     1279     1282 
    1281     1287     1291     1290     1298     1300     1297     1302 
    1308     1310     1308     1305     1312     1317     1313     1312 
    1317     1320     1320     1314     1312     1318     1321     1317 
    1321     1321     1314     1316     1316     1314     1321     1318 
    1308     1313     1318     1308     1305     1310     1310     1312 
    1305     1297     1302     1308     1301     1297     1297     1300 
    1301     1293     1294     1300     1294     1291     1291     1289 
    1289     1286     1282     1286     1287     1282     1278     1278 
    1275     1273     1273     1275     1274     1270     1267     1269 
    1263     1259     1264     1263     1259     1262     1255     1254 
    1263     1259     1255     1256     1256     1259     1256     1248 
    1254     1255     1248     1247     1243     1244     1246     1242 
    1244     1246     1240     1235     1233     1233     1230     1229 
    1230     1229     1229     1227     1220     1221     1223     1216 
    1219     1221     1217     1219     1216     1213     1217     1217 
    1215     1215     1213     1209     1210     1209     1206     1212 
    1212     1204     1205     1206     1201     1201     1205     1201 
    1200     1194     1189     1193     1193     1182     1183     1188 
    1185     1179     1173     1174     1178     1173     1163     1158 
    1161     1158     1151     1154     1154     1146     1139     1136 
    1135     1135     1124     1117     1123     1117     1107     1107 
    1107     1104     1100     1096     1097     1097     1090     1089 
    1092     1086     1081     1080     1078     1075     1074     1070 
    1070     1069     1059     1053     1053     1055     1047     1038 
    1038     1039     1036     1031     1030     1026     1020     1020 
    1019     1017     1015     1007     1003     1000      996      996 
     992      982      980      985      985      978      973      977 
     978      970      967      969      963      957      953      954 
     954      949      939      940      950      945      935      932 
     929      927      920      916      918      911      905      907 
     908      905      896      890      895      892      884      882 
     884      880      870      864      864      861      851      846 
     845      842      831      822      823      822      814      804 
     800      797      789      780      776      772      769      762 
     750      750      745      733      730      726      719      714 
     704      700      699      689      683      675      668      666 
     658      646      645      645      638      627      623      619 
     611      608      603      598      598      592      585      581 
     579      573      569      566      568      565      558      556 
     557      557      553      548      549      550      546      545 
     549      549      544      549      557      553      552      556 
     562      566      562      560      571      572      566      568 
     572      577      577      572      577      585      585      584 
     588      598      603      596      599      610      611      612 
     622      626      621      627      638      638      643      652 
     646      653      661      657      664      669      669      677 
     683      684      692      691      691      700      702      702 
     708      711      712      715      720      726      727      728 
     734      739      739      739      747      749      750      756 
     753      758      766      761      765      769      761      765 
     774      770      769      767      767      773      772      766 
     772      778      773      769      770      773      776      770 
     769      778      776      770      777      781      773      770 
     776      780      783      781      778      784      788      780 
     780      785      789      792      789      789      793      788 
     784      789      789      784      783      788      791      787 
     781      784      791      791      788      791      793      792 
     788      783      783      787      781      776      776      772 
     767      764      758      756      750      746      741      738 
     733      728      724      723      718      708      702      699 
     696      692      689      687      680      675      670      664 
     662      658      645      641      641      633      626      619 
     614      611      602      595      592      588      583      573 
     568      571      561      548      545      545      540      530 
     522      521      515      508      503      499      499      495 
     486      483      481      477      472      472      471      463 
     461      464      460      453      456      453      449      450 
     450      444      441      441      438      440      445      442 
     436      437      438      438      440      437      434      438 
     437      434      438      441      444      448      448      448 
     450      454      454      457      467      468      468      473 
     477      479      480      483      487      491      495      500 
     503      506      510      506      511      522      526      526 
     525      533      542      540      540      548      550      552 
     558      568      571      575      581      585      594      596 
     592      604      614      608      614      622      625      631 
     635      641      652      652      653      664      668      668 
     676      685      689      693      697      702      711      715 
     718      722      727      730      735      743      747      754 
     760      764      773      780      785      793      797      807 
     818      823      830      838      845      851      859      869 
     877      884      890      900      912      922      926      935 
     945      953      963      969      976      987      994     1003 
    1011     1019     1031     1036     1039     1055     1063     1069 
    1077     1086     1096     1098     1105     1124     1132     1131 
    1140     1156     1167     1170     1170     1181     1196     1205 
    1208     1216     1233     1240     1242     1251     1259     1269 
    1279     1282     1287     1297     1304     1310     1320     1327 
    1333     1341     1351     1362     1368     1372     1379     1385 
    1394     1404     1410     1416     1421     1431     1439     1444 
    1451     1459     1467     1471     1474     1482     1490     1494 
    1501     1506     1507     1512     1520     1524     1524     1524 
    1528     1535     1535     1535     1537     1540     1543     1544 
    1544     1548     1547     1544     1544     1545     1544     1539 
    1537     1547     1549     1541     1537     1539     1540     1537 
    1528     1530     1537     1530     1520     1520     1521     1518 
    1516     1512     1509     1509     1501     1494     1494     1491 
    1487     1485     1480     1480     1478     1474     1474     1471 
    1464     1460     1457     1456     1453     1448     1447     1448 
    1444     1439     1436     1431     1429     1426     1424     1428 
    1428     1420     1418     1422     1421     1421     1420     1413 
    1421     1426     1416     1413     1417     1412     1412     1413 
    1414     1417     1413     1410     1414     1416     1416     1416 
    1417     1424     1426     1426     1431     1435     1437     1436 
    1437     1445     1447     1449     1453     1455     1463     1466 
    1463     1474     1479     1475     1479     1480     1486     1493 
    1490     1495     1506     1503     1506     1516     1518     1522 
    1528     1528     1537     1548     1548     1548     1557     1559 
    1557     1566     1571     1578     1586     1584     1587     1595 
    1598     1603     1610     1615     1618     1622     1625     1630 
    1632     1632     1640     1644     1641     1648     1653     1647 
    1651     1658     1658     1657     1658     1660     1665     1665 
    1665     1671     1676     1672     1672     1680     1683     1677 
    1676     1675     1677     1677     1674     1675     1675     1667 
    1667     1672     1668     1663     1661     1658     1660     1657 
    1648     1648     1651     1644     1636     1637     1634     1630 
    1626     1621     1625     1622     1610     1606     1610     1605 
    1593     1588     1593     1591     1578     1568     1570     1567 
    1559     1547     1541     1541     1533     1524     1516     1509 
    1509     1503     1494     1490     1480     1470     1468     1464 
