Origin Time       2016/04/16 01:25:00
Lat.              32.753
Long.             130.762
Depth. (km)       12
Mag.              7.3
Station Code      SMN003
Station Lat.      35.1795
Station Long.     133.0929
Station Height(m) 332
Record Time       2016/04/16 01:26:47
Sampling Freq(Hz) 100Hz
Duration Time(s)  60
Dir.              E-W
Scale Factor      7845(gal)/8223790
Max. Acc. (gal)   2.102
Last Correction   2016/04/16 01:26:47
Memo.             
     877      881      884      885      866      824      796      783 
     764      741      741      750      751      766      777      765 
     728      685      660      650      653      665      685      696 
     692      681      652      611      575      558      575      612 
     661      696      727      753      762      761      765      801 
     855      897      927      961      994      985      957      935 
     903      835      756      711      687      683      712      766 
     814      823      811      804      810      808      804      820 
     847      868      872      881      893      890      885      872 
     861      861      874      899      919      931      927      924 
     932      932      922      924      958      985     1000     1009 
    1012     1007      985      962      945      927      903      886 
     892      907      920      913      892      859      818      778 
     749      720      677      634      618      618      629      645 
     664      683      710      738      751      764      760      747 
     766      814      858      884      905      932      951      953 
     953      962      959      946      928      911      882      837 
     805      797      793      783      774      783      796      822 
     853      868      868      855      843      841      837      810 
     778      761      739      723      730      764      797      815 
     838      877      918      927      949     1000     1019      989 
     938      890      850      828      823      814      812      826 
     845      857      864      869      866      872      884      882 
     862      838      815      773      741      734      727      693 
     657      643      625      603      602      634      683      706 
     722      758      807      842      864      890      900      895 
     885      889      903      907      907      905      895      862 
     820      796      792      800      796      795      810      823 
     834      850      873      877      864      849      818      770 
     726      707      697      673      642      626      622      603 
     591      598      619      657      710      776      824      832 
     807      778      754      706      652      603      572      560 
     561      579      603      626      642      675      719      749 
     762      761      761      760      761      785      814      828 
     820      811      801      784      776      792      827      858 
     877      885      889      890      880      876      873      842 
     785      720      666      625      602      589      581      575 
     565      568      579      592      612      635      656      657 
     646      603      529      454      402      375      360      352 
     340      324      319      325      340      367      414      454 
     464      464      467      460      445      441      457      457 
     436      415      415      427      477      572      661      719 
     746      761      774      777      777      770      758      733 
     710      704      711      727      746      772      797      807 
     793      761      715      658      606      566      548      553 
     585      653      728      776      801      838      881      896 
     901      905      915      920      920      926      916      892 
     864      838      822      803      785      783      810      838 
     850      851      864      884      873      837      791      731 
     672      626      603      588      566      549      549      560 
     553      553      575      588      584      560      529      506 
     503      521      562      615      648      670      684      697 
     715      739      780      824      864      885      889      889 
     866      831      816      837      868      893      913      927 
     953      970      978      996     1030     1071     1115     1167 
    1208     1228     1246     1270     1296     1301     1296     1294 
    1285     1250     1205     1174     1151     1140     1136     1139 
    1150     1148     1139     1129     1125     1128     1135     1154 
    1163     1147     1107     1065     1042     1039     1048     1043 
    1038     1015      963      920      890      857      803      757 
     734      706      670      649      656      683      728      778 
     808      816      803      805      837      873      903      916 
     918      903      888      873      849      827      812      815 
     830      853      861      846      841      846      851      853 
     864      873      858      838      835      849      854      859 
     889      934      974     1007     1051     1104     1140     1155 
    1156     1159     1142     1101     1055     1000      943      877 
     824      787      751      708      681      681      680      673 
     673      672      666      658      654      641      612      584 
     569      571      571      566      573      604      638      661 
     697      733      750      751      743      743      754      761 
     757      767      791      811      830      850      873      885 
     886      886      877      862      847      838      815      788 
     783      804      834      835      816      803      800      801 
     805      823      832      810      769      731      707      691 
     675      656      643      626      595      577      575      592 
     625      668      710      737      751      750      741      734 
     714      687      668      683      718      766      834      899 
     945      974      997     1003      990      981      985     1003 
    1008     1009     1021     1035     1035     1021     1003      965 
     911      864      831      807      788      776      764      770 
     789      788      773      741      710      683      672      681 
     695      708      731      772      804      816      816      795 
     758      731      724      720      710      704      710      738 
     767      788      815      834      843      853      890      958 
    1039     1102     1135     1158     1178     1204     1219     1212 
    1196     1173     1152     1133     1117     1093     1074     1085 
    1097     1089     1070     1043      997      945      922      909 
     893      864      819      785      762      728      691      672 
     664      661      657      627      587      545      518      514 
     518      519      518      518      518      532      557      557 
     553      548      530      496      450      414      394      391 
     406      441      463      467      490      532      569      576 
     579      595      608      630      658      687      706      710 
     704      700      702      702      711      737      791      859 
     911      947      977     1000     1012     1023     1039     1044 
    1044     1048     1062     1094     1148     1219     1277     1317 
    1340     1328     1278     1216     1165     1102     1023      946 
     882      826      769      739      734      738      745      750 
     757      738      700      666      638      625      642      679 
     697      711      723      735      756      772      788      792 
     776      746      723      715      711      710      704      688 
     666      634      592      540      502      476      448      419 
     400      405      423      450      479      495      488      449 
     394      329      280      263      271      309      373      451 
     538      637      733      800      849      881      901      908 
     915      945      984     1020     1046     1065     1057     1004 
     938      890      874      862      837      808      801      818 
     835      846      842      818      773      723      691      661 
     638      650      700      745      758      766      770      764 
     745      708      680      662      649      646      662      673 
     679      704      733      746      747      745      749      758 
     780      808      843      874      890      909      932      945 
     943      946      942      911      864      819      797      791 
     799      830      859      880      900      934      954      953 
     943      931      919      892      864      858      882      932 
     987     1035     1062     1078     1090     1080     1053     1031 
    1024     1023     1026     1019      997      985      976      962 
     950      931      899      851      814      792      796      814 
     843      892      926      949      967      970      962      958 
     967      987     1021     1057     1100     1147     1166     1167 
    1175     1190     1196     1205     1220     1210     1198     1200 
    1208     1212     1212     1219     1223     1217     1197     1162 
    1129     1102     1089     1081     1088     1089     1074     1058 
    1035      990      924      870      847      847      854      851 
     866      892      911      932      965      999     1016     1036 
    1071     1093     1097     1101     1127     1150     1150     1128 
    1104     1094     1094     1107     1132     1166     1194     1213 
    1235     1240     1224     1200     1201     1220     1228     1236 
    1254     1264     1254     1239     1229     1196     1150     1107 
    1080     1065     1042     1019     1009     1013     1026     1044 
    1053     1050     1047     1047     1053     1043     1000      963 
     945      926      903      899      895      886      893      890 
     886      877      846      808      799      803      780      754 
     756      785      820      834      823      800      791      793 
     797      797      793      796      803      816      837      855 
     884      928      972      980      977      989      996      997 
    1000     1000      958      892      838      788      734      684 
     643      603      564      540      522      514      499      490 
     491      500      502      484      476      495      532      566 
     587      612      643      673      715      785      857      899 
     950     1007     1030     1017      994      974      950      934 
     935      951      955      949      958      967      970      957 
     922      874      826      788      764      760      765      758 
     737      699      648      576      500      445      407      375 
     344      337      330      322      341      387      450      503 
     542      562      561      549      540      552      576      616 
     653      681      723      762      792      812      838      881 
     940     1012     1081     1143     1183     1227     1278     1304 
    1294     1263     1227     1178     1115     1047      980      903 
     804      712      625      515      399      288      187       93 
      11      -44      -78      -91      -87      -47       13       78 
     152      230      305      378      456      532      602      653 
     672      689      712      737      777      835      905      978 
    1047     1094     1123     1128     1107     1070     1026      978 
     928      886      861      845      837      815      785      737 
     666      599      540      490      430      372      340      329 
     351      399      448      479      506      556      627      711 
     797      892      963     1005     1036     1065     1088     1088 
    1084     1109     1150     1173     1166     1162     1166     1167 
    1171     1178     1185     1178     1174     1181     1190     1174 
    1120     1063     1031     1023     1021     1031     1063     1101 
    1155     1230     1312     1374     1418     1474     1506     1489 
    1431     1368     1323     1296     1293     1317     1363     1410 
    1457     1505     1522     1505     1464     1433     1410     1381 
    1341     1300     1274     1269     1273     1294     1321     1343 
    1358     1370     1355     1308     1247     1183     1120     1044 
     974      919      858      787      723      699      697      708 
     728      749      761      762      776      801      828      858 
     896      954     1008     1044     1073     1092     1093     1098 
    1119     1133     1148     1163     1179     1204     1204     1175 
    1144     1121     1100     1078     1063     1059     1071     1084 
    1105     1150     1196     1236     1277     1332     1382     1405 
    1417     1418     1413     1391     1358     1317     1255     1165 
    1062      965      855      741      646      573      533      526 
     553      579      573      544      498      437      355      263 
     182      121       82       55       45       55       82      135 
     220      322      409      483      566      672      795      911 
    1015     1090     1142     1163     1148     1120     1080     1024 
     974      946      915      869      830      807      791      750 
     693      635      562      483      430      425      437      437 
     441      463      504      544      568      581      579      553 
     503      446      386      313      221      131       70        1 
     -70     -110     -105      -59       16      112      205      280 
     321      326      303      255      211      187      166      131 
     112      135      182      234      284      340      403      464 
     503      519      537      553      562      584      614      641 
     660      658      616      548      479      445      467      508 
     549      579      592      592      576      564      566      583 
     618      673      733      765      801      892     1021     1144 
    1239     1300     1308     1273     1206     1140     1094     1062 
    1050     1051     1067     1088     1102     1124     1133     1131 
    1124     1132     1162     1196     1243     1294     1341     1383 
    1409     1399     1368     1344     1321     1310     1316     1334 
    1378     1447     1548     1647     1718     1764     1781     1775 
    1734     1667     1595     1543     1507     1480     1467     1470 
    1486     1509     1548     1583     1591     1587     1578     1564 
    1556     1563     1587     1591     1580     1568     1549     1535 
    1518     1487     1452     1424     1409     1431     1507     1634 
    1792     1949     2110     2257     2355     2405     2452     2525 
    2581     2612     2647     2667     2666     2667     2687     2701 
    2697     2686     2691     2727     2770     2822     2895     2970 
    3022     3029     2986     2890     2758     2629     2521     2438 
    2385     2385     2428     2477     2493     2459     2385     2273 
    2138     2015     1917     1842     1783     1736     1711     1706 
    1675     1614     1563     1521     1483     1444     1409     1397 
    1399     1422     1462     1493     1482     1428     1332     1210 
    1104     1013      929      866      822      770      707      653 
     598      545      511      500      503      492      476      461 
     438      405      370      364      368      378      398      425 
     448      469      506      560      623      675      700      697 
     676      654      627      589      535      472      417      375 
     346      313      289      297      322      363      387      382 
     361      336      321      348      417      486      566      677 
     791      892      984     1075     1169     1267     1362     1431 
    1476     1482     1462     1425     1383     1341     1301     1278 
    1269     1270     1260     1250     1263     1278     1289     1293 
    1266     1205     1136     1081     1050     1053     1060     1051 
    1015      938      831      702      564      425      276      139 
      39       -8      -25      -17       21      101      214      319 
     399      440      433      405      382      365      357      376 
     409      449      491      506      484      438      394      351 
     325      340      364      360      321      298      314      348 
     394      461      553      646      730      801      854      901 
     950     1015     1092     1166     1227     1263     1298     1344 
    1399     1464     1549     1656     1755     1826     1877     1933 
    1989     2033     2070     2098     2135     2188     2243     2286 
    2295     2270     2231     2185     2119     2043     1975     1930 
    1911     1887     1867     1867     1877     1899     1921     1930 
    1930     1908     1871     1844     1842     1850     1859     1869 
    1881     1884     1871     1857     1830     1791     1746     1698 
    1649     1587     1487     1360     1256     1198     1169     1170 
    1185     1190     1171     1143     1111     1070     1036     1011 
     999      986      965      949      953      969      993     1035 
    1081     1123     1146     1147     1147     1135     1116     1115 
    1148     1215     1271     1297     1314     1333     1347     1372 
    1420     1466     1518     1578     1642     1705     1717     1683 
    1638     1598     1553     1516     1491     1448     1381     1317 
    1282     1254     1212     1159     1089     1003      900      785 
     656      511      373      245      124        0     -137     -278 
    -386     -453     -495     -503     -477     -429     -368     -317 
    -275     -259     -271     -276     -244     -186     -141     -108 
     -72      -32        4       59      136      189      225      272 
     313      328      324      326      352      407      472      532 
     592      642      675      665      627      594      562      545 
     535      511      449      360      270      184      108       43 
       1      -27      -52      -67      -71      -63      -56      -47 
     -21       11       51       90      136      190      237      274 
     291      282      238      164       79        4      -55     -110 
    -133     -124     -102      -60        5       60       89      128 
     178      228      259      275      292      301      294      272 
     240      205      156      103       60       32       21       35 
      70      108      164      232      311      417      540      665 
     772      857      909      938      973     1013     1043     1043 
    1015      963      901      842      789      761      741      728 
     733      735      715      666      608      556      506      453 
     405      373      367      411      498      614      745      834 
     874      880      859      835      820      814      812      819 
     830      849      873      897      936      984     1039     1089 
    1127     1181     1266     1368     1480     1598     1692     1745 
    1755     1726     1702     1686     1676     1671     1664     1657 
    1642     1624     1583     1522     1474     1449     1440     1425 
    1418     1445     1509     1591     1656     1694     1687     1638 
    1578     1522     1466     1405     1363     1331     1308     1294 
    1266     1204     1092      959      823      706      629      587 
     569      577      614      650      656      645      648      656 
     650      637      607      560      517      484      488      521 
     550      561      548      522      486      434      360      280 
     209      152      135      162      205      251      334      448 
     526      550      521      495      504      518      522      529 
     542      540      548      594      649      683      691      679 
     637      591      566      560      583      616      641      631 
     572      477      360      251      157       82       18      -35 
     -76     -118     -153     -168     -164     -167     -193     -205 
    -205     -197     -167     -112      -40       36      108      144 
     163      167      151      122       86       51       28       25 
      37       37       16      -23      -85     -168     -259     -337 
    -399     -427     -440     -454     -471     -493     -532     -579 
    -614     -625     -616     -616     -619     -596     -565     -521 
    -456     -400     -367     -341     -306     -288     -315     -379 
    -421     -417     -394     -383     -411     -456     -498     -535 
    -565     -611     -666     -712     -753     -785     -816     -864 
    -922     -972    -1026    -1086    -1146    -1185    -1193    -1190 
   -1167    -1109    -1031     -935     -849     -773     -702     -641 
    -607     -599     -594     -577     -565     -584     -631     -699 
    -776     -855     -946    -1021    -1069    -1089    -1084    -1069 
   -1043    -1012     -976     -927     -900     -899     -892     -866 
    -828     -776     -712     -635     -566     -533     -531     -557 
    -596     -639     -680     -688     -668     -634     -603     -602 
    -614     -631     -657     -689     -739     -797     -830     -828 
    -796     -743     -691     -595     -449     -314     -230     -222 
    -265     -344     -461     -577     -675     -726     -688     -566 
    -407     -244      -90       54      171      240      274      278 
     265      261      256      263      288      314      338      348 
     336      303      263      225      182      139      121      135 
     157      190      233      287      329      333      325      301 
     252      195      139       91       51       13      -14      -32 
     -32      -28      -39      -51      -47      -60      -97     -140 
    -170     -180     -180     -164     -147     -116      -35       67 
     160      210      214      220      214      183      148      129 
     141      160      153      135      116       86       51       -1 
     -58     -102     -152     -182     -174     -133      -55       35 
     129      199      212      205      210      234      270      298 
     324      361      390      421      464      481      473      433 
     365      297      233      184      152      144      167      207 
     238      259      266      249      251      295      336      336 
     307      286      279      279      286      301      315      311 
     299      289      286      294      328      383      430      454 
     477      517      557      585      622      662      688      683 
     679      711      739      747      750      761      770      770 
     757      737      722      693      630      540      473      449 
     429      396      360      324      294      261      241      252 
     283      307      311      306      284      243      187      139 
      85       35       18       31       65      116      155      186 
     217      255      291      302      265      230      243      289 
     348      388      415      444      469      492      496      476 
     446      441      488      565      625      650      668      669 
     639      579      518      496      493      481      463      457 
     484      532      596      649      684      715      741      747 
     719      672      633      623      626      604      569      515 
     444      388      373      380      380      376      391      421 
     429      418      411      411      423      430      438      464 
     496      553      634      699      734      761      776      778 
     784      788      808      827      841      870      916      969 
    1013     1032     1030     1007      984      987     1034     1117 
    1216     1306     1410     1530     1605     1617     1594     1559 
    1507     1435     1366     1313     1263     1201     1135     1090 
    1065     1058     1073     1109     1154     1200     1252     1308 
    1370     1420     1455     1499     1551     1584     1571     1521 
    1466     1418     1395     1404     1467     1567     1665     1776 
    1891     1985     2053     2098     2141     2169     2177     2192 
    2219     2254     2308     2398     2509     2609     2678     2706 
    2695     2666     2625     2575     2533     2500     2473     2471 
    2478     2474     2473     2489     2512     2516     2497     2481 
    2458     2419     2397     2393     2377     2358     2332     2289 
    2246     2209     2172     2139     2101     2049     1989     1927 
    1880     1864     1875     1930     2022     2089     2107     2073 
    1999     1917     1838     1772     1734     1722     1725     1744 
    1784     1845     1885     1872     1822     1767     1723     1705 
    1701     1694     1687     1683     1714     1786     1864     1929 
    1973     1985     1960     1895     1807     1711     1625     1582 
    1584     1580     1526     1439     1367     1327     1294     1271 
    1277     1310     1354     1398     1448     1507     1571     1632 
    1683     1702     1691     1665     1636     1613     1603     1603 
    1630     1688     1755     1811     1852     1881     1914     1949 
    1988     2022     2034     2043     2066     2095     2123     2144 
    2162     2188     2200     2205     2241     2292     2334     2378 
    2431     2484     2509     2497     2478     2479     2508     2558 
    2600     2624     2631     2609     2574     2563     2582     2594 
    2584     2584     2612     2633     2636     2651     2674     2687 
    2687     2683     2673     2636     2582     2542     2523     2513 
    2515     2524     2524     2516     2502     2492     2485     2471 
    2450     2419     2386     2355     2317     2277     2246     2219 
    2195     2178     2163     2130     2076     2034     2029     2049 
    2079     2111     2134     2157     2191     2220     2249     2293 
    2353     2417     2463     2466     2425     2362     2308     2272 
    2239     2200     2176     2165     2150     2121     2089     2056 
    2014     1977     1964     1949     1914     1868     1831     1819 
    1817     1806     1798     1794     1784     1765     1742     1729 
    1714     1680     1664     1676     1691     1696     1698     1714 
    1738     1750     1755     1760     1748     1729     1718     1715 
    1729     1750     1765     1767     1750     1723     1699     1677 
    1667     1661     1649     1625     1579     1512     1452     1418 
    1405     1405     1408     1435     1478     1505     1516     1530 
    1564     1603     1614     1594     1561     1530     1505     1482 
    1467     1460     1452     1451     1452     1437     1412     1386 
    1385     1418     1462     1487     1505     1521     1528     1540 
    1566     1602     1638     1663     1682     1702     1705     1692 
    1680     1669     1652     1609     1534     1456     1385     1320 
    1267     1237     1227     1219     1219     1235     1248     1251 
    1244     1230     1205     1171     1136     1105     1067     1019 
     981      959      943      934      931      931      927      903 
     877      868      853      826      803      787      787      792 
     792      796      788      764      731      688      635      575 
     517      487      483      472      445      413      383      363 
     338      321      306      276      234      197      162      129 
     112      125      171      214      233      228      201      157 
     114       82       74       89      108      129      163      187 
     209      251      305      344      368      387      392      375 
     349      333      330      337      340      346      372      406 
     451      515      598      685      756      792      812      824 
     826      822      828      851      864      864      889      927 
     938      924      905      889      874      851      830      801 
     767      735      700      666      633      599      572      548 
     518      483      457      454      464      468      453      421 
     388      363      348      337      324      303      251      178 
     112       58       21       16       35       56       52       28 
      -2      -58     -120     -166     -217     -278     -349     -427 
    -488     -532     -553     -540     -514     -487     -472     -479 
    -503     -546     -595     -625     -631     -629     -621     -606 
    -579     -557     -542     -526     -500     -473     -454     -448 
    -449     -454     -454     -442     -433     -448     -479     -506 
    -523     -546     -572     -585     -583     -575     -571     -566 
    -562     -562     -556     -545     -529     -508     -503     -504 
    -495     -480     -467     -446     -417     -391     -376     -365 
    -353     -351     -348     -333     -309     -268     -229     -216 
    -207     -198     -190     -172     -143     -112      -93      -86 
     -64      -21       16       43       75      125      180      211 
     221      234      244      248      256      278      310      337 
     359      383      398      396      399      419      451      472 
     481      496      511      531      564      603      633      637 
     627      626      635      641      643      652      662      676 
     702      727      741      745      741      758      791      820 
     841      859      886      922      949      953      942      938 
     939      936      935      915      870      834      819      808 
     800      810      849      909      958      992     1019     1028 
    1032     1053     1085     1105     1102     1096     1104     1115 
    1117     1127     1155     1198     1239     1260     1270     1277 
    1291     1308     1312     1294     1266     1243     1233     1228 
    1223     1228     1260     1334     1426     1497     1528     1509 
    1455     1405     1374     1350     1327     1312     1301     1274 
    1240     1227     1225     1223     1232     1271     1324     1348 
    1337     1337     1372     1418     1447     1451     1431     1393 
    1348     1308     1274     1247     1246     1278     1316     1334 
    1339     1333     1314     1294     1278     1266     1250     1228 
    1227     1251     1281     1305     1310     1301     1294     1282 
    1244     1188     1131     1089     1057     1030     1003      963 
     922      905      919      943      957      958      970      999 
    1016     1011      989      959      922      869      814      765 
     726      704      699      704      719      723      702      665 
     623      575      540      538      546      546      546      552 
     550      533      515      488      446      414      383      346 
     326      332      356      390      414      430      445      436 
     406      383      365      342      336      369      415      442 
     460      475      473      453      430      415      398      382 
     383      378      363      364      370      369      367      361 
     356      355      344      330      325      328      342      373 
     406      430      449      481      535      588      626      646 
     643      631      622      608      584      561      549      550 
     550      538      526      529      526      515      502      483 
     449      406      370      337      307      301      306      307 
     319      346      372      376      351      326      317      314 
     330      356      372      388      407      434      464      481 
     484      476      471      477      490      500      529      573 
     626      685      735      750      730      693      660      621 
     577      556      553      526      479      449      434      419 
     410      425      459      484      493      503      519      519 
     495      476      473      473      492      531      575      611 
     635      662      706      743      776      823      890      967 
    1036     1090     1148     1202     1237     1269     1297     1287 
    1243     1200     1175     1173     1189     1221     1260     1294 
    1333     1372     1375     1340     1308     1287     1271     1260 
    1252     1252     1270     1301     1332     1333     1290     1227 
    1170     1142     1133     1125     1120     1129     1147     1162 
    1165     1169     1183     1185     1174     1161     1143     1105 
    1062     1043     1039     1021      999      973      942      931 
     935      935      926      926      955      992     1013     1039 
    1063     1078     1090     1094     1085     1073     1047     1015 
     990      974      963      943      926      939      973     1000 
    1034     1067     1081     1073     1048     1026     1011      989 
     965      947      929      913      899      885      877      868 
     862      857      837      800      754      708      666      623 
     594      588      577      552      529      515      506      493 
     495      515      537      557      579      600      616      626 
     633      654      688      715      726      741      761      765 
     756      766      799      807      787      785      800      810 
     827      862      900      929      958      990     1011     1007 
     999      999     1004     1005      999      986      972      962 
     962      957      951      966      982      989      996      986 
     962      949      954      959      946      931      938      951 
     959      969      972      969      967      963      955      950 
     959      987     1019     1058     1101     1112     1094     1085 
    1077     1067     1062     1046     1015      990      981      980 
     982      992      999      992      978      961      931      905 
     892      886      903      935      962      980      990      997 
     994      980      972      969      954      931      912      916 
     939      963      996     1038     1070     1085     1088     1097 
    1123     1155     1192     1227     1243     1244     1247     1252 
    1252     1255     1264     1277     1289     1290     1271     1248 
    1232     1212     1192     1181     1171     1142     1109     1096 
    1077     1039     1013     1000      980      953      934      929 
     924      922      938      959      965      954      934      911 
     893      877      861      862      888      907      912      923 
     932      935      945      962      978      986      992      993 
     982      967      962      955      949      939      915      893 
     881      862      846      841      846      847      832      812 
     803      788      753      715      689      665      639      625 
     615      591      549      518      502      477      456      457 
     476      499      517      530      540      538      542      556 
     565      568      557      549      566      579      566      552 
     548      540      521      498      477      449      413      395 
     394      390      387      394      413      438      469      510 
     542      553      576      602      598      579      576      585 
     598      606      616      635      657      679      696      700 
     704      700      685      688      702      697      684      681 
     695      700      687      680      677      665      649      625 
     592      564      550      568      592      598      610      619 
     615      608      598      583      571      560      553      562 
     583      602      623      652      680      688      672      645 
     610      569      531      519      521      518      518      532 
     542      531      518      514      502      476      453      442 
     432      421      425      440      446      449      449      454 
     471      479      473      479      490      502      517      530 
     538      532      532      548      558      569      591      608 
     621      625      625      627      627      635      654      676 
     693      706      715      738      774      800      818      843 
     862      866      869      868      868      864      854      843 
     827      795      756      720      695      679      669      676 
     691      700      711      719      727      734      731      726 
     722      704      688      689      697      715      741      770 
     804      835      861      889      918      935      938      950 
     982     1009     1031     1055     1067     1073     1084     1094 
    1096     1086     1075     1065     1044     1016      982      949 
     919      893      882      886      886      880      870      869 
     866      857      845      842      838      827      816      814 
     814      815      815      811      812      811      811      811 
     803      800      818      832      842      854      864      873 
     869      857      850      847      850      854      859      877 
     885      870      857      853      854      858      857      861 
     862      849      845      846      828      810      796      778 
     762      749      739      734      731      741      757      765 
     777      793      803      814      831      843      853      870 
     892      900      893      892      890      862      823      796 
     776      743      710      700      714      724      733      757 
     778      784      791      804      828      838      826      822 
     832      846      849      835      830      830      820      819 
     826      823      824      838      859      873      869      881 
     907      920      923      915      903      897      876      843 
     818      783      745      722      715      710      692      676 
     679      680      658      638      630      611      581      553 
     537      522      510      513      523      523      521      523 
     515      504      498      490      476      460      445      433 
     434      453      463      464      486      508      514      506 
     504      502      481      472      493      513      514      519 
     530      532      517      486      457      436      430      446 
     468      493      529      557      575      598      619      626 
     615      606      602      592      591      619      648      666 
     697      731      741      741      750      766      772      777 
     801      835      864      896      928      946      958      961 
     955      951      943      929      920      923      935      934 
     934      954      963      947      932      924      918      903 
     884      876      872      877      892      897      903      920 
     929      931      923      912      908      913      929      946 
     957      970      986      987      984      981      973      959 
     955      972      997     1009     1016     1035     1044     1036 
    1026     1023     1024     1026     1028     1031     1034     1042 
    1065     1096     1129     1162     1181     1185     1188     1188 
    1177     1170     1185     1197     1190     1188     1197     1198 
    1201     1220     1236     1237     1237     1255     1281     1297 
    1321     1356     1368     1360     1354     1347     1343     1344 
    1354     1368     1385     1399     1409     1420     1439     1451 
    1451     1445     1437     1426     1417     1417     1418     1404 
    1385     1378     1379     1364     1336     1317     1306     1290 
    1270     1251     1250     1252     1243     1240     1248     1250 
    1243     1220     1192     1159     1111     1067     1044     1019 
     990      959      934      931      936      929      916      900 
     886      874      862      859      845      822      810      788 
     747      708      677      642      600      562      531      496 
     468      457      461      461      436      406      399      395 
     388      396      405      395      379      365      353      337 
     313      291      286      287      286      275      274      279 
     268      255      261      275      283      291      305      324 
     351      382      413      444      471      490      508      526 
     531      538      562      589      612      629      639      657 
     677      687      691      693      702      714      722      739 
     761      762      754      765      770      758      756      760 
     750      739      741      745      741      730      731      745 
     749      750      758      773      793      808      820      846 
     864      866      869      869      866      857      847      847 
     850      858      864      868      881      897      901      908 
     911      909      912      915      911      903      892      877 
     866      864      859      841      826      819      804      791 
     776      756      751      778      808      820      826      838 
     849      845      838      845      838      834      841      846 
     850      851      847      857      869      864      851      841 
     832      819      791      770      764      758      757      774 
     799      803      791      787      788      785      788      796 
     791      781      792      808      807      804      822      846 
     850      841      846      864      876      877      882      897 
     911      919      936      957      976      990      993     1004 
    1024     1031     1026     1030     1039     1036     1019     1021 
    1039     1044     1047     1048     1039     1028     1008      986 
     976      962      946      947      961      973      978      981 
     993     1008     1012     1020     1030     1026     1013      997 
     996      994      974      973      989      982      967      963 
     954      949      942      935      940      942      938      929 
     916      913      909      897      896      901      907      911 
     924      951      973      984      996     1000      997     1005 
    1021     1039     1053     1069     1093     1116     1125     1136 
    1148     1146     1133     1127     1117     1093     1071     1060 
    1042     1030     1042     1048     1048     1057     1053     1036 
    1036     1046     1043     1026     1019     1032     1038     1023 
    1019     1031     1035     1034     1036     1036     1039     1039 
    1042     1057     1071     1077     1090     1105     1123     1144 
    1161     1185     1221     1247     1269     1293     1306     1310 
    1314     1324     1340     1358     1379     1394     1397     1404 
    1418     1441     1460     1467     1478     1497     1507     1502 
    1494     1499     1509     1509     1497     1485     1474     1456 
    1433     1413     1405     1394     1382     1374     1356     1328 
    1305     1282     1252     1217     1185     1156     1125     1094 
    1077     1062     1046     1030     1009      994      984      965 
     938      916      901      881      862      864      877      877 
     864      861      864      850      835      835      832      811 
     788      777      766      756      743      720      700      689 
     666      635      615      599      579      561      557      560 
     558      565      584      595      603      618      633      638 
     638      643      652      664      676      687      704      714 
     702      692      696      704      708      711      722      734 
     733      727      730      733      730      734      746      754 
     758      766      774      776      778      784      780      772 
     773      765      741      724      720      715      712      711 
     708      706      710      712      708      702      704      707 
     704      706      711      723      738      747      760      767 
     764      777      805      808      803      816      832      847 
     859      862      864      872      864      837      804      777 
     757      734      707      689      677      658      645      641 
     631      611      595      579      560      538      523      521 
     522      525      530      533      540      544      537      521 
     521      526      517      504      506      510      508      506 
     503      502      492      484      480      464      445      437 
     430      421      411      410      419      432      441      454 
     467      468      463      459      459      457      453      442 
     442      461      476      480      480      481      472      454 
     433      400      372      369      380      379      375      375 
     375      376      379      370      352      341      338      325 
     307      307      317      319      321      333      352      376 
     407      436      451      467      486      490      481      469 
     450      433      409      369      328      299      282      263 
     245      238      246      256      252      246      259      275 
     280      291      313      329      351      379      398      407 
     421      437      440      442      450      456      464      476 
     492      510      535      565      579      584      589      595 
     594      588      579      557      531      523      522      513 
     504      502      515      522      500      481      481      481 
     483      486      488      490      490      502      521      533 
     535      531      529      532      544      545      545      569 
     602      611      630      672      687      680      700      727 
     726      719      731      750      756      751      746      741 
     745      754      756      756      765      773      781      807 
     841      851      847      864      886      886      890      903 
     907      909      924      936      936      942      957      970 
     981      992      999     1003     1007     1015     1028     1039 
    1051     1062     1065     1069     1074     1063     1051     1057 
    1075     1092     1104     1128     1159     1174     1193     1230 
    1259     1274     1291     1310     1317     1317     1314     1314 
    1320     1331     1337     1336     1343     1358     1358     1354 
    1367     1382     1390     1395     1402     1412     1409     1399 
    1402     1413     1416     1410     1405     1399     1385     1363 
    1352     1354     1351     1343     1344     1355     1354     1341 
    1345     1359     1362     1360     1364     1363     1358     1351 
    1341     1332     1323     1310     1305     1305     1305     1308 
    1313     1312     1313     1312     1298     1291     1289     1273 
    1258     1260     1264     1263     1259     1262     1273     1273 
    1264     1256     1248     1242     1232     1213     1189     1178 
    1169     1146     1132     1133     1136     1144     1159     1171 
    1173     1163     1162     1169     1165     1158     1161     1166 
    1171     1185     1190     1190     1204     1216     1210     1210 
    1221     1223     1209     1198     1201     1194     1174     1163 
    1156     1138     1115     1102     1085     1060     1039     1023 
    1007      990      977      973      977      982      984      972 
     959      954      945      928      909      897      895      896 
     895      896      907      916      918      922      932      931 
     923      915      903      889      880      869      858      849 
     838      824      815      811      804      801      805      801 
     795      792      788      788      787      772      758      757 
     753      741      733      731      724      710      702      702 
     696      688      681      681      680      673      676      687 
     689      681      676      669      652      637      625      607 
     585      564      544      522      508      511      515      514 
     523      532      530      530      535      531      533      546 
     558      577      602      634      661      673      693      715 
     712      707      720      723      711      714      741      770 
     785      805      828      837      842      853      851      847 
     854      864      874      893      915      929      929      932 
     940      932      916      916      919      912      907      913 
     919      922      923      915      896      881      868      843 
     823      818      816      810      805      801      787      776 
     780      780      770      774      792      791      777      791 
     808      787      757      754      751      730      715      722 
     723      720      718      718      720      719      710      699 
     696      691      673      661      664      660      639      633 
     643      637      611      599      604      599      585      587 
     602      603      588      569      560      550      526      504 
     499      493      472      446      425      409      392      373 
     364      364      355      351      361      360      341      333 
     336      328      313      310      319      325      326      341 
     361      368      361      361      360      352      344      340 
     340      351      356      356      367      387      391      383 
     391      415      429      432      446      469      480      483 
     490      496      490      477      477      481      476      473 
     483      495      499      499      504      510      499      477 
     469      472      468      460      464      475      477      483 
     496      506      511      517      526      537      544      546 
     552      565      579      584      589      599      599      598 
     607      627      645      656      672      702      722      724 
     733      751      764      760      747      747      754      757 
     758      761      770      784      787      784      788      788 
     789      791      791      793      795      789      791      792 
     780      761      747      741      727      715      715      714 
     704      711      722      718      712      711      704      696 
     689      683      680      684      691      695      700      715 
     724      724      738      756      766      776      789      810 
     830      843      859      884      908      926      943      967 
     992     1004     1013     1032     1051     1065     1070     1074 
    1081     1085     1084     1093     1107     1117     1119     1121 
    1133     1138     1135     1142     1148     1140     1136     1142 
    1150     1158     1167     1182     1200     1209     1217     1235 
    1260     1286     1300     1314     1341     1360     1360     1363 
    1377     1381     1379     1386     1401     1405     1395     1394 
    1408     1405     1395     1394     1394     1383     1368     1359 
    1350     1337     1327     1313     1293     1278     1269     1256 
    1250     1248     1233     1221     1232     1242     1230     1225 
    1232     1229     1212     1204     1216     1223     1212     1215 
    1223     1220     1220     1217     1212     1215     1216     1209 
    1198     1185     1171     1162     1156     1147     1135     1119 
    1109     1104     1096     1088     1078     1069     1067     1067 
    1060     1058     1062     1065     1069     1071     1069     1067 
    1062     1053     1053     1053     1046     1026     1017     1019 
    1000      977      972      966      953      936      918      907 
     901      890      884      888      889      877      868      876 
     876      850      831      827      811      784      770      764 
     743      719      702      695      681      661      660      673 
     666      656      656      656      654      658      662      669 
     675      677      680      687      708      719      715      734 
     758      757      746      760      780      777      767      777 
     781      767      765      773      770      760      751      753 
     754      745      728      712      702      696      684      664 
     650      638      612      594      587      573      552      540 
     546      549      540      537      538      525      508      506 
     504      496      499      506      502      495      492      493 
     499      500      492      488      491      484      468      464 
     475      475      467      471      484      490      487      487 
     499      510      510      511      526      550      566      572 
     573      572      565      562      564      562      560      564 
     568      581      602      611      622      643      662      669 
     676      683      681      679      689      696      696      697 
     700      702      711      715      715      720      733      743 
     739      745      758      756      746      747      760      767 
     765      764      767      769      767      769      770      767 
     767      764      754      743      735      723      711      706 
     702      695      685      689      702      706      706      715 
     733      741      751      762      767      773      784      792 
     795      796      804      820      835      845      854      869 
     885      893      903      912      923      934      942      950 
     953      947      945      951      955      947      946      959 
     969      970      973      974      973      967      953      949 
     957      957      946      936      946      954      945      936 
     945      947      936      938      950      950      946      950 
     950      943      934      924      920      920      927      931 
     934      945      953      953      959      977      990      993 
     999     1005      997      989      999     1011     1019     1023 
    1024     1024     1021     1017     1005      994      990      985 
     969      951      940      931      909      892      889      881 
     859      841      838      834      812      793      787      781 
     773      773      772      762      756      749      738      735 
     733      715      710      720      724      718      730      756 
     767      773      792      811      811      808      816      828 
     830      824      822      823      826      816      800      795 
     791      776      766      770      772      760      750      762 
     769      754      746      754      765      767      764      762 
