Origin Time       2016/04/16 01:25:00
Lat.              32.753
Long.             130.762
Depth. (km)       12
Mag.              7.3
Station Code      SMN016
Station Lat.      35.1957
Station Long.     132.8146
Station Height(m) 210
Record Time       2016/04/16 01:26:07
Sampling Freq(Hz) 100Hz
Duration Time(s)  100
Dir.              N-S
Scale Factor      7845(gal)/8223790
Max. Acc. (gal)   3.185
Last Correction   2016/04/16 01:26:07
Memo.             
  -12621   -12622   -12621   -12621   -12621   -12621   -12622   -12621 
  -12619   -12622   -12622   -12622   -12622   -12622   -12622   -12619 
  -12621   -12622   -12622   -12622   -12622   -12623   -12623   -12622 
  -12621   -12621   -12621   -12623   -12623   -12622   -12622   -12622 
  -12621   -12621   -12621   -12622   -12623   -12622   -12619   -12623 
  -12626   -12621   -12619   -12622   -12622   -12621   -12619   -12621 
  -12621   -12621   -12619   -12622   -12623   -12622   -12621   -12621 
  -12621   -12623   -12623   -12619   -12621   -12622   -12621   -12621 
  -12622   -12621   -12621   -12621   -12622   -12622   -12619   -12621 
  -12622   -12621   -12621   -12621   -12621   -12622   -12622   -12621 
  -12619   -12619   -12621   -12623   -12622   -12621   -12623   -12622 
  -12621   -12622   -12622   -12621   -12621   -12623   -12622   -12621 
  -12621   -12622   -12621   -12619   -12618   -12619   -12621   -12622 
  -12622   -12622   -12622   -12623   -12623   -12621   -12622   -12622 
  -12621   -12622   -12622   -12621   -12621   -12621   -12622   -12622 
  -12622   -12619   -12618   -12621   -12623   -12621   -12619   -12621 
  -12623   -12623   -12621   -12622   -12622   -12621   -12622   -12623 
  -12625   -12625   -12621   -12618   -12619   -12621   -12621   -12621 
  -12622   -12622   -12622   -12622   -12622   -12621   -12622   -12623 
  -12622   -12621   -12621   -12622   -12622   -12623   -12623   -12623 
  -12625   -12627   -12626   -12625   -12626   -12626   -12626   -12627 
  -12626   -12623   -12623   -12625   -12625   -12626   -12623   -12622 
  -12626   -12626   -12623   -12625   -12626   -12623   -12625   -12625 
  -12622   -12622   -12625   -12622   -12621   -12623   -12622   -12619 
  -12621   -12619   -12619   -12621   -12617   -12614   -12617   -12614 
  -12614   -12618   -12618   -12614   -12614   -12617   -12617   -12614 
  -12617   -12617   -12617   -12618   -12614   -12614   -12617   -12613 
  -12613   -12617   -12617   -12614   -12614   -12614   -12614   -12617 
  -12617   -12613   -12613   -12614   -12617   -12617   -12617   -12619 
  -12619   -12617   -12618   -12621   -12621   -12621   -12619   -12619 
  -12621   -12623   -12626   -12629   -12631   -12631   -12627   -12625 
  -12621   -12614   -12614   -12619   -12622   -12623   -12621   -12619 
  -12621   -12622   -12625   -12631   -12631   -12627   -12622   -12614 
  -12610   -12611   -12611   -12609   -12607   -12603   -12596   -12590 
  -12587   -12590   -12598   -12614   -12627   -12634   -12636   -12634 
  -12636   -12637   -12636   -12633   -12623   -12610   -12598   -12591 
  -12592   -12604   -12622   -12640   -12657   -12667   -12668   -12658 
  -12645   -12633   -12621   -12610   -12603   -12594   -12584   -12580 
  -12587   -12609   -12638   -12658   -12665   -12660   -12644   -12626 
  -12614   -12613   -12617   -12618   -12619   -12619   -12614   -12611 
  -12610   -12613   -12614   -12614   -12613   -12609   -12609   -12614 
  -12631   -12653   -12676   -12692   -12694   -12677   -12654   -12626 
  -12598   -12581   -12573   -12576   -12595   -12619   -12641   -12656 
  -12664   -12661   -12650   -12629   -12602   -12575   -12559   -12555 
  -12564   -12586   -12613   -12642   -12672   -12688   -12690   -12685 
  -12677   -12664   -12650   -12644   -12645   -12641   -12633   -12625 
  -12614   -12609   -12610   -12622   -12640   -12654   -12658   -12653 
  -12644   -12634   -12626   -12623   -12631   -12640   -12640   -12633 
  -12621   -12604   -12591   -12587   -12592   -12602   -12611   -12626 
  -12641   -12652   -12665   -12676   -12680   -12673   -12653   -12630 
  -12617   -12604   -12596   -12595   -12600   -12609   -12625   -12646 
  -12668   -12684   -12695   -12695   -12683   -12668   -12650   -12631 
  -12621   -12618   -12618   -12623   -12629   -12627   -12626   -12629 
  -12625   -12613   -12599   -12587   -12576   -12573   -12580   -12599 
  -12626   -12657   -12688   -12703   -12695   -12677   -12656   -12637 
  -12631   -12636   -12640   -12642   -12649   -12657   -12668   -12668 
  -12654   -12626   -12586   -12546   -12529   -12534   -12561   -12598 
  -12627   -12647   -12657   -12656   -12640   -12613   -12588   -12568 
  -12548   -12541   -12546   -12561   -12586   -12614   -12650   -12688 
  -12713   -12711   -12684   -12647   -12609   -12568   -12544   -12550 
  -12579   -12614   -12653   -12683   -12702   -12710   -12710   -12703 
  -12684   -12653   -12625   -12613   -12618   -12634   -12656   -12672 
  -12680   -12687   -12683   -12658   -12613   -12563   -12519   -12491 
  -12484   -12487   -12495   -12518   -12548   -12580   -12614   -12646 
  -12663   -12661   -12658   -12661   -12673   -12687   -12700   -12706 
  -12695   -12668   -12630   -12583   -12530   -12480   -12444   -12428 
  -12441   -12487   -12555   -12630   -12699   -12752   -12787   -12798 
  -12789   -12768   -12733   -12684   -12633   -12595   -12580   -12590 
  -12619   -12652   -12676   -12684   -12668   -12630   -12579   -12526 
  -12488   -12479   -12505   -12553   -12602   -12641   -12663   -12671 
  -12679   -12692   -12703   -12706   -12698   -12680   -12668   -12675 
  -12688   -12688   -12653   -12576   -12480   -12410   -12390   -12424 
  -12492   -12573   -12654   -12712   -12730   -12707   -12660   -12614 
  -12587   -12579   -12580   -12576   -12567   -12559   -12560   -12584 
  -12631   -12680   -12707   -12704   -12683   -12665   -12672   -12699 
  -12718   -12707   -12667   -12610   -12565   -12561   -12598   -12660 
  -12718   -12756   -12777   -12777   -12760   -12725   -12680   -12633 
  -12586   -12542   -12505   -12478   -12464   -12475   -12505   -12546 
  -12599   -12649   -12680   -12692   -12694   -12708   -12752   -12799 
  -12822   -12804   -12742   -12660   -12592   -12565   -12583   -12631 
  -12680   -12698   -12688   -12672   -12660   -12650   -12637   -12614 
  -12588   -12550   -12494   -12436   -12413   -12447   -12523   -12619 
  -12717   -12804   -12864   -12887   -12892   -12877   -12822   -12730 
  -12629   -12536   -12456   -12398   -12367   -12367   -12394   -12429 
  -12448   -12447   -12442   -12456   -12518   -12633   -12758   -12846 
  -12879   -12847   -12776   -12702   -12668   -12683   -12708   -12711 
  -12706   -12722   -12760   -12812   -12860   -12874   -12822   -12677 
  -12471   -12282   -12154   -12101   -12132   -12231   -12376   -12540 
  -12704   -12879   -13053   -13182   -13221   -13167   -13053   -12895 
  -12702   -12510   -12368   -12295   -12279   -12287   -12299   -12306 
  -12306   -12303   -12313   -12351   -12420   -12514   -12618   -12721 
  -12798   -12825   -12815   -12796   -12766   -12719   -12645   -12553 
  -12472   -12426   -12403   -12403   -12453   -12571   -12731   -12862 
  -12918   -12887   -12768   -12599   -12467   -12429   -12463   -12526 
  -12599   -12675   -12738   -12748   -12692   -12623   -12595   -12611 
  -12649   -12672   -12671   -12650   -12581   -12444   -12297   -12226 
  -12280   -12452   -12667   -12847   -12953   -12966   -12908   -12815 
  -12699   -12552   -12387   -12245   -12162   -12143   -12187   -12295 
  -12451   -12619   -12773   -12895   -12961   -12953   -12868   -12738 
  -12613   -12548   -12569   -12636   -12695   -12734   -12756   -12760 
  -12711   -12602   -12457   -12325   -12258   -12279   -12375   -12510 
  -12661   -12798   -12881   -12897   -12861   -12788   -12702   -12626 
  -12571   -12514   -12451   -12425   -12471   -12561   -12650   -12692 
  -12664   -12592   -12505   -12432   -12409   -12452   -12564   -12725 
  -12887   -13003   -13042   -12984   -12839   -12646   -12434   -12235 
  -12104   -12083   -12164   -12309   -12484   -12640   -12719   -12710 
  -12638   -12569   -12542   -12565   -12638   -12741   -12830   -12876 
  -12897   -12914   -12916   -12895   -12857   -12806   -12737   -12645 
  -12546   -12467   -12422   -12429   -12478   -12525   -12519   -12456 
  -12384   -12372   -12479   -12719   -13039   -13331   -13485   -13456 
  -13271   -12985   -12671   -12402   -12220   -12132   -12117   -12152 
  -12235   -12356   -12480   -12561   -12568   -12498   -12378   -12233 
  -12120   -12131   -12317   -12631   -12949   -13159   -13232   -13170 
  -12989   -12749   -12541   -12433   -12432   -12484   -12522   -12519 
  -12505   -12514   -12529   -12510   -12429   -12297   -12150   -12035 
  -12029   -12175   -12452   -12791   -13101   -13306   -13347   -13197 
  -12906   -12581   -12291   -12060   -11927   -11925   -12031   -12166 
  -12285   -12417   -12596   -12788   -12915   -12918   -12803   -12640 
  -12492   -12391   -12344   -12363   -12441   -12538   -12606   -12631 
  -12645   -12672   -12707   -12715   -12665   -12568   -12441   -12278 
  -12100   -11966   -11931   -12006   -12166   -12361   -12559   -12734 
  -12891   -13043   -13184   -13290   -13316   -13219   -12997   -12688 
  -12339   -12017   -11807   -11750   -11838   -12031   -12278   -12533 
  -12735   -12825   -12789   -12680   -12546   -12417   -12332   -12326 
  -12406   -12542   -12692   -12831   -12931   -12968   -12935   -12860 
  -12760   -12644   -12526   -12434   -12382   -12363   -12355   -12339 
  -12339   -12363   -12399   -12429   -12467   -12518   -12557   -12560 
  -12526   -12490   -12505   -12577   -12668   -12752   -12819   -12852 
  -12822   -12735   -12614   -12499   -12422   -12402   -12417   -12445 
  -12486   -12532   -12563   -12581   -12603   -12611   -12583   -12532 
  -12514   -12556   -12633   -12707   -12756   -12756   -12690   -12584 
  -12472   -12360   -12266   -12205   -12191   -12237   -12343   -12483 
  -12627   -12742   -12822   -12865   -12862   -12822   -12769   -12722 
  -12696   -12690   -12680   -12641   -12556   -12436   -12313   -12220 
  -12182   -12205   -12271   -12367   -12494   -12647   -12792   -12888 
  -12914   -12873   -12802   -12742   -12725   -12758   -12825   -12896 
  -12938   -12921   -12831   -12688   -12530   -12387   -12286   -12231 
  -12209   -12217   -12262   -12337   -12439   -12567   -12711   -12847 
  -12960   -13030   -13034   -12960   -12833   -12688   -12550   -12418 
  -12286   -12171   -12101   -12101   -12170   -12264   -12341   -12403 
  -12475   -12555   -12634   -12696   -12729   -12745   -12768   -12795 
  -12820   -12854   -12892   -12911   -12877   -12793   -12692   -12603 
  -12529   -12457   -12387   -12329   -12297   -12312   -12386   -12494 
  -12581   -12623   -12631   -12619   -12599   -12590   -12600   -12653 
  -12756   -12876   -12964   -12974   -12888   -12750   -12613   -12501 
  -12422   -12383   -12388   -12448   -12564   -12708   -12839   -12928 
  -12966   -12941   -12852   -12734   -12627   -12548   -12507   -12519 
  -12567   -12604   -12613   -12602   -12581   -12540   -12482   -12434 
  -12414   -12411   -12420   -12460   -12540   -12631   -12712   -12808 
  -12928   -13055   -13159   -13211   -13208   -13174   -13127   -13084 
  -13049   -13008   -12969   -12949   -12942   -12915   -12834   -12712 
  -12586   -12469   -12380   -12343   -12375   -12464   -12563   -12630 
  -12679   -12726   -12761   -12775   -12748   -12653   -12505   -12353 
  -12245   -12204   -12239   -12353   -12530   -12721   -12880   -12981 
  -13030   -13043   -13023   -12961   -12861   -12738   -12627   -12567 
  -12544   -12536   -12542   -12552   -12555   -12545   -12519   -12495 
  -12518   -12617   -12760   -12895   -12991   -13030   -13018   -12980 
  -12949   -12934   -12937   -12953   -12966   -12966   -12954   -12919 
  -12850   -12766   -12703   -12676   -12677   -12704   -12753   -12799 
  -12825   -12826   -12808   -12761   -12665   -12544   -12444   -12387 
  -12373   -12402   -12479   -12606   -12752   -12868   -12926   -12921 
  -12873   -12819   -12785   -12758   -12723   -12690   -12680   -12708 
  -12756   -12814   -12877   -12945   -12981   -12957   -12872   -12745 
  -12614   -12515   -12463   -12459   -12486   -12507   -12513   -12519 
  -12544   -12573   -12587   -12596   -12613   -12626   -12645   -12691 
  -12768   -12869   -12969   -13009   -12941   -12748   -12467   -12187 
  -11992   -11932   -12044   -12307   -12630   -12918   -13126   -13248 
  -13294   -13274   -13203   -13101   -13001   -12914   -12839   -12781 
  -12742   -12726   -12731   -12752   -12771   -12752   -12684   -12607 
  -12573   -12602   -12677   -12769   -12833   -12835   -12773   -12664 
  -12541   -12445   -12422   -12468   -12533   -12583   -12619   -12657 
  -12707   -12746   -12756   -12739   -12694   -12623   -12544   -12472 
  -12413   -12363   -12353   -12387   -12441   -12480   -12494   -12505 
  -12519   -12536   -12571   -12660   -12819   -13023   -13209   -13333 
  -13370   -13311   -13166   -12972   -12773   -12609   -12490   -12406 
  -12353   -12334   -12361   -12433   -12526   -12625   -12723   -12803 
  -12847   -12860   -12829   -12741   -12618   -12503   -12432   -12434 
  -12519   -12671   -12847   -12997   -13089   -13111   -13082   -13015 
  -12916   -12792   -12631   -12429   -12212   -12020   -11890   -11846 
  -11880   -11979   -12131   -12280   -12371   -12387   -12348   -12267 
  -12159   -12060   -12017   -12066   -12198   -12383   -12595   -12800 
  -12946   -12993   -12964   -12912   -12881   -12883   -12903   -12920 
  -12920   -12898   -12865   -12810   -12726   -12631   -12552   -12509 
  -12523   -12614   -12775   -12961   -13135   -13277   -13347   -13289 
  -13089   -12802   -12499   -12231   -12017   -11893   -11880   -11950 
  -12051   -12148   -12236   -12306   -12337   -12314   -12228   -12112 
  -12031   -12008   -12046   -12150   -12317   -12540   -12779   -12988 
  -13146   -13240   -13278   -13293   -13292   -13250   -13147   -12976 
  -12733   -12424   -12067   -11723   -11461   -11321   -11313   -11458 
  -11755   -12166   -12638   -13127   -13552   -13822   -13910   -13838 
  -13636   -13359   -13058   -12771   -12542   -12382   -12266   -12171 
  -12094   -12042   -12029   -12050   -12091   -12166   -12297   -12509 
  -12762   -12976   -13088   -13084   -12969   -12776   -12560   -12382 
  -12264   -12216   -12266   -12413   -12613   -12808   -12937   -12950 
  -12846   -12647   -12384   -12108   -11881   -11762   -11765   -11881 
  -12083   -12332   -12563   -12730   -12839   -12916   -12957   -12950 
  -12884   -12754   -12579   -12388   -12231   -12133   -12079   -12040 
  -11989   -11904   -11811   -11766   -11835   -12012   -12271   -12576 
  -12860   -13072   -13196   -13240   -13221   -13153   -13045   -12912 
  -12760   -12587   -12413   -12274   -12186   -12150   -12154   -12167 
  -12154   -12094   -12020   -11994   -12058   -12208   -12409   -12637 
  -12881   -13115   -13323   -13504   -13621   -13643   -13555   -13367 
  -13106   -12812   -12533   -12318   -12191   -12151   -12198   -12321 
  -12491   -12684   -12858   -12970   -13001   -12957   -12850   -12700 
  -12537   -12393   -12293   -12270   -12340   -12490   -12691   -12898 
  -13073   -13203   -13279   -13297   -13243   -13104   -12897   -12661 
  -12449   -12326   -12344   -12496   -12735   -12981   -13171   -13304 
  -13392   -13432   -13425   -13386   -13324   -13234   -13109   -12968 
  -12822   -12680   -12563   -12494   -12486   -12532   -12633   -12785 
  -12954   -13101   -13193   -13232   -13231   -13194   -13122   -13026 
  -12928   -12841   -12776   -12753   -12761   -12777   -12771   -12722 
  -12658   -12614   -12599   -12614   -12671   -12776   -12924   -13084 
  -13211   -13261   -13197   -13022   -12761   -12479   -12258   -12160 
  -12208   -12372   -12606   -12861   -13104   -13319   -13483   -13558 
  -13518   -13380   -13181   -12977   -12834   -12779   -12792   -12845 
  -12914   -12962   -12958   -12893   -12799   -12719   -12684   -12708 
  -12792   -12926   -13104   -13316   -13513   -13637   -13656   -13562 
  -13366   -13096   -12779   -12461   -12198   -12032   -11975   -12015 
  -12128   -12310   -12564   -12839   -13065   -13208   -13235   -13132 
  -12934   -12696   -12479   -12320   -12217   -12171   -12195   -12278 
  -12390   -12505   -12591   -12617   -12586   -12505   -12380   -12210 
  -12027   -11890   -11838   -11851   -11894   -11952   -12025   -12124 
  -12249   -12387   -12517   -12629   -12727   -12818   -12895   -12941 
  -12914   -12783   -12569   -12332   -12140   -12052   -12112   -12326 
  -12637   -12946   -13181   -13308   -13311   -13203   -13024   -12814 
  -12604   -12437   -12353   -12387   -12532   -12737   -12949   -13109 
  -13162   -13099   -12972   -12838   -12726   -12658   -12634   -12640 
  -12658   -12660   -12633   -12583   -12503   -12399   -12309   -12258 
  -12244   -12271   -12321   -12375   -12428   -12471   -12501   -12519 
  -12514   -12490   -12467   -12457   -12460   -12478   -12537   -12652 
  -12787   -12906   -13008   -13089   -13112   -13065   -12977   -12874 
  -12769   -12671   -12586   -12523   -12502   -12515   -12548   -12600 
  -12645   -12654   -12621   -12560   -12509   -12484   -12488   -12521 
  -12571   -12614   -12633   -12621   -12594   -12592   -12642   -12731 
  -12842   -12976   -13124   -13265   -13370   -13417   -13400   -13332 
  -13228   -13106   -12982   -12858   -12738   -12629   -12522   -12437 
  -12382   -12334   -12297   -12297   -12312   -12302   -12274   -12235 
  -12197   -12174   -12166   -12151   -12114   -12052   -11952   -11819 
  -11689   -11585   -11520   -11521   -11600   -11747   -11979   -12306 
  -12685   -13047   -13327   -13464   -13450   -13321   -13142   -12968 
  -12835   -12753   -12706   -12680   -12653   -12607   -12561   -12545 
  -12573   -12644   -12749   -12887   -13055   -13211   -13304   -13331 
  -13294   -13196   -13043   -12853   -12647   -12448   -12271   -12150 
  -12114   -12167   -12285   -12424   -12534   -12571   -12505   -12343 
  -12135   -11932   -11770   -11681   -11681   -11765   -11931   -12170 
  -12456   -12742   -12991   -13181   -13297   -13332   -13298   -13215 
  -13106   -12995   -12884   -12783   -12713   -12680   -12668   -12669 
  -12685   -12708   -12730   -12756   -12787   -12810   -12808   -12775 
  -12707   -12618   -12530   -12441   -12344   -12245   -12155   -12081 
  -12037   -12031   -12056   -12124   -12251   -12424   -12614   -12783 
  -12874   -12857   -12749   -12575   -12368   -12188   -12100   -12139 
  -12297   -12526   -12761   -12939   -13027   -13022   -12938   -12818 
  -12699   -12606   -12559   -12560   -12586   -12611   -12627   -12644 
  -12669   -12708   -12761   -12811   -12833   -12822   -12799   -12775 
  -12750   -12734   -12735   -12748   -12758   -12764   -12775   -12800 
  -12833   -12852   -12838   -12791   -12723   -12644   -12567   -12522 
  -12530   -12598   -12704   -12819   -12911   -12946   -12906   -12798 
  -12660   -12534   -12442   -12388   -12353   -12330   -12316   -12302 
  -12289   -12270   -12256   -12254   -12247   -12231   -12213   -12195 
  -12205   -12279   -12424   -12603   -12773   -12915   -13030   -13111 
  -13138   -13105   -13019   -12891   -12729   -12564   -12432   -12370 
  -12399   -12499   -12619   -12707   -12733   -12706   -12657   -12614 
  -12596   -12610   -12645   -12692   -12748   -12793   -12829   -12862 
  -12897   -12924   -12939   -12933   -12881   -12795   -12711   -12650 
  -12613   -12587   -12584   -12618   -12684   -12769   -12847   -12885 
  -12876   -12827   -12750   -12665   -12588   -12525   -12471   -12426 
  -12383   -12344   -12324   -12322   -12328   -12348   -12383   -12437 
  -12517   -12607   -12685   -12723   -12699   -12618   -12502   -12368 
  -12236   -12136   -12096   -12094   -12112   -12154   -12225   -12324 
  -12441   -12548   -12629   -12669   -12660   -12613   -12565   -12534 
  -12523   -12534   -12553   -12577   -12609   -12661   -12742   -12822 
  -12849   -12795   -12661   -12471   -12264   -12093   -11993   -11980 
  -12046   -12160   -12274   -12357   -12410   -12438   -12439   -12436 
  -12445   -12467   -12492   -12519   -12541   -12548   -12533   -12491 
  -12433   -12376   -12333   -12302   -12287   -12307   -12373   -12487 
  -12622   -12727   -12765   -12737   -12667   -12575   -12482   -12420 
  -12411   -12459   -12555   -12672   -12779   -12850   -12870   -12839 
  -12758   -12626   -12471   -12336   -12240   -12187   -12177   -12206 
  -12283   -12398   -12521   -12621   -12683   -12708   -12707   -12688 
  -12657   -12610   -12541   -12448   -12337   -12221   -12128   -12081 
  -12097   -12175   -12303   -12449   -12579   -12679   -12733   -12725 
  -12657   -12546   -12402   -12249   -12131   -12087   -12127   -12212 
  -12297   -12348   -12345   -12307   -12278   -12291   -12353   -12451 
  -12544   -12595   -12595   -12552   -12472   -12363   -12260   -12191 
  -12178   -12220   -12293   -12380   -12479   -12569   -12640   -12695 
  -12741   -12785   -12827   -12853   -12857   -12857   -12860   -12873 
  -12908   -12953   -12984   -12992   -12960   -12873   -12746   -12594 
  -12432   -12287   -12171   -12089   -12055   -12089   -12198   -12361 
  -12536   -12677   -12748   -12742   -12688   -12606   -12517   -12447 
  -12417   -12433   -12479   -12541   -12622   -12703   -12750   -12735 
  -12642   -12476   -12274   -12074   -11897   -11774   -11742   -11811 
  -11962   -12158   -12361   -12556   -12733   -12884   -12992   -13047 
  -13038   -12964   -12852   -12737   -12649   -12610   -12607   -12619 
  -12630   -12618   -12571   -12503   -12439   -12411   -12432   -12483 
  -12550   -12626   -12691   -12715   -12677   -12576   -12436   -12294 
  -12182   -12139   -12185   -12314   -12498   -12699   -12870   -12974 
  -13005   -12978   -12916   -12827   -12715   -12598   -12494   -12411 
  -12370   -12380   -12442   -12545   -12658   -12749   -12798   -12798 
  -12762   -12715   -12663   -12606   -12553   -12505   -12469   -12460 
  -12495   -12569   -12658   -12739   -12807   -12862   -12892   -12893 
  -12873   -12827   -12769   -12723   -12700   -12702   -12730   -12773 
  -12816   -12846   -12845   -12806   -12739   -12656   -12571   -12505 
  -12461   -12428   -12388   -12330   -12262   -12194   -12151   -12166 
  -12259   -12426   -12636   -12847   -13035   -13176   -13250   -13246 
  -13176   -13065   -12937   -12806   -12677   -12557   -12464   -12415 
  -12424   -12495   -12607   -12713   -12776   -12775   -12708   -12617 
  -12553   -12544   -12586   -12650   -12708   -12738   -12733   -12700 
  -12660   -12627   -12613   -12625   -12669   -12746   -12838   -12928 
  -13001   -13049   -13063   -13039   -12980   -12901   -12825   -12772 
  -12769   -12827   -12918   -13015   -13092   -13119   -13099   -13049 
  -12973   -12870   -12760   -12669   -12609   -12573   -12556   -12548 
  -12568   -12618   -12687   -12760   -12822   -12873   -12914   -12946 
  -12968   -12974   -12976   -12984   -13007   -13043   -13073   -13078 
  -13038   -12954   -12853   -12748   -12646   -12556   -12482   -12432 
  -12420   -12445   -12495   -12550   -12591   -12606   -12590   -12553 
  -12517   -12494   -12492   -12521   -12555   -12571   -12552   -12480 
  -12357   -12210   -12081   -12006   -12016   -12114   -12278   -12487 
  -12726   -12964   -13166   -13301   -13343   -13296   -13176   -13011 
  -12814   -12607   -12424   -12275   -12178   -12148   -12172   -12231 
  -12312   -12396   -12467   -12505   -12519   -12519   -12509   -12503 
  -12507   -12526   -12569   -12640   -12739   -12858   -12980   -13081 
  -13149   -13163   -13108   -12989   -12841   -12691   -12563   -12464 
  -12391   -12347   -12329   -12334   -12367   -12437   -12548   -12690 
  -12829   -12950   -13057   -13142   -13197   -13211   -13178   -13113 
  -13030   -12947   -12888   -12854   -12808   -12737   -12647   -12548 
  -12452   -12356   -12253   -12154   -12079   -12046   -12071   -12148 
  -12243   -12339   -12421   -12476   -12518   -12556   -12579   -12584 
  -12571   -12541   -12495   -12444   -12393   -12340   -12287   -12229 
  -12171   -12117   -12081   -12081   -12139   -12253   -12415   -12603 
  -12795   -12981   -13149   -13279   -13370   -13413   -13389   -13298 
  -13161   -13011   -12880   -12785   -12727   -12694   -12667   -12631 
  -12596   -12576   -12564   -12552   -12541   -12537   -12540   -12546 
  -12577   -12647   -12749   -12865   -12970   -13034   -13042   -13001 
  -12937   -12866   -12803   -12760   -12731   -12710   -12696   -12679 
  -12644   -12600   -12556   -12526   -12533   -12581   -12667   -12777 
  -12910   -13050   -13172   -13252   -13267   -13216   -13116   -12996 
  -12877   -12769   -12667   -12573   -12505   -12475   -12487   -12541 
  -12630   -12725   -12799   -12841   -12843   -12811   -12764   -12719 
  -12680   -12646   -12618   -12594   -12568   -12538   -12495   -12432 
  -12356   -12279   -12198   -12112   -12044   -12020   -12062   -12179 
  -12344   -12514   -12661   -12749   -12760   -12715   -12626   -12528 
  -12464   -12461   -12528   -12647   -12798   -12964   -13124   -13235 
  -13269   -13212   -13081   -12915   -12756   -12634   -12557   -12528 
  -12542   -12576   -12599   -12595   -12575   -12555   -12542   -12534 
  -12528   -12522   -12522   -12529   -12537   -12532   -12499   -12438 
  -12357   -12280   -12233   -12224   -12260   -12337   -12434   -12519 
  -12557   -12532   -12445   -12317   -12170   -12040   -11962   -11944 
  -11996   -12112   -12287   -12505   -12726   -12907   -13022   -13054 
  -13015   -12935   -12838   -12738   -12660   -12617   -12602   -12586 
  -12550   -12484   -12391   -12287   -12201   -12154   -12158   -12208 
  -12291   -12402   -12519   -12627   -12722   -12802   -12870   -12926 
  -12947   -12928   -12873   -12795   -12713   -12642   -12587   -12540 
  -12495   -12460   -12436   -12429   -12445   -12468   -12490   -12507 
  -12509   -12478   -12410   -12330   -12270   -12237   -12241   -12278 
  -12334   -12384   -12390   -12339   -12254   -12167   -12120   -12150 
  -12262   -12455   -12698   -12937   -13116   -13194   -13161   -13035 
  -12842   -12623   -12426   -12294   -12247   -12287   -12403   -12569 
  -12737   -12858   -12904   -12877   -12788   -12661   -12526   -12414 
  -12348   -12328   -12341   -12380   -12439   -12514   -12600   -12687 
  -12764   -12827   -12870   -12896   -12915   -12933   -12949   -12958 
  -12927   -12825   -12660   -12467   -12286   -12164   -12122   -12151 
  -12231   -12348   -12467   -12560   -12611   -12617   -12583   -12521 
  -12451   -12396   -12372   -12378   -12406   -12453   -12496   -12517 
  -12501   -12451   -12386   -12330   -12306   -12321   -12372   -12469 
  -12610   -12766   -12908   -13007   -13047   -13034   -12976   -12892 
  -12806   -12733   -12694   -12696   -12733   -12792   -12866   -12942 
  -12999   -13019   -12991   -12921   -12822   -12710   -12619   -12569 
  -12552   -12565   -12626   -12731   -12868   -13007   -13128   -13209 
  -13224   -13155   -13022   -12868   -12734   -12646   -12614   -12626 
  -12665   -12711   -12734   -12721   -12672   -12602   -12532   -12480 
  -12461   -12476   -12514   -12561   -12614   -12680   -12753   -12831 
  -12888   -12904   -12876   -12811   -12725   -12637   -12565   -12529 
  -12537   -12587   -12676   -12785   -12898   -13001   -13073   -13092 
  -13057   -12977   -12860   -12703   -12530   -12386   -12305   -12314 
  -12403   -12538   -12671   -12766   -12819   -12845   -12845   -12807 
  -12733   -12636   -12521   -12383   -12217   -12044   -11917   -11871 
  -11902   -11989   -12101   -12229   -12368   -12488   -12579   -12642 
  -12664   -12647   -12614   -12580   -12555   -12548   -12557   -12561 
  -12548   -12519   -12487   -12471   -12491   -12548   -12631   -12735 
  -12833   -12891   -12903   -12866   -12792   -12699   -12609   -12541 
  -12509   -12521   -12575   -12660   -12749   -12803   -12792   -12722 
  -12599   -12439   -12274   -12140   -12067   -12051   -12089   -12174 
  -12278   -12382   -12467   -12528   -12567   -12594   -12617   -12641 
  -12660   -12668   -12645   -12590   -12523   -12468   -12453   -12491 
  -12580   -12698   -12812   -12901   -12947   -12941   -12881   -12785 
  -12673   -12565   -12482   -12449   -12475   -12557   -12690   -12843 
  -12977   -13055   -13058   -12993   -12884   -12754   -12631   -12522 
  -12429   -12363   -12337   -12370   -12441   -12517   -12577   -12607 
  -12590   -12529   -12451   -12386   -12353   -12360   -12403   -12471 
  -12542   -12603   -12650   -12685   -12703   -12692   -12645   -12571 
  -12486   -12410   -12367   -12378   -12449   -12561   -12675   -12746 
  -12756   -12712   -12644   -12579   -12544   -12561   -12614   -12661 
  -12696   -12752   -12855   -12996   -13128   -13212   -13220   -13131 
  -12968   -12789   -12657   -12604   -12636   -12725   -12839   -12939 
  -12988   -12973   -12906   -12788   -12637   -12484   -12361   -12289 
  -12267   -12283   -12339   -12438   -12571   -12699   -12771   -12766 
  -12692   -12571   -12444   -12341   -12294   -12318   -12405   -12521 
  -12633   -12704   -12721   -12694   -12644   -12575   -12479   -12363 
  -12268   -12235   -12272   -12370   -12510   -12663   -12804   -12926 
  -13027   -13101   -13131   -13104   -13024   -12908   -12777   -12671 
  -12626   -12654   -12723   -12799   -12858   -12896   -12892   -12839 
  -12766   -12711   -12685   -12698   -12752   -12831   -12911   -12969 
  -12992   -12951   -12837   -12672   -12496   -12348   -12241   -12162 
  -12121   -12117   -12116   -12109   -12108   -12104   -12089   -12071 
  -12050   -12027   -12016   -12043   -12131   -12299   -12541   -12819 
  -13096   -13316   -13441   -13475   -13420   -13289   -13116   -12935 
  -12765   -12629   -12538   -12478   -12421   -12352   -12280   -12217 
  -12155   -12097   -12064   -12082   -12154   -12266   -12398   -12533 
  -12660   -12764   -12818   -12818   -12776   -12713   -12656   -12621 
  -12611   -12631   -12676   -12729   -12766   -12783   -12793   -12819 
  -12869   -12937   -13015   -13108   -13205   -13286   -13343   -13351 
  -13277   -13108   -12869   -12609   -12363   -12175   -12087   -12104 
  -12195   -12334   -12499   -12671   -12822   -12942   -13027   -13070 
  -13049   -12964   -12834   -12696   -12581   -12514   -12499   -12533 
  -12596   -12661   -12695   -12675   -12603   -12505   -12418   -12363 
  -12352   -12380   -12444   -12536   -12640   -12749   -12852   -12934 
  -12991   -13019   -13023   -13023   -13030   -13047   -13059   -13061 
  -13043   -12992   -12914   -12838   -12779   -12745   -12749   -12799 
  -12888   -13000   -13088   -13108   -13030   -12847   -12604   -12372 
  -12183   -12055   -12015   -12078   -12226   -12402   -12548   -12638 
  -12650   -12591   -12492   -12411   -12391   -12434   -12538   -12692 
  -12854   -12968   -13007   -12972   -12866   -12703   -12511   -12336 
  -12204   -12121   -12093   -12121   -12202   -12330   -12505   -12712 
  -12912   -13065   -13154   -13186   -13178   -13159   -13139   -13112 
  -13059   -12977   -12874   -12752   -12609   -12461   -12352   -12309 
  -12321   -12371   -12452   -12557   -12683   -12838   -13024   -13201 
  -13327   -13378   -13359   -13278   -13139   -12951   -12742   -12550 
  -12399   -12301   -12266   -12299   -12393   -12528   -12672   -12799 
  -12885   -12914   -12884   -12815   -12737   -12684   -12669   -12685 
  -12696   -12668   -12587   -12467   -12329   -12201   -12122   -12117 
  -12178   -12297   -12463   -12653   -12843   -13015   -13134   -13170 
  -13105   -12957   -12761   -12553   -12366   -12210   -12104   -12073 
  -12116   -12202   -12294   -12363   -12395   -12382   -12332   -12262 
  -12190   -12135   -12108   -12127   -12202   -12329   -12496   -12683 
  -12865   -13022   -13116   -13138   -13109   -13049   -12980   -12912 
  -12845   -12777   -12712   -12642   -12567   -12505   -12494   -12536 
  -12607   -12679   -12727   -12753   -12753   -12719   -12661   -12603 
  -12556   -12541   -12579   -12649   -12727   -12803   -12865   -12896 
  -12888   -12834   -12739   -12627   -12532   -12492   -12540   -12664 
  -12810   -12926   -12977   -12958   -12897   -12819   -12729   -12633 
  -12542   -12467   -12410   -12370   -12347   -12361   -12426   -12528 
  -12649   -12775   -12877   -12931   -12937   -12907   -12858   -12798 
  -12713   -12627   -12568   -12545   -12542   -12552   -12576   -12621 
  -12665   -12680   -12652   -12588   -12514   -12447   -12395   -12368 
  -12361   -12380   -12425   -12471   -12496   -12505   -12507   -12517 
  -12546   -12588   -12614   -12588   -12509   -12405   -12312   -12243 
  -12209   -12226   -12303   -12418   -12534   -12626   -12700   -12768 
  -12831   -12876   -12873   -12819   -12737   -12638   -12542   -12475 
  -12448   -12455   -12461   -12432   -12356   -12244   -12120   -12029 
  -12021   -12093   -12206   -12348   -12499   -12617   -12683   -12698 
  -12667   -12631   -12614   -12596   -12573   -12528   -12453   -12384 
  -12340   -12328   -12353   -12414   -12490   -12559   -12609   -12646 
  -12683   -12718   -12738   -12730   -12690   -12614   -12528   -12442 
  -12355   -12266   -12179   -12098   -12032   -11993   -11990   -12035 
  -12128   -12243   -12351   -12445   -12505   -12528   -12530   -12514 
  -12498   -12495   -12488   -12471   -12467   -12484   -12515   -12559 
  -12607   -12650   -12677   -12675   -12642   -12599   -12568   -12561 
  -12573   -12591   -12596   -12598   -12619   -12668   -12730   -12788 
  -12826   -12811   -12721   -12568   -12383   -12195   -12044   -11959 
  -11956   -12028   -12133   -12253   -12390   -12522   -12634   -12721 
  -12768   -12779   -12758   -12708   -12634   -12563   -12525   -12530 
  -12567   -12619   -12667   -12688   -12683   -12660   -12640   -12641 
  -12684   -12776   -12895   -13007   -13082   -13095   -13055   -12987 
  -12898   -12800   -12696   -12581   -12456   -12336   -12239   -12177 
  -12151   -12162   -12220   -12324   -12453   -12599   -12742   -12864 
  -12951   -13003   -13024   -13024   -13003   -12954   -12884   -12808 
  -12753   -12733   -12737   -12752   -12768   -12781   -12787   -12776 
  -12754   -12731   -12713   -12711   -12729   -12742   -12725   -12677 
  -12627   -12591   -12577   -12595   -12646   -12733   -12850   -12985 
  -13119   -13228   -13289   -13296   -13251   -13143   -12977   -12789 
  -12618   -12482   -12390   -12355   -12382   -12460   -12556   -12647 
  -12733   -12796   -12833   -12841   -12818   -12764   -12680   -12571 
  -12447   -12306   -12166   -12058   -12010   -12020   -12078   -12177 
  -12312   -12486   -12667   -12818   -12939   -13014   -13016   -12941 
  -12808   -12647   -12492   -12363   -12270   -12221   -12235   -12305 
  -12417   -12541   -12634   -12672   -12660   -12627   -12617   -12627 
  -12652   -12672   -12671   -12647   -12614   -12592   -12598   -12640 
  -12708   -12776   -12808   -12792   -12734   -12641   -12529   -12424 
  -12345   -12303   -12307   -12347   -12402   -12452   -12480   -12490 
  -12488   -12487   -12501   -12515   -12510   -12487   -12461   -12442 
  -12433   -12436   -12456   -12492   -12537   -12579   -12610   -12630 
  -12636   -12629   -12621   -12617   -12611   -12614   -12641   -12690 
  -12745   -12807   -12877   -12937   -12949   -12888   -12752   -12571 
  -12387   -12217   -12096   -12075   -12179   -12394   -12673   -12951 
  -13178   -13324   -13386   -13378   -13309   -13176   -12984   -12756 
  -12534   -12355   -12244   -12218   -12275   -12384   -12494   -12568 
  -12600   -12609   -12618   -12644   -12673   -12704   -12713   -12680 
  -12614   -12550   -12523   -12546   -12610   -12699   -12791   -12866 
  -12912   -12918   -12898   -12876   -12846   -12815   -12784   -12748 
  -12706   -12679   -12683   -12719   -12779   -12853   -12916   -12947 
  -12935   -12870   -12779   -12688   -12600   -12529   -12480   -12442 
  -12422   -12442   -12513   -12622   -12744   -12855   -12934   -12953 
  -12903   -12798   -12669   -12561   -12505   -12509   -12556   -12631 
  -12708   -12766   -12796   -12795   -12761   -12710   -12658   -12604 
  -12557   -12515   -12461   -12390   -12309   -12233   -12182   -12170 
  -12194   -12249   -12326   -12401   -12459   -12483   -12472   -12438 
  -12390   -12332   -12278   -12239   -12218   -12216   -12224   -12218 
  -12187   -12144   -12105   -12077   -12066   -12062   -12046   -12029 
  -12016   -12015   -12033   -12089   -12198   -12363   -12568   -12785 
  -12960   -13061   -13081   -13014   -12879   -12717   -12567   -12463 
  -12403   -12379   -12383   -12405   -12448   -12513   -12580   -12633 
  -12660   -12658   -12646   -12626   -12581   -12528   -12480   -12436 
  -12382   -12309   -12204   -12085   -11988   -11932   -11934   -11993 
  -12101   -12245   -12403   -12552   -12685   -12792   -12865   -12903 
  -12897   -12855   -12796   -12737   -12700   -12702   -12746   -12818 
  -12898   -12970   -13024   -13058   -13076   -13072   -13046   -12988 
  -12884   -12738   -12586   -12467   -12421   -12460   -12565   -12699 
  -12822   -12900   -12916   -12872   -12768   -12614   -12441   -12280 
  -12152   -12074   -12037   -12032   -12060   -12129   -12233   -12345 
  -12442   -12510   -12532   -12514   -12479   -12445   -12436   -12457 
  -12505   -12567   -12619   -12650   -12652   -12626   -12584   -12525 
  -12460   -12414   -12396   -12411   -12456   -12532   -12631   -12734 
  -12815   -12869   -12895   -12903   -12897   -12868   -12810   -12726 
  -12622   -12518   -12425   -12337   -12260   -12198   -12160   -12151 
  -12174   -12231   -12318   -12421   -12532   -12636   -12726   -12800 
  -12849   -12864   -12853   -12812   -12749   -12679   -12629   -12622 
  -12663   -12753   -12896   -13090   -13314   -13524   -13671   -13740 
  -13718   -13597   -13400   -13171   -12950   -12766   -12629   -12534 
  -12484   -12483   -12518   -12568   -12627   -12695   -12756   -12796 
  -12812   -12806   -12764   -12695   -12610   -12505   -12398   -12307 
  -12249   -12228   -12237   -12262   -12289   -12322   -12373   -12432 
  -12475   -12495   -12492   -12476   -12447   -12415   -12413   -12448 
  -12510   -12592   -12687   -12775   -12839   -12873   -12872   -12845 
  -12798   -12734   -12649   -12526   -12373   -12228   -12118   -12064 
  -12062   -12100   -12174   -12272   -12379   -12495   -12629   -12765 
  -12887   -12982   -13042   -13047   -12987   -12873   -12731   -12584 
  -12451   -12329   -12226   -12159   -12137   -12160   -12213   -12263 
  -12302   -12325   -12337   -12356   -12391   -12445   -12519   -12595 
  -12658   -12722   -12787   -12853   -12920   -12977   -12992   -12945 
  -12841   -12707   -12587   -12509   -12484   -12522   -12622   -12761 
  -12911   -13051   -13167   -13252   -13298   -13309   -13285   -13224 
  -13135   -13041   -12953   -12877   -12831   -12822   -12841   -12874 
  -12906   -12920   -12914   -12887   -12841   -12787   -12735   -12690 
  -12640   -12571   -12479   -12366   -12258   -12177   -12125   -12106 
  -12100   -12073   -12019   -11950   -11875   -11817   -11789   -11792 
  -11816   -11840   -11853   -11850   -11834   -11820   -11840   -11902 
  -11990   -12081   -12159   -12212   -12228   -12214   -12185   -12148 
  -12109   -12086   -12100   -12150   -12245   -12390   -12576   -12784 
  -12987   -13170   -13328   -13440   -13482   -13443   -13344   -13217 
  -13092   -12981   -12891   -12810   -12738   -12684   -12638   -12599 
  -12569   -12553   -12565   -12599   -12627   -12638   -12630   -12623 
  -12631   -12640   -12642   -12646   -12649   -12642   -12627   -12604 
  -12573   -12540   -12509   -12476   -12447   -12432   -12439   -12467 
  -12505   -12540   -12550   -12538   -12521   -12499   -12469   -12437 
  -12398   -12343   -12271   -12197   -12136   -12101   -12108   -12150 
  -12220   -12317   -12415   -12490   -12540   -12553   -12523   -12468 
  -12391   -12305   -12228   -12163   -12122   -12120   -12152   -12206 
  -12267   -12307   -12313   -12291   -12244   -12178   -12136   -12136 
  -12172   -12243   -12330   -12414   -12494   -12584   -12690   -12803 
  -12914   -12997   -13032   -13012   -12961   -12926   -12947   -13036 
  -13180   -13358   -13541   -13683   -13745   -13717   -13598   -13402 
  -13172   -12969   -12814   -12702   -12618   -12564   -12546   -12556 
  -12586   -12630   -12680   -12729   -12764   -12772   -12752   -12698 
  -12606   -12484   -12357   -12245   -12172   -12152   -12187   -12280 
  -12436   -12645   -12895   -13150   -13358   -13485   -13522   -13470 
  -13360   -13247   -13162   -13139   -13201   -13347   -13554   -13780 
  -13984   -14134   -14211   -14200   -14102   -13929   -13703   -13450 
  -13180   -12903   -12645   -12424   -12253   -12150   -12108   -12110 
  -12148   -12208   -12268   -12320   -12363   -12396   -12411   -12403 
  -12376   -12326   -12251   -12152   -12043   -11935   -11846   -11797 
  -11820   -11908   -12023   -12129   -12213   -12276   -12329   -12366 
  -12395   -12426   -12459   -12501   -12555   -12611   -12680   -12779 
  -12906   -13035   -13146   -13208   -13211   -13166   -13101   -13057 
  -13065   -13134   -13234   -13329   -13404   -13429   -13386   -13267 
  -13073   -12822   -12548   -12280   -12042   -11850   -11711   -11628 
  -11597   -11601   -11618   -11627   -11627   -11624   -11637   -11673 
  -11742   -11838   -11950   -12059   -12140   -12178   -12174   -12144 
  -12109   -12096   -12122   -12188   -12283   -12394   -12507   -12614 
  -12711   -12773   -12795   -12777   -12719   -12627   -12526   -12421 
  -12325   -12267   -12259   -12312   -12424   -12559   -12684   -12796 
  -12891   -12962   -13012   -13045   -13062   -13072   -13084   -13099 
  -13112   -13122   -13136   -13165   -13207   -13250   -13275   -13270 
  -13247   -13219   -13188   -13154   -13119   -13073   -13015   -12943 
  -12857   -12773   -12713   -12688   -12699   -12723   -12721   -12683 
  -12614   -12517   -12402   -12295   -12208   -12145   -12110   -12102 
  -12118   -12128   -12106   -12040   -11927   -11781   -11645   -11562 
  -11550   -11591   -11663   -11762   -11862   -11923   -11929   -11892 
  -11831   -11769   -11746   -11799   -11924   -12105   -12322   -12538 
  -12731   -12885   -12978   -13012   -13015   -13014   -13018   -13041 
  -13089   -13158   -13242   -13325   -13393   -13420   -13406   -13379 
  -13367   -13377   -13417   -13479   -13547   -13603   -13636   -13633 
  -13602   -13555   -13502   -13448   -13396   -13344   -13316   -13331 
  -13389   -13482   -13601   -13720   -13817   -13887   -13926   -13933 
  -13917   -13892   -13869   -13860   -13864   -13871   -13871   -13867 
  -13869   -13876   -13883   -13888   -13879   -13852   -13801   -13707 
  -13570   -13398   -13211   -13032   -12879   -12749   -12623   -12488 
  -12353   -12231   -12127   -12043   -11977   -11925   -11894   -11880 
  -11861   -11835   -11801   -11758   -11709   -11663   -11637   -11645 
  -11692   -11784   -11914   -12071   -12256   -12456   -12650   -12827 
  -12973   -13084   -13159   -13212   -13252   -13278   -13284   -13274 
  -13261   -13250   -13252   -13266   -13290   -13320   -13346   -13360 
  -13366   -13354   -13311   -13236   -13138   -13015   -12864   -12680 
  -12472   -12245   -12013   -11789   -11595   -11446   -11345   -11279 
  -11237   -11218   -11200   -11180   -11171   -11163   -11142   -11130 
  -11122   -11114   -11124   -11169   -11253   -11383   -11578   -11850 
  -12178   -12533   -12897   -13254   -13588   -13884   -14118   -14265 
  -14323   -14281   -14138   -13914   -13654   -13398   -13178   -13024 
  -12954   -12964   -13032   -13138   -13246   -13323   -13351   -13329 
  -13258   -13136   -12978   -12792   -12587   -12363   -12140   -11929 
  -11722   -11503   -11273   -11039   -10808   -10596   -10432   -10346 
  -10351   -10442   -10617   -10859   -11128   -11384   -11619   -11843 
  -12070   -12303   -12540   -12772   -12977   -13129   -13227   -13281 
  -13306   -13327   -13362   -13413   -13463   -13477   -13419   -13288 
  -13112   -12912   -12707   -12529   -12394   -12310   -12268   -12244 
  -12231   -12221   -12195   -12137   -12044   -11912   -11766   -11635 
  -11533   -11484   -11499   -11546   -11607   -11661   -11684   -11674 
  -11643   -11615   -11618   -11662   -11745   -11857   -11985   -12120 
  -12256   -12376   -12456   -12487   -12475   -12438   -12409   -12421 
  -12503   -12672   -12914   -13182   -13437   -13645   -13805   -13923 
  -14003   -14045   -14050   -14014   -13937   -13824   -13686   -13524 
  -13343   -13139   -12911   -12672   -12433   -12194   -11969   -11785 
  -11663   -11623   -11663   -11762   -11897   -12056   -12214   -12353 
  -12468   -12552   -12604   -12640   -12677   -12717   -12746   -12756 
  -12733   -12671   -12586   -12491   -12396   -12303   -12226   -12177 
  -12147   -12132   -12150   -12231   -12386   -12602   -12858   -13142 
  -13427   -13667   -13828   -13899   -13896   -13838   -13740   -13626 
  -13508   -13389   -13279   -13192   -13126   -13069   -13001   -12904 
  -12784   -12668   -12573   -12509   -12483   -12505   -12580   -12691 
  -12818   -12942   -13047   -13128   -13186   -13231   -13281   -13342 
  -13413   -13498   -13587   -13663   -13718   -13756   -13782   -13802 
  -13821   -13855   -13913   -13999   -14118   -14247   -14354   -14405 
  -14376   -14261   -14054   -13770   -13452   -13149   -12901   -12745 
  -12677   -12675   -12703   -12738   -12749   -12708   -12599   -12425 
  -12208   -11978   -11755   -11554   -11369   -11210   -11095   -11034 
  -11043   -11145   -11352   -11653   -12021   -12406   -12781   -13129 
  -13433   -13686   -13880   -14014   -14096   -14123   -14084   -13971 
  -13782   -13520   -13221   -12912   -12610   -12337   -12101   -11892 
  -11718   -11603   -11560   -11577   -11628   -11673   -11685   -11659 
  -11616   -11599   -11638   -11743   -11900   -12067   -12190   -12237 
  -12193   -12060   -11881   -11706   -11558   -11458   -11402   -11376 
  -11388   -11461   -11618   -11875   -12220   -12633   -13100   -13574 
  -13992   -14318   -14517   -14575   -14505   -14331   -14106   -13884 
  -13713   -13620   -13624   -13717   -13871   -14052   -14215   -14327 
  -14362   -14311   -14181   -13994   -13757   -13483   -13171   -12830 
  -12476   -12110   -11738   -11375   -11047   -10778   -10580   -10459 
  -10412   -10427   -10504   -10638   -10814   -11024   -11234   -11411 
  -11527   -11562   -11516   -11414   -11256   -11038   -10793   -10569 
  -10412   -10374   -10482   -10712   -11028   -11373   -11669   -11851 
  -11907   -11844   -11692   -11514   -11365   -11277   -11287   -11426 
  -11705   -12091   -12518   -12930   -13281   -13545   -13724   -13806 
  -13773   -13633   -13406   -13117   -12808   -12534   -12344   -12270 
  -12321   -12484   -12737   -13036   -13350   -13641   -13869   -13990 
  -13957   -13763   -13443   -13042   -12636   -12301   -12098   -12069 
  -12210   -12483   -12837   -13223   -13595   -13914   -14146   -14274 
  -14296   -14222   -14075   -13872   -13637   -13406   -13217   -13096 
  -13053   -13092   -13197   -13342   -13510   -13701   -13905   -14112 
  -14312   -14457   -14506   -14446   -14273   -14014   -13720   -13443 
  -13235   -13113   -13053   -13020   -12999   -12991   -13011   -13078 
  -13201   -13383   -13598   -13815   -14008   -14156   -14242   -14255 
  -14200   -14104   -14007   -13921   -13851   -13798   -13756   -13716 
  -13676   -13639   -13605   -13590   -13616   -13686   -13798   -13926 
  -14030   -14058   -13971   -13767   -13467   -13124   -12810   -12577 
  -12476   -12560   -12830   -13240   -13721   -14189   -14557   -14755 
  -14739   -14516   -14134   -13652   -13124   -12600   -12131   -11758 
  -11521   -11442   -11524   -11772   -12137   -12532   -12900   -13203 
  -13410   -13509   -13501   -13400   -13205   -12933   -12626   -12349 
  -12152   -12069   -12112   -12266   -12491   -12765   -13049   -13298 
  -13483   -13564   -13522   -13360   -13096   -12771   -12441   -12171 
  -12010   -11974   -12037   -12155   -12293   -12426   -12555   -12688 
  -12853   -13066   -13304   -13541   -13747   -13887   -13941   -13911 
  -13826   -13729   -13674   -13695   -13784   -13900   -14007   -14092 
  -14150   -14160   -14107   -13998   -13844   -13648   -13423   -13182 
  -12941   -12734   -12588   -12523   -12537   -12614   -12742   -12900 
  -13068   -13243   -13425   -13610   -13768   -13861   -13860   -13744 
  -13517   -13236   -12970   -12761   -12611   -12487   -12361   -12241 
  -12136   -12044   -11954   -11862   -11784   -11727   -11699   -11708 
  -11765   -11863   -11989   -12118   -12224   -12295   -12348   -12387 
  -12428   -12496   -12591   -12685   -12756   -12783   -12741   -12625 
  -12434   -12191   -11944   -11739   -11592   -11514   -11529   -11654 
  -11873   -12155   -12457   -12718   -12896   -12976   -12951   -12849 
  -12719   -12603   -12532   -12507   -12505   -12501   -12474   -12417 
  -12351   -12291   -12240   -12186   -12118   -12043   -11971   -11896 
  -11800   -11685   -11564   -11427   -11288   -11188   -11155   -11203 
  -11341   -11539   -11772   -12015   -12244   -12463   -12688   -12934 
  -13181   -13406   -13601   -13744   -13824   -13838   -13795   -13697 
  -13541   -13346   -13154   -12997   -12898   -12884   -12946   -13057 
  -13188   -13300   -13359   -13359   -13300   -13190   -13059   -12931 
  -12847   -12842   -12921   -13063   -13219   -13328   -13359   -13304 
  -13176   -12993   -12777   -12564   -12379   -12224   -12101   -12027 
  -12015   -12081   -12228   -12439   -12672   -12855   -12950   -12949 
  -12862   -12718   -12571   -12453   -12376   -12349   -12361   -12391 
  -12410   -12406   -12379   -12332   -12275   -12221   -12179   -12164 
  -12190   -12251   -12336   -12429   -12519   -12587   -12644   -12708 
  -12792   -12900   -13027   -13161   -13288   -13410   -13549   -13737 
  -13980   -14264   -14578   -14898   -15171   -15338   -15354   -15196 
  -14878   -14459   -14021   -13647   -13396   -13292   -13323   -13448 
  -13630   -13834   -14014   -14146   -14230   -14270   -14288   -14298 
  -14316   -14347   -14391   -14446   -14512   -14565   -14572   -14511 
  -14358   -14106   -13763   -13363   -12945   -12550   -12210   -11942 
  -11755   -11657   -11646   -11734   -11913   -12137   -12348   -12503 
  -12580   -12573   -12495   -12367   -12217   -12063   -11908   -11750 
  -11604   -11496   -11429   -11379   -11364   -11410   -11507   -11626 
  -11765   -11917   -12042   -12110   -12125   -12093   -12008   -11888 
  -11780   -11720   -11731   -11830   -12002   -12220   -12461   -12696 
  -12893   -13028   -13068   -13000   -12846   -12622   -12356   -12093 
  -11865   -11713   -11676   -11757   -11943   -12209   -12498   -12756 
  -12943   -13039   -13045   -12984   -12881   -12765   -12661   -12571 
  -12479   -12372   -12254   -12137   -12036   -11961   -11901   -11853 
  -11823   -11824   -11858   -11931   -12055   -12218   -12398   -12563 
  -12680   -12754   -12785   -12777   -12756   -12744   -12734   -12722 
  -12704   -12685   -12661   -12614   -12532   -12418   -12274   -12096 
  -11902   -11711   -11535   -11404   -11346   -11367   -11450   -11557 
  -11663   -11762   -11827   -11821   -11749   -11616   -11435   -11223 
  -10995   -10755   -10509   -10250    -9992    -9757    -9558    -9400 
   -9301    -9283    -9347    -9487    -9695    -9954   -10239   -10504 
  -10712   -10847   -10901   -10893   -10863   -10863   -10929   -11064 
  -11241   -11454   -11695   -11942   -12182   -12394   -12548   -12644 
  -12679   -12658   -12611   -12575   -12591   -12690   -12861   -13062 
  -13238   -13352   -13390   -13359   -13288   -13205   -13139   -13095 
  -13080   -13096   -13147   -13236   -13356   -13489   -13628   -13751 
  -13836   -13891   -13944   -14010   -14083   -14150   -14203   -14215 
  -14156   -14031   -13864   -13683   -13536   -13474   -13521   -13675 
  -13902   -14150   -14370   -14511   -14539   -14458   -14265   -13988 
  -13674   -13379   -13153   -13005   -12915   -12852   -12765   -12610 
  -12387   -12112   -11800   -11475   -11173   -10933   -10775   -10704 
  -10710   -10768   -10858   -10972   -11111   -11284   -11488   -11716 
  -11939   -12121   -12252   -12330   -12340   -12271   -12135   -11944 
  -11728   -11512   -11327   -11213   -11196   -11280   -11443   -11661 
  -11896   -12118   -12309   -12467   -12598   -12708   -12792   -12841 
  -12846   -12811   -12741   -12646   -12550   -12479   -12448   -12471 
  -12548   -12667   -12802   -12921   -12991   -12981   -12893   -12739 
  -12534   -12297   -12058   -11857   -11706   -11603   -11549   -11551 
  -11605   -11706   -11838   -11971   -12094   -12172   -12172   -12105 
  -11997   -11871   -11772   -11738   -11772   -11863   -11988   -12110 
  -12209   -12270   -12285   -12264   -12208   -12121   -12008   -11873 
  -11731   -11600   -11504   -11473   -11510   -11595   -11705   -11804 
  -11869   -11904   -11921   -11940   -11993   -12093   -12239   -12399 
  -12525   -12581   -12581   -12550   -12526   -12544   -12619   -12750 
  -12912   -13073   -13212   -13335   -13446   -13540   -13609   -13664 
  -13716   -13773   -13841   -13899   -13923   -13880   -13752   -13541 
  -13271   -12982   -12703   -12434   -12177   -11921   -11668   -11431 
  -11233   -11087   -11013   -11020   -11076   -11144   -11204   -11257 
  -11296   -11321   -11340   -11353   -11346   -11310   -11253   -11188 
  -11128   -11076   -11049   -11072   -11153   -11299   -11496   -11709 
  -11921   -12121   -12290   -12410   -12476   -12499   -12503   -12510 
  -12530   -12594   -12722   -12903   -13099   -13271   -13387   -13409 
  -13331   -13193   -13053   -12954   -12926   -12985   -13154   -13423 
  -13757   -14090   -14350   -14473   -14428   -14212   -13865   -13462 
  -13089   -12816   -12650   -12555   -12491   -12421   -12317   -12174 
  -11997   -11820   -11686   -11630   -11674   -11812   -12023   -12293 
  -12580   -12811   -12943   -12972   -12892   -12710   -12445   -12128 
  -11811   -11547   -11372   -11280   -11230   -11173   -11095   -10975 
  -10832   -10727   -10708   -10809   -11045   -11384   -11774   -12170 
  -12518   -12764   -12883   -12888   -12787   -12586   -12317   -12017 
  -11732   -11520   -11429   -11473   -11618   -11794   -11947   -12042 
  -12059   -12012   -11923   -11816   -11727   -11668   -11619   -11578 
  -11572   -11600   -11654   -11739   -11855   -11989   -12117   -12231 
  -12322   -12390   -12445   -12478   -12484   -12479   -12439   -12348 
  -12224   -12098   -11997   -11935   -11892   -11826   -11706   -11530 
  -11329   -11151   -11036   -10996   -11011   -11034   -11033   -11006 
  -10955   -10895   -10854   -10840   -10851   -10885   -10933   -10979 
  -11018   -11065   -11130   -11214   -11307   -11399   -11491   -11574 
  -11659   -11772   -11898   -12037   -12197   -12330   -12410   -12441 
  -12429   -12401   -12396   -12429   -12484   -12545   -12603   -12665 
  -12729   -12788   -12833   -12858   -12866   -12857   -12838   -12831 
  -12846   -12901   -13008   -13128   -13215   -13235   -13171   -13050 
  -12903   -12746   -12584   -12410   -12209   -11970   -11705   -11450 
  -11234   -11059   -10916   -10775   -10621   -10465   -10341   -10268 
  -10257   -10316   -10457   -10673   -10930   -11191   -11415   -11592 
  -11746   -11893   -12020   -12121   -12182   -12187   -12151   -12083 
  -11996   -11921   -11890   -11927   -12033   -12163   -12289   -12406 
  -12486   -12530   -12555   -12540   -12471   -12341   -12174   -12009 
  -11885   -11815   -11784   -11774   -11788   -11821   -11853   -11878 
  -11890   -11874   -11840   -11836   -11896   -12029   -12228   -12468 
  -12721   -12943   -13095   -13162   -13144   -13046   -12901   -12760 
  -12650   -12587   -12587   -12665   -12822   -13030   -13263   -13502 
  -13732   -13936   -14103   -14230   -14328   -14424   -14519   -14594 
  -14654   -14694   -14693   -14642   -14551   -14428   -14293   -14158 
  -14019   -13849   -13633   -13371   -13084   -12819   -12617   -12480 
  -12398   -12355   -12326   -12294   -12254   -12220   -12204   -12221 
  -12279   -12360   -12439   -12505   -12560   -12588   -12586   -12563 
  -12526   -12482   -12444   -12434   -12460   -12522   -12613   -12708 
  -12776   -12793   -12758   -12687   -12610   -12553   -12537   -12571 
  -12660   -12787   -12916   -13005   -13023   -12964   -12858   -12750 
  -12677   -12660   -12677   -12703   -12750   -12830   -12935   -13063 
  -13192   -13294   -13340   -13317   -13236   -13123   -13008   -12924 
  -12868   -12829   -12791   -12722   -12604   -12452   -12289   -12164 
  -12131   -12206   -12379   -12619   -12877   -13073   -13154   -13104 
  -12918   -12622   -12274   -11932   -11661   -11488   -11426   -11468 
  -11599   -11790   -12000   -12186   -12324   -12387   -12363   -12272 
  -12148   -12020   -11937   -11932   -12013   -12163   -12359   -12586 
  -12803   -12966   -13068   -13101   -13058   -12964   -12854   -12749 
  -12675   -12642   -12654   -12717   -12819   -12935   -13034   -13096 
  -13113   -13069   -12973   -12858   -12764   -12711   -12700   -12708 
  -12722   -12738   -12760   -12793   -12853   -12943   -13054   -13162 
  -13252   -13316   -13329   -13288   -13203   -13086   -12962   -12846 
  -12756   -12700   -12665   -12641   -12617   -12588   -12560   -12548 
  -12571   -12646   -12783   -12953   -13119   -13259   -13365   -13432 
  -13460   -13462   -13464   -13467   -13458   -13443   -13423   -13404 
  -13410   -13452   -13518   -13575   -13575   -13498   -13352   -13171 
  -13003   -12880   -12820   -12825   -12865   -12919   -12997   -13103 
  -13228   -13373   -13513   -13616   -13670   -13683   -13659   -13598 
  -13529   -13466   -13417   -13394   -13396   -13413   -13446   -13506 
  -13587   -13671   -13738   -13779   -13792   -13788   -13783   -13782 
  -13765   -13724   -13653   -13551   -13435   -13347   -13313   -13329 
  -13373   -13417   -13437   -13433   -13428   -13437   -13486   -13587 
  -13728   -13890   -14044   -14154   -14212   -14222   -14179   -14087 
  -13948   -13773   -13586   -13409   -13271   -13196   -13178   -13215 
  -13292   -13385   -13482   -13581   -13668   -13734   -13782   -13811 
  -13832   -13857   -13892   -13930   -13959   -13979   -13994   -14008 
  -14017   -14008   -13976   -13913   -13821   -13702   -13574   -13452 
  -13340   -13235   -13139   -13062   -13004   -12968   -12954   -12964 
  -13001   -13066   -13151   -13252   -13360   -13460   -13547   -13612 
  -13637   -13617   -13559   -13485   -13413   -13374   -13382   -13436 
  -13509   -13575   -13620   -13631   -13608   -13567   -13539   -13536 
  -13555   -13587   -13624   -13659   -13697   -13737   -13763   -13757 
  -13711   -13621   -13501   -13360   -13212   -13072   -12961   -12897 
  -12888   -12930   -13016   -13138   -13284   -13437   -13568   -13644 
  -13652   -13595   -13483   -13347   -13220   -13117   -13051   -13032 
  -13062   -13119   -13177   -13217   -13221   -13184   -13117   -13042 
  -12982   -12958   -12970   -13018   -13093   -13180   -13261   -13312 
  -13327   -13313   -13279   -13231   -13186   -13158   -13151   -13171 
  -13212   -13255   -13290   -13323   -13351   -13382   -13427   -13477 
  -13516   -13537   -13540   -13524   -13489   -13446   -13413   -13409 
  -13423   -13443   -13451   -13446   -13433   -13406   -13360   -13298 
  -13216   -13126   -13051   -13004   -12992   -13020   -13096   -13217 
  -13363   -13514   -13663   -13798   -13902   -13961   -13983   -13981 
  -13965   -13934   -13878   -13782   -13649   -13483   -13292   -13100 
  -12930   -12802   -12729   -12722   -12783   -12901   -13065   -13252 
  -13435   -13586   -13680   -13689   -13612   -13455   -13221   -12937 
  -12638   -12356   -12139   -12020   -12012   -12117   -12302   -12499 
  -12650   -12731   -12741   -12685   -12596   -12495   -12394   -12301 
  -12208   -12122   -12067   -12052   -12085   -12166   -12287   -12411 
  -12502   -12538   -12513   -12442   -12352   -12259   -12191   -12162 
  -12155   -12158   -12159   -12143   -12102   -12042   -11978   -11925 
  -11886   -11863   -11853   -11820   -11751   -11662   -11553   -11421 
  -11291   -11183   -11109   -11082   -11114   -11209   -11356   -11546 
  -11757   -11958   -12132   -12263   -12339   -12357   -12324   -12240 
  -12122   -11989   -11859   -11758   -11703   -11684   -11686   -11708 
  -11751   -11816   -11912   -12037   -12193   -12378   -12571   -12741 
  -12864   -12921   -12904   -12820   -12683   -12511   -12339   -12181 
  -12056   -11975   -11935   -11924   -11927   -11936   -11944   -11940 
  -11936   -11947   -11970   -12027   -12133   -12275   -12444   -12626 
  -12799   -12934   -13003   -12993   -12912   -12793   -12676   -12600 
  -12581   -12600   -12649   -12715   -12777   -12822   -12849   -12862 
  -12888   -12942   -13015   -13093   -13163   -13219   -13250   -13243 
  -13181   -13072   -12923   -12749   -12577   -12429   -12310   -12221 
  -12155   -12106   -12077   -12051   -12016   -11983   -11967   -11961 
  -11966   -11982   -11988   -11986   -12004   -12035   -12066   -12102 
  -12121   -12098   -12036   -11934   -11799   -11657   -11521   -11412 
  -11344   -11321   -11360   -11469   -11635   -11847   -12077   -12302 
  -12521   -12702   -12842   -12964   -13055   -13106   -13128   -13123 
  -13093   -13058   -13030   -13016   -13011   -13014   -13015   -13005 
  -12996   -13008   -13047   -13119   -13215   -13304   -13358   -13362 
  -13321   -13257   -13186   -13117   -13050   -12973   -12879   -12771 
  -12660   -12556   -12471   -12403   -12360   -12333   -12309   -12274 
  -12218   -12151   -12085   -12036   -12019   -12037   -12083   -12155 
  -12243   -12322   -12380   -12391   -12352   -12278   -12181   -12081 
  -11992   -11916   -11851   -11803   -11776   -11785   -11832   -11900 
  -11971   -12039   -12102   -12177   -12276   -12402   -12544   -12676 
  -12768   -12814   -12818   -12776   -12699   -12609   -12523   -12449 
  -12396   -12376   -12379   -12395   -12414   -12414   -12388   -12339 
  -12264   -12182   -12121   -12105   -12139   -12217   -12324   -12429 
  -12510   -12553   -12550   -12499   -12415   -12317   -12206   -12094 
  -11997   -11932   -11914   -11940   -12000   -12075   -12155   -12218 
  -12268   -12314   -12353   -12393   -12437   -12476   -12511   -12546 
  -12577   -12609   -12641   -12664   -12671   -12647   -12595   -12522 
  -12448   -12384   -12343   -12330   -12353   -12403   -12472   -12542 
  -12594   -12614   -12590   -12511   -12390   -12253   -12124   -12019 
  -11950   -11917   -11912   -11936   -11997   -12074   -12158   -12244 
  -12313   -12359   -12388   -12410   -12432   -12457   -12483   -12510 
  -12546   -12583   -12613   -12636   -12644   -12634   -12604   -12557 
  -12498   -12429   -12341   -12249   -12166   -12094   -12040   -12010 
  -12005   -12029   -12086   -12166   -12244   -12317   -12372   -12396 
  -12395   -12367   -12306   -12225   -12140   -12067   -12017   -11997 
  -12000   -12016   -12044   -12067   -12081   -12104   -12135   -12170 
  -12213   -12251   -12283   -12317   -12351   -12393   -12436   -12459 
  -12460   -12441   -12405   -12363   -12330   -12309   -12299   -12293 
  -12270   -12229   -12190   -12160   -12148   -12177   -12254   -12375 
  -12519   -12675   -12816   -12931   -13016   -13062   -13066   -13035 
  -12966   -12881   -12815   -12777   -12765   -12791   -12833   -12862 
  -12868   -12846   -12795   -12734   -12694   -12698   -12764   -12877 
  -13008   -13136   -13238   -13292   -13306   -13285   -13231   -13158 
  -13080   -13009   -12954   -12923   -12910   -12916   -12938   -12964 
  -12987   -12988   -12964   -12919   -12857   -12777   -12683   -12583 
  -12492   -12420   -12379   -12367   -12368   -12378   -12393   -12409 
  -12429   -12456   -12480   -12495   -12495   -12471   -12425   -12363 
  -12302   -12256   -12241   -12259   -12317   -12409   -12522   -12647 
  -12784   -12914   -13022   -13096   -13124   -13096   -13036   -12960 
  -12879   -12810   -12768   -12758   -12777   -12826   -12895   -12974 
  -13050   -13105   -13136   -13144   -13122   -13077   -13022   -12962 
  -12903   -12853   -12808   -12769   -12734   -12692   -12654   -12619 
  -12579   -12548   -12525   -12495   -12453   -12413   -12394   -12405 
  -12442   -12494   -12545   -12581   -12595   -12591   -12580   -12579 
  -12596   -12636   -12702   -12779   -12839   -12865   -12860   -12818 
  -12749   -12661   -12563   -12464   -12379   -12309   -12268   -12262 
  -12282   -12313   -12349   -12376   -12393   -12403   -12406   -12399 
  -12372   -12325   -12260   -12185   -12108   -12036   -11982   -11944 
  -11923   -11925   -11942   -11952   -11959   -11959   -11939   -11908 
  -11884   -11873   -11866   -11857   -11848   -11840   -11821   -11782 
  -11728   -11677   -11634   -11604   -11601   -11628   -11676   -11745 
  -11824   -11898   -11966   -12017   -12052   -12081   -12106   -12129 
  -12168   -12225   -12274   -12312   -12326   -12309   -12267   -12195 
  -12101   -12012   -11947   -11924   -11947   -11998   -12073   -12162 
  -12248   -12313   -12371   -12420   -12449   -12460   -12460   -12449 
  -12426   -12390   -12343   -12276   -12190   -12091   -11982   -11874 
  -11782   -11713   -11680   -11673   -11682   -11706   -11743   -11789 
  -11853   -11931   -12010   -12071   -12112   -12145   -12162   -12166 
  -12177   -12194   -12214   -12239   -12263   -12290   -12313   -12330 
  -12344   -12352   -12353   -12356   -12368   -12394   -12448   -12532 
  -12644   -12772   -12896   -13000   -13073   -13104   -13084   -13022 
  -12942   -12854   -12775   -12718   -12679   -12650   -12640   -12641 
  -12645   -12650   -12649   -12626   -12584   -12522   -12448   -12378 
  -12326   -12291   -12272   -12268   -12271   -12267   -12254   -12228 
  -12193   -12164   -12140   -12121   -12110   -12110   -12122   -12145 
  -12178   -12217   -12260   -12305   -12352   -12402   -12455   -12498 
  -12519   -12529   -12533   -12528   -12510   -12476   -12429   -12383 
  -12349   -12343   -12375   -12444   -12526   -12609   -12672   -12702 
  -12696   -12665   -12622   -12577   -12534   -12499   -12488   -12514 
  -12576   -12667   -12771   -12864   -12919   -12930   -12898   -12830 
  -12742   -12657   -12580   -12533   -12521   -12523   -12534   -12561 
  -12602   -12638   -12676   -12723   -12776   -12829   -12880   -12928 
  -12966   -12993   -13009   -13012   -13001   -12985   -12968   -12954 
  -12960   -12991   -13038   -13089   -13127   -13139   -13129   -13092 
  -13041   -12992   -12960   -12950   -12957   -12964   -12966   -12957 
  -12930   -12888   -12842   -12787   -12721   -12658   -12614   -12598 
  -12609   -12646   -12692   -12729   -12749   -12750   -12731   -12710 
  -12702   -12706   -12722   -12749   -12787   -12834   -12892   -12949 
  -12988   -12995   -12969   -12916   -12847   -12779   -12711   -12654 
  -12618   -12596   -12580   -12571   -12564   -12555   -12540   -12530 
  -12525   -12523   -12533   -12561   -12602   -12660   -12730   -12788 
  -12835   -12872   -12897   -12920   -12946   -12970   -12989   -13014 
  -13046   -13077   -13115   -13171   -13242   -13316   -13392   -13463 
  -13524   -13564   -13581   -13578   -13563   -13543   -13517   -13479 
  -13440   -13404   -13366   -13338   -13323   -13297   -13251   -13189 
  -13112   -13028   -12964   -12937   -12937   -12962   -13023   -13099 
  -13165   -13224   -13270   -13293   -13281   -13242   -13172   -13081 
  -12970   -12853   -12744   -12658   -12609   -12591   -12600   -12630 
  -12673   -12730   -12804   -12892   -12984   -13076   -13154   -13197 
  -13212   -13204   -13169   -13116   -13072   -13038   -13014   -13008 
  -13009   -13014   -13026   -13042   -13068   -13109   -13155   -13201 
  -13250   -13289   -13323   -13365   -13413   -13454   -13483   -13497 
  -13497   -13482   -13450   -13413   -13371   -13311   -13242   -13180 
  -13131   -13095   -13073   -13073   -13085   -13096   -13112   -13126 
  -13131   -13135   -13139   -13143   -13157   -13188   -13231   -13285 
  -13346   -13398   -13440   -13477   -13505   -13509   -13483   -13441 
  -13393   -13350   -13320   -13313   -13328   -13356   -13390   -13428 
  -13464   -13500   -13532   -13560   -13586   -13610   -13621   -13617 
  -13591   -13547   -13495   -13455   -13429   -13428   -13451   -13489 
  -13540   -13605   -13666   -13710   -13740   -13757   -13759   -13748 
  -13725   -13693   -13647   -13594   -13540   -13498   -13466   -13431 
  -13387   -13331   -13263   -13193   -13129   -13088   -13068   -13066 
  -13082   -13100   -13115   -13122   -13116   -13106   -13100   -13101 
  -13112   -13122   -13123   -13103   -13051   -12978   -12903   -12825 
  -12754   -12708   -12685   -12675   -12679   -12692   -12704   -12712 
  -12722   -12727   -12729   -12733   -12744   -12766   -12808   -12870 
  -12943   -13018   -13082   -13129   -13154   -13147   -13116   -13073 
  -13027   -12989   -12972   -12964   -12957   -12942   -12915   -12876 
  -12829   -12784   -12749   -12730   -12734   -12752   -12773   -12796 
  -12810   -12803   -12775   -12722   -12644   -12548   -12449   -12356 
  -12289   -12254   -12254   -12279   -12312   -12337   -12356   -12366 
  -12366   -12367   -12379   -12406   -12438   -12471   -12499   -12519 
  -12533   -12552   -12573   -12586   -12580   -12559   -12523   -12482 
  -12448   -12439   -12451   -12475   -12511   -12555   -12599   -12644 
  -12684   -12719   -12746   -12762   -12762   -12749   -12722   -12677 
  -12619   -12555   -12486   -12424   -12372   -12332   -12312   -12313 
  -12329   -12355   -12379   -12396   -12401   -12382   -12347   -12299 
  -12245   -12193   -12151   -12124   -12117   -12133   -12171   -12218 
  -12262   -12297   -12322   -12329   -12321   -12299   -12268   -12244 
  -12224   -12201   -12177   -12147   -12104   -12052   -12004   -11971 
  -11955   -11962   -11994   -12040   -12093   -12151   -12194   -12217 
  -12231   -12225   -12198   -12170   -12144   -12127   -12121   -12122 
  -12124   -12110   -12074   -12020   -11956   -11889   -11821   -11772 
  -11761   -11776   -11804   -11859   -11931   -11993   -12048   -12101 
  -12139   -12159   -12170   -12159   -12127   -12087   -12046   -12008 
  -11973   -11939   -11911   -11894   -11902   -11929   -11956   -11980 
  -12001   -12006   -11997   -11978   -11950   -11896   -11826   -11767 
  -11722   -11689   -11684   -11705   -11739   -11790   -11853   -11916 
  -11986   -12063   -12139   -12213   -12274   -12313   -12334   -12326 
  -12282   -12220   -12163   -12121   -12097   -12093   -12104   -12128 
  -12178   -12254   -12334   -12401   -12448   -12461   -12445   -12406 
  -12357   -12316   -12297   -12297   -12309   -12336   -12393   -12468 
  -12536   -12591   -12638   -12665   -12658   -12622   -12556   -12480 
  -12418   -12355   -12285   -12229   -12195   -12185   -12198   -12241 
  -12312   -12402   -12494   -12559   -12573   -12548   -12499   -12425 
  -12326   -12224   -12137   -12075   -12040   -12042   -12087   -12164 
  -12262   -12357   -12425   -12465   -12495   -12510   -12513   -12522 
  -12541   -12568   -12594   -12604   -12598   -12568   -12522   -12471 
  -12417   -12372   -12348   -12341   -12347   -12360   -12386   -12417 
  -12452   -12495   -12537   -12569   -12596   -12621   -12652   -12685 
  -12699   -12688   -12669   -12636   -12580   -12510   -12429   -12352 
  -12289   -12237   -12212   -12217   -12244   -12297   -12379   -12463 
  -12536   -12595   -12641   -12675   -12698   -12710   -12713   -12711 
  -12699   -12687   -12675   -12665   -12654   -12634   -12606   -12580 
  -12559   -12548   -12552   -12552   -12550   -12571   -12625   -12703 
  -12792   -12884   -12985   -13085   -13162   -13208   -13216   -13193 
  -13153   -13092   -13019   -12964   -12931   -12914   -12911   -12924 
  -12958   -13014   -13073   -13115   -13132   -13139   -13147   -13150 
  -13162   -13198   -13242   -13273   -13293   -13298   -13271   -13204 
  -13101   -12982   -12866   -12766   -12688   -12625   -12573   -12546 
  -12542   -12545   -12552   -12548   -12534   -12515   -12494   -12482 
  -12494   -12517   -12532   -12544   -12565   -12598   -12618   -12592 
  -12544   -12522   -12526   -12533   -12533   -12519   -12502   -12502 
  -12511   -12521   -12529   -12529   -12529   -12541   -12565   -12584 
  -12581   -12550   -12507   -12469   -12441   -12403   -12349   -12297 
  -12262   -12254   -12280   -12316   -12340   -12361   -12387   -12421 
  -12460   -12492   -12514   -12523   -12517   -12507   -12505   -12511 
  -12537   -12577   -12625   -12684   -12748   -12814   -12883   -12933 
  -12957   -12960   -12939   -12901   -12853   -12792   -12737   -12711 
  -12713   -12734   -12764   -12792   -12812   -12822   -12831   -12847 
  -12860   -12855   -12841   -12822   -12807   -12792   -12762   -12718 
  -12665   -12609   -12559   -12536   -12522   -12507   -12505   -12505 
  -12495   -12471   -12434   -12398   -12357   -12312   -12275   -12252 
  -12237   -12226   -12213   -12218   -12251   -12293   -12326   -12348 
  -12355   -12363   -12375   -12384   -12378   -12361   -12344   -12326 
  -12313   -12310   -12313   -12309   -12306   -12313   -12324   -12325 
  -12316   -12310   -12307   -12294   -12274   -12258   -12248   -12240 
  -12247   -12275   -12307   -12341   -12383   -12413   -12411   -12395 
  -12373   -12341   -12309   -12279   -12249   -12236   -12237   -12245 
  -12266   -12299   -12337   -12363   -12371   -12378   -12403   -12448 
  -12510   -12575   -12625   -12664   -12694   -12708   -12699   -12664 
  -12603   -12537   -12486   -12460   -12464   -12490   -12523   -12563 
  -12611   -12667   -12726   -12783   -12825   -12849   -12847   -12827 
  -12800   -12771   -12745   -12735   -12741   -12762   -12802   -12850 
  -12891   -12920   -12946   -12964   -12974   -12981   -12984   -12969 
  -12933   -12880   -12814   -12737   -12658   -12586   -12525   -12482 
  -12460   -12459   -12472   -12501   -12534   -12567   -12594   -12606 
  -12596   -12571   -12526   -12464   -12402   -12345   -12295   -12259 
  -12235   -12228   -12231   -12244   -12270   -12303   -12340   -12383 
  -12429   -12472   -12518   -12563   -12598   -12622   -12634   -12627 
  -12602   -12565   -12522   -12476   -12428   -12387   -12368   -12368 
  -12375   -12387   -12398   -12403   -12401   -12391   -12383   -12371 
  -12357   -12355   -12355   -12353   -12357   -12363   -12366   -12366 
  -12357   -12339   -12312   -12278   -12245   -12224   -12213   -12217 
  -12233   -12256   -12279   -12290   -12294   -12295   -12289   -12285 
  -12293   -12310   -12343   -12380   -12421   -12465   -12510   -12553 
  -12594   -12627   -12656   -12683   -12699   -12707   -12715   -12725 
  -12742   -12762   -12787   -12818   -12843   -12861   -12876   -12888 
  -12893   -12887   -12877   -12865   -12860   -12865   -12877   -12895 
  -12923   -12961   -13000   -13042   -13078   -13105   -13122   -13127 
  -13124   -13124   -13122   -13116   -13103   -13073   -13032   -12984 
  -12942   -12914   -12898   -12904   -12934   -12968   -12989   -12999 
  -12987   -12960   -12926   -12876   -12820   -12777   -12748   -12735 
  -12738   -12746   -12754   -12758   -12748   -12726   -12703   -12685 
  -12673   -12672   -12683   -12700   -12719   -12742   -12765   -12783 
  -12799   -12815   -12838   -12866   -12901   -12945   -12997   -13054 
  -13104   -13135   -13139   -13119   -13073   -13022   -12980   -12946 
  -12927   -12924   -12937   -12964   -13003   -13045   -13088   -13123 
  -13139   -13142   -13132   -13109   -13082   -13051   -13016   -12978 
  -12937   -12897   -12869   -12847   -12830   -12822   -12812   -12802 
  -12798   -12795   -12798   -12814   -12839   -12872   -12900   -12915 
  -12914   -12893   -12855   -12816   -12785   -12766   -12766   -12779 
  -12800   -12829   -12857   -12876   -12888   -12895   -12895   -12884 
  -12868   -12855   -12852   -12857   -12873   -12898   -12928   -12951 
  -12962   -12954   -12926   -12887   -12839   -12785   -12739   -12702 
  -12664   -12631   -12611   -12603   -12604   -12614   -12618   -12611 
  -12598   -12580   -12559   -12540   -12528   -12521   -12521   -12525 
  -12536   -12553   -12575   -12596   -12619   -12642   -12657   -12664 
  -12667   -12665   -12661   -12661   -12669   -12684   -12704   -12729 
  -12756   -12788   -12822   -12852   -12885   -12920   -12949   -12978 
  -13011   -13036   -13062   -13080   -13084   -13084   -13080   -13070 
  -13058   -13049   -13035   -13020   -13008   -13000   -12995   -12985 
  -12977   -12976   -12977   -12977   -12981   -12987   -12999   -13020 
  -13041   -13057   -13073   -13078   -13072   -13066   -13057   -13036 
  -13009   -12982   -12954   -12924   -12896   -12866   -12834   -12808 
  -12793   -12781   -12779   -12785   -12798   -12804   -12803   -12784 
  -12746   -12702   -12658   -12614   -12571   -12541   -12519   -12499 
  -12487   -12483   -12484   -12492   -12511   -12542   -12580   -12619 
  -12652   -12677   -12696   -12708   -12708   -12703   -12692   -12680 
  -12669   -12660   -12653   -12654   -12661   -12680   -12711   -12745 
  -12776   -12796   -12795   -12779   -12754   -12725   -12698   -12680 
  -12673   -12675   -12680   -12685   -12687   -12680   -12665   -12645 
  -12617   -12583   -12550   -12528   -12518   -12528   -12550   -12576 
  -12599   -12617   -12625   -12626   -12626   -12623   -12609   -12584 
  -12553   -12513   -12468   -12418   -12371   -12329   -12290   -12254 
  -12229   -12218   -12217   -12225   -12241   -12260   -12271   -12278 
  -12275   -12263   -12248   -12231   -12206   -12179   -12159   -12143 
  -12128   -12121   -12122   -12125   -12122   -12117   -12112   -12101 
  -12093   -12093   -12102   -12124   -12155   -12187   -12217   -12241 
  -12254   -12258   -12252   -12241   -12229   -12226   -12233   -12249 
  -12279   -12318   -12357   -12394   -12418   -12425   -12421   -12414 
  -12415   -12436   -12475   -12526   -12587   -12647   -12699   -12737 
  -12761   -12775   -12779   -12779   -12779   -12775   -12768   -12758 
  -12756   -12761   -12772   -12789   -12811   -12829   -12846   -12864 
  -12879   -12885   -12880   -12857   -12826   -12788   -12741   -12695 
  -12656   -12618   -12583   -12555   -12533   -12513   -12486   -12456 
  -12432   -12410   -12396   -12401   -12421   -12453   -12494   -12533 
  -12560   -12573   -12571   -12553   -12518   -12474   -12429   -12396 
  -12372   -12357   -12352   -12349   -12349   -12355   -12363   -12376 
  -12401   -12436   -12483   -12533   -12581   -12623   -12652   -12664 
  -12658   -12633   -12595   -12552   -12507   -12474   -12455   -12442 
  -12433   -12428   -12418   -12396   -12368   -12344   -12329   -12325 
  -12330   -12345   -12371   -12399   -12424   -12442   -12459   -12469 
  -12476   -12478   -12471   -12459   -12436   -12396   -12348   -12297 
  -12249   -12205   -12162   -12121   -12087   -12059   -12044   -12052 
  -12081   -12116   -12150   -12177   -12182   -12170   -12150   -12118 
  -12083   -12054   -12029   -12005   -11980   -11958   -11944   -11934 
  -11919   -11914   -11919   -11919   -11921   -11935   -11961   -11990 
  -12010   -12031   -12060   -12083   -12100   -12122   -12147   -12171 
  -12202   -12237   -12275   -12322   -12375   -12425   -12471   -12514 
  -12556   -12592   -12623   -12650   -12675   -12691   -12700   -12706 
  -12703   -12699   -12695   -12687   -12680   -12672   -12658   -12646 
  -12637   -12625   -12606   -12575   -12536   -12487   -12429   -12371 
  -12322   -12279   -12241   -12224   -12218   -12220   -12235   -12253 
  -12268   -12286   -12297   -12297   -12293   -12290   -12290   -12295 
  -12314   -12348   -12391   -12437   -12475   -12503   -12522   -12523 
  -12517   -12514   -12517   -12521   -12533   -12550   -12571   -12588 
  -12606   -12625   -12649   -12685   -12727   -12769   -12806   -12827 
  -12834   -12822   -12800   -12773   -12749   -12726   -12712   -12718 
  -12738   -12769   -12818   -12877   -12928   -12973   -13005   -13022 
  -13030   -13034   -13038   -13050   -13066   -13081   -13095   -13104 
  -13105   -13096   -13085   -13065   -13036   -13008   -12974   -12937 
  -12907   -12880   -12860   -12850   -12849   -12849   -12845   -12837 
  -12827   -12819   -12812   -12808   -12812   -12822   -12834   -12852 
  -12874   -12900   -12926   -12953   -12972   -12984   -12993   -12996 
  -12997   -13009   -13030   -13053   -13070   -13078   -13069   -13045 
  -13008   -12962   -12918   -12881   -12853   -12834   -12818   -12804 
  -12796   -12792   -12787   -12787   -12795   -12806   -12819   -12841 
  -12868   -12898   -12937   -12973   -13005   -13026   -13026   -13000 
  -12954   -12901   -12850   -12811   -12787   -12779   -12788   -12811 
  -12839   -12869   -12896   -12919   -12934   -12931   -12916   -12896 
  -12872   -12845   -12819   -12796   -12769   -12744   -12717   -12685 
  -12656   -12638   -12636   -12644   -12660   -12684   -12713   -12745 
  -12775   -12802   -12827   -12850   -12866   -12877   -12885   -12895 
  -12906   -12916   -12924   -12930   -12927   -12914   -12896   -12876 
  -12849   -12826   -12807   -12800   -12804   -12808   -12815   -12833 
  -12853   -12874   -12895   -12910   -12910   -12896   -12877   -12857 
  -12835   -12815   -12795   -12773   -12744   -12698   -12646   -12594 
  -12538   -12494   -12467   -12459   -12468   -12495   -12534   -12579 
  -12626   -12672   -12718   -12762   -12796   -12822   -12846   -12861 
  -12864   -12857   -12835   -12804   -12766   -12723   -12679   -12638 
  -12607   -12590   -12587   -12603   -12631   -12661   -12687   -12703 
  -12707   -12704   -12691   -12667   -12645   -12622   -12591   -12561 
  -12533   -12502   -12465   -12429   -12394   -12360   -12337   -12326 
  -12324   -12325   -12330   -12334   -12330   -12332   -12330   -12326 
  -12333   -12347   -12366   -12390   -12411   -12426   -12432   -12429 
  -12425   -12417   -12415   -12414   -12414   -12424   -12434   -12437 
  -12445   -12455   -12461   -12474   -12484   -12484   -12484   -12483 
  -12480   -12482   -12484   -12484   -12482   -12480   -12475   -12469 
  -12468   -12476   -12488   -12501   -12511   -12518   -12522   -12534 
  -12552   -12569   -12596   -12631   -12668   -12707   -12748   -12785 
  -12815   -12834   -12838   -12831   -12818   -12798   -12771   -12748 
  -12730   -12712   -12699   -12685   -12673   -12664   -12656   -12646 
  -12634   -12617   -12596   -12573   -12552   -12536   -12522   -12518 
  -12517   -12510   -12499   -12484   -12464   -12445   -12425   -12406 
  -12395   -12388   -12383   -12380   -12379   -12375   -12368   -12363 
  -12360   -12360   -12363   -12371   -12380   -12391   -12399   -12402 
  -12402   -12402   -12399   -12395   -12393   -12380   -12363   -12349 
  -12334   -12322   -12317   -12316   -12317   -12321   -12326   -12330 
  -12337   -12348   -12357   -12368   -12378   -12378   -12370   -12359 
  -12344   -12334   -12332   -12334   -12348   -12368   -12388   -12410 
  -12429   -12444   -12451   -12451   -12451   -12453   -12459   -12468 
  -12482   -12501   -12521   -12540   -12550   -12546   -12530   -12503 
  -12467   -12425   -12393   -12375   -12370   -12376   -12398   -12422 
  -12441   -12449   -12442   -12432   -12418   -12405   -12403   -12410 
  -12424   -12439   -12461   -12483   -12499   -12507   -12509   -12501 
  -12494   -12496   -12507   -12530   -12564   -12595   -12623   -12641 
  -12634   -12611   -12583   -12555   -12544   -12555   -12580   -12618 
  -12665   -12711   -12749   -12773   -12785   -12787   -12777   -12761 
  -12744   -12729   -12719   -12718   -12726   -12746   -12769   -12793 
  -12820   -12847   -12872   -12896   -12923   -12943   -12957   -12966 
  -12968   -12960   -12946   -12933   -12919   -12912   -12912   -12916 
  -12921   -12930   -12941   -12953   -12969   -12987   -13005   -13023 
  -13030   -13026   -13012   -12996   -12972   -12945   -12924   -12910 
  -12903   -12907   -12919   -12930   -12942   -12957   -12974   -12982 
  -12981   -12981   -12978   -12966   -12954   -12939   -12919   -12904 
  -12896   -12888   -12888   -12895   -12903   -12912   -12920   -12928 
  -12933   -12928   -12926   -12923   -12921   -12923   -12928   -12949 
  -12974   -13000   -13024   -13043   -13054   -13057   -13051   -13045 
  -13035   -13026   -13024   -13022   -13009   -12993   -12968   -12933 
  -12898   -12872   -12853   -12847   -12850   -12858   -12868   -12865 
  -12846   -12815   -12772   -12722   -12672   -12623   -12586   -12560 
  -12546   -12548   -12563   -12579   -12594   -12603   -12603   -12599 
  -12590   -12575   -12559   -12545   -12530   -12511   -12490   -12468 
  -12445   -12428   -12414   -12410   -12415   -12424   -12438   -12456 
  -12474   -12495   -12521   -12546   -12573   -12599   -12618   -12636 
  -12652   -12664   -12675   -12684   -12684   -12680   -12677   -12675 
  -12672   -12673   -12680   -12687   -12696   -12708   -12717   -12723 
  -12727   -12726   -12722   -12715   -12703   -12687   -12672   -12652 
  -12629   -12609   -12590   -12571   -12555   -12544   -12533   -12526 
  -12528   -12522   -12514   -12513   -12507   -12494   -12486   -12480 
  -12472   -12464   -12461   -12464   -12476   -12494   -12514   -12538 
  -12556   -12568   -12577   -12586   -12594   -12600   -12606   -12614 
  -12623   -12631   -12644   -12664   -12690   -12725   -12761   -12792 
  -12825   -12854   -12872   -12883   -12888   -12888   -12877   -12864 
  -12843   -12822   -12814   -12819   -12834   -12855   -12874   -12884 
  -12885   -12877   -12862   -12842   -12826   -12815   -12804   -12793 
  -12791   -12795   -12803   -12812   -12818   -12816   -12820   -12822 
  -12814   -12804   -12798   -12785   -12769   -12753   -12735   -12712 
  -12688   -12667   -12644   -12621   -12595   -12561   -12525   -12486 
  -12445   -12413   -12384   -12363   -12356   -12360   -12371   -12387 
  -12399   -12403   -12398   -12380   -12352   -12320   -12289   -12267 
  -12253   -12252   -12264   -12287   -12318   -12352   -12388   -12424 
  -12455   -12480   -12503   -12522   -12537   -12544   -12541   -12540 
  -12533   -12514   -12496   -12480   -12460   -12444   -12439   -12444 
  -12453   -12472   -12496   -12523   -12545   -12563   -12575   -12583 
  -12587   -12591   -12591   -12591   -12596   -12604   -12609   -12618 
  -12625   -12625   -12622   -12614   -12600   -12584   -12571   -12560 
  -12550   -12540   -12529   -12513   -12495   -12478   -12456   -12436 
  -12425   -12415   -12410   -12410   -12409   -12402   -12393   -12384 
  -12371   -12359   -12352   -12349   -12349   -12359   -12373   -12384 
  -12393   -12401   -12406   -12409   -12406   -12403   -12396   -12386 
  -12373   -12363   -12360   -12367   -12386   -12420   -12464   -12507 
  -12548   -12584   -12604   -12613   -12609   -12591   -12568   -12546 
  -12528   -12513   -12505   -12502   -12503   -12505   -12513   -12523 
  -12538   -12559   -12591   -12629   -12673   -12722   -12764   -12796 
  -12820   -12830   -12829   -12819   -12799   -12768   -12738   -12711 
  -12679   -12647   -12625   -12609   -12595   -12583   -12571   -12564 
  -12560   -12557   -12556   -12550   -12538   -12521   -12502   -12484 
  -12467   -12453   -12445   -12439   -12436   -12434   -12432   -12429 
  -12425   -12420   -12415   -12414   -12418   -12429   -12444   -12467 
  -12498   -12529   -12556   -12584   -12603   -12610   -12611   -12613 
  -12617   -12626   -12637   -12649   -12667   -12684   -12695   -12703 
  -12706   -12695   -12679   -12657   -12629   -12606   -12594   -12579 
  -12567   -12564   -12560   -12557   -12552   -12540   -12526   -12511 
  -12490   -12474   -12467   -12464   -12471   -12483   -12487   -12490 
  -12487   -12476   -12463   -12447   -12428   -12409   -12390   -12373 
  -12360   -12347   -12330   -12318   -12307   -12297   -12297   -12305 
  -12317   -12336   -12360   -12383   -12402   -12414   -12422   -12429 
  -12428   -12429   -12434   -12436   -12434   -12433   -12425   -12406 
  -12393   -12382   -12372   -12366   -12363   -12370   -12386   -12402 
  -12424   -12452   -12478   -12502   -12518   -12523   -12525   -12519 
  -12517   -12521   -12530   -12548   -12567   -12583   -12600   -12613 
  -12614   -12614   -12614   -12611   -12611   -12607   -12610   -12623 
  -12641   -12661   -12687   -12717   -12749   -12776   -12798   -12818 
  -12837   -12849   -12854   -12855   -12852   -12842   -12831   -12825 
  -12819   -12815   -12816   -12818   -12815   -12814   -12812   -12815 
  -12822   -12826   -12830   -12838   -12841   -12839   -12834   -12822 
  -12806   -12785   -12765   -12746   -12731   -12719   -12707   -12699 
  -12695   -12691   -12684   -12676   -12669   -12665   -12664   -12667 
  -12679   -12699   -12725   -12750   -12776   -12800   -12815   -12822 
  -12827   -12822   -12814   -12802   -12788   -12768   -12746   -12727 
  -12707   -12692   -12683   -12675   -12673   -12676   -12683   -12694 
  -12706   -12722   -12737   -12744   -12752   -12758   -12760   -12761 
  -12764   -12769   -12779   -12792   -12807   -12819   -12827   -12835 
  -12835   -12829   -12822   -12819   -12815   -12816   -12819   -12827 
  -12834   -12839   -12845   -12849   -12847   -12846   -12843   -12842 
  -12841   -12837   -12827   -12812   -12791   -12765   -12735   -12706 
  -12676   -12649   -12623   -12604   -12590   -12580   -12577   -12577 
  -12577   -12583   -12594   -12603   -12614   -12622   -12631   -12641 
  -12647   -12650   -12650   -12652   -12654   -12657   -12657   -12660 
  -12664   -12665   -12671   -12675   -12675   -12673   -12671   -12667 
  -12661   -12658   -12661   -12668   -12676   -12680   -12688   -12696 
  -12702   -12707   -12713   -12718   -12717   -12712   -12704   -12695 
  -12683   -12664   -12644   -12626   -12604   -12588   -12577   -12568 
  -12567   -12569   -12567   -12561   -12556   -12542   -12529   -12519 
  -12511   -12509   -12514   -12528   -12545   -12563   -12581   -12599 
  -12610   -12618   -12623   -12622   -12622   -12627   -12630   -12630 
  -12633   -12633   -12629   -12630   -12631   -12627   -12625   -12623 
  -12621   -12619   -12623   -12627   -12630   -12631   -12636   -12642 
  -12644   -12642   -12646   -12654   -12660   -12665   -12673   -12676 
  -12679   -12684   -12685   -12687   -12685   -12676   -12663   -12649 
  -12638   -12629   -12618   -12610   -12600   -12591   -12580   -12563 
  -12541   -12515   -12488   -12459   -12429   -12402   -12386   -12379 
  -12378   -12386   -12399   -12413   -12428   -12444   -12456   -12460 
  -12465   -12465   -12463   -12461   -12461   -12464   -12469   -12469 
  -12465   -12460   -12453   -12453   -12463   -12480   -12510   -12548 
  -12587   -12621   -12645   -12661   -12673   -12676   -12677   -12684 
  -12685   -12690   -12699   -12707   -12719   -12737   -12750   -12758 
  -12766   -12775   -12779   -12783   -12792   -12806   -12825   -12845 
