Origin Time       2016/04/16 01:25:00
Lat.              32.753
Long.             130.762
Depth. (km)       12
Mag.              7.3
Station Code      SZO010
Station Lat.      35.3134
Station Long.     138.9063
Station Height(m) 537
Record Time       2016/04/16 01:29:27
Sampling Freq(Hz) 100Hz
Duration Time(s)  61
Dir.              E-W
Scale Factor      7845(gal)/8223790
Max. Acc. (gal)   1.552
Last Correction   2016/04/16 01:29:29
Memo.             
    4677     4666     4661     4653     4644     4635     4626     4621 
    4615     4603     4594     4591     4587     4576     4567     4560 
    4558     4554     4541     4533     4533     4526     4517     4515 
    4510     4499     4499     4498     4490     4490     4490     4482 
    4479     4480     4476     4476     4482     4483     4482     4482 
    4486     4487     4490     4495     4500     4502     4507     4513 
    4518     4527     4540     4541     4544     4557     4568     4576 
    4583     4590     4599     4610     4621     4633     4645     4653 
    4657     4666     4680     4691     4699     4710     4723     4733 
    4745     4754     4764     4774     4784     4793     4804     4814 
    4823     4833     4847     4858     4865     4874     4885     4895 
    4905     4909     4918     4931     4942     4949     4961     4972 
    4974     4981     4996     5005     5011     5022     5027     5032 
    5046     5055     5060     5067     5073     5081     5092     5097 
    5103     5109     5113     5119     5125     5131     5135     5142 
    5146     5146     5150     5158     5161     5157     5158     5163 
    5163     5163     5164     5164     5164     5164     5159     5158 
    5161     5154     5146     5143     5142     5136     5131     5127 
    5123     5113     5105     5098     5090     5082     5077     5069 
    5058     5050     5040     5027     5022     5015     5004     4989 
    4977     4969     4958     4946     4938     4930     4916     4904 
    4897     4888     4874     4864     4854     4839     4831     4823 
    4812     4803     4793     4784     4774     4764     4757     4750 
    4739     4731     4723     4714     4710     4703     4693     4687 
    4679     4669     4665     4664     4654     4646     4645     4639 
    4630     4625     4622     4618     4611     4604     4599     4600 
    4598     4590     4587     4585     4584     4583     4577     4575 
    4577     4576     4575     4575     4571     4572     4576     4576 
    4581     4583     4579     4585     4591     4591     4595     4599 
    4600     4606     4614     4617     4619     4625     4630     4638 
    4645     4649     4653     4661     4671     4676     4677     4685 
    4696     4704     4710     4719     4726     4734     4743     4753 
    4762     4773     4777     4785     4800     4814     4819     4827 
    4842     4851     4858     4870     4881     4891     4900     4911 
    4923     4932     4939     4949     4962     4970     4977     4986 
    4997     5007     5013     5023     5034     5039     5044     5058 
    5063     5067     5080     5089     5089     5097     5109     5112 
    5113     5123     5131     5134     5136     5144     5150     5154 
    5157     5162     5164     5167     5174     5174     5171     5178 
    5186     5185     5184     5185     5188     5186     5186     5188 
    5185     5185     5184     5182     5179     5175     5171     5169 
    5167     5162     5159     5158     5152     5144     5139     5131 
    5127     5119     5108     5101     5097     5089     5081     5076 
    5065     5058     5051     5036     5024     5022     5016     5005 
    4996     4986     4977     4969     4958     4950     4945     4934 
    4923     4922     4912     4899     4896     4895     4887     4878 
    4872     4865     4860     4852     4845     4841     4835     4827 
    4822     4822     4816     4808     4806     4801     4796     4793 
    4788     4780     4777     4776     4768     4762     4762     4757 
    4750     4745     4742     4737     4731     4727     4722     4716 
    4715     4710     4702     4696     4691     4684     4677     4673 
    4665     4658     4654     4646     4638     4631     4618     4608 
    4606     4592     4579     4575     4564     4549     4541     4527 
    4514     4502     4491     4482     4473     4457     4441     4431 
    4422     4409     4396     4387     4378     4364     4349     4337 
    4332     4325     4310     4301     4293     4284     4276     4266 
    4261     4256     4248     4245     4247     4241     4236     4233 
    4230     4230     4230     4228     4232     4236     4233     4236 
    4240     4237     4243     4253     4258     4261     4271     4280 
    4287     4294     4305     4317     4326     4336     4348     4360 
    4374     4384     4395     4410     4422     4438     4456     4469 
    4484     4502     4515     4529     4548     4563     4579     4598 
    4614     4630     4649     4666     4680     4699     4720     4734 
    4747     4770     4785     4796     4816     4837     4850     4869 
    4889     4905     4922     4941     4958     4976     4994     5013 
    5030     5047     5070     5088     5104     5124     5142     5161 
    5181     5200     5220     5239     5255     5277     5300     5319 
    5337     5359     5377     5394     5414     5433     5452     5475 
    5494     5509     5526     5547     5566     5583     5601     5617 
    5632     5649     5665     5683     5701     5717     5729     5742 
    5759     5768     5778     5795     5809     5815     5827     5844 
    5852     5857     5872     5886     5890     5895     5907     5918 
    5922     5925     5930     5937     5940     5940     5945     5953 
    5956     5954     5957     5958     5957     5958     5956     5952 
    5950     5950     5948     5944     5938     5931     5926     5919 
    5913     5902     5895     5888     5876     5867     5857     5844 
    5831     5822     5807     5792     5782     5767     5749     5738 
    5724     5702     5686     5671     5653     5638     5621     5598 
    5580     5566     5545     5524     5506     5489     5468     5445 
    5424     5404     5385     5363     5339     5317     5298     5275 
    5252     5232     5213     5190     5169     5148     5127     5105 
    5082     5058     5038     5017     4993     4973     4953     4931 
    4908     4889     4868     4846     4830     4814     4793     4773 
    4758     4741     4722     4706     4688     4671     4660     4645 
    4627     4614     4602     4588     4577     4568     4556     4546 
    4541     4531     4519     4511     4507     4498     4488     4484 
    4480     4475     4471     4467     4463     4463     4460     4456 
    4456     4459     4455     4455     4459     4459     4459     4464 
    4464     4467     4473     4476     4480     4484     4486     4488 
    4495     4502     4506     4510     4518     4525     4527     4535 
    4544     4548     4550     4557     4564     4568     4573     4579 
    4581     4588     4596     4602     4603     4606     4612     4618 
    4622     4625     4627     4633     4633     4633     4639     4644 
    4642     4645     4652     4656     4656     4656     4657     4658 
    4661     4666     4665     4660     4662     4666     4666     4668 
    4666     4665     4668     4671     4669     4671     4669     4668 
    4673     4673     4673     4675     4673     4672     4677     4683 
    4680     4680     4687     4691     4689     4689     4695     4706 
    4708     4704     4706     4716     4723     4723     4726     4734 
    4741     4741     4750     4761     4758     4760     4773     4777 
    4779     4791     4797     4799     4807     4814     4819     4827 
    4830     4834     4846     4852     4854     4864     4874     4877 
    4880     4887     4895     4900     4905     4911     4915     4920 
    4926     4930     4932     4939     4945     4950     4955     4958 
    4959     4961     4965     4968     4970     4972     4973     4978 
    4980     4977     4978     4981     4980     4978     4980     4984 
    4985     4981     4978     4978     4978     4977     4973     4972 
    4973     4973     4970     4968     4966     4961     4961     4962 
    4959     4956     4953     4953     4956     4955     4950     4951 
    4954     4950     4949     4950     4949     4951     4953     4951 
    4953     4955     4954     4954     4955     4955     4958     4962 
    4963     4965     4966     4965     4968     4974     4976     4977 
    4978     4978     4980     4985     4986     4985     4986     4989 
    4992     4992     4993     4996     4999     4999     5000     5003 
    5003     5003     5004     5005     5009     5011     5008     5007 
    5008     5008     5008     5011     5007     5003     5007     5003 
    4999     5003     5001     4994     4994     4992     4985     4985 
    4982     4976     4972     4970     4968     4962     4956     4953 
    4949     4945     4938     4927     4922     4922     4916     4907 
    4903     4899     4892     4888     4881     4876     4870     4864 
    4858     4854     4845     4835     4837     4834     4827     4826 
    4822     4814     4818     4818     4811     4808     4810     4807 
    4807     4812     4814     4814     4814     4814     4818     4828 
    4833     4834     4839     4846     4851     4855     4862     4869 
    4876     4884     4893     4901     4909     4918     4926     4935 
    4947     4959     4966     4974     4986     5000     5012     5023 
    5032     5042     5055     5073     5084     5092     5105     5120 
    5131     5144     5161     5177     5188     5200     5215     5228 
    5242     5256     5273     5286     5298     5312     5325     5339 
    5358     5370     5383     5398     5412     5424     5439     5455 
    5470     5481     5494     5508     5518     5529     5544     5552 
    5560     5572     5582     5593     5603     5607     5610     5621 
    5628     5628     5633     5638     5641     5645     5645     5647 
    5649     5641     5634     5637     5636     5626     5623     5618 
    5607     5601     5594     5580     5576     5570     5551     5536 
    5526     5510     5494     5481     5463     5443     5428     5409 
    5390     5371     5347     5325     5306     5283     5258     5235 
    5211     5184     5159     5135     5107     5082     5058     5027 
    5000     4970     4936     4912     4889     4858     4826     4797 
    4765     4737     4710     4680     4650     4625     4594     4561 
    4535     4510     4479     4449     4426     4403     4376     4348 
    4322     4299     4278     4255     4228     4209     4190     4164 
    4144     4131     4112     4093     4081     4063     4045     4035 
    4021     4005     3997     3989     3978     3969     3960     3951 
    3947     3940     3932     3931     3932     3931     3925     3924 
    3925     3927     3929     3929     3931     3936     3942     3944 
    3950     3955     3960     3973     3979     3981     3990     4003 
    4016     4025     4035     4045     4058     4071     4085     4094 
    4105     4121     4135     4147     4166     4185     4194     4210 
    4228     4240     4256     4282     4298     4314     4336     4355 
    4374     4392     4410     4428     4449     4473     4496     4515 
    4531     4550     4573     4595     4614     4633     4658     4680 
    4696     4712     4737     4760     4779     4800     4816     4830 
    4851     4873     4888     4905     4923     4939     4956     4974 
    4986     5003     5020     5034     5047     5063     5078     5090 
    5103     5117     5130     5142     5155     5164     5171     5184 
    5197     5202     5212     5224     5235     5244     5252     5259 
    5267     5275     5285     5292     5297     5304     5310     5316 
    5324     5328     5331     5339     5346     5347     5352     5356 
    5356     5359     5363     5364     5364     5367     5370     5368 
    5367     5367     5368     5368     5367     5364     5360     5359 
    5356     5348     5343     5341     5335     5328     5327     5324 
    5317     5310     5302     5296     5292     5285     5275     5267 
    5263     5256     5242     5229     5225     5220     5206     5197 
    5192     5184     5171     5158     5147     5142     5136     5123 
    5111     5101     5089     5078     5069     5058     5049     5042 
    5031     5019     5011     5001     4989     4976     4966     4961 
    4953     4939     4930     4922     4909     4899     4893     4884 
    4872     4866     4860     4849     4839     4831     4823     4818 
    4810     4800     4796     4789     4779     4777     4779     4769 
    4765     4761     4752     4746     4746     4746     4745     4739 
    4737     4741     4738     4733     4735     4735     4731     4735 
    4739     4735     4738     4745     4742     4741     4748     4753 
    4752     4754     4761     4761     4761     4766     4770     4769 
    4770     4776     4779     4783     4784     4784     4789     4792 
    4791     4793     4796     4796     4796     4799     4800     4796 
    4799     4804     4801     4797     4800     4800     4799     4800 
    4800     4799     4799     4796     4795     4795     4789     4787 
    4791     4789     4783     4785     4784     4779     4777     4780 
    4780     4779     4776     4776     4776     4776     4774     4773 
    4774     4776     4772     4772     4777     4777     4774     4779 
    4783     4779     4781     4787     4783     4785     4793     4795 
    4797     4804     4806     4804     4810     4814     4814     4822 
    4827     4830     4835     4838     4842     4850     4857     4855 
    4857     4865     4869     4873     4881     4884     4884     4888 
    4892     4896     4903     4907     4911     4911     4911     4915 
    4918     4918     4923     4923     4923     4931     4930     4923 
    4927     4928     4922     4922     4922     4918     4918     4918 
    4909     4908     4901     4891     4892     4891     4878     4877 
    4873     4860     4851     4847     4837     4826     4819     4808 
    4800     4792     4779     4768     4761     4747     4734     4723 
    4710     4696     4683     4672     4660     4645     4631     4617 
    4598     4584     4572     4554     4541     4526     4507     4487 
    4473     4457     4438     4423     4406     4384     4368     4351 
    4330     4310     4294     4275     4253     4233     4215     4194 
    4175     4159     4140     4118     4101     4085     4067     4048 
    4028     4009     3994     3977     3956     3943     3932     3917 
    3899     3883     3871     3861     3850     3836     3828     3820 
    3808     3801     3798     3790     3784     3780     3776     3776 
    3774     3773     3774     3778     3778     3778     3785     3793 
    3796     3805     3819     3828     3838     3848     3859     3875 
    3890     3902     3921     3946     3963     3979     4001     4025 
    4044     4063     4088     4117     4140     4164     4194     4225 
    4248     4275     4305     4336     4365     4396     4431     4463 
    4490     4517     4550     4588     4621     4649     4681     4719 
    4754     4783     4816     4854     4888     4920     4953     4985 
    5019     5055     5088     5120     5154     5186     5223     5258 
    5290     5319     5350     5387     5422     5448     5478     5510 
    5544     5580     5610     5636     5671     5703     5732     5765 
    5795     5819     5852     5887     5913     5938     5968     5996 
    6023     6054     6084     6107     6131     6157     6180     6201 
    6228     6252     6273     6293     6315     6334     6351     6372 
    6386     6400     6419     6434     6443     6458     6473     6480 
    6488     6496     6502     6512     6519     6521     6524     6525 
    6525     6525     6528     6525     6520     6517     6515     6507 
    6496     6490     6486     6477     6465     6453     6440     6430 
    6419     6403     6384     6372     6356     6336     6320     6307 
    6285     6265     6246     6227     6204     6183     6161     6141 
    6119     6093     6073     6056     6027     5995     5973     5954 
    5930     5904     5876     5852     5829     5802     5773     5751 
    5725     5694     5670     5648     5622     5593     5566     5541 
    5517     5489     5459     5435     5414     5387     5358     5335 
    5312     5282     5255     5235     5212     5185     5159     5134 
    5113     5093     5070     5046     5022     4997     4976     4955 
    4932     4914     4891     4866     4850     4830     4804     4784 
    4766     4747     4727     4708     4689     4668     4649     4633 
    4614     4592     4577     4558     4537     4519     4504     4483 
    4464     4453     4434     4411     4395     4382     4365     4349 
    4336     4318     4302     4287     4271     4256     4245     4232 
    4215     4200     4191     4182     4164     4149     4140     4131 
    4117     4105     4097     4088     4077     4067     4060     4054 
    4041     4032     4028     4023     4014     4009     4006     4000 
    3991     3987     3989     3987     3982     3979     3982     3983 
    3984     3986     3987     3991     3994     3996     4001     4010 
    4016     4017     4027     4036     4040     4047     4060     4072 
    4081     4094     4109     4121     4133     4144     4155     4172 
    4191     4205     4220     4238     4256     4271     4289     4307 
    4326     4344     4364     4384     4402     4422     4445     4464 
    4483     4502     4525     4548     4568     4587     4610     4633 
    4653     4675     4699     4715     4733     4760     4783     4804 
    4827     4842     4857     4884     4904     4918     4942     4965 
    4982     5001     5017     5032     5054     5071     5084     5100 
    5120     5136     5146     5159     5175     5188     5201     5216 
    5223     5235     5250     5255     5266     5279     5282     5286 
    5302     5310     5312     5320     5327     5332     5339     5341 
    5344     5354     5359     5356     5356     5363     5366     5367 
    5370     5371     5370     5375     5377     5371     5370     5371 
    5370     5373     5373     5363     5360     5359     5356     5355 
    5352     5350     5348     5346     5341     5333     5329     5329 
    5321     5313     5312     5308     5300     5298     5292     5278 
    5275     5277     5267     5255     5251     5248     5239     5233 
    5228     5220     5216     5212     5201     5194     5193     5186 
    5179     5178     5169     5161     5161     5159     5151     5147 
    5142     5139     5139     5134     5127     5125     5123     5121 
    5124     5121     5119     5115     5113     5112     5111     5111 
    5112     5111     5111     5112     5111     5113     5120     5116 
    5113     5121     5125     5124     5125     5130     5131     5135 
    5140     5143     5146     5147     5151     5159     5164     5167 
    5171     5175     5182     5188     5193     5197     5201     5206 
    5213     5217     5221     5225     5227     5233     5239     5242 
    5247     5254     5256     5256     5259     5262     5267     5270 
    5271     5273     5273     5275     5278     5273     5271     5273 
    5270     5263     5263     5263     5256     5252     5252     5246 
    5235     5228     5220     5212     5208     5201     5188     5178 
    5169     5158     5147     5136     5125     5109     5093     5084 
    5074     5058     5043     5030     5017     5007     4989     4970 
    4961     4951     4930     4914     4903     4887     4873     4862 
    4847     4837     4824     4812     4801     4788     4777     4770 
    4760     4750     4741     4729     4725     4719     4707     4702 
    4699     4692     4687     4681     4675     4675     4673     4669 
    4672     4671     4666     4666     4669     4672     4675     4676 
    4679     4685     4687     4687     4693     4704     4708     4710 
    4720     4729     4733     4739     4750     4756     4764     4772 
    4777     4787     4801     4807     4814     4828     4835     4842 
    4854     4864     4872     4881     4889     4899     4908     4916 
    4923     4932     4943     4951     4955     4966     4976     4980 
    4989     4999     4999     5001     5011     5017     5023     5030 
    5034     5039     5046     5049     5047     5051     5059     5059 
    5058     5066     5070     5071     5077     5074     5071     5077 
    5078     5076     5081     5082     5078     5080     5081     5080 
    5080     5080     5080     5078     5076     5074     5074     5074 
    5073     5067     5067     5071     5067     5059     5058     5059 
    5059     5058     5050     5043     5047     5047     5040     5040 
    5042     5034     5027     5031     5027     5020     5019     5016 
    5011     5008     5007     5003     5000     4997     4989     4984 
    4984     4980     4973     4973     4970     4962     4958     4954 
    4951     4949     4941     4932     4934     4934     4926     4918 
    4915     4909     4907     4904     4900     4897     4893     4887 
    4880     4877     4874     4869     4868     4865     4861     4861 
    4858     4849     4843     4843     4839     4834     4835     4833 
    4826     4824     4823     4818     4814     4812     4810     4808 
    4806     4797     4793     4797     4793     4784     4783     4780 
    4773     4769     4766     4764     4760     4754     4746     4742 
    4739     4731     4720     4716     4712     4704     4699     4693 
    4685     4677     4672     4662     4654     4650     4641     4631 
    4630     4622     4610     4606     4600     4587     4579     4576 
    4567     4556     4550     4544     4534     4525     4518     4511 
    4504     4499     4491     4486     4483     4473     4467     4463 
    4455     4450     4448     4440     4436     4436     4430     4423 
    4425     4423     4418     4415     4414     4413     4413     4407 
    4409     4413     4414     4413     4413     4415     4419     4421 
    4423     4429     4431     4433     4440     4444     4446     4456 
    4463     4467     4476     4484     4487     4494     4506     4511 
    4518     4529     4537     4545     4558     4567     4575     4584 
    4594     4604     4621     4630     4637     4650     4662     4671 
    4683     4695     4704     4718     4729     4737     4748     4762 
    4773     4783     4791     4801     4816     4826     4837     4849 
    4858     4869     4884     4895     4900     4909     4922     4931 
    4939     4947     4954     4965     4977     4984     4992     5005 
    5011     5016     5026     5032     5042     5051     5055     5065 
    5076     5080     5082     5092     5100     5107     5112     5117 
    5124     5130     5136     5146     5150     5150     5154     5161 
    5167     5173     5175     5178     5181     5186     5193     5197 
    5197     5200     5204     5206     5205     5208     5211     5209 
    5212     5217     5215     5212     5213     5211     5206     5205 
    5205     5204     5198     5196     5194     5189     5184     5181 
    5173     5167     5163     5157     5151     5146     5136     5128 
    5121     5111     5100     5092     5081     5070     5062     5054 
    5039     5027     5020     5007     4994     4985     4974     4962 
    4951     4936     4923     4916     4905     4891     4880     4869 
    4852     4842     4835     4823     4810     4801     4787     4773 
    4765     4754     4743     4734     4723     4714     4706     4696 
    4684     4673     4668     4661     4650     4642     4634     4625 
    4619     4612     4608     4603     4594     4584     4583     4579 
    4572     4565     4563     4561     4558     4553     4549     4548 
    4544     4542     4545     4546     4542     4540     4542     4541 
    4541     4548     4550     4549     4549     4553     4557     4561 
    4565     4568     4568     4575     4581     4584     4587     4595 
    4599     4604     4614     4619     4621     4626     4635     4642 
    4649     4656     4662     4666     4673     4683     4693     4702 
    4703     4710     4719     4725     4730     4738     4746     4754 
    4762     4770     4774     4780     4789     4799     4803     4808 
    4816     4823     4833     4841     4843     4850     4861     4865 
    4872     4881     4884     4888     4899     4904     4908     4916 
    4923     4931     4938     4942     4947     4954     4959     4966 
    4972     4976     4982     4986     4992     5000     5005     5009 
    5012     5017     5023     5027     5030     5032     5035     5040 
    5046     5049     5047     5049     5055     5059     5062     5063 
    5063     5065     5069     5069     5069     5070     5066     5066 
    5070     5069     5066     5069     5069     5067     5065     5065 
    5065     5059     5055     5057     5055     5049     5046     5046 
    5040     5034     5031     5027     5026     5020     5013     5011 
    5009     5004     4997     4996     4989     4984     4980     4978 
    4973     4970     4966     4961     4959     4958     4953     4949 
    4949     4946     4942     4941     4939     4936     4938     4935 
    4934     4936     4934     4931     4935     4935     4932     4934 
    4941     4939     4934     4935     4941     4943     4942     4945 
    4949     4950     4951     4954     4955     4955     4956     4959 
    4962     4966     4969     4969     4973     4974     4974     4980 
    4984     4984     4988     4993     4992     4993     4999     5001 
    5007     5012     5012     5013     5016     5020     5027     5032 
    5034     5035     5038     5040     5047     5051     5051     5054 
    5055     5057     5059     5059     5062     5067     5069     5067 
    5069     5071     5071     5073     5073     5069     5069     5070 
    5069     5069     5063     5058     5060     5057     5053     5055 
    5050     5043     5044     5039     5031     5027     5026     5017 
    5012     5011     5005     4996     4989     4984     4976     4968 
    4961     4953     4947     4941     4930     4922     4915     4903 
    4893     4887     4877     4865     4857     4847     4837     4828 
    4818     4803     4792     4781     4769     4758     4745     4731 
    4720     4710     4698     4680     4666     4656     4641     4627 
    4618     4606     4590     4577     4567     4549     4537     4526 
    4511     4498     4486     4472     4460     4446     4433     4421 
    4406     4392     4382     4369     4360     4349     4336     4324 
    4311     4298     4287     4276     4268     4256     4243     4233 
    4230     4218     4205     4199     4192     4185     4180     4174 
    4164     4159     4152     4147     4140     4135     4131     4126 
    4124     4124     4121     4117     4116     4116     4116     4118 
    4118     4116     4120     4126     4128     4128     4129     4135 
    4140     4145     4149     4155     4163     4167     4172     4178 
    4187     4195     4205     4213     4217     4225     4240     4248 
    4256     4266     4278     4286     4294     4307     4318     4326 
    4340     4351     4360     4379     4391     4396     4413     4428 
    4436     4449     4467     4477     4488     4506     4519     4529 
    4548     4564     4571     4584     4603     4612     4623     4642 
    4654     4665     4679     4691     4704     4718     4727     4738 
    4754     4766     4776     4788     4799     4808     4823     4834 
    4839     4847     4860     4869     4876     4887     4895     4899 
    4907     4916     4922     4928     4936     4941     4943     4953 
    4961     4963     4972     4973     4970     4978     4988     4984 
    4982     4986     4986     4989     4994     4992     4992     4993 
    4989     4988     4988     4989     4989     4985     4981     4980 
    4980     4976     4973     4970     4968     4963     4959     4958 
    4951     4945     4945     4939     4932     4930     4926     4918 
    4912     4908     4904     4899     4892     4887     4882     4876 
    4870     4868     4862     4855     4849     4841     4834     4828 
    4827     4824     4818     4807     4801     4800     4795     4788 
    4783     4777     4774     4769     4761     4758     4757     4752 
    4748     4746     4741     4737     4737     4733     4731     4729 
    4726     4725     4723     4722     4722     4722     4723     4725 
    4726     4723     4723     4729     4729     4726     4730     4735 
    4734     4738     4742     4741     4742     4750     4753     4752 
    4758     4764     4764     4766     4773     4777     4779     4781 
    4785     4788     4792     4797     4801     4807     4810     4811 
    4816     4822     4823     4826     4830     4834     4838     4843 
    4845     4842     4849     4857     4855     4860     4866     4865 
    4866     4876     4878     4880     4887     4887     4891     4896 
    4895     4897     4907     4908     4909     4915     4915     4915 
    4922     4926     4927     4931     4938     4941     4942     4946 
    4951     4954     4958     4965     4968     4972     4977     4978 
    4982     4989     4993     4996     5001     5007     5013     5017 
    5022     5026     5030     5038     5044     5050     5055     5059 
    5063     5073     5078     5082     5090     5096     5100     5108 
    5115     5121     5128     5135     5139     5143     5150     5158 
    5163     5167     5173     5179     5186     5192     5197     5201 
    5208     5219     5223     5225     5229     5235     5246     5250 
    5251     5260     5270     5273     5277     5287     5293     5297 
    5305     5314     5321     5328     5335     5343     5351     5356 
    5363     5374     5385     5393     5402     5410     5420     5431 
    5439     5448     5456     5467     5478     5487     5495     5505 
    5514     5524     5536     5548     5552     5559     5572     5585 
    5590     5595     5609     5618     5625     5634     5640     5647 
    5656     5661     5663     5671     5679     5686     5691     5694 
    5697     5702     5706     5709     5711     5713     5713     5714 
    5715     5715     5711     5713     5714     5711     5705     5702 
    5701     5697     5694     5688     5682     5679     5672     5661 
    5656     5653     5641     5632     5628     5618     5607     5599 
    5590     5579     5571     5559     5547     5539     5530     5517 
    5505     5495     5483     5468     5456     5447     5439     5427 
    5413     5404     5393     5377     5364     5354     5341     5332 
    5324     5310     5297     5285     5275     5266     5255     5243 
    5232     5223     5213     5204     5189     5177     5169     5161 
    5146     5138     5131     5119     5108     5103     5088     5077 
    5073     5062     5050     5043     5034     5023     5015     5007 
    4994     4985     4981     4969     4956     4954     4946     4936 
    4931     4918     4907     4903     4896     4885     4878     4874 
    4865     4854     4850     4845     4838     4834     4824     4816 
    4819     4814     4803     4800     4800     4793     4792     4791 
    4784     4779     4780     4780     4777     4777     4780     4774 
    4776     4780     4776     4776     4784     4787     4787     4789 
    4789     4791     4799     4804     4806     4814     4824     4823 
    4827     4837     4843     4850     4857     4861     4868     4878 
    4884     4892     4905     4915     4920     4930     4939     4947 
    4958     4969     4973     4981     4996     5005     5013     5024 
    5034     5040     5053     5063     5069     5082     5093     5096 
    5109     5125     5130     5134     5147     5158     5167     5178 
    5185     5192     5198     5208     5216     5223     5231     5240 
    5247     5254     5258     5260     5268     5278     5281     5286 
    5293     5297     5304     5308     5309     5313     5316     5319 
    5323     5327     5328     5331     5332     5333     5336     5339 
    5339     5341     5343     5344     5346     5347     5347     5350 
    5351     5352     5354     5358     5358     5355     5356     5360 
    5360     5360     5362     5362     5366     5370     5370     5371 
    5375     5377     5377     5382     5386     5390     5394     5397 
    5401     5406     5410     5414     5422     5427     5431     5436 
    5443     5448     5454     5462     5468     5475     5486     5497 
    5499     5505     5514     5521     5526     5536     5547     5552 
    5564     5575     5583     5589     5598     5606     5616     5626 
    5633     5641     5652     5660     5664     5674     5683     5687 
    5697     5709     5711     5714     5726     5733     5734     5740 
    5746     5749     5753     5757     5760     5763     5767     5768 
    5767     5767     5767     5767     5771     5769     5760     5760 
    5759     5752     5745     5742     5734     5726     5721     5711 
    5698     5688     5680     5668     5656     5647     5630     5614 
    5599     5580     5566     5551     5529     5514     5497     5471 
    5448     5435     5413     5386     5363     5339     5314     5292 
    5268     5240     5213     5189     5159     5131     5107     5081 
    5050     5022     4996     4965     4936     4907     4876     4850 
    4820     4784     4756     4730     4696     4666     4639     4608 
    4579     4550     4518     4490     4461     4429     4399     4376 
    4351     4318     4289     4263     4237     4213     4185     4159 
    4140     4116     4090     4067     4045     4023     4001     3982 
    3960     3939     3923     3908     3889     3867     3852     3840 
    3821     3805     3796     3780     3767     3761     3750     3736 
    3728     3715     3708     3709     3699     3685     3681     3677 
    3670     3667     3669     3663     3657     3657     3657     3655 
    3657     3653     3653     3659     3663     3662     3667     3674 
    3678     3681     3685     3690     3697     3705     3715     3721 
    3726     3736     3747     3754     3763     3773     3784     3801 
    3813     3821     3834     3844     3854     3869     3883     3894 
    3910     3928     3942     3956     3969     3981     4000     4016 
    4028     4044     4060     4074     4091     4107     4125     4144 
    4156     4171     4191     4209     4220     4233     4251     4266 
    4284     4303     4317     4329     4344     4359     4374     4390 
    4403     4414     4428     4445     4460     4471     4480     4494 
    4507     4518     4527     4541     4553     4563     4572     4579 
    4590     4602     4610     4617     4626     4637     4642     4645 
    4654     4664     4668     4675     4680     4683     4688     4695 
    4698     4700     4703     4707     4710     4710     4712     4716 
    4718     4719     4719     4716     4719     4723     4720     4718 
    4720     4718     4716     4720     4719     4714     4716     4718 
    4710     4710     4712     4710     4710     4710     4708     4708 
    4706     4706     4708     4706     4704     4703     4699     4699 
    4702     4702     4704     4706     4703     4704     4707     4704 
    4703     4707     4706     4707     4710     4712     4710     4714 
    4718     4715     4716     4722     4720     4719     4720     4725 
    4727     4730     4730     4731     4733     4730     4731     4737 
    4735     4733     4735     4735     4733     4734     4737     4738 
    4738     4735     4735     4737     4735     4733     4730     4730 
    4730     4729     4727     4725     4723     4722     4720     4716 
    4714     4712     4708     4704     4703     4700     4696     4696 
    4691     4688     4687     4681     4677     4676     4675     4668 
    4662     4662     4658     4650     4650     4652     4645     4641 
    4638     4637     4637     4633     4625     4623     4626     4622 
    4618     4614     4610     4606     4606     4606     4606     4603 
    4604     4602     4595     4599     4602     4596     4596     4598 
    4594     4596     4599     4598     4599     4602     4602     4600 
    4603     4606     4604     4603     4606     4611     4614     4612 
    4614     4617     4619     4622     4622     4626     4633     4637 
    4639     4642     4646     4649     4653     4658     4664     4665 
    4668     4677     4683     4684     4691     4696     4699     4707 
    4715     4719     4726     4734     4738     4746     4753     4758 
    4766     4773     4774     4784     4797     4806     4811     4822 
    4831     4835     4846     4860     4865     4870     4884     4893 
    4900     4912     4923     4932     4945     4953     4963     4978 
    4988     4993     5007     5022     5032     5043     5053     5062 
    5077     5090     5100     5108     5121     5136     5146     5154 
    5166     5177     5189     5201     5212     5221     5233     5242 
    5246     5256     5270     5279     5287     5297     5302     5310 
    5316     5319     5328     5337     5341     5344     5351     5356 
    5356     5362     5368     5367     5366     5371     5374     5373 
    5377     5377     5373     5373     5375     5373     5371     5371 
    5364     5362     5362     5351     5346     5351     5346     5336 
    5332     5327     5320     5319     5310     5301     5298     5294 
    5285     5275     5270     5260     5252     5247     5238     5228 
    5221     5213     5202     5196     5186     5175     5167     5157 
    5144     5139     5135     5123     5108     5101     5092     5080 
    5074     5066     5053     5047     5042     5027     5017     5013 
    5007     4996     4986     4977     4970     4965     4954     4950 
    4946     4938     4928     4923     4918     4916     4911     4907 
    4904     4896     4891     4891     4889     4885     4881     4881 
    4882     4884     4881     4880     4882     4884     4881     4881 
    4884     4888     4893     4891     4892     4900     4901     4905 
    4914     4916     4918     4926     4931     4936     4943     4947 
    4953     4962     4968     4972     4980     4988     4994     5001 
    5008     5017     5026     5031     5039     5047     5054     5059 
    5065     5076     5085     5088     5093     5107     5112     5116 
    5123     5128     5138     5148     5150     5155     5169     5173 
    5171     5179     5189     5192     5194     5202     5209     5212 
    5213     5220     5227     5231     5232     5235     5239     5244 
    5246     5248     5252     5252     5250     5254     5258     5255 
    5255     5258     5256     5256     5258     5256     5252     5254 
    5255     5251     5246     5248     5250     5244     5240     5238 
    5238     5238     5232     5224     5223     5221     5219     5213 
    5209     5206     5204     5197     5193     5192     5189     5181 
    5178     5175     5169     5166     5167     5161     5152     5154 
    5155     5147     5143     5142     5134     5131     5131     5124 
    5121     5124     5119     5115     5115     5115     5111     5109 
    5108     5105     5105     5104     5100     5097     5100     5097 
    5093     5096     5096     5093     5096     5097     5096     5096 
    5096     5093     5093     5096     5093     5093     5097     5093 
    5089     5093     5097     5089     5090     5093     5088     5085 
    5090     5089     5086     5084     5081     5080     5082     5078 
    5070     5069     5069     5063     5062     5062     5054     5047 
    5047     5043     5034     5030     5030     5019     5009     5005 
    4999     4992     4986     4973     4962     4956     4945     4931 
    4927     4918     4900     4891     4882     4865     4852     4842 
    4824     4808     4797     4783     4765     4753     4737     4716 
    4704     4688     4665     4648     4637     4619     4600     4584 
    4568     4550     4534     4515     4496     4482     4461     4442 
    4428     4413     4392     4378     4364     4342     4324     4310 
    4295     4276     4263     4252     4233     4220     4209     4192 
    4175     4163     4149     4137     4128     4114     4102     4093 
    4085     4077     4067     4055     4052     4045     4035     4028 
    4024     4017     4016     4014     4008     4002     4006     4009 
    4006     4006     4009     4012     4014     4017     4020     4025 
    4029     4036     4048     4058     4064     4071     4083     4094 
    4105     4117     4133     4148     4159     4175     4189     4205 
    4223     4241     4258     4278     4295     4311     4332     4353 
    4375     4392     4411     4433     4457     4479     4500     4523 
    4544     4564     4587     4610     4631     4656     4677     4698 
    4720     4743     4764     4787     4808     4828     4850     4873 
    4895     4916     4936     4958     4981     5000     5017     5038 
    5058     5077     5096     5117     5136     5154     5171     5193 
    5211     5221     5238     5258     5275     5292     5305     5321 
    5339     5352     5364     5377     5395     5410     5422     5435 
    5448     5462     5474     5486     5497     5506     5518     5530 
    5543     5552     5559     5567     5578     5590     5599     5605 
    5611     5621     5628     5632     5638     5647     5651     5656 
    5661     5670     5672     5671     5678     5687     5689     5691 
    5694     5697     5694     5694     5701     5702     5698     5697 
    5699     5701     5701     5694     5689     5692     5694     5689 
    5684     5684     5683     5675     5668     5668     5665     5656 
    5651     5648     5644     5634     5626     5622     5617     5606 
    5599     5593     5585     5579     5568     5557     5549     5541 
    5532     5525     5513     5501     5493     5481     5467     5458 
    5448     5436     5425     5416     5404     5394     5383     5367 
    5354     5341     5329     5317     5305     5294     5282     5268 
    5256     5243     5227     5215     5205     5192     5178     5164 
    5152     5139     5124     5113     5103     5089     5073     5063 
    5054     5036     5019     5011     5003     4986     4973     4962 
    4949     4932     4922     4912     4900     4885     4869     4858 
    4850     4837     4823     4811     4799     4789     4777     4762 
    4754     4742     4727     4718     4707     4695     4684     4672 
    4660     4652     4642     4627     4618     4610     4596     4585 
    4579     4568     4557     4552     4545     4534     4522     4514 
    4507     4500     4494     4487     4479     4473     4467     4461 
    4456     4450     4445     4440     4434     4431     4431     4429 
    4422     4419     4419     4418     4415     4414     4415     4415 
    4413     4410     4413     4415     4414     4414     4421     4425 
    4423     4428     4433     4436     4438     4444     4450     4459 
    4461     4464     4476     4482     4484     4494     4502     4509 
    4519     4530     4535     4546     4560     4565     4573     4587 
    4600     4608     4618     4631     4644     4653     4666     4679 
    4689     4703     4718     4729     4741     4752     4761     4773 
    4788     4799     4808     4820     4838     4851     4862     4874 
    4885     4897     4911     4922     4931     4947     4959     4966 
    4981     4996     5005     5015     5027     5042     5049     5057 
    5073     5089     5096     5100     5113     5128     5138     5144 
    5155     5167     5178     5185     5193     5204     5215     5221 
    5228     5239     5248     5252     5258     5270     5278     5279 
    5283     5294     5302     5306     5310     5314     5321     5328 
    5327     5329     5339     5341     5339     5346     5350     5344 
    5343     5348     5350     5352     5352     5347     5350     5352 
    5343     5339     5344     5337     5332     5333     5328     5321 
    5320     5314     5305     5302     5301     5290     5278     5275 
    5271     5260     5254     5247     5231     5220     5213     5204 
    5194     5186     5175     5161     5147     5139     5128     5113 
    5101     5092     5078     5065     5051     5036     5023     5009 
    4997     4985     4969     4953     4942     4930     4912     4897 
    4884     4868     4854     4842     4826     4810     4793     4780 
    4770     4758     4742     4730     4718     4700     4687     4677 
    4664     4650     4641     4629     4619     4608     4596     4587 
    4576     4564     4556     4548     4535     4530     4525     4514 
    4506     4499     4492     4487     4480     4476     4473     4468 
    4460     4460     4459     4455     4455     4450     4449     4452 
    4452     4449     4452     4452     4448     4453     4463     4463 
    4464     4471     4475     4480     4488     4491     4494     4504 
    4513     4517     4525     4537     4544     4549     4558     4571 
    4579     4588     4599     4611     4622     4631     4642     4656 
    4668     4681     4693     4704     4718     4731     4746     4760 
    4770     4784     4797     4810     4826     4841     4854     4869 
    4882     4896     4909     4923     4938     4953     4970     4981 
    4993     5011     5027     5036     5050     5065     5078     5093 
    5108     5120     5131     5142     5154     5169     5184     5194 
    5204     5213     5227     5240     5248     5255     5268     5279 
    5287     5296     5305     5317     5324     5329     5337     5346 
    5352     5359     5366     5367     5371     5379     5386     5385 
    5386     5389     5389     5389     5393     5394     5390     5389 
    5387     5383     5382     5379     5373     5371     5368     5356 
    5348     5347     5343     5331     5320     5314     5308     5296 
    5286     5277     5266     5255     5242     5229     5219     5205 
    5190     5179     5166     5148     5134     5125     5112     5093 
    5077     5065     5049     5032     5020     5004     4988     4973 
    4956     4942     4923     4907     4895     4878     4861     4845 
    4830     4816     4801     4788     4772     4756     4743     4731 
    4714     4700     4689     4677     4662     4646     4635     4627 
    4614     4599     4588     4579     4568     4558     4546     4537 
    4527     4518     4513     4506     4496     4487     4479     4472 
    4464     4460     4456     4453     4449     4444     4440     4436 
    4431     4430     4430     4429     4425     4425     4425     4425 
    4426     4426     4428     4430     4436     4438     4440     4444 
    4452     4460     4463     4464     4472     4479     4486     4492 
    4500     4513     4521     4523     4534     4546     4554     4567 
    4579     4588     4599     4612     4622     4631     4646     4660 
    4675     4687     4692     4703     4722     4737     4746     4762 
    4780     4789     4796     4811     4827     4837     4850     4868 
    4876     4884     4900     4911     4918     4932     4943     4950 
    4962     4968     4974     4989     4997     4997     5005     5019 
    5026     5027     5038     5044     5042     5044     5051     5055 
    5058     5060     5059     5063     5070     5066     5063     5067 
    5067     5066     5067     5065     5058     5058     5058     5050 
    5047     5049     5042     5036     5034     5030     5023     5017 
    5011     5003     4997     4994     4988     4984     4980     4970 
    4961     4955     4950     4941     4932     4927     4918     4911 
    4904     4896     4888     4880     4872     4866     4858     4847 
    4839     4833     4822     4814     4810     4799     4788     4780 
    4770     4764     4757     4746     4737     4730     4723     4714 
    4708     4702     4691     4685     4679     4668     4661     4656 
    4649     4642     4635     4630     4623     4618     4611     4603 
    4596     4595     4590     4581     4579     4576     4568     4564 
    4561     4557     4553     4552     4548     4541     4538     4537 
    4534     4534     4531     4527     4526     4526     4525     4522 
    4521     4522     4522     4521     4522     4521     4518     4523 
    4526     4523     4523     4527     4527     4526     4531     4535 
    4538     4542     4545     4545     4545     4552     4557     4560 
    4565     4571     4573     4575     4580     4584     4587     4595 
    4600     4603     4610     4618     4623     4630     4637     4639 
    4646     4654     4660     4668     4679     4683     4685     4698 
    4707     4710     4720     4730     4735     4742     4750     4758 
    4765     4773     4784     4793     4799     4807     4818     4826 
    4831     4839     4847     4858     4868     4873     4882     4892 
    4899     4908     4916     4920     4930     4941     4947     4954 
    4963     4970     4977     4984     4989     4997     5007     5011 
    5013     5024     5036     5040     5044     5050     5055     5063 
    5069     5071     5081     5086     5088     5096     5104     5103 
    5107     5116     5119     5119     5127     5131     5130     5134 
    5136     5138     5143     5146     5144     5147     5151     5148 
    5151     5155     5151     5150     5154     5154     5152     5152 
    5147     5143     5142     5142     5139     5136     5131     5128 
    5125     5124     5120     5113     5111     5105     5100     5093 
    5085     5081     5080     5070     5057     5054     5054     5047 
    5038     5031     5024     5017     5013     5005     4996     4986 
    4978     4973     4968     4959     4950     4942     4936     4930 
    4920     4915     4912     4901     4891     4884     4876     4872 
    4868     4860     4850     4845     4835     4827     4824     4819 
    4812     4808     4801     4793     4791     4787     4781     4779 
    4772     4766     4765     4764     4761     4757     4753     4750 
    4746     4743     4743     4741     4739     4742     4741     4741 
    4742     4739     4738     4741     4738     4737     4742     4745 
    4747     4750     4752     4754     4761     4765     4765     4770 
    4777     4777     4780     4789     4796     4797     4803     4814 
    4816     4820     4830     4838     4846     4855     4860     4868 
    4885     4891     4892     4905     4915     4918     4931     4943 
    4950     4961     4973     4980     4988     5000     5008     5016 
    5024     5034     5046     5057     5065     5071     5081     5093 
    5100     5109     5120     5128     5136     5146     5152     5158 
    5164     5173     5181     5189     5196     5200     5208     5215 
    5219     5223     5228     5232     5238     5244     5248     5251 
    5254     5258     5259     5262     5266     5268     5270     5273 
    5271     5270     5273     5275     5273     5273     5275     5273 
    5273     5277     5273     5270     5273     5273     5268     5267 
    5266     5265     5260     5256     5256     5258     5251     5248 
    5247     5244     5239     5235     5235     5235     5227     5224 
    5227     5221     5216     5217     5216     5211     5208     5205 
    5201     5198     5197     5194     5192     5190     5189     5189 
    5186     5179     5178     5179     5177     5174     5174     5174 
    5173     5171     5169     5166     5162     5162     5164     5162 
    5158     5161     5158     5152     5155     5154     5148     5148 
    5151     5148     5147     5146     5140     5140     5140     5138 
    5136     5135     5131     5130     5128     5128     5128     5125 
    5124     5121     5119     5119     5119     5116     5113     5115 
    5112     5109     5107     5104     5103     5101     5100     5101 
    5100     5096     5096     5096     5093     5093     5090     5086 
    5090     5092     5086     5088     5089     5085     5088     5093 
    5089     5085     5085     5090     5093     5092     5092     5092 
    5090     5096     5100     5096     5098     5104     5104     5105 
    5107     5107     5109     5112     5113     5115     5117     5119 
    5120     5123     5121     5121     5125     5124     5121     5124 
    5125     5124     5127     5124     5121     5123     5124     5120 
    5116     5115     5115     5112     5109     5105     5101     5097 
    5093     5089     5084     5082     5077     5069     5062     5054 
    5049     5046     5039     5030     5019     5009     5004     4996 
    4985     4978     4968     4955     4950     4941     4928     4920 
    4908     4892     4884     4877     4861     4846     4838     4827 
    4814     4803     4789     4774     4762     4752     4738     4726 
    4710     4698     4688     4675     4660     4653     4639     4623 
    4614     4600     4585     4573     4561     4548     4535     4523 
    4514     4504     4491     4476     4469     4460     4445     4433 
    4422     4411     4399     4388     4380     4371     4357     4348 
    4340     4329     4324     4315     4302     4295     4289     4279 
    4271     4268     4258     4251     4245     4238     4233     4230 
    4222     4213     4210     4207     4199     4197     4195     4190 
    4187     4189     4186     4180     4178     4180     4180     4180 
    4178     4178     4182     4182     4182     4189     4192     4191 
    4195     4202     4205     4210     4213     4218     4228     4233 
    4241     4247     4253     4263     4271     4279     4291     4302 
    4309     4320     4333     4342     4353     4368     4380     4390 
    4401     4414     4428     4440     4453     4468     4484     4495 
    4507     4523     4538     4554     4571     4584     4600     4618 
    4629     4639     4660     4679     4689     4706     4725     4741 
    4752     4766     4785     4803     4816     4830     4845     4860 
    4874     4889     4903     4918     4930     4939     4955     4973 
    4982     4993     5011     5022     5034     5047     5054     5065 
    5084     5093     5101     5113     5120     5127     5146     5155 
    5155     5167     5181     5186     5197     5205     5205     5213 
    5225     5231     5235     5244     5251     5254     5259     5266 
    5270     5273     5275     5281     5287     5289     5292     5294 
    5297     5300     5301     5304     5306     5308     5310     5314 
    5314     5313     5314     5313     5310     5313     5313     5312 
    5312     5312     5309     5306     5305     5300     5296     5297 
    5294     5290     5283     5281     5278     5271     5267     5266 
    5260     5252     5247     5240     5233     5229     5225     5216 
    5209     5206     5201     5192     5181     5174     5169     5159 
    5150     5147     5139     5125     5119     5112     5100     5090 
    5085     5074     5063     5057     5047     5035     5027     5022 
    5008     4997     4989     4978     4969     4962     4951     4939 
    4934     4926     4912     4904     4899     4887     4878     4873 
    4858     4849     4845     4835     4822     4818     4811     4800 
    4795     4789     4779     4772     4766     4757     4750     4745 
    4738     4731     4727     4720     4714     4710     4704     4695 
    4691     4689     4683     4679     4676     4666     4662     4664 
    4660     4653     4652     4648 
