Origin Time       2016/04/16 01:25:00
Lat.              32.753
Long.             130.762
Depth. (km)       12
Mag.              7.3
Station Code      SZO010
Station Lat.      35.3134
Station Long.     138.9063
Station Height(m) 537
Record Time       2016/04/16 01:29:27
Sampling Freq(Hz) 100Hz
Duration Time(s)  61
Dir.              N-S
Scale Factor      7845(gal)/8223790
Max. Acc. (gal)   1.927
Last Correction   2016/04/16 01:29:29
Memo.             
    4406     4407     4410     4406     4405     4410     4406     4403 
    4411     4414     4413     4418     4418     4417     4426     4431 
    4428     4434     4442     4445     4449     4450     4452     4461 
    4468     4464     4464     4475     4480     4476     4480     4488 
    4490     4486     4488     4491     4491     4496     4496     4491 
    4494     4496     4492     4496     4499     4487     4483     4491 
    4486     4482     4488     4484     4477     4484     4487     4473 
    4469     4473     4469     4467     4471     4468     4467     4471 
    4468     4463     4467     4469     4464     4468     4471     4467 
    4472     4479     4475     4479     4488     4483     4480     4494 
    4499     4492     4496     4504     4507     4514     4518     4513 
    4518     4529     4530     4533     4542     4541     4541     4553 
    4556     4552     4561     4568     4560     4564     4577     4575 
    4575     4587     4588     4585     4592     4595     4594     4599 
    4603     4603     4606     4606     4606     4614     4618     4618 
    4622     4626     4621     4622     4633     4634     4631     4637 
    4637     4634     4638     4642     4639     4642     4646     4639 
    4642     4650     4645     4639     4653     4653     4642     4648 
    4652     4645     4648     4652     4642     4642     4648     4644 
    4641     4645     4642     4637     4639     4641     4635     4634 
    4633     4629     4629     4630     4629     4626     4622     4622 
    4622     4622     4619     4615     4615     4615     4608     4606 
    4608     4606     4604     4606     4602     4596     4600     4600 
    4595     4596     4595     4592     4594     4596     4592     4595 
    4600     4595     4592     4598     4600     4600     4602     4602 
    4603     4608     4608     4606     4617     4619     4614     4621 
    4630     4630     4633     4639     4645     4649     4654     4658 
    4661     4666     4672     4676     4683     4691     4693     4696 
    4706     4712     4715     4720     4729     4733     4734     4739 
    4743     4750     4758     4760     4760     4764     4768     4770 
    4776     4781     4781     4784     4789     4788     4785     4789 
    4789     4787     4788     4787     4787     4791     4788     4785 
    4789     4788     4784     4784     4784     4780     4780     4780 
    4777     4777     4779     4777     4774     4774     4776     4776 
    4776     4779     4779     4779     4783     4781     4779     4785 
    4788     4784     4788     4796     4795     4795     4803     4808 
    4806     4808     4816     4819     4822     4824     4830     4838 
    4841     4842     4845     4847     4851     4855     4860     4864 
    4864     4868     4876     4880     4880     4882     4887     4887 
    4891     4893     4892     4896     4899     4897     4899     4905 
    4901     4900     4909     4907     4897     4903     4904     4897 
    4900     4901     4896     4899     4900     4893     4891     4895 
    4893     4888     4889     4889     4885     4885     4882     4877 
    4880     4882     4877     4874     4878     4877     4870     4872 
    4874     4874     4876     4876     4873     4878     4884     4880 
    4877     4884     4887     4882     4888     4893     4892     4897 
    4900     4896     4901     4907     4901     4903     4912     4909 
    4909     4918     4918     4914     4918     4918     4918     4922 
    4920     4916     4918     4922     4918     4916     4918     4918 
    4911     4912     4911     4903     4901     4903     4893     4888 
    4891     4882     4873     4877     4872     4855     4854     4852 
    4841     4839     4841     4826     4819     4818     4806     4803 
    4807     4795     4785     4788     4781     4769     4769     4769 
    4761     4760     4758     4753     4753     4753     4743     4741 
    4746     4743     4741     4745     4746     4742     4745     4753 
    4756     4758     4768     4770     4769     4781     4789     4792 
    4807     4819     4820     4830     4845     4850     4864     4881 
    4888     4899     4916     4926     4936     4958     4970     4977 
    4993     5009     5023     5042     5054     5062     5082     5097 
    5103     5120     5139     5144     5158     5177     5186     5197 
    5212     5220     5225     5240     5252     5259     5268     5281 
    5287     5296     5306     5312     5316     5327     5332     5335 
    5339     5347     5352     5358     5363     5366     5368     5370 
    5373     5377     5379     5377     5381     5385     5382     5379 
    5382     5377     5373     5373     5367     5363     5364     5355 
    5344     5343     5337     5325     5316     5310     5301     5290 
    5282     5271     5259     5248     5239     5225     5212     5202 
    5189     5175     5163     5146     5128     5119     5105     5088 
    5076     5058     5040     5032     5016     4994     4985     4970 
    4946     4931     4918     4896     4877     4870     4847     4823 
    4811     4793     4769     4754     4737     4714     4691     4669 
    4649     4631     4610     4583     4561     4541     4515     4491 
    4471     4448     4418     4393     4374     4347     4324     4301 
    4271     4243     4225     4200     4171     4152     4131     4104 
    4083     4063     4032     4010     3994     3967     3944     3932 
    3913     3889     3871     3859     3839     3825     3817     3800 
    3784     3778     3762     3746     3744     3738     3726     3723 
    3719     3709     3709     3708     3700     3700     3707     3703 
    3701     3711     3711     3708     3717     3726     3723     3730 
    3744     3748     3755     3770     3774     3776     3790     3801 
    3808     3819     3828     3838     3852     3865     3870     3883 
    3899     3904     3913     3931     3942     3951     3964     3975 
    3983     3997     4009     4013     4027     4043     4050     4055 
    4069     4082     4088     4102     4114     4117     4128     4144 
    4148     4153     4167     4175     4178     4194     4205     4205 
    4215     4230     4232     4238     4255     4256     4258     4278 
    4287     4280     4294     4310     4311     4320     4332     4332 
    4341     4356     4357     4360     4376     4384     4383     4392 
    4402     4402     4409     4421     4421     4425     4436     4436 
    4440     4452     4452     4448     4459     4464     4463     4464 
    4471     4469     4469     4473     4472     4469     4472     4469 
    4464     4469     4467     4459     4459     4460     4450     4446 
    4449     4442     4433     4433     4429     4419     4414     4410 
    4401     4398     4396     4386     4376     4376     4372     4360 
    4355     4349     4338     4330     4325     4317     4313     4310 
    4298     4287     4288     4280     4268     4266     4260     4248 
    4247     4243     4230     4223     4220     4212     4209     4209 
    4197     4192     4197     4186     4172     4178     4180     4167 
    4163     4166     4158     4152     4153     4148     4144     4149 
    4143     4132     4136     4140     4135     4133     4131     4125 
    4126     4131     4124     4118     4125     4126     4117     4120 
    4121     4114     4118     4125     4122     4124     4128     4125 
    4126     4131     4126     4128     4139     4139     4135     4143 
    4149     4148     4155     4162     4159     4167     4174     4172 
    4176     4189     4195     4199     4205     4213     4215     4225 
    4236     4241     4248     4256     4261     4266     4276     4283 
    4289     4301     4305     4310     4322     4327     4329     4337 
    4344     4347     4356     4365     4365     4368     4376     4378 
    4378     4384     4388     4387     4391     4393     4392     4395 
    4398     4393     4391     4391     4387     4384     4382     4379 
    4376     4371     4364     4359     4352     4347     4341     4334 
    4321     4309     4303     4294     4279     4268     4261     4248 
    4233     4220     4210     4200     4187     4168     4155     4148 
    4135     4113     4098     4087     4072     4058     4045     4031 
    4016     4002     3990     3974     3960     3948     3931     3917 
    3908     3890     3877     3870     3854     3842     3831     3813 
    3802     3796     3782     3769     3762     3750     3736     3732 
    3724     3709     3703     3697     3682     3674     3673     3662 
    3653     3653     3643     3631     3627     3622     3615     3611 
    3607     3603     3600     3595     3589     3588     3586     3582 
    3581     3580     3577     3577     3578     3578     3577     3578 
    3578     3577     3584     3591     3585     3588     3600     3599 
    3596     3607     3612     3612     3626     3634     3631     3638 
    3647     3651     3659     3670     3676     3680     3692     3703 
    3711     3719     3730     3738     3748     3757     3767     3781 
    3793     3802     3811     3823     3836     3850     3865     3879 
    3886     3897     3916     3932     3943     3958     3970     3984 
    4000     4017     4033     4048     4064     4079     4091     4109 
    4126     4140     4158     4176     4187     4197     4215     4228 
    4243     4260     4274     4284     4299     4315     4326     4338 
    4352     4359     4369     4387     4395     4399     4414     4428 
    4429     4433     4445     4455     4464     4472     4471     4476 
    4484     4483     4491     4506     4504     4500     4511     4518 
    4514     4519     4526     4523     4523     4530     4530     4533 
    4535     4534     4535     4537     4535     4535     4540     4541 
    4537     4534     4535     4535     4534     4533     4531     4527 
    4525     4522     4517     4517     4517     4507     4499     4498 
    4490     4483     4480     4472     4464     4459     4448     4441 
    4438     4428     4414     4410     4402     4388     4382     4374 
    4363     4352     4345     4336     4322     4315     4309     4295 
    4287     4283     4268     4255     4252     4243     4230     4228 
    4220     4209     4202     4199     4190     4180     4180     4174 
    4162     4159     4159     4148     4144     4145     4136     4132 
    4133     4129     4126     4128     4124     4122     4129     4128 
    4121     4125     4125     4121     4124     4129     4131     4135 
    4132     4128     4135     4143     4139     4140     4153     4155 
    4149     4156     4166     4168     4174     4176     4178     4189 
    4197     4195     4199     4213     4217     4217     4232     4241 
    4241     4251     4261     4263     4271     4286     4287     4294 
    4314     4322     4324     4337     4351     4356     4367     4380 
    4387     4396     4411     4423     4433     4446     4459     4469 
    4484     4500     4509     4515     4535     4556     4561     4572 
    4592     4606     4615     4631     4648     4657     4672     4687 
    4700     4714     4726     4739     4757     4769     4777     4795 
    4808     4814     4831     4849     4852     4862     4878     4888 
    4897     4911     4922     4928     4941     4951     4958     4965 
    4976     4982     4986     4994     5004     5005     5011     5017 
    5016     5020     5027     5027     5030     5034     5030     5027 
    5035     5035     5027     5031     5030     5022     5023     5024 
    5015     5009     5009     5004     4994     4993     4986     4976 
    4973     4970     4958     4953     4951     4942     4931     4927 
    4923     4912     4904     4897     4888     4882     4881     4873 
    4861     4854     4847     4837     4830     4830     4823     4814 
    4814     4806     4791     4787     4783     4769     4760     4754 
    4748     4745     4735     4727     4722     4714     4707     4696 
    4681     4680     4681     4666     4656     4654     4646     4638 
    4630     4618     4611     4611     4600     4592     4592     4584 
    4573     4575     4568     4560     4558     4553     4542     4541 
    4541     4534     4530     4529     4523     4521     4525     4521 
    4517     4518     4517     4513     4517     4519     4518     4521 
    4526     4527     4526     4527     4533     4537     4540     4548 
    4552     4554     4563     4565     4571     4584     4587     4590 
    4603     4608     4611     4625     4633     4637     4652     4660 
    4658     4669     4685     4688     4698     4714     4720     4722 
    4737     4750     4752     4762     4774     4780     4791     4803 
    4808     4818     4828     4834     4842     4857     4866     4868 
    4878     4892     4899     4908     4918     4922     4930     4947 
    4951     4956     4974     4981     4984     4996     5007     5013 
    5027     5036     5038     5053     5067     5069     5080     5097 
    5103     5112     5130     5135     5140     5162     5171     5169 
    5188     5206     5211     5217     5233     5246     5252     5263 
    5273     5281     5296     5304     5305     5319     5333     5335 
    5341     5356     5360     5360     5370     5379     5382     5390 
    5397     5395     5401     5409     5406     5410     5421     5417 
    5412     5421     5420     5412     5420     5421     5409     5410 
    5417     5406     5404     5409     5401     5391     5391     5387 
    5374     5374     5379     5366     5350     5350     5348     5333 
    5328     5323     5305     5301     5298     5278     5271     5271 
    5248     5229     5232     5220     5197     5196     5186     5162 
    5155     5148     5120     5108     5105     5082     5063     5057 
    5038     5020     5011     4992     4972     4958     4938     4920 
    4911     4891     4868     4855     4842     4818     4801     4789 
    4766     4746     4737     4716     4692     4681     4665     4638 
    4626     4615     4587     4572     4565     4540     4521     4518 
    4499     4479     4475     4460     4437     4430     4422     4403 
    4396     4390     4374     4369     4368     4353     4345     4347 
    4336     4327     4332     4326     4320     4327     4322     4313 
    4321     4324     4318     4324     4327     4325     4333     4342 
    4342     4348     4357     4359     4365     4379     4384     4391 
    4406     4417     4425     4438     4448     4460     4472     4484 
    4500     4514     4526     4545     4560     4568     4585     4603 
    4621     4635     4652     4669     4685     4703     4722     4739 
    4760     4780     4795     4814     4837     4854     4870     4896 
    4920     4932     4950     4976     4993     5011     5035     5053 
    5069     5088     5105     5124     5144     5162     5178     5197 
    5216     5227     5247     5266     5275     5290     5309     5321 
    5331     5347     5362     5368     5379     5394     5401     5409 
    5421     5428     5437     5445     5448     5454     5464     5466 
    5467     5478     5483     5476     5481     5491     5489     5483 
    5486     5483     5481     5483     5481     5474     5474     5471 
    5460     5454     5454     5441     5432     5429     5418     5406 
    5400     5389     5377     5366     5350     5333     5323     5312 
    5294     5273     5263     5243     5217     5204     5188     5161 
    5139     5120     5096     5074     5055     5027     5000     4980 
    4956     4926     4905     4884     4847     4823     4801     4770 
    4746     4723     4689     4661     4635     4606     4579     4556 
    4527     4496     4468     4442     4415     4392     4364     4332 
    4309     4284     4251     4230     4210     4178     4152     4132 
    4105     4077     4055     4036     4010     3983     3963     3939 
    3917     3902     3879     3855     3836     3816     3796     3780 
    3761     3738     3724     3712     3692     3673     3662     3645 
    3630     3624     3604     3585     3586     3577     3557     3551 
    3544     3530     3526     3523     3515     3508     3503     3497 
    3496     3499     3497     3492     3492     3492     3492     3495 
    3497     3500     3504     3503     3505     3516     3523     3528 
    3535     3541     3546     3555     3566     3576     3586     3597 
    3608     3615     3631     3646     3653     3663     3682     3692 
    3701     3719     3735     3747     3762     3778     3793     3811 
    3828     3844     3861     3877     3892     3908     3931     3947 
    3959     3978     4000     4017     4035     4055     4077     4093 
    4110     4131     4149     4167     4187     4210     4225     4243 
    4268     4286     4301     4321     4342     4363     4382     4396 
    4413     4436     4455     4467     4488     4513     4522     4534 
    4560     4579     4590     4603     4623     4641     4653     4665 
    4680     4696     4710     4725     4735     4748     4765     4770 
    4781     4799     4807     4814     4830     4841     4845     4857 
    4869     4874     4884     4892     4897     4907     4918     4923 
    4923     4934     4943     4943     4946     4953     4958     4962 
    4965     4968     4973     4976     4976     4976     4977     4977 
    4974     4977     4982     4980     4977     4980     4977     4972 
    4973     4972     4969     4969     4961     4954     4958     4953 
    4943     4943     4939     4928     4923     4920     4908     4897 
    4892     4887     4878     4868     4858     4846     4839     4827 
    4811     4803     4795     4779     4768     4757     4741     4726 
    4715     4698     4679     4669     4654     4631     4619     4611 
    4584     4558     4553     4534     4507     4495     4479     4452 
    4438     4419     4392     4378     4364     4336     4315     4302 
    4276     4251     4238     4220     4192     4174     4156     4129 
    4110     4095     4067     4045     4035     4009     3983     3973 
    3951     3927     3909     3890     3866     3844     3831     3811 
    3789     3774     3754     3730     3719     3703     3677     3663 
    3649     3623     3609     3595     3569     3557     3546     3523 
    3507     3499     3478     3458     3450     3434     3412     3402 
    3388     3369     3355     3345     3329     3315     3307     3295 
    3281     3269     3256     3245     3235     3223     3215     3208 
    3194     3186     3183     3176     3164     3157     3154     3145 
    3140     3138     3132     3126     3127     3126     3122     3123 
    3125     3122     3125     3129     3127     3130     3138     3144 
    3146     3152     3156     3165     3180     3186     3191     3203 
    3217     3226     3238     3253     3267     3283     3296     3310 
    3326     3346     3361     3377     3397     3416     3434     3456 
    3478     3496     3518     3542     3563     3588     3615     3634 
    3657     3686     3708     3734     3766     3792     3815     3846 
    3875     3901     3931     3960     3989     4017     4048     4078 
    4110     4145     4175     4200     4233     4263     4294     4326 
    4357     4386     4421     4456     4482     4513     4545     4568 
    4598     4633     4662     4688     4718     4746     4770     4795 
    4823     4852     4877     4899     4923     4947     4969     4988 
    5009     5034     5050     5065     5088     5104     5119     5139 
    5151     5161     5178     5192     5200     5213     5225     5229 
    5238     5246     5252     5262     5270     5273     5277     5281 
    5282     5282     5289     5290     5286     5289     5290     5282 
    5279     5279     5271     5267     5267     5258     5250     5247 
    5235     5225     5224     5216     5198     5192     5186     5171 
    5159     5148     5131     5120     5115     5098     5078     5069 
    5057     5032     5019     5009     4989     4972     4959     4939 
    4918     4907     4891     4869     4852     4837     4814     4799 
    4784     4764     4746     4730     4706     4683     4671     4650 
    4626     4612     4594     4572     4558     4538     4517     4502 
    4486     4464     4450     4437     4417     4398     4383     4365 
    4351     4340     4325     4309     4295     4280     4263     4256 
    4245     4230     4222     4213     4197     4189     4186     4175 
    4162     4156     4151     4140     4137     4135     4124     4114 
    4117     4116     4107     4106     4104     4098     4101     4102 
    4098     4101     4102     4094     4098     4107     4104     4104 
    4116     4113     4110     4124     4128     4125     4136     4140 
    4140     4151     4159     4159     4171     4185     4186     4192 
    4202     4205     4215     4228     4232     4240     4253     4263 
    4270     4279     4287     4295     4307     4317     4324     4334 
    4345     4352     4360     4374     4380     4384     4398     4410 
    4415     4426     4438     4445     4457     4473     4476     4483 
    4500     4510     4517     4530     4540     4546     4561     4571 
    4576     4591     4604     4608     4622     4637     4641     4650 
    4668     4675     4680     4692     4704     4714     4725     4735 
    4743     4752     4764     4772     4779     4795     4806     4806 
    4814     4833     4838     4846     4858     4861     4869     4881 
    4887     4893     4907     4912     4916     4930     4936     4936 
    4949     4961     4961     4966     4982     4986     4989     5000 
    5005     5008     5017     5022     5024     5035     5042     5042 
    5046     5054     5057     5062     5070     5069     5067     5077 
    5082     5080     5082     5088     5086     5090     5096     5093 
    5092     5097     5096     5092     5097     5100     5096     5098 
    5101     5097     5098     5098     5093     5092     5097     5093 
    5086     5088     5088     5084     5086     5084     5076     5077 
    5077     5070     5070     5070     5065     5062     5065     5062 
    5057     5055     5055     5050     5050     5053     5049     5044 
    5049     5044     5039     5040     5038     5035     5036     5035 
    5031     5030     5031     5027     5026     5026     5024     5020 
    5017     5017     5016     5016     5016     5009     5007     5008 
    5001     4999     5001     4993     4989     4993     4985     4978 
    4978     4972     4966     4965     4961     4954     4949     4946 
    4943     4934     4930     4926     4918     4914     4909     4900 
    4889     4884     4878     4870     4868     4861     4847     4845 
    4842     4828     4820     4816     4801     4792     4792     4783 
    4768     4765     4758     4746     4741     4733     4723     4716 
    4708     4698     4692     4687     4673     4664     4664     4656 
    4645     4638     4635     4625     4618     4617     4606     4602 
    4602     4592     4584     4588     4581     4568     4575     4577 
    4561     4560     4568     4560     4556     4567     4564     4557 
    4565     4565     4563     4571     4575     4573     4581     4588 
    4590     4595     4606     4614     4619     4629     4634     4644 
    4657     4666     4675     4689     4702     4710     4729     4746 
    4753     4766     4785     4796     4810     4834     4850     4860 
    4881     4901     4912     4930     4951     4965     4981     5003 
    5017     5034     5057     5074     5089     5109     5128     5143 
    5159     5181     5198     5212     5228     5246     5263     5279 
    5294     5306     5321     5339     5351     5362     5377     5389 
    5400     5409     5420     5429     5437     5443     5448     5456 
    5463     5464     5471     5478     5478     5481     5486     5481 
    5478     5485     5481     5471     5475     5471     5456     5451 
    5447     5435     5428     5422     5408     5395     5386     5368 
    5352     5344     5325     5300     5289     5273     5244     5227 
    5213     5186     5166     5148     5117     5090     5071     5044 
    5013     4989     4962     4932     4907     4876     4842     4814 
    4789     4754     4719     4691     4657     4622     4590     4556 
    4521     4487     4450     4411     4379     4348     4309     4271 
    4237     4199     4164     4129     4091     4055     4021     3983 
    3944     3912     3877     3836     3801     3767     3731     3696 
    3658     3620     3589     3557     3522     3491     3457     3423 
    3388     3354     3322     3294     3265     3232     3199     3171 
    3145     3118     3090     3064     3037     3009     2983     2960 
    2938     2917     2894     2875     2856     2837     2818     2799 
    2786     2774     2755     2740     2733     2724     2713     2706 
    2695     2685     2683     2681     2677     2677     2678     2678 
    2681     2685     2688     2694     2700     2705     2720     2733 
    2740     2755     2772     2787     2801     2818     2839     2860 
    2880     2902     2928     2955     2980     3003     3033     3068 
    3095     3121     3157     3194     3223     3258     3300     3336 
    3372     3412     3450     3491     3535     3577     3619     3665 
    3707     3748     3797     3846     3892     3939     3987     4036 
    4083     4131     4178     4230     4279     4327     4378     4426 
    4480     4529     4575     4627     4677     4725     4774     4826 
    4873     4922     4970     5013     5060     5109     5151     5196 
    5240     5281     5321     5366     5408     5445     5483     5518 
    5552     5590     5622     5656     5692     5719     5745     5776 
    5805     5827     5852     5876     5895     5913     5934     5952 
    5962     5977     5992     5999     6006     6016     6021     6023 
    6030     6030     6026     6027     6027     6019     6011     6004 
    5989     5981     5972     5952     5938     5926     5900     5877 
    5864     5842     5813     5791     5767     5734     5705     5679 
    5645     5614     5584     5547     5512     5483     5443     5400 
    5366     5331     5287     5247     5208     5167     5124     5082 
    5036     4992     4954     4909     4858     4814     4769     4720 
    4673     4629     4580     4531     4490     4441     4386     4344 
    4298     4241     4197     4155     4099     4051     4010     3958 
    3908     3873     3824     3769     3727     3684     3634     3593 
    3551     3500     3462     3424     3377     3336     3302     3260 
    3217     3183     3148     3106     3073     3044     3006     2971 
    2945     2911     2876     2851     2825     2794     2772     2747 
    2720     2702     2683     2656     2639     2625     2604     2586 
    2575     2560     2546     2536     2525     2516     2511     2506 
    2502     2498     2497     2498     2501     2501     2497     2502 
    2515     2520     2524     2538     2551     2555     2567     2587 
    2598     2612     2635     2654     2671     2697     2716     2732 
    2759     2786     2805     2829     2859     2882     2907     2944 
    2970     2994     3032     3061     3082     3122     3161     3184 
    3218     3257     3287     3321     3358     3391     3426     3464 
    3497     3530     3569     3607     3640     3678     3713     3746 
    3786     3827     3858     3894     3935     3970     4005     4043 
    4078     4113     4148     4186     4220     4255     4295     4329 
    4359     4398     4433     4461     4498     4531     4557     4592 
    4629     4656     4688     4723     4747     4774     4807     4834 
    4860     4895     4922     4943     4972     4999     5017     5044 
    5071     5092     5113     5136     5155     5174     5197     5217 
    5233     5251     5268     5287     5302     5314     5333     5347 
    5355     5371     5386     5393     5405     5420     5424     5431 
    5441     5448     5456     5460     5464     5468     5471     5476 
    5481     5481     5478     5481     5483     5479     5475     5475 
    5472     5466     5459     5454     5451     5443     5435     5431 
    5421     5409     5404     5393     5379     5371     5358     5339 
    5333     5324     5306     5296     5285     5266     5251     5240 
    5223     5209     5197     5177     5157     5146     5130     5113 
    5098     5076     5057     5047     5027     5004     4989     4972 
    4950     4936     4920     4895     4876     4858     4838     4820 
    4803     4784     4766     4746     4726     4707     4687     4669 
    4649     4627     4608     4592     4573     4553     4535     4515 
    4496     4482     4463     4442     4425     4407     4390     4378 
    4359     4336     4326     4317     4295     4279     4270     4253 
    4233     4225     4217     4199     4189     4183     4170     4158 
    4151     4140     4131     4129     4120     4105     4107     4109 
    4091     4088     4093     4082     4077     4083     4077     4069 
    4077     4074     4072     4082     4079     4074     4085     4088 
    4083     4093     4101     4094     4101     4116     4116     4118 
    4133     4137     4137     4152     4162     4159     4172     4187 
    4191     4200     4217     4223     4233     4251     4258     4266 
    4286     4298     4305     4324     4342     4351     4367     4384 
    4396     4414     4436     4449     4464     4486     4499     4517 
    4542     4558     4572     4594     4612     4630     4653     4675 
    4692     4710     4731     4752     4770     4788     4810     4830 
    4847     4866     4887     4905     4923     4943     4962     4980 
    5000     5019     5034     5053     5070     5088     5108     5124 
    5140     5158     5173     5188     5206     5223     5232     5250 
    5273     5283     5292     5313     5331     5343     5360     5375 
    5389     5402     5413     5425     5443     5458     5468     5481 
    5497     5512     5524     5535     5548     5564     5579     5590 
    5599     5609     5625     5641     5648     5656     5672     5684 
    5694     5707     5715     5722     5737     5751     5755     5764 
    5775     5779     5786     5793     5795     5803     5814     5814 
    5817     5826     5827     5825     5830     5829     5825     5827 
    5829     5822     5822     5821     5810     5803     5805     5795 
    5784     5782     5773     5759     5756     5751     5729     5717 
    5713     5692     5675     5672     5656     5633     5628     5610 
    5582     5575     5566     5533     5521     5514     5485     5466 
    5460     5433     5408     5402     5377     5347     5339     5325 
    5294     5277     5263     5235     5215     5200     5173     5150 
    5139     5117     5090     5077     5058     5027     5013     5001 
    4972     4950     4939     4915     4892     4881     4855     4831 
    4824     4804     4773     4764     4750     4720     4706     4698 
    4672     4656     4646     4619     4600     4599     4577     4552 
    4548     4534     4507     4498     4492     4464     4450     4449 
    4429     4407     4409     4398     4374     4368     4360     4341 
    4336     4332     4311     4305     4305     4284     4271     4279 
    4266     4248     4253     4245     4223     4228     4233     4214 
    4207     4213     4199     4194     4200     4189     4178     4189 
    4183     4168     4176     4183     4171     4167     4174     4166 
    4163     4171     4168     4163     4170     4170     4167     4178 
    4180     4170     4171     4178     4178     4178     4186     4186 
    4183     4187     4190     4191     4197     4199     4195     4202 
    4212     4209     4209     4215     4214     4214     4222     4225 
    4222     4228     4232     4230     4233     4240     4240     4240 
    4245     4247     4245     4248     4252     4251     4253     4258 
    4260     4258     4256     4258     4261     4261     4261     4263 
    4266     4271     4274     4271     4271     4276     4278     4276 
    4282     4287     4287     4288     4294     4299     4302     4302 
    4303     4313     4320     4317     4320     4330     4340     4342 
    4345     4352     4359     4365     4374     4380     4386     4391 
    4405     4414     4419     4425     4438     4449     4456     4461 
    4473     4487     4496     4509     4521     4529     4541     4554 
    4563     4575     4590     4596     4610     4627     4635     4646 
    4661     4672     4683     4696     4706     4718     4733     4742 
    4754     4766     4777     4789     4800     4810     4824     4831 
    4839     4855     4862     4864     4878     4888     4889     4901 
    4912     4909     4918     4932     4923     4926     4941     4941 
    4941     4950     4946     4938     4946     4949     4941     4942 
    4942     4930     4926     4926     4916     4908     4907     4899 
    4887     4880     4872     4855     4842     4835     4823     4810 
    4799     4779     4757     4750     4737     4714     4699     4680 
    4652     4634     4619     4595     4573     4556     4533     4511 
    4491     4463     4436     4417     4392     4367     4347     4321 
    4287     4266     4247     4215     4190     4166     4137     4114 
    4094     4062     4035     4016     3989     3964     3946     3920 
    3893     3871     3847     3820     3798     3781     3762     3743 
    3726     3704     3682     3666     3650     3630     3619     3611 
    3589     3574     3573     3558     3542     3541     3530     3516 
    3518     3518     3503     3504     3508     3499     3497     3504 
    3499     3501     3514     3511     3514     3524     3530     3538 
    3551     3558     3565     3582     3595     3603     3618     3634 
    3647     3663     3680     3692     3709     3728     3743     3761 
    3781     3798     3820     3842     3858     3874     3899     3923 
    3940     3959     3981     4002     4024     4045     4063     4083 
    4109     4131     4148     4172     4195     4210     4233     4258 
    4276     4294     4318     4338     4355     4378     4396     4413 
    4433     4450     4467     4484     4502     4519     4535     4550 
    4561     4580     4596     4603     4618     4637     4646     4656 
    4669     4679     4685     4696     4707     4716     4722     4729 
    4737     4745     4752     4757     4761     4766     4769     4770 
    4774     4779     4779     4779     4779     4779     4780     4783 
    4779     4776     4779     4773     4766     4770     4768     4757 
    4756     4754     4746     4743     4742     4733     4726     4727 
    4719     4710     4710     4703     4693     4695     4688     4676 
    4672     4671     4661     4656     4656     4648     4638     4635 
    4629     4618     4617     4615     4604     4600     4596     4587 
    4581     4577     4572     4568     4565     4557     4550     4550 
    4542     4529     4529     4526     4515     4513     4511     4495 
    4486     4490     4480     4468     4469     4459     4444     4448 
    4440     4418     4415     4414     4399     4392     4386     4372 
    4367     4360     4342     4333     4327     4311     4305     4301 
    4283     4271     4270     4256     4243     4237     4225     4210 
    4200     4194     4180     4170     4166     4153     4136     4128 
    4121     4109     4099     4094     4083     4071     4064     4055 
    4045     4041     4033     4020     4016     4013     4001     3996 
    3990     3978     3978     3975     3964     3963     3964     3955 
    3951     3954     3948     3940     3942     3943     3942     3942 
    3943     3944     3947     3948     3946     3951     3958     3956 
    3959     3969     3973     3977     3986     3993     3998     4009 
    4016     4023     4032     4040     4051     4062     4071     4081 
    4090     4105     4120     4132     4140     4152     4166     4182 
    4197     4212     4225     4238     4251     4270     4287     4297 
    4310     4329     4345     4360     4375     4388     4403     4422 
    4436     4450     4468     4486     4499     4513     4526     4540 
    4554     4572     4585     4599     4614     4626     4638     4654 
    4669     4676     4685     4698     4707     4720     4733     4738 
    4746     4760     4768     4772     4783     4793     4796     4804 
    4818     4820     4823     4831     4831     4834     4843     4845 
    4845     4851     4854     4854     4858     4855     4854     4861 
    4865     4864     4864     4865     4861     4857     4860     4858 
    4857     4858     4855     4850     4851     4855     4850     4845 
    4845     4838     4835     4842     4839     4828     4830     4833 
    4823     4818     4826     4824     4818     4816     4812     4810 
    4814     4812     4806     4804     4804     4801     4804     4806 
    4797     4795     4800     4796     4792     4796     4799     4793 
    4793     4791     4788     4791     4793     4789     4791     4791 
    4788     4788     4791     4791     4788     4789     4791     4785 
    4785     4791     4788     4785     4787     4787     4787     4788 
    4788     4787     4787     4787     4787     4787     4788     4788 
    4789     4791     4791     4789     4789     4789     4791     4791 
    4789     4789     4793     4796     4793     4793     4796     4795 
    4795     4799     4799     4795     4796     4800     4803     4801 
    4801     4800     4799     4803     4807     4803     4803     4810 
    4806     4803     4808     4807     4804     4810     4810     4803 
    4803     4804     4801     4799     4797     4793     4793     4796 
    4791     4787     4785     4780     4774     4772     4770     4765 
    4758     4753     4753     4745     4733     4731     4729     4715 
    4712     4710     4699     4689     4691     4677     4661     4662 
    4657     4639     4634     4629     4615     4610     4602     4590 
    4583     4576     4563     4554     4549     4535     4525     4519 
    4510     4498     4490     4480     4469     4463     4456     4445 
    4434     4426     4415     4407     4401     4390     4382     4378 
    4369     4357     4356     4351     4336     4333     4332     4321 
    4315     4314     4302     4297     4299     4291     4282     4286 
    4282     4270     4268     4270     4263     4263     4263     4256 
    4258     4263     4255     4252     4256     4252     4248     4255 
    4255     4248     4253     4256     4248     4251     4256     4248 
    4247     4256     4255     4247     4252     4255     4252     4256 
    4256     4248     4255     4258     4251     4253     4260     4252 
    4251     4258     4253     4245     4252     4255     4247     4247 
    4248     4243     4243     4243     4237     4236     4238     4232 
    4228     4232     4225     4214     4217     4220     4209     4203 
    4207     4200     4195     4197     4189     4180     4185     4183 
    4172     4170     4170     4159     4158     4158     4149     4147 
    4148     4139     4133     4139     4132     4121     4126     4125 
    4114     4116     4118     4109     4107     4113     4105     4104 
    4107     4099     4095     4102     4099     4095     4104     4102 
    4093     4098     4102     4098     4099     4105     4102     4104 
    4109     4106     4105     4113     4117     4110     4114     4124 
    4122     4125     4131     4131     4132     4140     4140     4140 
    4151     4155     4152     4159     4170     4168     4174     4182 
    4180     4186     4197     4199     4202     4213     4220     4222 
    4230     4237     4238     4247     4256     4260     4263     4275 
    4283     4287     4298     4306     4307     4318     4330     4336 
    4341     4353     4360     4368     4378     4384     4390     4401 
    4411     4419     4428     4436     4445     4457     4464     4472 
    4480     4490     4500     4507     4517     4529     4537     4542 
    4553     4567     4573     4579     4594     4604     4610     4623 
    4633     4637     4649     4661     4668     4676     4688     4696 
    4706     4718     4725     4729     4742     4753     4756     4764 
    4776     4783     4795     4807     4811     4818     4828     4835 
    4841     4850     4858     4862     4870     4878     4884     4892 
    4900     4903     4911     4918     4916     4923     4934     4935 
    4942     4947     4947     4953     4959     4962     4963     4968 
    4970     4973     4976     4978     4981     4981     4982     4986 
    4989     4992     4993     4992     4994     4997     4996     4996 
    5000     5000     5001     5001     5000     5003     5008     5008 
    5007     5007     5008     5009     5013     5012     5011     5016 
    5017     5016     5017     5019     5020     5026     5026     5024 
    5027     5032     5030     5032     5038     5036     5039     5042 
    5042     5044     5049     5049     5050     5050     5053     5054 
    5053     5053     5055     5055     5057     5059     5058     5055 
    5057     5057     5054     5054     5054     5053     5051     5049 
    5043     5042     5042     5035     5032     5030     5024     5022 
    5016     5012     5009     4997     4989     4986     4978     4968 
    4963     4956     4945     4935     4926     4914     4905     4896 
    4884     4872     4860     4847     4834     4823     4811     4797 
    4784     4772     4756     4741     4730     4716     4699     4685 
    4671     4650     4638     4627     4606     4590     4580     4561 
    4545     4531     4514     4498     4488     4469     4448     4436 
    4422     4402     4387     4372     4357     4344     4332     4314 
    4298     4284     4268     4256     4243     4228     4212     4203 
    4192     4175     4163     4152     4139     4122     4112     4102 
    4091     4079     4067     4055     4045     4039     4031     4017 
    4010     4005     3997     3986     3977     3973     3969     3959 
    3951     3950     3944     3937     3932     3929     3925     3920 
    3916     3913     3913     3912     3909     3908     3908     3906 
    3905     3905     3908     3910     3908     3906     3910     3913 
    3913     3916     3920     3921     3927     3931     3932     3939 
    3944     3946     3951     3962     3964     3965     3977     3983 
    3986     3997     4008     4010     4017     4032     4036     4044 
    4055     4062     4069     4086     4090     4094     4112     4124 
    4125     4137     4153     4159     4170     4182     4190     4199 
    4210     4222     4236     4247     4256     4263     4275     4288 
    4298     4310     4322     4333     4342     4352     4363     4374 
    4387     4396     4405     4418     4426     4431     4448     4460 
    4461     4473     4488     4492     4502     4517     4522     4529 
    4542     4548     4552     4567     4575     4577     4587     4596 
    4598     4604     4618     4621     4625     4635     4639     4637 
    4645     4656     4653     4656     4668     4669     4668     4675 
    4673     4675     4681     4681     4677     4685     4689     4685 
    4687     4692     4684     4683     4692     4689     4683     4685 
    4684     4679     4683     4681     4672     4672     4673     4671 
    4668     4664     4660     4660     4656     4648     4648     4648 
    4641     4637     4638     4633     4625     4623     4622     4617 
    4612     4611     4608     4604     4600     4594     4590     4590 
    4585     4579     4580     4579     4567     4563     4568     4563 
    4558     4560     4553     4550     4556     4549     4541     4550 
    4546     4533     4537     4541     4531     4530     4531     4527 
    4527     4529     4523     4523     4523     4518     4517     4517 
    4513     4511     4514     4513     4511     4510     4509     4506 
    4506     4507     4502     4499     4499     4498     4496     4498 
    4499     4499     4494     4492     4495     4494     4490     4491 
    4492     4490     4490     4488     4487     4491     4491     4488 
    4487     4490     4492     4491     4487     4487     4492     4494 
    4495     4498     4496     4496     4496     4499     4506     4504 
    4500     4506     4509     4507     4511     4514     4515     4517 
    4515     4515     4523     4526     4522     4523     4527     4527 
    4526     4529     4535     4533     4529     4533     4535     4534 
    4533     4534     4535     4534     4533     4534     4533     4534 
    4535     4530     4529     4531     4527     4521     4525     4527 
    4519     4517     4518     4514     4513     4514     4506     4502 
    4507     4500     4492     4494     4492     4484     4477     4476 
    4469     4464     4464     4460     4452     4448     4442     4436 
    4430     4426     4419     4414     4407     4401     4393     4390 
    4387     4379     4369     4363     4357     4355     4345     4334 
    4334     4332     4321     4317     4313     4305     4301     4298 
    4291     4286     4283     4276     4268     4266     4266     4261 
    4255     4255     4251     4245     4243     4238     4237     4240 
    4233     4228     4232     4228     4222     4225     4225     4225 
    4225     4225     4223     4228     4228     4225     4225     4233 
    4237     4237     4233     4236     4245     4247     4243     4251 
    4256     4260     4263     4263     4266     4274     4280     4284 
    4287     4294     4301     4303     4309     4317     4321     4325 
    4333     4340     4345     4353     4360     4364     4372     4378 
    4382     4390     4398     4403     4410     4415     4417     4423 
    4433     4437     4442     4449     4456     4464     4469     4473 
    4479     4482     4487     4491     4498     4504     4507     4511 
    4519     4525     4527     4533     4540     4542     4544     4552 
    4556     4557     4565     4568     4568     4575     4579     4580 
    4591     4595     4594     4602     4606     4606     4618     4625 
    4623     4630     4637     4638     4646     4656     4658     4661 
    4672     4676     4679     4688     4692     4698     4708     4716 
    4718     4725     4735     4739     4746     4758     4762     4764 
    4777     4787     4789     4799     4810     4814     4826     4833 
    4834     4845     4858     4862     4869     4884     4889     4889 
    4904     4916     4916     4927     4938     4938     4945     4956 
    4958     4966     4981     4982     4985     4999     5003     5003 
    5012     5015     5017     5027     5031     5030     5038     5044 
    5044     5049     5055     5054     5057     5062     5060     5062 
    5067     5067     5065     5073     5076     5067     5071     5080 
    5073     5066     5073     5070     5062     5067     5069     5057 
    5055     5058     5049     5046     5046     5035     5030     5035 
    5026     5015     5016     5012     5000     4999     4994     4981 
    4977     4976     4962     4955     4954     4941     4930     4927 
    4918     4907     4905     4897     4884     4876     4868     4854 
    4847     4843     4831     4818     4812     4806     4791     4781 
    4773     4758     4753     4747     4729     4719     4716     4700 
    4685     4687     4676     4658     4658     4650     4631     4627 
    4625     4610     4603     4602     4587     4577     4576     4565 
    4557     4556     4546     4534     4534     4531     4521     4517 
    4515     4509     4502     4500     4496     4494     4491     4486 
    4480     4479     4480     4476     4472     4475     4472     4471 
    4473     4472     4469     4475     4475     4469     4475     4483 
    4480     4482     4486     4484     4487     4492     4494     4498 
    4502     4500     4502     4514     4514     4513     4519     4526 
    4525     4526     4531     4534     4535     4538     4541     4542 
    4545     4548     4550     4552     4553     4556     4553     4553 
    4557     4552     4550     4558     4556     4552     4554     4554 
    4549     4552     4550     4541     4540     4541     4534     4531 
    4533     4523     4515     4515     4513     4506     4500     4495 
    4490     4484     4480     4472     4463     4457     4450     4438 
    4433     4431     4422     4411     4405     4396     4384     4379 
    4372     4360     4352     4345     4336     4330     4322     4311 
    4302     4297     4287     4276     4270     4263     4256     4248 
    4238     4232     4228     4220     4212     4209     4203     4191 
    4189     4191     4182     4175     4174     4170     4163     4163 
    4159     4155     4158     4156     4145     4148     4156     4151 
    4148     4158     4158     4156     4162     4163     4166     4175 
    4174     4174     4183     4191     4192     4199     4207     4210 
    4218     4225     4228     4241     4252     4251     4258     4275 
    4278     4283     4299     4306     4307     4322     4333     4334 
    4345     4359     4363     4371     4383     4387     4391     4405 
    4414     4419     4426     4431     4434     4442     4452     4453 
    4455     4460     4467     4472     4476     4473     4473     4483 
    4484     4477     4480     4483     4475     4482     4484     4469 
    4471     4479     4464     4459     4467     4461     4448     4446 
    4444     4433     4430     4425     4414     4410     4403     4390 
    4384     4380     4368     4359     4353     4341     4327     4325 
    4317     4302     4293     4286     4271     4261     4255     4243 
    4228     4225     4217     4199     4195     4191     4172     4159 
    4159     4149     4132     4129     4124     4112     4105     4093 
    4081     4082     4074     4060     4058     4054     4040     4040 
    4040     4028     4021     4025     4020     4013     4014     4010 
    4006     4012     4010     4001     4006     4010     4003     4006 
    4014     4010     4010     4024     4028     4027     4036     4041 
    4040     4051     4060     4059     4069     4086     4086     4091 
    4113     4121     4124     4139     4152     4159     4174     4190 
    4199     4212     4228     4238     4251     4271     4287     4295 
    4315     4334     4347     4360     4379     4393     4411     4429 
    4440     4455     4479     4495     4507     4527     4545     4558 
    4577     4599     4610     4622     4642     4660     4672     4691 
    4707     4718     4734     4753     4765     4780     4796     4810 
    4822     4834     4843     4857     4873     4888     4893     4905 
    4920     4926     4932     4949     4956     4962     4974     4982 
    4985     4996     5003     5004     5011     5019     5019     5023 
    5030     5027     5030     5038     5039     5035     5036     5038 
    5035     5036     5038     5027     5027     5035     5026     5015 
    5017     5011     5003     5005     5001     4986     4982     4982 
    4972     4962     4956     4945     4938     4935     4923     4912 
    4903     4892     4881     4876     4865     4849     4842     4835 
    4822     4810     4804     4792     4777     4770     4764     4747 
    4738     4733     4720     4707     4700     4689     4676     4669 
    4661     4646     4639     4631     4618     4611     4603     4588 
    4584     4579     4564     4556     4554     4541     4529     4529 
    4518     4504     4504     4499     4487     4486     4483     4467 
    4461     4461     4450     4445     4446     4437     4428     4426 
    4423     4415     4413     4413     4402     4392     4395     4391 
    4383     4386     4383     4369     4372     4376     4360     4357 
    4360     4353     4349     4355     4348     4338     4341     4340 
    4329     4329     4330     4325     4324     4324     4315     4313 
    4317     4313     4309     4311     4307     4302     4306     4305 
    4299     4298     4301     4298     4294     4295     4297     4291 
    4289     4289     4288     4288     4288     4286     4287     4289 
    4284     4283     4287     4283     4280     4286     4286     4282 
    4283     4283     4280     4283     4284     4280     4280     4286 
    4282     4278     4282     4282     4276     4279     4286     4283 
    4283     4284     4280     4280     4283     4283     4282     4283 
    4283     4282     4282     4286     4288     4287     4288     4289 
    4287     4288     4294     4293     4291     4297     4298     4297 
    4301     4306     4307     4307     4309     4310     4317     4321 
    4322     4326     4329     4332     4337     4340     4344     4349 
    4353     4355     4360     4368     4368     4375     4383     4380 
    4386     4393     4398     4405     4411     4413     4417     4422 
    4425     4433     4441     4445     4450     4459     4461     4468 
    4473     4477     4484     4494     4500     4504     4510     4514 
    4521     4529     4533     4538     4546     4552     4557     4568 
    4576     4579     4580     4588     4599     4603     4610     4618 
    4622     4627     4634     4641     4646     4654     4658     4661 
    4673     4681     4681     4688     4696     4698     4703     4714 
    4718     4719     4729     4735     4737     4742     4750     4753 
    4757     4761     4764     4770     4772     4776     4781     4783 
    4785     4791     4791     4795     4803     4799     4797     4803 
    4806     4807     4810     4807     4808     4814     4810     4807 
    4810     4810     4810     4811     4807     4804     4806     4804 
    4801     4804     4803     4796     4799     4801     4793     4789 
    4789     4785     4781     4780     4774     4770     4770     4768 
    4765     4765     4761     4756     4754     4750     4746     4743 
    4742     4739     4734     4735     4734     4725     4726     4730 
    4720     4714     4719     4715     4707     4712     4710     4702 
    4706     4706     4698     4700     4700     4691     4691     4693 
    4688     4689     4695     4687     4683     4688     4688     4683 
    4687     4687     4681     4681     4684     4683     4683     4684 
    4681     4676     4679     4683     4680     4680     4681     4677 
    4676     4681     4679     4673     4680     4680     4673     4677 
    4679     4669     4671     4677     4672     4668     4675     4673 
    4666     4668     4666     4665     4668     4666     4662     4664 
    4662     4657     4658     4662     4653     4648     4653     4650 
    4644     4646     4649     4641     4637     4638     4631     4626 
    4629     4622     4615     4622     4618     4604     4606     4608 
    4594     4592     4596     4585     4581     4587     4572     4563 
    4571     4564     4550     4553     4548     4534     4535     4533 
    4519     4518     4518     4502     4498     4504     4492     4482 
    4484     4476     4463     4463     4463     4449     4445     4446 
    4434     4428     4431     4418     4409     4418     4409     4392 
    4398     4398     4383     4383     4384     4371     4368     4372 
    4360     4359     4365     4357 
