Origin Time       2016/04/16 01:25:00
Lat.              32.753
Long.             130.762
Depth. (km)       12
Mag.              7.3
Station Code      TKS004
Station Lat.      33.7749
Station Long.     134.5914
Station Height(m) 5
Record Time       2016/04/16 01:26:54
Sampling Freq(Hz) 100Hz
Duration Time(s)  87
Dir.              E-W
Scale Factor      7845(gal)/8223790
Max. Acc. (gal)   2.406
Last Correction   2016/04/16 01:26:55
Memo.             
   -1626    -1614    -1598    -1534    -1453    -1412    -1359    -1264 
   -1246    -1279    -1273    -1294    -1371    -1444    -1485    -1509 
   -1549    -1582    -1614    -1698    -1750    -1746    -1790    -1798 
   -1711    -1644    -1588    -1475    -1355    -1269    -1165    -1060 
   -1009     -943     -838     -773     -772     -741     -653     -650 
    -724     -769     -859    -1004    -1102    -1188    -1294    -1359 
   -1382    -1445    -1549    -1622    -1683    -1783    -1858    -1857 
   -1849    -1850    -1792    -1687    -1598    -1540    -1452    -1306 
   -1185    -1090     -935     -774     -656     -540     -436     -396 
    -387     -363     -402     -526     -645     -730     -830     -940 
    -987     -996    -1035    -1048    -1047    -1117    -1190    -1213 
   -1250    -1320    -1360    -1339    -1324    -1331    -1312    -1337 
   -1389    -1363    -1339    -1350    -1352    -1374    -1377    -1363 
   -1347    -1308    -1275    -1212    -1127    -1116    -1116    -1113 
   -1190    -1274    -1343    -1456    -1541    -1580    -1618    -1632 
   -1626    -1584    -1505    -1408    -1281    -1179    -1093     -972 
    -862     -770     -676     -584     -490     -419     -386     -379 
    -419     -464     -499     -564     -619     -629     -619     -619 
    -625     -622     -654     -692     -684     -704     -746     -751 
    -799     -903     -982    -1023    -1097    -1169    -1159    -1158 
   -1190    -1169    -1148    -1177    -1219    -1248    -1271    -1289 
   -1297    -1340    -1354    -1306    -1314    -1347    -1348    -1345 
   -1321    -1316    -1341    -1308    -1236    -1197    -1138    -1057 
   -1031    -1036    -1071    -1163    -1269    -1371    -1455    -1539 
   -1632    -1676    -1710    -1748    -1714    -1667    -1677    -1698 
   -1698    -1692    -1679    -1634    -1563    -1494    -1445    -1418 
   -1429    -1456    -1476    -1520    -1543    -1534    -1549    -1540 
   -1503    -1498    -1497    -1464    -1422    -1412    -1412    -1364 
   -1334    -1359    -1323    -1267    -1263    -1223    -1175    -1206 
   -1267    -1320    -1364    -1405    -1421    -1405    -1395    -1394 
   -1389    -1390    -1394    -1413    -1437    -1428    -1431    -1445 
   -1445    -1459    -1455    -1431    -1410    -1385    -1362    -1317 
   -1240    -1193    -1178    -1102    -1011    -1021    -1032    -1008 
   -1032    -1048    -1060    -1084    -1065    -1055    -1075    -1105 
   -1181    -1260    -1296    -1341    -1383    -1378    -1374    -1375 
   -1362    -1371    -1374    -1354    -1362    -1362    -1366    -1397 
   -1431    -1509    -1552    -1524    -1506    -1468    -1437    -1441 
   -1420    -1440    -1514    -1551    -1547    -1548    -1532    -1467 
   -1416    -1409    -1363    -1282    -1236    -1189    -1129    -1073 
   -1019     -996    -1003    -1021    -1035    -1028    -1042    -1075 
   -1086    -1101    -1169    -1224    -1233    -1273    -1336    -1377 
   -1355    -1340    -1390    -1378    -1334    -1362    -1348    -1285 
   -1282    -1264    -1171    -1132    -1133    -1120    -1117    -1119 
   -1165    -1220    -1254    -1339    -1414    -1457    -1522    -1575 
   -1626    -1684    -1757    -1858    -1911    -1939    -2019    -2079 
   -2085    -2081    -2068    -2014    -1907    -1814    -1740    -1665 
   -1636    -1591    -1521    -1466    -1383    -1312    -1239    -1129 
   -1081    -1074    -1075    -1117    -1121    -1088    -1065    -1039 
   -1048    -1055    -1060    -1131    -1185    -1224    -1286    -1312 
   -1363    -1439    -1471    -1547    -1606    -1572    -1545    -1537 
   -1501    -1431    -1377    -1325    -1224    -1147    -1057     -922 
    -857     -835     -819     -826     -842     -866     -905     -929 
    -877     -828     -823     -777     -753     -810     -874     -955 
   -1062    -1144    -1209    -1252    -1247    -1209    -1144    -1038 
    -929     -832     -719     -637     -607     -591     -606     -669 
    -746     -810     -862     -907     -951    -1004    -1047    -1060 
   -1089    -1171    -1264    -1327    -1393    -1452    -1489    -1518 
   -1549    -1553    -1497    -1460    -1486    -1449    -1354    -1293 
   -1256    -1225    -1228    -1240    -1223    -1219    -1233    -1266 
   -1321    -1334    -1341    -1408    -1487    -1557    -1603    -1657 
   -1729    -1755    -1744    -1711    -1658    -1606    -1575    -1579 
   -1590    -1595    -1620    -1656    -1680    -1661    -1602    -1567 
   -1545    -1486    -1431    -1389    -1297    -1175    -1046     -918 
    -832     -822     -872     -943    -1034    -1132    -1194    -1208 
   -1189    -1146    -1101    -1078    -1008     -918     -899     -897 
    -857     -811     -816     -841     -838     -853     -873     -872 
    -893     -953    -1028    -1102    -1178    -1248    -1275    -1260 
   -1258    -1300    -1339    -1363    -1472    -1606    -1652    -1732 
   -1815    -1776    -1714    -1656    -1532    -1395    -1308    -1217 
   -1105    -1013     -939     -866     -805     -793     -820     -853 
    -935    -1071    -1188    -1305    -1436    -1485    -1457    -1416 
   -1347    -1256    -1142    -1011     -915     -828     -728     -675 
    -648     -579     -529     -540     -557     -573     -638     -710 
    -743     -823     -922     -929     -950     -982     -929     -918 
    -949     -934     -969    -1100    -1250    -1366    -1483    -1587 
   -1617    -1610    -1595    -1556    -1514    -1471    -1418    -1348 
   -1256    -1182    -1139    -1111    -1086    -1073    -1101    -1174 
   -1267    -1337    -1389    -1456    -1493    -1495    -1505    -1499 
   -1509    -1554    -1570    -1578    -1615    -1626    -1591    -1544 
   -1493    -1433    -1327    -1196    -1121    -1060     -999    -1003 
   -1013    -1000    -1021    -1055    -1031     -999    -1048    -1120 
   -1155    -1247    -1405    -1552    -1713    -1904    -2041    -2114 
   -2188    -2205    -2133    -2058    -1998    -1898    -1784    -1710 
   -1587    -1391    -1250    -1112     -905     -739     -630     -526 
    -456     -444     -477     -525     -615     -749     -896    -1071 
   -1216    -1331    -1489    -1605    -1682    -1790    -1880    -1964 
   -2042    -2074    -2047    -1941    -1817    -1694    -1499    -1282 
   -1129    -1000     -882     -785     -696     -623     -531     -453 
    -433     -422     -429     -473     -522     -576     -645     -761 
    -929    -1101    -1285    -1474    -1598    -1664    -1706    -1707 
   -1649    -1537    -1433    -1347    -1244    -1156    -1074     -973 
    -905     -882     -828     -762     -770     -822     -872     -951 
   -1042    -1101    -1120    -1112    -1080     -999     -911     -882 
    -912     -973    -1043    -1120    -1201    -1275    -1375    -1491 
   -1564    -1603    -1660    -1683    -1622    -1568    -1528    -1453 
   -1383    -1329    -1285    -1221    -1163    -1148    -1124    -1135 
   -1169    -1148    -1156    -1174    -1120    -1065    -1020     -967 
    -951     -974    -1011    -1044    -1127    -1243    -1282    -1294 
   -1348    -1383    -1424    -1485    -1530    -1584    -1610    -1606 
   -1622    -1574    -1487    -1435    -1367    -1324    -1308    -1256 
   -1225    -1258    -1286    -1273    -1275    -1308    -1340    -1356 
   -1378    -1413    -1417    -1402    -1413    -1391    -1339    -1345 
   -1375    -1385    -1443    -1535    -1611    -1664    -1707    -1737 
   -1717    -1675    -1632    -1574    -1513    -1436    -1358    -1343 
   -1345    -1294    -1236    -1192    -1111    -1012     -955     -907 
    -837     -815     -849     -869     -846     -807     -788     -766 
    -737     -741     -785     -868     -987    -1139    -1287    -1405 
   -1551    -1713    -1794    -1826    -1884    -1933    -1971    -2008 
   -1982    -1910    -1845    -1733    -1563    -1409    -1275    -1158 
   -1081    -1059    -1065    -1077    -1119    -1167    -1177    -1175 
   -1185    -1208    -1256    -1321    -1397    -1505    -1622    -1684 
   -1709    -1729    -1709    -1677    -1664    -1614    -1547    -1476 
   -1389    -1310    -1224    -1092     -962     -880     -787     -661 
    -598     -594     -569     -585     -683     -780     -882    -1011 
   -1115    -1185    -1254    -1332    -1401    -1476    -1566    -1603 
   -1626    -1668    -1675    -1660    -1640    -1653    -1676    -1638 
   -1610    -1564    -1445    -1327    -1227    -1124    -1004     -929 
    -938     -938     -935     -987    -1031    -1065    -1165    -1290 
   -1387    -1482    -1613    -1746    -1810    -1838    -1899    -1911 
   -1833    -1777    -1714    -1563    -1448    -1383    -1256    -1127 
   -1092    -1073    -1039    -1069    -1092    -1086    -1136    -1183 
   -1204    -1224    -1244    -1273    -1301    -1327    -1325    -1308 
   -1328    -1370    -1391    -1402    -1460    -1548    -1590    -1614 
   -1648    -1644    -1634    -1683    -1683    -1586    -1547    -1566 
   -1525    -1462    -1425    -1385    -1334    -1313    -1291    -1205 
   -1135    -1123    -1073    -1008     -996    -1039    -1121    -1179 
   -1225    -1289    -1333    -1368    -1413    -1456    -1483    -1533 
   -1611    -1647    -1660    -1698    -1723    -1741    -1773    -1826 
   -1861    -1844    -1830    -1836    -1775    -1721    -1723    -1656 
   -1553    -1505    -1455    -1397    -1355    -1362    -1413    -1444 
   -1520    -1644    -1718    -1776    -1872    -1952    -1954    -1944 
   -1975    -1941    -1852    -1802    -1733    -1618    -1543    -1506 
   -1410    -1302    -1263    -1224    -1161    -1120    -1107    -1074 
   -1004     -953     -918     -905     -929     -913     -928     -994 
   -1016    -1058    -1132    -1197    -1269    -1336    -1394    -1441 
   -1514    -1583    -1576    -1561    -1567    -1526    -1462    -1418 
   -1359    -1293    -1251    -1179    -1107    -1051     -980     -939 
    -931     -929     -955     -976     -939     -908     -967    -1017 
   -1005    -1053    -1117    -1127    -1155    -1166    -1131    -1140 
   -1202    -1258    -1306    -1360    -1399    -1405    -1375    -1327 
   -1269    -1229    -1192    -1096    -1016     -949     -800     -658 
    -561     -446     -372     -353     -337     -344     -425     -561 
    -699     -843    -1013    -1156    -1266    -1378    -1441    -1462 
   -1494    -1493    -1444    -1413    -1412    -1379    -1304    -1243 
   -1155    -1016     -913     -824     -710     -611     -550     -526 
    -504     -460     -444     -430     -395     -376     -369     -392 
    -464     -569     -747     -981    -1201    -1412    -1601    -1725 
   -1815    -1872    -1865    -1829    -1798    -1779    -1729    -1655 
   -1615    -1549    -1449    -1393    -1339    -1259    -1167    -1077 
   -1005     -918     -851     -830     -783     -730     -708     -684 
    -645     -607     -584     -576     -584     -621     -677     -727 
    -823     -970    -1078    -1193    -1337    -1418    -1485    -1587 
   -1658    -1664    -1675    -1705    -1626    -1505    -1435    -1304 
   -1174    -1101     -999     -861     -741     -669     -591     -498 
    -441     -434     -464     -484     -546     -668     -753     -862 
   -1035    -1163    -1275    -1466    -1649    -1715    -1784    -1894 
   -1935    -1946    -1956    -1914    -1826    -1729    -1632    -1503 
   -1367    -1259    -1152    -1058    -1007     -980     -938     -901 
    -901     -912     -922     -974    -1081    -1185    -1277    -1389 
   -1503    -1603    -1664    -1715    -1784    -1791    -1818    -1894 
   -1894    -1899    -1919    -1876    -1811    -1736    -1671    -1630 
   -1583    -1505    -1389    -1291    -1206    -1057     -899     -777 
    -627     -486     -417     -376     -352     -392     -481     -587 
    -731     -928    -1121    -1275    -1460    -1651    -1779    -1907 
   -2018    -2073    -2130    -2189    -2191    -2147    -2111    -2037 
   -1894    -1744    -1572    -1375    -1202    -1055     -927     -819 
    -723     -618     -530     -472     -407     -398     -469     -549 
    -648     -797     -958    -1088    -1255    -1456    -1598    -1729 
   -1883    -1969    -2011    -2056    -2069    -2038    -2016    -1980 
   -1883    -1773    -1657    -1525    -1386    -1198    -1019     -876 
    -734     -629     -545     -459     -413     -407     -399     -379 
    -405     -460     -500     -577     -660     -715     -804     -926 
   -1038    -1143    -1275    -1413    -1528    -1628    -1680    -1703 
   -1736    -1752    -1741    -1725    -1667    -1532    -1393    -1285 
   -1113     -923     -789     -646     -496     -407     -334     -272 
    -287     -355     -429     -506     -616     -767     -896    -1031 
   -1210    -1355    -1480    -1586    -1641    -1690    -1728    -1753 
   -1746    -1695    -1658    -1626    -1561    -1494    -1424    -1344 
   -1297    -1281    -1237    -1167    -1111    -1057     -994     -967 
    -951     -920     -922     -945     -965     -981    -1019    -1074 
   -1117    -1178    -1256    -1308    -1368    -1448    -1502    -1522 
   -1559    -1606    -1605    -1572    -1563    -1554    -1548    -1543 
   -1517    -1476    -1429    -1395    -1367    -1320    -1274    -1232 
   -1212    -1205    -1182    -1154    -1143    -1161    -1167    -1181 
   -1223    -1242    -1260    -1316    -1362    -1391    -1439    -1479 
   -1476    -1478    -1489    -1460    -1449    -1449    -1409    -1389 
   -1389    -1390    -1422    -1447    -1448    -1456    -1466    -1475 
   -1501    -1514    -1494    -1494    -1526    -1544    -1564    -1617 
   -1663    -1714    -1781    -1779    -1729    -1715    -1683    -1611 
   -1564    -1543    -1506    -1487    -1497    -1459    -1416    -1417 
   -1393    -1359    -1355    -1339    -1328    -1347    -1354    -1368 
   -1404    -1401    -1405    -1424    -1382    -1324    -1294    -1255 
   -1201    -1155    -1139    -1144    -1142    -1150    -1165    -1154 
   -1159    -1196    -1215    -1242    -1291    -1339    -1401    -1451 
   -1474    -1518    -1583    -1637    -1660    -1656    -1658    -1624 
   -1574    -1552    -1478    -1386    -1329    -1274    -1213    -1096 
    -985     -932     -859     -804     -792     -805     -881     -958 
   -1055    -1225    -1393    -1572    -1759    -1907    -2066    -2218 
   -2330    -2401    -2446    -2489    -2508    -2523    -2527    -2478 
   -2450    -2444    -2432    -2421    -2349    -2251    -2176    -2079 
   -1949    -1786    -1636    -1486    -1337    -1239    -1116    -1011 
    -974     -935     -913     -901     -884     -919     -967    -1009 
   -1069    -1124    -1190    -1273    -1359    -1441    -1490    -1526 
   -1578    -1597    -1557    -1490    -1451    -1417    -1331    -1255 
   -1213    -1147    -1071     -974     -822     -634     -445     -298 
    -157       22      171      257      341      409      438      456 
     461      430      364      272      151       21      -98     -221 
    -348     -456     -540     -637     -731     -780     -810     -850 
    -876     -899     -942     -962     -961    -1005    -1062    -1088 
   -1123    -1162    -1205    -1275    -1345    -1370    -1351    -1316 
   -1254    -1177    -1075     -947     -845     -758     -687     -619 
    -530     -461     -400     -340     -287     -218     -182     -176 
    -162     -162     -190     -238     -287     -378     -491     -573 
    -707     -888    -1042    -1224    -1440    -1618    -1781    -1939 
   -2046    -2104    -2118    -2116    -2126    -2100    -2018    -1945 
   -1868    -1729    -1582    -1452    -1287    -1112     -992     -912 
    -805     -700     -665     -622     -550     -511     -469     -425 
    -427     -436     -434     -464     -525     -603     -691     -770 
    -847     -924    -1009    -1062    -1071    -1093    -1113    -1111 
   -1128    -1132    -1105    -1090    -1075    -1053    -1051    -1039 
   -1012     -996     -982     -977     -984    -1013    -1090    -1181 
   -1285    -1405    -1530    -1677    -1818    -1948    -2072    -2160 
   -2246    -2322    -2317    -2278    -2243    -2189    -2116    -2074 
   -2083    -2076    -2050    -2066    -2101    -2096    -2084    -2092 
   -2079    -2047    -2033    -2019    -2006    -2003    -1971    -1917 
   -1865    -1814    -1748    -1675    -1657    -1674    -1675    -1714 
   -1752    -1741    -1744    -1768    -1765    -1725    -1703    -1699 
   -1665    -1630    -1570    -1483    -1431    -1381    -1355    -1367 
   -1372    -1395    -1425    -1470    -1509    -1507    -1520    -1530 
   -1535    -1537    -1487    -1447    -1417    -1341    -1293    -1271 
   -1220    -1185    -1204    -1209    -1185    -1208    -1259    -1267 
   -1256    -1271    -1294    -1306    -1304    -1273    -1217    -1179 
   -1181    -1156    -1133    -1200    -1285    -1327    -1391    -1471 
   -1557    -1636    -1701    -1811    -1922    -2015    -2142    -2241 
   -2288    -2309    -2292    -2249    -2187    -2079    -1956    -1850 
   -1698    -1540    -1435    -1306    -1171    -1104    -1067    -1015 
   -1000    -1051    -1102    -1146    -1205    -1244    -1269    -1316 
   -1375    -1436    -1524    -1632    -1729    -1807    -1868    -1907 
   -1939    -1972    -1969    -1938    -1891    -1796    -1641    -1426 
   -1194     -946     -648     -379     -131      148      364      526 
     677      718      670      602      473      299      112      -90 
    -325     -583     -815    -1071    -1366    -1605    -1802    -1984 
   -2120    -2201    -2223    -2218    -2195    -2141    -2068    -1979 
   -1881    -1783    -1691    -1614    -1513    -1405    -1310    -1190 
   -1050     -897     -741     -627     -537     -438     -391     -411 
    -427     -464     -579     -718     -831     -980    -1182    -1354 
   -1453    -1535    -1599    -1601    -1599    -1591    -1513    -1441 
   -1391    -1285    -1139     -994     -830     -654     -513     -368 
    -198      -56       58      189      306      399      510      598 
     631      626      606      565      454      310      164      -17 
    -191     -349     -521     -642     -731     -826     -855     -838 
    -828     -787     -727     -702     -662     -561     -473     -390 
    -252     -112        5      122      214      265      252      190 
     101      -55     -245     -425     -638     -889    -1136    -1372 
   -1622    -1895    -2133    -2332    -2543    -2708    -2816    -2930 
   -3018    -3057    -3083    -3090    -3083    -3071    -3040    -3002 
   -2945    -2874    -2839    -2803    -2724    -2650    -2598    -2548 
   -2488    -2442    -2405    -2338    -2276    -2253    -2214    -2144 
   -2095    -2087    -2073    -2034    -2016    -2014    -1999    -2010 
   -2023    -2012    -2062    -2150    -2196    -2249    -2316    -2370 
   -2423    -2454    -2459    -2457    -2451    -2446    -2380    -2313 
   -2297    -2251    -2238    -2263    -2261    -2295    -2353    -2382 
   -2403    -2428    -2461    -2475    -2505    -2571    -2624    -2650 
   -2668    -2685    -2688    -2655    -2610    -2573    -2489    -2386 
   -2303    -2163    -2012    -1899    -1734    -1539    -1374    -1219 
   -1094    -1007     -923     -892     -900     -884     -872     -874 
    -870     -896     -950     -978    -1013    -1116    -1202    -1216 
   -1262    -1313    -1275    -1247    -1255    -1224    -1185    -1146 
   -1084    -1008     -926     -877     -873     -859     -837     -837 
    -838     -810     -747     -638     -492     -355     -228     -108 
     -32      -10       -4       -4      -18      -29      -25      -87 
    -205     -263     -311     -396     -498     -626     -723     -787 
    -869     -909     -967    -1101    -1205    -1286    -1393    -1509 
   -1614    -1652    -1660    -1680    -1622    -1518    -1445    -1308 
   -1081     -866     -662     -411     -186      -39      117      268 
     336      368      429      483      488      498      523      503 
     460      433      375      238       91      -11     -159     -348 
    -477     -615     -812     -969    -1107    -1269    -1375    -1417 
   -1433    -1453    -1456    -1391    -1340    -1304    -1189    -1109 
   -1070     -970     -890     -868     -823     -762     -750     -749 
    -704     -726     -816     -855     -922    -1053    -1158    -1267 
   -1417    -1579    -1719    -1846    -1998    -2110    -2178    -2276 
   -2359    -2374    -2346    -2277    -2162    -2019    -1842    -1626 
   -1382    -1170    -1024     -850     -645     -526     -464     -425 
    -421     -398     -382     -387     -405     -434     -449     -488 
    -596     -724     -857    -1024    -1197    -1351    -1499    -1634 
   -1746    -1833    -1926    -1999    -1996    -1984    -1960    -1891 
   -1854    -1826    -1768    -1732    -1721    -1732    -1742    -1733 
   -1734    -1757    -1813    -1871    -1902    -1966    -2049    -2064 
   -2031    -2029    -2043    -2018    -2016    -2074    -2123    -2169 
   -2246    -2296    -2299    -2295    -2255    -2154    -2014    -1858 
   -1701    -1489    -1267    -1129     -976     -810     -747     -712 
    -676     -719     -788     -819     -880    -1008    -1098    -1163 
   -1308    -1448    -1532    -1658    -1786    -1829    -1867    -1930 
   -1953    -1982    -2026    -2033    -2025    -1993    -1944    -1877 
   -1777    -1684    -1559    -1389    -1243    -1051     -824     -687 
    -558     -396     -314     -280     -225     -214     -230     -259 
    -319     -398     -496     -599     -712     -846     -984    -1098 
   -1166    -1233    -1286    -1266    -1258    -1250    -1162    -1085 
   -1016     -876     -728     -595     -442     -270      -65      103 
     261      475      610      675      774      793      727      645 
     506      333      152      -41     -272     -523     -734     -972 
   -1240    -1468    -1687    -1877    -2016    -2165    -2235    -2187 
   -2123    -2031    -1859    -1647    -1402    -1116     -800     -484 
    -180      117      402      641      843     1015     1119     1156 
    1135     1032      872      665      410      112     -217     -546 
    -886    -1247    -1564    -1850    -2166    -2455    -2673    -2884 
   -3100    -3221    -3264    -3315    -3314    -3206    -3063    -2884 
   -2624    -2324    -2041    -1761    -1480    -1243    -1028     -815 
    -665     -573     -508     -523     -595     -685     -846    -1070 
   -1340    -1637    -1930    -2245    -2548    -2841    -3152    -3395 
   -3554    -3678    -3759    -3784    -3738    -3628    -3504    -3338 
   -3119    -2917    -2708    -2469    -2253    -2022    -1776    -1575 
   -1398    -1239    -1131    -1116    -1166    -1223    -1352    -1554 
   -1729    -1903    -2126    -2351    -2548    -2754    -2960    -3117 
   -3230    -3335    -3438    -3515    -3532    -3520    -3495    -3397 
   -3225    -3029    -2803    -2540    -2284    -2034    -1796    -1622 
   -1474    -1321    -1227    -1154    -1073    -1051    -1057    -1038 
   -1059    -1140    -1228    -1316    -1440    -1617    -1792    -1939 
   -2116    -2290    -2405    -2509    -2604    -2631    -2602    -2551 
   -2450    -2270    -2064    -1849    -1595    -1300     -976     -660 
    -353      -62      168      379      556      642      673      672 
     599      445      263       58     -220     -519     -799    -1101 
   -1395    -1626    -1856    -2072    -2218    -2353    -2447    -2452 
   -2425    -2351    -2196    -2006    -1806    -1543    -1219     -919 
    -625     -319      -59      174      375      523      642      724 
     776      770      719      679      589      445      279       65 
    -125     -303     -549     -792    -1012    -1244    -1463    -1669 
   -1868    -2039    -2187    -2313    -2438    -2543    -2563    -2513 
   -2442    -2332    -2193    -2030    -1821    -1583    -1352    -1128 
    -895     -676     -488     -318     -189     -110      -47       -1 
     -17      -76     -160     -282     -430     -627     -896    -1204 
   -1528    -1867    -2234    -2589    -2891    -3150    -3342    -3458 
   -3524    -3530    -3483    -3403    -3284    -3127    -2944    -2709 
   -2417    -2128    -1872    -1610    -1340    -1124     -938     -757 
    -652     -583     -513     -496     -506     -513     -540     -610 
    -712     -824     -978    -1173    -1377    -1594    -1815    -2022 
   -2191    -2338    -2484    -2565    -2584    -2586    -2562    -2511 
   -2442    -2377    -2290    -2201    -2165    -2118    -2018    -1937 
   -1884    -1836    -1792    -1738    -1690    -1660    -1626    -1599 
   -1576    -1540    -1509    -1495    -1487    -1472    -1448    -1449 
   -1491    -1532    -1590    -1652    -1674    -1694    -1702    -1658 
   -1595    -1532    -1455    -1336    -1206    -1080     -908     -747 
    -615     -475     -357     -268     -201     -131      -32       49 
     112      205      318      411      481      566      643      679 
     692      689      635      535      442      321      151        5 
    -126     -263     -387     -510     -583     -639     -700     -677 
    -634     -614     -579     -535     -477     -430     -396     -363 
    -367     -387     -379     -391     -438     -467     -498     -562 
    -629     -696     -784     -911    -1058    -1201    -1363    -1530 
   -1694    -1841    -1958    -2087    -2220    -2336    -2427    -2504 
   -2578    -2617    -2627    -2621    -2612    -2594    -2559    -2546 
   -2528    -2479    -2457    -2442    -2423    -2413    -2421    -2425 
   -2405    -2421    -2435    -2394    -2389    -2412    -2394    -2361 
   -2358    -2373    -2366    -2376    -2421    -2452    -2465    -2496 
   -2520    -2506    -2493    -2488    -2446    -2361    -2286    -2214 
   -2089    -1946    -1845    -1745    -1609    -1483    -1387    -1282 
   -1170    -1058     -945     -847     -766     -688     -623     -557 
    -506     -486     -476     -481     -479     -448     -433     -418 
    -398     -378     -328     -272     -210     -117      -11      114 
     251      367      495      629      715      784      845      870 
     855      818      783      689      552      456      346      175 
       0     -182     -369     -531     -677     -843     -992    -1096 
   -1196    -1277    -1343    -1428    -1470    -1462    -1485    -1507 
   -1479    -1451    -1433    -1363    -1281    -1228    -1152    -1055 
    -981     -897     -769     -668     -598     -477     -370     -302 
    -203     -112      -29       40       47       52       71       58 
      47       17      -37      -59      -89     -151     -207     -263 
    -318     -360     -383     -395     -407     -376     -322     -297 
    -244     -180     -148      -90      -25        9       41       76 
      85       39      -23      -90     -180     -276     -391     -544 
    -679     -832    -1034    -1228    -1426    -1625    -1795    -1956 
   -2111    -2270    -2417    -2520    -2605    -2700    -2772    -2795 
   -2787    -2783    -2768    -2713    -2640    -2582    -2511    -2419 
   -2349    -2289    -2212    -2155    -2133    -2106    -2076    -2069 
   -2092    -2106    -2123    -2187    -2214    -2220    -2278    -2331 
   -2373    -2417    -2434    -2439    -2467    -2512    -2509    -2498 
   -2527    -2515    -2452    -2373    -2247    -2111    -2001    -1877 
   -1719    -1579    -1501    -1447    -1370    -1289    -1242    -1228 
   -1217    -1235    -1297    -1362    -1445    -1554    -1649    -1736 
   -1826    -1918    -2004    -2087    -2166    -2227    -2267    -2300 
   -2315    -2303    -2235    -2158    -2107    -2038    -1944    -1838 
   -1710    -1580    -1449    -1310    -1159    -1005     -877     -785 
    -728     -669     -622     -660     -722     -770     -888    -1024 
   -1142    -1294    -1457    -1611    -1764    -1922    -2081    -2203 
   -2308    -2394    -2411    -2398    -2367    -2284    -2172    -2064 
   -1948    -1777    -1614    -1480    -1262    -1021     -869     -702 
    -504     -380     -328     -279     -255     -301     -378     -468 
    -584     -689     -797     -915    -1013    -1100    -1163    -1210 
   -1243    -1242    -1216    -1171    -1107    -1046     -985     -889 
    -757     -626     -522     -425     -266     -114       -8      133 
     274      400      535      638      730      804      828      827 
     805      727      596      479      368      214       67      -65 
    -240     -414     -556     -726     -909    -1077    -1219    -1328 
   -1431    -1494    -1487    -1480    -1471    -1412    -1329    -1240 
   -1112     -954     -832     -718     -557     -411     -286     -157 
     -29       94      189      271      352      357      307      266 
     175        0     -186     -360     -558     -758     -939    -1129 
   -1291    -1402    -1509    -1609    -1667    -1701    -1722    -1684 
   -1603    -1540    -1467    -1360    -1267    -1210    -1113    -1016 
   -1004     -987     -940     -931     -947     -942     -911     -899 
    -900     -892     -903     -949     -994    -1026    -1096    -1185 
   -1255    -1316    -1374    -1431    -1479    -1516    -1539    -1537 
   -1544    -1557    -1551    -1533    -1501    -1460    -1410    -1334 
   -1242    -1154    -1088    -1044     -990     -947     -953     -953 
    -950     -985    -1023    -1057    -1105    -1161    -1204    -1227 
   -1282    -1344    -1377    -1449    -1541    -1598    -1690    -1819 
   -1908    -1993    -2123    -2199    -2223    -2301    -2374    -2367 
   -2371    -2425    -2415    -2351    -2340    -2319    -2231    -2154 
   -2100    -2050    -2033    -2025    -2004    -2038    -2087    -2111 
   -2191    -2253    -2227    -2223    -2255    -2242    -2192    -2161 
   -2151    -2139    -2118    -2073    -2043    -2038    -2004    -1979 
   -1968    -1907    -1852    -1846    -1806    -1721    -1669    -1626 
   -1547    -1483    -1443    -1359    -1271    -1237    -1196    -1139 
   -1129    -1146    -1146    -1151    -1185    -1213    -1225    -1246 
   -1281    -1305    -1289    -1298    -1348    -1366    -1345    -1329 
   -1352    -1360    -1306    -1278    -1289    -1270    -1247    -1215 
   -1144    -1078    -1039     -997     -940     -889     -820     -747 
    -704     -626     -523     -491     -444     -359     -340     -324 
    -261     -243     -263     -289     -303     -307     -340     -382 
    -414     -449     -475     -495     -506     -526     -542     -510 
    -483     -481     -453     -418     -425     -464     -491     -532 
    -602     -612     -585     -611     -633     -599     -557     -552 
    -573     -585     -585     -598     -626     -638     -633     -634 
    -618     -588     -575     -573     -553     -523     -540     -583 
    -594     -599     -635     -672     -685     -719     -761     -767 
    -776     -792     -803     -792     -767     -749     -715     -660 
    -589     -532     -490     -419     -357     -318     -271     -241 
    -224     -206     -182     -167     -210     -233     -221     -259 
    -307     -329     -357     -383     -376     -346     -329     -309 
    -282     -270     -257     -238     -237     -263     -274     -249 
    -252     -272     -240     -194     -176     -159     -128      -93 
     -67      -55      -44      -22        1        4      -25      -70 
    -135     -220     -324     -453     -592     -715     -832     -954 
   -1073    -1183    -1262    -1332    -1398    -1443    -1464    -1455 
   -1443    -1425    -1383    -1339    -1274    -1182    -1096    -1032 
    -962     -868     -784     -715     -641     -553     -468     -390 
    -322     -282     -268     -266     -286     -372     -508     -649 
    -804     -973    -1129    -1274    -1420    -1553    -1647    -1729 
   -1819    -1852    -1836    -1841    -1852    -1841    -1822    -1792 
   -1755    -1729    -1717    -1686    -1636    -1614    -1611    -1603 
   -1603    -1606    -1603    -1594    -1591    -1588    -1599    -1636 
   -1675    -1733    -1821    -1926    -2056    -2163    -2255    -2366 
   -2428    -2470    -2529    -2540    -2546    -2565    -2535    -2488 
   -2470    -2427    -2331    -2253    -2200    -2107    -1987    -1900 
   -1818    -1725    -1656    -1588    -1524    -1498    -1487    -1501 
   -1548    -1595    -1664    -1765    -1865    -1937    -2012    -2111 
   -2195    -2254    -2303    -2342    -2353    -2331    -2319    -2280 
   -2211    -2153    -2057    -1948    -1875    -1784    -1651    -1528 
   -1435    -1331    -1236    -1155    -1073    -1007     -950     -901 
    -858     -838     -869     -909     -943     -986    -1046    -1125 
   -1212    -1293    -1387    -1478    -1524    -1567    -1641    -1655 
   -1624    -1638    -1610    -1547    -1552    -1539    -1476    -1443 
   -1413    -1350    -1282    -1243    -1185    -1084    -1003     -954 
    -903     -864     -828     -793     -789     -810     -845     -886 
    -927    -1008    -1111    -1188    -1274    -1386    -1475    -1547 
   -1625    -1688    -1707    -1705    -1691    -1629    -1549    -1503 
   -1422    -1290    -1208    -1136     -992     -876     -835     -772 
    -688     -656     -648     -622     -646     -693     -728     -804 
    -884     -962    -1046    -1116    -1228    -1324    -1360    -1422 
   -1480    -1499    -1539    -1584    -1590    -1593    -1613    -1621 
   -1602    -1593    -1602    -1582    -1556    -1552    -1525    -1516 
   -1541    -1537    -1535    -1574    -1605    -1602    -1599    -1636 
   -1660    -1667    -1715    -1746    -1742    -1763    -1814    -1830 
   -1802    -1822    -1864    -1867    -1878    -1904    -1912    -1921 
   -1939    -1922    -1887    -1903    -1917    -1904    -1926    -1972 
   -2016    -2066    -2126    -2226    -2303    -2323    -2393    -2488 
   -2523    -2558    -2605    -2633    -2656    -2702    -2740    -2733 
   -2720    -2728    -2737    -2706    -2678    -2687    -2681    -2669 
   -2659    -2639    -2623    -2589    -2542    -2490    -2417    -2342 
   -2278    -2234    -2193    -2144    -2118    -2104    -2089    -2083 
   -2058    -2031    -2023    -2008    -2007    -2026    -2037    -2069 
   -2102    -2104    -2135    -2174    -2188    -2226    -2263    -2288 
   -2334    -2381    -2425    -2474    -2511    -2529    -2539    -2540 
   -2539    -2529    -2501    -2457    -2392    -2328    -2280    -2208 
   -2161    -2142    -2095    -2057    -2039    -2022    -2010    -1999 
   -2003    -2001    -1993    -2019    -2053    -2074    -2088    -2104 
   -2120    -2121    -2118    -2107    -2074    -2046    -2046    -2037 
   -2007    -2001    -2015    -2029    -2034    -2027    -2022    -2000 
   -1975    -1972    -1946    -1923    -1930    -1942    -1938    -1934 
   -1944    -1938    -1930    -1946    -1930    -1903    -1908    -1919 
   -1902    -1871    -1871    -1878    -1857    -1833    -1833    -1830 
   -1809    -1814    -1841    -1826    -1811    -1825    -1826    -1814 
   -1809    -1804    -1795    -1776    -1761    -1755    -1737    -1695 
   -1651    -1625    -1595    -1576    -1566    -1540    -1541    -1579 
   -1610    -1621    -1648    -1701    -1736    -1763    -1819    -1867 
   -1911    -1980    -2034    -2074    -2128    -2169    -2208    -2257 
   -2273    -2284    -2303    -2299    -2305    -2290    -2262    -2263 
   -2219    -2177    -2160    -2085    -2046    -2034    -1968    -1927 
   -1934    -1934    -1917    -1922    -1945    -1948    -1984    -2062 
   -2089    -2130    -2224    -2272    -2315    -2401    -2442    -2446 
   -2484    -2520    -2519    -2506    -2516    -2513    -2470    -2436 
   -2398    -2343    -2289    -2220    -2168    -2126    -2060    -2020 
   -1995    -1938    -1912    -1903    -1896    -1903    -1894    -1903 
   -1941    -1960    -1992    -2049    -2098    -2160    -2215    -2258 
   -2317    -2366    -2366    -2374    -2398    -2366    -2342    -2350 
   -2300    -2253    -2235    -2155    -2068    -2020    -1939    -1823 
   -1742    -1680    -1597    -1520    -1467    -1414    -1360    -1329 
   -1313    -1278    -1251    -1258    -1270    -1289    -1306    -1336 
   -1385    -1425    -1482    -1549    -1598    -1642    -1684    -1728 
   -1755    -1761    -1796    -1823    -1809    -1804    -1823    -1822 
   -1803    -1806    -1819    -1791    -1764    -1771    -1742    -1707 
   -1687    -1637    -1605    -1602    -1580    -1571    -1571    -1549 
   -1543    -1541    -1530    -1517    -1494    -1470    -1443    -1420 
   -1397    -1350    -1305    -1270    -1232    -1178    -1113    -1088 
   -1053     -978     -959     -963     -943     -945     -957     -978 
   -1008    -1028    -1063    -1107    -1131    -1169    -1201    -1205 
   -1229    -1262    -1277    -1287    -1286    -1279    -1259    -1228 
   -1233    -1244    -1215    -1178    -1150    -1107    -1073    -1053 
   -1016     -957     -901     -859     -828     -795     -757     -710 
    -653     -623     -611     -556     -510     -506     -476     -438 
    -442     -445     -432     -441     -468     -446     -418     -442 
    -414     -355     -355     -334     -303     -315     -297     -263 
    -246     -199     -170     -140      -64      -29       27      128 
     143      180      294      324      325      395      449      450 
     449      467      471      448      433      415      363      334 
     348      326      302      318      328      338      356      361 
     375      409      434      434      457      496      506      525 
     549      550      552      549      544      526      490      476 
     448      382      337      305      257      207      164      126 
      58        9        8      -37      -90      -99     -126     -163 
    -178     -178     -187     -186     -160     -149     -137      -93 
     -59      -27       11       25       60      116      141      162 
     194      210      207      202      211      210      178      171 
     178      151      143      141      106       90       87       58 
      18      -23      -65      -91     -117     -157     -180     -183 
    -198     -203     -186     -172     -153     -125     -112     -106 
     -97      -85      -70      -55      -41      -37      -35      -20 
     -28      -59      -72      -91     -126     -151     -178     -214 
    -232     -236     -244     -261     -257     -238     -248     -268 
    -272     -282     -289     -292     -310     -310     -289     -276 
    -249     -232     -238     -216     -178     -174     -162     -139 
    -139     -128     -102      -83      -64      -52      -51      -45 
     -47      -64      -56      -17       -1        1       37       59 
      62       75       59       41       43        9      -29      -71 
    -129     -174     -225     -295     -341     -379     -422     -464 
    -503     -546     -588     -612     -637     -668     -680     -680 
    -699     -707     -680     -662     -660     -635     -607     -602 
    -588     -540     -511     -500     -454     -405     -394     -367 
    -324     -317     -302     -261     -255     -275     -284     -284 
    -294     -310     -317     -332     -360     -368     -375     -413 
    -434     -425     -446     -481     -476     -483     -504     -468 
    -425     -433     -409     -351     -319     -301     -265     -244 
    -228     -197     -197     -214     -220     -243     -252     -259 
    -297     -329     -369     -418     -459     -525     -604     -652 
    -692     -756     -819     -866     -927     -987    -1017    -1034 
   -1062    -1090    -1090    -1074    -1070    -1067    -1036    -1008 
   -1000     -961     -928     -913     -872     -845     -827     -803 
    -815     -820     -805     -820     -857     -873     -859     -876 
    -913     -907     -920     -965     -974     -996    -1081    -1147 
   -1165    -1224    -1308    -1355    -1390    -1437    -1464    -1483 
   -1505    -1525    -1517    -1503    -1517    -1499    -1471    -1474 
   -1460    -1445    -1431    -1405    -1397    -1393    -1395    -1402 
   -1389    -1378    -1402    -1429    -1417    -1421    -1459    -1480 
   -1509    -1530    -1537    -1583    -1632    -1674    -1726    -1760 
   -1784    -1833    -1895    -1923    -1926    -1961    -1998    -2014 
   -2031    -2031    -2031    -2053    -2062    -2077    -2107    -2110 
   -2110    -2137    -2162    -2174    -2184    -2199    -2219    -2247 
   -2247    -2231    -2245    -2265    -2284    -2303    -2303    -2308 
   -2335    -2363    -2384    -2407    -2434    -2450    -2455    -2479 
   -2512    -2538    -2567    -2582    -2600    -2636    -2633    -2628 
   -2663    -2669    -2659    -2685    -2709    -2704    -2708    -2748 
   -2774    -2759    -2785    -2826    -2825    -2832    -2836    -2811 
   -2805    -2801    -2787    -2774    -2737    -2694    -2667    -2648 
   -2619    -2559    -2519    -2512    -2477    -2425    -2390    -2358 
   -2328    -2315    -2323    -2309    -2276    -2274    -2274    -2251 
   -2239    -2230    -2214    -2196    -2199    -2201    -2168    -2154 
   -2176    -2165    -2137    -2142    -2155    -2144    -2126    -2101 
   -2072    -2053    -2033    -2018    -2006    -1993    -1996    -1992 
   -2000    -2012    -2003    -2022    -2068    -2087    -2095    -2106 
   -2124    -2163    -2185    -2174    -2176    -2182    -2173    -2163 
   -2155    -2139    -2133    -2130    -2114    -2089    -2077    -2091 
   -2089    -2045    -2027    -2034    -2018    -2022    -2026    -1996 
   -1988    -2008    -1992    -1961    -1968    -1977    -1960    -1965 
   -1991    -1995    -1995    -2012    -2015    -1999    -2006    -2016 
   -1984    -1944    -1937    -1912    -1878    -1872    -1811    -1761 
   -1765    -1714    -1667    -1648    -1594    -1567    -1551    -1521 
   -1512    -1482    -1447    -1439    -1424    -1412    -1385    -1339 
   -1334    -1329    -1291    -1277    -1271    -1266    -1266    -1267 
   -1264    -1236    -1225    -1247    -1251    -1246    -1246    -1267 
   -1281    -1271    -1282    -1287    -1289    -1302    -1310    -1300 
   -1275    -1279    -1297    -1278    -1242    -1219    -1212    -1202 
   -1188    -1183    -1163    -1128    -1127    -1146    -1139    -1136 
   -1144    -1136    -1148    -1162    -1143    -1147    -1151    -1150 
   -1177    -1159    -1125    -1152    -1165    -1155    -1177    -1185 
   -1185    -1209    -1212    -1205    -1205    -1196    -1188    -1177 
   -1133    -1102    -1109    -1092    -1032    -1000    -1003     -957 
    -897     -896     -861     -788     -772     -769     -720     -670 
    -676     -668     -611     -576     -546     -510     -486     -446 
    -411     -394     -406     -422     -396     -407     -449     -444 
    -441     -471     -480     -475     -488     -502     -499     -513 
    -540     -535     -513     -537     -560     -531     -522     -548 
    -561     -540     -531     -577     -602     -596     -626     -650 
    -661     -689     -706     -708     -714     -728     -758     -756 
    -727     -733     -754     -776     -785     -773     -785     -804 
    -805     -815     -818     -814     -789     -764     -777     -774 
    -737     -728     -743     -741     -739     -754     -774     -797 
    -827     -861     -900     -936     -978    -1020    -1057    -1096 
   -1125    -1158    -1198    -1224    -1251    -1296    -1359    -1409 
   -1436    -1475    -1509    -1539    -1593    -1645    -1653    -1671 
   -1709    -1717    -1733    -1761    -1749    -1717    -1701    -1696 
   -1683    -1648    -1606    -1591    -1568    -1525    -1502    -1494 
   -1460    -1435    -1428    -1405    -1390    -1390    -1371    -1363 
   -1397    -1410    -1383    -1399    -1441    -1437    -1437    -1448 
   -1452    -1494    -1513    -1483    -1493    -1524    -1522    -1502 
   -1501    -1518    -1503    -1483    -1501    -1494    -1472    -1497 
   -1506    -1489    -1503    -1513    -1493    -1509    -1561    -1563 
   -1548    -1584    -1626    -1657    -1702    -1701    -1699    -1771 
   -1813    -1815    -1846    -1873    -1904    -1938    -1956    -1956 
   -1948    -1982    -2007    -1969    -1960    -1989    -1979    -1975 
   -1996    -1971    -1958    -1982    -1998    -2012    -1996    -1956 
   -1949    -1968    -1956    -1902    -1885    -1891    -1867    -1858 
   -1844    -1818    -1826    -1842    -1850    -1850    -1861    -1876 
   -1883    -1908    -1908    -1894    -1923    -1937    -1918    -1912 
   -1927    -1942    -1941    -1930    -1910    -1911    -1944    -1937 
   -1927    -1956    -1956    -1953    -1998    -2015    -1992    -2014 
   -2038    -2015    -2027    -2042    -2023    -2041    -2052    -2026 
   -2027    -2053    -2062    -2058    -2057    -2031    -1991    -1981 
   -1984    -1944    -1906    -1903    -1869    -1826    -1831    -1806 
   -1764    -1772    -1773    -1755    -1753    -1761    -1783    -1790 
   -1790    -1807    -1814    -1837    -1850    -1849    -1875    -1888 
   -1888    -1906    -1914    -1885    -1863    -1863    -1814    -1745 
   -1732    -1705    -1667    -1634    -1575    -1534    -1514    -1493 
   -1475    -1439    -1412    -1410    -1405    -1409    -1387    -1381 
   -1410    -1410    -1431    -1453    -1441    -1479    -1516    -1524 
   -1551    -1579    -1614    -1637    -1634    -1641    -1644    -1655 
   -1664    -1618    -1578    -1571    -1514    -1464    -1433    -1355 
   -1298    -1255    -1190    -1139    -1098    -1067    -1026    -1000 
   -1004     -970     -946     -962     -951     -943     -966     -969 
    -962     -976     -986    -1009    -1039    -1053    -1071    -1086 
   -1084    -1077    -1055    -1031     -993     -943     -905     -857 
    -792     -745     -697     -622     -556     -499     -423     -373 
    -346     -291     -263     -275     -271     -265     -288     -332 
    -344     -357     -405     -414     -422     -468     -488     -504 
    -529     -553     -572     -561     -575     -599     -573     -549 
    -540     -519     -499     -481     -442     -387     -337     -306 
    -295     -246     -172     -160     -136      -70      -56      -43 
      -5      -18      -47      -31      -36      -94     -131     -156 
    -195     -225     -263     -337     -386     -396     -441     -499 
    -526     -558     -579     -591     -610     -615     -611     -607 
    -592     -577     -548     -531     -526     -504     -495     -484 
    -461     -454     -434     -429     -442     -433     -425     -422 
    -445     -475     -460     -459     -479     -477     -493     -502 
    -488     -496     -504     -488     -457     -430     -433     -432 
    -398     -360     -329     -318     -322     -299     -282     -294 
    -283     -274     -288     -280     -268     -276     -288     -305 
    -314     -337     -360     -346     -352     -375     -378     -391 
    -392     -375     -379     -367     -348     -349     -329     -303 
    -301     -292     -271     -251     -240     -234     -238     -236 
    -236     -259     -263     -259     -298     -328     -324     -337 
    -379     -411     -430     -464     -502     -510     -546     -610 
    -603     -577     -642     -680     -649     -685     -734     -726 
    -743     -793     -819     -819     -837     -864     -876     -889 
    -912     -946     -976     -994    -1030    -1070    -1101    -1140 
   -1190    -1246    -1286    -1296    -1329    -1393    -1436    -1464 
   -1513    -1543    -1543    -1579    -1611    -1587    -1587    -1609 
   -1599    -1605    -1622    -1617    -1629    -1637    -1622    -1630 
   -1656    -1687    -1709    -1719    -1748    -1776    -1811    -1856 
   -1887    -1910    -1930    -1971    -2029    -2053    -2066    -2106 
   -2119    -2138    -2193    -2204    -2182    -2191    -2196    -2168 
   -2151    -2163    -2130    -2085    -2079    -2062    -2042    -2015 
   -1971    -1956    -1941    -1918    -1921    -1912    -1906    -1922 
   -1930    -1934    -1938    -1944    -1958    -1964    -1977    -2003 
   -2019    -2038    -2050    -2061    -2085    -2093    -2110    -2139 
   -2135    -2124    -2120    -2118    -2115    -2089    -2076    -2074 
   -2052    -2049    -2046    -2027    -2026    -2038    -2066    -2079 
   -2079    -2121    -2169    -2189    -2239    -2285    -2311    -2359 
   -2411    -2452    -2494    -2535    -2565    -2597    -2632    -2646 
   -2652    -2668    -2673    -2651    -2643    -2644    -2616    -2610 
   -2606    -2560    -2542    -2517    -2477    -2459    -2425    -2408 
   -2398    -2362    -2358    -2370    -2367    -2354    -2355    -2381 
   -2394    -2412    -2438    -2459    -2488    -2511    -2539    -2565 
   -2584    -2612    -2643    -2663    -2636    -2640    -2691    -2677 
   -2639    -2625    -2604    -2593    -2574    -2546    -2520    -2470 
   -2438    -2442    -2428    -2385    -2362    -2366    -2335    -2309 
   -2327    -2328    -2323    -2323    -2324    -2334    -2330    -2319 
   -2316    -2311    -2286    -2251    -2224    -2185    -2130    -2076 
   -2020    -1948    -1876    -1819    -1744    -1661    -1611    -1560 
   -1491    -1449    -1431    -1394    -1341    -1332    -1351    -1327 
   -1290    -1308    -1336    -1336    -1336    -1341    -1364    -1398 
   -1416    -1443    -1468    -1464    -1470    -1494    -1506    -1478 
   -1474    -1491    -1456    -1420    -1391    -1358    -1340    -1290 
   -1240    -1219    -1170    -1113    -1085    -1065    -1017     -976 
    -989     -982     -934     -923     -931     -907     -896     -918 
    -924     -909     -895     -903     -920     -896     -885     -912 
    -915     -900     -884     -869     -858     -823     -818     -822 
    -749     -704     -712     -677     -629     -594     -577     -546 
    -503     -496     -441     -399     -441     -430     -394     -419 
    -436     -413     -409     -432     -453     -483     -504     -495 
    -500     -545     -565     -553     -579     -615     -606     -596 
    -621     -634     -607     -596     -607     -576     -532     -515 
    -496     -448     -403     -411     -380     -305     -305     -297 
    -252     -261     -253     -221     -234     -272     -283     -271 
    -298     -351     -367     -378     -409     -430     -432     -432 
    -440     -442     -425     -414     -417     -399     -379     -372 
    -344     -325     -344     -328     -283     -275     -263     -241 
    -230     -222     -220     -199     -182     -195     -197     -183 
    -186     -195     -182     -180     -210     -202     -201     -232 
    -241     -243     -256     -263     -265     -282     -278     -244 
    -246     -253     -241     -240     -225     -220     -216     -195 
    -197     -184     -159     -163     -178     -170     -156     -182 
    -199     -189     -201     -225     -243     -270     -324     -369 
    -382     -429     -500     -532     -573     -631     -653     -673 
    -704     -722     -731     -737     -749     -747     -723     -720 
    -727     -710     -697     -707     -711     -704     -720     -733 
    -724     -745     -781     -796     -814     -828     -850     -886 
    -900     -907     -938     -969     -989    -1008    -1023    -1046 
   -1078    -1097    -1123    -1167    -1185    -1188    -1235    -1263 
   -1232    -1263    -1305    -1271    -1291    -1351    -1341    -1336 
   -1389    -1410    -1399    -1443    -1487    -1491    -1512    -1552 
   -1572    -1591    -1632    -1630    -1606    -1640    -1680    -1667 
   -1640    -1667    -1688    -1657    -1674    -1698    -1669    -1675 
   -1714    -1710    -1686    -1714    -1736    -1715    -1737    -1759 
   -1748    -1763    -1773    -1765    -1776    -1809    -1826    -1802 
   -1792    -1836    -1846    -1825    -1861    -1899    -1884    -1887 
   -1915    -1942    -1956    -1975    -2016    -2031    -2029    -2057 
   -2097    -2123    -2116    -2120    -2155    -2158    -2157    -2173 
   -2176    -2177    -2185    -2204    -2208    -2200    -2223    -2246 
   -2246    -2254    -2280    -2282    -2286    -2326    -2343    -2346 
   -2371    -2398    -2409    -2415    -2448    -2463    -2439    -2448 
   -2479    -2478    -2454    -2465    -2489    -2447    -2423    -2438 
   -2409    -2384    -2377    -2353    -2328    -2309    -2292    -2285 
   -2270    -2251    -2253    -2245    -2232    -2231    -2211    -2188 
   -2199    -2203    -2151    -2115    -2126    -2107    -2073    -2056 
   -2034    -2016    -1998    -1999    -1998    -1984    -1989    -1982 
   -1968    -1965    -1969    -1988    -1982    -1966    -1981    -1975 
   -1949    -1958    -1954    -1926    -1907    -1903    -1881    -1830 
   -1806    -1787    -1737    -1717    -1701    -1645    -1632    -1632 
   -1576    -1549    -1561    -1522    -1490    -1518    -1530    -1502 
   -1502    -1520    -1499    -1501    -1533    -1528    -1517    -1528 
   -1547    -1552    -1528    -1545    -1563    -1520    -1499    -1505 
   -1493    -1480    -1452    -1405    -1387    -1387    -1363    -1339 
   -1316    -1305    -1327    -1291    -1258    -1289    -1274    -1242 
   -1239    -1247    -1255    -1223    -1210    -1208    -1174    -1179 
   -1173    -1143    -1144    -1123    -1112    -1125    -1107    -1098 
   -1105    -1090    -1055    -1043    -1060    -1046     -993     -977 
    -986     -954     -942     -945     -901     -877     -877     -857 
    -831     -812     -822     -797     -747     -737     -715     -702 
    -681     -611     -591     -573     -511     -495     -481     -436 
    -413     -425     -415     -368     -387     -417     -375     -376 
    -409     -413     -445     -461     -453     -464     -472     -488 
    -499     -486     -510     -529     -523     -537     -537     -535 
    -550     -561     -579     -581     -561     -565     -584     -579 
    -569     -579     -583     -573     -583     -587     -571     -581 
    -599     -589     -603     -634     -637     -650     -661     -656 
    -654     -634     -630     -626     -594     -585     -579     -564 
    -556     -540     -515     -479     -460     -459     -436     -419 
    -438     -440     -413     -433     -461     -438     -446     -493 
    -515     -519     -538     -576     -591     -614     -668     -688 
    -697     -722     -737     -739     -735     -751     -764     -749 
    -749     -757     -745     -718     -706     -687     -654     -680 
    -699     -677     -695     -731     -735     -715     -754     -831 
    -820     -803     -862     -892     -911     -959     -981    -1003 
   -1035    -1062    -1096    -1107    -1124    -1185    -1204    -1166 
   -1178    -1242    -1256    -1212    -1213    -1251    -1220    -1208 
   -1243    -1232    -1213    -1224    -1246    -1239    -1223    -1259 
   -1281    -1270    -1285    -1310    -1327    -1345    -1364    -1394 
   -1420    -1410    -1420    -1449    -1440    -1440    -1449    -1448 
   -1456    -1441    -1428    -1435    -1435    -1422    -1405    -1395 
   -1379    -1375    -1377    -1356    -1366    -1371    -1344    -1363 
   -1391    -1382    -1389    -1398    -1402    -1431    -1426    -1413 
   -1466    -1494    -1464    -1448    -1453    -1457    -1444    -1444 
   -1449    -1410    -1379    -1402    -1398    -1341    -1336    -1362 
   -1337    -1336    -1351    -1324    -1334    -1371    -1343    -1345 
   -1429    -1453    -1428    -1470    -1516    -1524    -1548    -1590 
   -1625    -1651    -1672    -1686    -1707    -1729    -1725    -1718 
   -1722    -1732    -1748    -1755    -1733    -1699    -1698    -1707 
   -1682    -1663    -1665    -1637    -1614    -1638    -1632    -1599 
   -1617    -1621    -1575    -1576    -1594    -1579    -1591    -1586 
   -1553    -1586    -1606    -1583    -1597    -1602    -1590    -1606 
   -1624    -1611    -1601    -1606    -1593    -1588    -1591    -1563 
   -1554    -1561    -1561    -1551    -1518    -1526    -1533    -1493 
   -1495    -1517    -1499    -1486    -1490    -1487    -1463    -1440 
   -1441    -1452    -1453    -1437    -1436    -1453    -1471    -1468 
   -1460    -1470    -1497    -1526    -1514    -1501    -1524    -1528 
   -1528    -1539    -1534    -1512    -1489    -1498    -1503    -1456 
   -1421    -1428    -1404    -1363    -1352    -1320    -1291    -1300 
   -1281    -1243    -1225    -1232    -1235    -1202    -1183    -1204 
   -1208    -1208    -1210    -1197    -1205    -1223    -1225    -1250 
   -1246    -1205    -1208    -1242    -1228    -1194    -1204    -1196 
   -1146    -1151    -1171    -1120    -1094    -1116    -1101    -1070 
   -1055    -1055    -1053    -1051    -1069    -1059    -1044    -1073 
   -1084    -1065    -1078    -1117    -1119    -1085    -1109    -1161 
   -1146    -1136    -1167    -1171    -1170    -1185    -1189    -1202 
   -1215    -1221    -1230    -1223    -1225    -1243    -1230    -1221 
   -1232    -1242    -1256    -1262    -1259    -1264    -1271    -1282 
   -1301    -1308    -1304    -1306    -1327    -1340    -1331    -1345 
   -1358    -1345    -1381    -1402    -1360    -1359    -1389    -1394 
   -1405    -1416    -1414    -1405    -1414    -1453    -1447    -1429 
   -1470    -1478    -1459    -1490    -1507    -1501    -1520    -1543 
   -1545    -1534    -1557    -1594    -1594    -1587    -1572    -1571 
   -1622    -1634    -1587    -1578    -1594    -1609    -1620    -1618 
   -1620    -1611    -1606    -1624    -1628    -1626    -1626    -1630 
   -1652    -1644    -1628    -1649    -1651    -1644    -1651    -1647 
   -1645    -1644    -1653    -1655    -1632    -1645    -1655    -1626 
   -1621    -1629    -1605    -1584    -1610    -1610    -1564    -1553 
   -1575    -1580    -1568    -1544    -1535    -1547    -1539    -1514 
   -1499    -1490    -1464    -1456    -1462    -1431    -1386    -1355 
   -1356    -1354    -1306    -1290    -1313    -1296    -1266    -1266 
   -1269    -1259    -1267    -1290    -1282    -1247    -1254    -1301 
   -1291    -1251    -1279    -1291    -1259    -1264    -1281    -1262 
   -1254    -1279    -1263    -1237    -1250    -1228    -1227    -1242 
   -1197    -1170    -1170    -1147    -1115    -1100    -1102    -1077 
   -1053    -1063    -1048    -1021    -1026    -1026    -1009    -1021 
   -1039    -1036    -1057    -1075    -1060    -1057    -1104    -1136 
   -1113    -1116    -1123    -1140    -1174    -1140    -1121    -1151 
   -1138    -1107    -1092    -1075    -1059    -1042    -1011     -994 
    -980     -949     -934     -923     -922     -934     -932     -935 
    -946     -958     -980    -1011    -1034    -1047    -1074    -1090 
   -1117    -1162    -1161    -1177    -1220    -1223    -1229    -1247 
   -1232    -1215    -1223    -1221    -1196    -1194    -1194    -1151 
   -1123    -1140    -1132    -1107    -1128    -1146    -1117    -1127 
   -1155    -1150    -1167    -1189    -1198    -1227    -1224    -1223 
   -1259    -1266    -1250    -1252    -1264    -1267    -1262    -1251 
   -1244    -1242    -1232    -1227    -1206    -1190    -1192    -1173 
   -1171    -1161    -1129    -1147    -1143    -1111    -1129    -1140 
   -1133    -1151    -1166    -1169    -1167    -1173    -1173    -1174 
   -1189    -1178    -1166    -1179    -1169    -1140    -1142    -1144 
   -1129    -1121    -1102    -1088    -1104    -1093    -1062    -1074 
   -1081    -1058    -1047    -1048    -1034    -1007    -1015    -1016 
    -965     -955    -1000     -994     -953     -967     -993     -966 
    -974    -1017    -1023    -1036    -1063    -1077    -1094    -1107 
   -1143    -1182    -1171    -1185    -1225    -1235    -1264    -1271 
   -1243    -1263    -1289    -1294    -1281    -1259    -1273    -1267 
   -1264    -1291    -1271    -1260    -1279    -1267    -1279    -1308 
   -1324    -1341    -1344    -1358    -1383    -1391    -1401    -1405 
   -1409    -1410    -1385    -1370    -1371    -1347    -1308    -1286 
   -1289    -1287    -1236    -1181    -1182    -1174    -1133    -1121 
   -1102    -1088    -1094    -1069    -1053    -1071    -1078    -1090 
   -1105    -1104    -1100    -1105    -1133    -1159    -1158    -1151 
   -1150    -1162    -1158    -1131    -1139    -1133    -1093    -1107 
   -1116    -1074    -1048    -1053    -1053    -1017    -1019    -1059 
   -1031    -1000    -1026    -1067    -1078    -1046    -1071    -1121 
   -1117    -1129    -1143    -1138    -1151    -1171    -1177    -1156 
   -1158    -1178    -1169    -1158    -1161    -1159    -1143    -1139 
   -1154    -1146    -1127    -1135    -1135    -1124    -1133    -1129 
   -1112    -1112    -1117    -1117    -1100    -1080    -1092    -1081 
   -1047    -1046    -1046    -1036    -1013     -986     -985     -967 
    -936     -932     -935     -913     -877     -899     -940     -877 
    -837     -893     -882     -858     -881     -854     -841     -873 
    -872     -854     -849     -859     -874     -862     -864     -877 
    -868     -864     -880     -884     -861     -862     -908     -919 
    -903     -918     -938     -962    -1000    -1020    -1017    -1035 
   -1071    -1085    -1092    -1117    -1121    -1120    -1136    -1154 
   -1174    -1178    -1182    -1179    -1163    -1188    -1216    -1208 
   -1212    -1227    -1229    -1230    -1228    -1230    -1244    -1250 
   -1250    -1248    -1247    -1262    -1263    -1250    -1251    -1266 
   -1277    -1262    -1267    -1306    -1302    -1281    -1304    -1339 
   -1345    -1336    -1354    -1371    -1372    -1385    -1402    -1409 
   -1409    -1412    -1405    -1398    -1416    -1425    -1413    -1398 
   -1397    -1402    -1405    -1402    -1402    -1412    -1408    -1405 
   -1429    -1437    -1439    -1460    -1482    -1476    -1470    -1494 
   -1518    -1517    -1521    -1524    -1514    -1528    -1528    -1499 
   -1513    -1532    -1494    -1479    -1498    -1471    -1444    -1453 
   -1444    -1425    -1402    -1371    -1366    -1359    -1347    -1331 
   -1294    -1279    -1274    -1243    -1230    -1220    -1192    -1185 
   -1196    -1182    -1159    -1175    -1185    -1165    -1170    -1182 
   -1196    -1220    -1217    -1227    -1250    -1278    -1308    -1300 
   -1324    -1375    -1352    -1331    -1383    -1417    -1405    -1402 
   -1422    -1440    -1437    -1449    -1472    -1456    -1457    -1497 
   -1503    -1501    -1512    -1530    -1552    -1582    -1606    -1591 
   -1614    -1658    -1649    -1680    -1705    -1695    -1745    -1773 
   -1759    -1772    -1779    -1773    -1769    -1763    -1757    -1744 
   -1752    -1753    -1721    -1725    -1715    -1675    -1682    -1694 
   -1674    -1648    -1648    -1658    -1648    -1649    -1671    -1667 
   -1671    -1695    -1691    -1677    -1683    -1701    -1728    -1740 
   -1726    -1726    -1742    -1759    -1744    -1701    -1695    -1702 
   -1677    -1669    -1671    -1653    -1647    -1656    -1628    -1593 
   -1591    -1586    -1574    -1535    -1502    -1517    -1509    -1505 
   -1505    -1472    -1468    -1480    -1455    -1441    -1448    -1431 
   -1431    -1462    -1453    -1410    -1412    -1440    -1401    -1355 
   -1374    -1379    -1375    -1401    -1401    -1364    -1339    -1337 
   -1336    -1304    -1290    -1324    -1317    -1301    -1321    -1293 
   -1250    -1246    -1240    -1220    -1182    -1167    -1189    -1166 
   -1123    -1138    -1138    -1089    -1096    -1125    -1081    -1065 
   -1088    -1078    -1077    -1088    -1077    -1070    -1085    -1088 
   -1078    -1084    -1080    -1075    -1086    -1097    -1107    -1098 
   -1101    -1113    -1107    -1107    -1112    -1113    -1119    -1132 
   -1152    -1150    -1166    -1220    -1227    -1219    -1252    -1252 
   -1251    -1305    -1333    -1325    -1350    -1389    -1389    -1397 
   -1429    -1421    -1412    -1428    -1429    -1404    -1382    -1410 
   -1409    -1360    -1354    -1333    -1294    -1298    -1300    -1275 
   -1244    -1239    -1252    -1228    -1213    -1223    -1206    -1217 
   -1246    -1240    -1242    -1260    -1275    -1264    -1269    -1314 
   -1323    -1321    -1364    -1360    -1344    -1366    -1359    -1367 
   -1378    -1367    -1370    -1355    -1355    -1358    -1305    -1290 
   -1328    -1317    -1301    -1323    -1314    -1321    -1341    -1328 
   -1329    -1337    -1354    -1386    -1386    -1398    -1418    -1421 
   -1431    -1441    -1463    -1457    -1420    -1425    -1437    -1418 
   -1402    -1401    -1395    -1362    -1336    -1314    -1270    -1240 
   -1220    -1193    -1158    -1132    -1119    -1080    -1065    -1063 
   -1032    -1019    -1023    -1019    -1015    -1023    -1035    -1032 
   -1024    -1021    -1024    -1039    -1046    -1038    -1053    -1071 
   -1069    -1097    -1100    -1043    -1051    -1107    -1090    -1042 
   -1034    -1028    -1000     -973     -959     -962     -958     -927 
    -908     -913     -895     -859     -851     -853     -866     -888 
    -889     -903     -922     -918     -940     -973     -965     -949 
    -973    -1011    -1000     -982    -1004    -1003    -1000    -1009 
    -990     -984     -985     -977     -989     -974     -923     -922 
    -926     -888     -886     -881     -859     -880     -880     -876 
    -892     -896     -931     -973     -967     -966    -1000    -1038 
   -1058    -1062    -1081    -1119    -1136    -1146    -1171    -1175 
   -1171    -1192    -1206    -1196    -1175    -1161    -1152    -1144 
   -1144    -1128    -1131    -1173    -1148    -1115    -1138    -1139 
   -1135    -1136    -1127    -1148    -1170    -1167    -1177    -1197 
   -1201    -1210    -1239    -1256    -1263    -1260    -1260    -1285 
   -1277    -1258    -1274    -1256    -1239    -1236    -1201    -1198 
   -1206    -1177    -1154    -1154    -1156    -1127    -1105    -1123 
   -1105    -1085    -1104    -1101    -1086    -1071    -1084    -1151 
   -1169    -1138    -1161    -1189    -1181    -1156    -1159    -1189 
   -1189    -1183    -1204    -1223    -1216    -1205    -1210    -1182 
   -1135    -1135    -1135    -1102    -1101    -1119    -1101    -1104 
   -1136    -1105    -1069    -1090    -1094    -1086    -1097    -1101 
   -1105    -1131    -1158    -1159    -1167    -1166    -1155    -1170 
   -1171    -1162    -1162    -1150    -1151    -1175    -1169    -1138 
   -1136    -1155    -1159    -1146    -1139    -1161    -1162    -1161 
   -1200    -1215    -1212    -1256    -1285    -1279    -1285    -1290 
   -1305    -1327    -1343    -1382    -1389    -1371    -1405    -1405 
   -1382    -1420    -1413    -1383    -1414    -1426    -1408    -1417 
   -1431    -1433    -1436    -1420    -1418    -1452    -1441    -1416 
   -1437    -1451    -1453    -1459    -1463    -1471    -1463    -1475 
   -1507    -1516    -1528    -1548    -1570    -1587    -1590    -1599 
   -1613    -1647    -1645    -1603    -1630    -1660    -1640    -1648 
   -1667    -1653    -1628    -1642    -1648    -1610    -1601    -1584 
   -1549    -1545    -1532    -1514    -1512    -1479    -1444    -1416 
   -1390    -1372    -1350    -1347    -1354    -1352    -1345    -1316 
   -1316    -1328    -1302    -1308    -1325    -1300    -1296    -1308 
   -1304    -1297    -1305    -1323    -1304    -1290    -1314    -1304 
   -1274    -1290    -1325    -1324    -1308    -1321    -1341    -1334 
   -1324    -1325    -1316    -1318    -1321    -1290    -1278    -1285 
   -1297    -1291    -1242    -1250    -1282    -1230    -1216    -1250 
   -1223    -1205    -1251    -1262    -1205    -1206    -1270    -1248 
   -1206    -1244    -1266    -1240    -1236    -1250    -1246    -1237 
   -1262    -1291    -1290    -1278    -1275    -1279    -1305    -1320 
   -1293    -1302    -1332    -1305    -1279    -1277    -1256    -1242 
   -1254    -1267    -1237    -1212    -1237    -1254    -1247    -1240 
   -1236    -1227    -1235    -1263    -1259    -1254    -1277    -1289 
   -1291    -1296    -1324    -1345    -1336    -1352    -1370    -1372 
   -1393    -1405    -1405    -1408    -1404    -1397    -1397    -1397 
   -1378    -1359    -1352    -1350    -1351    -1328    -1300    -1298 
   -1285    -1289    -1298    -1259    -1246    -1269    -1275    -1270 
   -1258    -1274    -1290    -1277    -1282    -1294    -1279    -1274 
   -1293    -1304    -1300    -1314    -1331    -1327    -1321    -1327 
   -1316    -1294    -1300    -1297    -1258    -1247    -1255    -1229 
   -1224    -1254    -1227    -1185    -1209    -1220    -1198    -1215 
   -1237    -1250    -1256    -1258    -1263    -1266    -1282    -1294 
   -1289    -1305    -1327    -1329    -1355    -1368    -1340    -1339 
   -1363    -1367    -1351    -1332    -1323    -1324    -1329    -1304 
   -1273    -1289    -1301    -1270    -1259    -1271    -1246    -1227 
   -1256    -1259    -1228    -1230    -1247    -1250    -1275    -1281 
   -1267    -1300    -1334    -1334    -1324    -1325    -1339    -1347 
   -1359    -1355    -1344    -1352    -1352    -1351    -1340    -1316 
   -1320    -1321    -1308    -1300    -1285    -1285    -1281    -1266 
   -1285    -1289    -1260    -1259    -1260    -1267    -1287    -1285 
   -1300    -1333    -1336    -1334    -1337    -1359    -1381    -1385 
   -1393    -1379    -1374    -1389    -1399    -1409    -1379    -1347 
   -1372    -1382    -1371    -1367    -1351    -1337    -1343    -1356 
   -1336    -1308    -1321    -1331    -1331    -1318    -1312    -1327 
   -1332    -1355    -1363    -1333    -1354    -1378    -1354    -1362 
   -1390    -1379    -1374    -1404    -1413    -1381    -1352    -1377 
   -1382    -1329    -1336    -1354    -1324    -1336    -1336    -1312 
   -1312    -1308    -1317    -1313    -1301    -1310    -1324    -1340 
   -1318    -1293    -1312    -1305    -1291    -1313    -1305    -1277 
   -1291    -1306    -1291    -1279    -1282    -1289    -1258    -1233 
   -1267    -1263    -1229    -1232    -1225    -1209    -1209    -1230 
   -1242    -1215    -1219    -1246    -1255    -1259    -1260    -1275 
   -1282    -1293    -1308    -1293    -1301    -1325    -1336    -1358 
   -1383    -1397    -1389    -1398    -1440    -1441    -1431    -1451 
   -1435    -1422    -1444    -1443    -1437    -1418    -1405    -1421 
   -1386    -1377    -1404    -1362    -1354    -1371    -1345    -1343 
   -1337    -1324    -1329    -1339    -1348    -1334    -1308    -1324 
   -1375    -1345    -1313    -1378    -1385    -1350    -1366    -1368 
   -1386    -1410    -1393    -1372    -1370    -1386    -1389    -1364 
   -1354    -1337    -1300    -1302    -1334    -1298    -1240    -1262 
   -1286    -1260    -1239    -1254    -1264    -1262    -1281    -1279 
   -1263    -1296    -1331    -1348    -1348    -1351    -1379    -1364 
   -1374    -1426    -1395    -1383    -1435    -1422    -1386    -1405 
   -1421    -1391    -1377    -1377    -1318    -1297    -1351    -1305 
   -1230    -1250    -1256    -1250    -1240    -1204    -1200    -1219 
   -1223    -1212    -1215    -1235    -1243    -1262    -1287    -1281 
   -1274    -1287    -1279    -1277    -1282    -1281    -1300    -1294 
   -1282    -1289    -1262    -1264    -1282    -1266    -1235    -1190 
   -1215    -1227    -1167    -1182    -1197    -1165    -1181    -1175 
   -1155    -1182    -1194    -1167    -1154    -1182    -1213    -1205 
   -1197    -1217    -1235    -1246    -1239    -1217    -1236    -1243 
   -1230    -1254    -1267    -1250    -1229    -1252    -1269    -1224 
   -1240    -1277    -1223    -1209    -1251    -1224    -1193    -1232 
   -1242    -1185    -1170    -1198    -1198    -1161    -1147    -1181 
   -1171    -1150    -1194    -1192    -1156    -1192    -1221    -1188 
   -1166    -1185    -1200    -1202    -1205    -1202    -1200    -1193 
   -1193    -1169    -1117    -1111    -1125    -1112    -1101    -1097 
   -1077    -1065    -1067    -1034    -1003    -1024    -1039    -1021 
   -1009    -1024    -1036    -1028    -1039    -1053    -1021     -999 
   -1021    -1043    -1023    -1004    -1035    -1035    -1012    -1030 
   -1012     -974     -981     -976     -946     -934     -926     -926 
    -927     -890     -864     -869     -874     -859     -830     -847 
    -876     -866     -884     -907     -908     -916     -923     -942 
    -951     -954     -976     -993    -1015    -1031    -1036    -1035 
   -1043    -1073    -1059    -1053    -1100    -1097    -1065    -1069 
   -1094    -1081    -1053    -1093    -1089    -1043    -1065    -1060 
   -1039    -1062    -1073    -1078    -1073    -1067    -1119    -1129 
   -1089    -1117    -1155    -1159    -1175    -1182    -1190    -1219 
   -1243    -1242    -1229    -1248    -1278    -1275    -1244    -1236 
   -1263    -1262    -1235    -1220    -1225    -1235    -1217    -1225 
   -1251    -1247    -1227    -1209    -1224    -1236    -1219    -1227 
   -1252    -1252    -1240    -1246    -1266    -1277    -1293    -1310 
   -1298    -1290    -1302    -1313    -1321    -1320    -1320    -1321 
   -1317    -1323    -1302    -1277    -1278    -1287    -1291    -1262 
   -1248    -1246    -1223    -1247    -1240    -1183    -1197    -1212 
   -1185    -1189    -1193    -1170    -1159    -1178    -1185    -1178 
   -1197    -1202    -1200    -1221    -1221    -1227    -1264    -1267 
   -1264    -1316    -1332    -1313    -1339    -1356    -1352    -1345 
   -1325    -1337    -1364    -1348    -1317    -1333    -1345    -1318 
   -1316    -1316    -1300    -1300    -1286    -1294    -1302    -1279 
   -1300    -1327    -1317    -1313    -1316    -1324    -1333    -1344 
   -1347    -1337    -1339    -1356    -1363    -1328    -1317    -1334 
   -1324    -1321    -1314    -1294    -1287    -1278    -1287    -1304 
   -1282    -1259    -1278    -1316    -1312    -1297    -1317    -1316 
   -1328    -1359    -1331    -1318    -1347    -1345    -1344    -1372 
   -1394    -1385    -1383    -1401    -1412    -1412    -1397    -1417 
   -1429    -1394    -1418    -1453    -1422    -1409    -1433    -1439 
   -1412    -1404    -1460    -1491    -1467    -1470    -1483    -1503 
   -1520    -1495    -1497    -1512    -1502    -1480    -1468    -1505 
   -1514    -1478    -1480    -1482    -1474    -1476    -1449    -1431 
   -1431    -1410    -1391    -1382    -1382    -1385    -1375    -1348 
   -1329    -1333    -1348    -1352    -1334    -1336    -1354    -1354 
   -1347    -1321    -1320    -1337    -1308    -1304    -1337    -1328 
   -1329    -1348    -1333    -1316    -1325    -1328    -1297    -1296 
   -1321    -1290    -1269    -1302    -1301    -1290    -1301    -1278 
   -1256    -1269    -1271    -1266    -1274    -1266    -1225    -1223 
   -1264    -1244    -1204    -1220    -1221    -1224    -1233    -1232 
   -1251    -1235    -1212    -1239    -1243    -1225    -1200    -1185 
   -1209    -1196    -1171    -1194    -1181    -1158    -1171    -1159 
   -1151    -1156    -1143    -1136    -1115    -1097    -1123    -1123 
   -1088    -1090    -1107    -1098    -1094    -1098    -1092    -1109 
   -1139    -1128    -1124    -1148    -1152    -1162    -1170    -1155 
   -1154    -1166    -1189    -1179    -1144    -1152    -1147    -1105 
   -1097    -1133    -1142    -1094    -1074    -1085    -1069    -1067 
   -1070    -1057    -1055    -1042    -1028    -1046    -1059    -1058 
   -1059    -1084    -1094    -1080    -1102    -1150    -1139    -1107 
   -1148    -1188    -1177    -1178    -1178    -1183    -1193    -1190 
   -1189    -1162    -1138    -1144    -1136    -1123    -1117    -1102 
   -1089    -1096    -1120    -1102    -1055    -1089    -1124    -1090 
   -1100    -1136    -1128    -1148    -1175    -1152    -1140    -1175 
   -1221    -1201    -1178    -1223    -1224    -1216    -1260    -1243 
   -1205    -1215    -1224    -1225    -1202    -1173    -1173    -1177 
   -1178    -1155    -1132    -1162    -1167    -1121    -1117    -1129 
   -1107    -1104    -1124    -1124    -1107    -1107    -1116    -1105 
   -1097    -1101    -1115    -1119    -1119    -1133    -1127    -1131 
   -1178    -1155    -1132    -1185    -1189    -1188    -1212    -1197 
   -1197    -1209    -1229    -1255    -1205    -1182    -1269    -1270 
   -1205    -1244    -1264    -1232    -1243    -1233    -1205    -1208 
   -1239    -1236    -1200    -1215    -1239    -1250    -1254    -1228 
   -1242    -1251    -1233    -1271    -1285    -1264    -1302    -1336 
   -1323    -1313    -1327    -1340    -1359    -1393    -1390    -1356 
   -1382    -1436    -1417    -1398    -1431    -1421    -1404    -1416 
   -1401    -1414    -1445    -1416    -1405    -1422    -1417    -1425 
   -1439    -1440    -1426    -1414    -1421    -1428    -1435    -1448 
   -1471    -1475    -1457    -1462    -1472    -1495    -1526    -1524 
   -1522    -1526    -1528    -1556    -1553    -1532    -1540    -1534 
   -1552    -1571    -1532    -1528    -1559    -1545    -1534    -1524 
   -1503    -1514    -1521    -1509    -1495    -1497    -1507    -1487 
   -1486    -1518    -1514    -1493    -1514    -1537    -1525    -1539 
   -1571    -1560    -1568    -1603    -1602    -1599    -1621    -1629 
   -1632    -1640    -1641    -1634    -1652    -1677    -1648    -1629 
   -1644    -1632    -1622    -1620    -1626    -1621    -1587    -1584 
   -1590    -1580    -1593    -1575    -1540    -1554    -1571    -1553 
   -1532    -1524    -1540    -1535    -1503    -1499    -1505    -1493 
   -1490    -1497    -1497    -1475    -1457    -1475    -1475    -1449 
   -1439    -1441    -1431    -1409    -1395    -1397    -1382    -1360 
   -1374    -1375    -1337    -1343    -1366    -1341    -1312    -1316 
   -1327    -1312    -1286    -1282    -1282    -1258    -1248    -1262 
   -1224    -1182    -1209    -1216    -1171    -1159    -1181    -1166 
   -1124    -1119    -1119    -1092    -1089    -1092    -1059    -1044 
   -1042    -1032    -1030    -1011     -999    -1000    -1000    -1007 
    -992     -976     -996    -1012    -1005    -1013    -1024    -1020 
   -1032    -1042    -1031    -1036    -1035    -1030    -1032    -1026 
   -1039    -1038    -1016    -1026    -1047    -1042    -1020    -1035 
   -1065    -1042    -1036    -1057    -1035    -1026    -1038    -1020 
    -992    -1007    -1034    -1007     -982    -1007    -1021    -1020 
   -1035    -1047    -1048    -1059    -1071    -1094    -1107    -1113 
   -1152    -1165    -1159    -1196    -1205    -1196    -1230    -1248 
   -1227    -1230    -1251    -1243    -1250    -1266    -1254    -1243 
   -1240    -1244    -1252    -1256    -1260    -1254    -1244    -1259 
   -1289    -1274    -1255    -1302    -1310    -1273    -1290    -1317 
   -1320    -1332    -1344    -1329    -1325    -1340    -1362    -1375 
   -1332    -1336    -1399    -1366    -1336    -1370    -1363    -1331 
   -1345    -1385    -1345    -1290 
