Origin Time       2016/04/16 01:25:00
Lat.              32.753
Long.             130.762
Depth. (km)       12
Mag.              7.3
Station Code      TKS008
Station Lat.      33.9344
Station Long.     134.2120
Station Height(m) 332
Record Time       2016/04/16 01:26:48
Sampling Freq(Hz) 100Hz
Duration Time(s)  81
Dir.              N-S
Scale Factor      7845(gal)/8223790
Max. Acc. (gal)   2.699
Last Correction   2016/04/16 01:26:48
Memo.             
     525      634      737      764      765      784      753      673 
     635      648      642      611      619      664      662      634 
     672      757      807      816      834      846      795      730 
     731      733      676      622      611      589      521      481 
     517      548      560      622      708      718      641      573 
     518      417      328      341      425      518      634      797 
     945     1008     1047     1121     1148     1097     1055     1032 
     969      849      741      677      589      496      502      595 
     689      776      888      970      911      751      622      508 
     392      344      387      427      406      375      372      340 
     278      275      349      427      468      519      564      500 
     359      249      174      110      120      266      490      681 
     842      980     1007      903      770      665      569      473 
     448      522      591      635      743      885      978     1019 
    1067     1116     1078      989      943      903      824      764 
     762      762      697      619      598      579      532      542 
     608      633      589      560      552      492      403      373 
     378      365      383      492      642      731      774      837 
     870      837      800      814      841      827      831      892 
     907      847      824      862      888      889      934     1017 
    1044     1039     1074     1093     1043      980      966      978 
     942      897      909      899      830      800      838      872 
     874      888      908      857      747      680      665      638 
     598      603      641      625      584      611      668      685 
     710      777      811      761      711      715      702      650 
     648      697      728      730      753      800      795      735 
     704      684      595      472      406      376      301      233 
     255      291      299      348      464      581      668      776 
     913      982      959      936      934      897      861      889 
     954      974      946      940      938      899      888      949 
    1012     1019     1011     1034     1035      966      886      842 
     781      699      676      707      689      627      618      645 
     631      588      579      603      584      564      611      650 
     662      727      835      922      954      953      961      918 
     805      722      702      702      699      727      791      803 
     772      788      826      820      823      899      989     1000 
     957      913      818      660      557      560      595      614 
     656      728      761      733      738      784      791      757 
     739      723      641      517      440      405      364      349 
     407      498      546      579      641      652      568      486 
     467      456      425      451      553      621      616      623 
     623      572      523      553      641      692      708      743 
     754      700      665      712      801      886      987     1111 
    1159     1093     1023      985      919      857      880      957 
     989      973      972      955      885      812      800      835 
     851      869      927      946      877      807      788      773 
     741      767      873      959      982     1009     1042     1011 
     943      928      959      959      950     1000     1046     1000 
     919      859      791      695      645      684      723      730 
     783      872      926      938      943      950      919      862 
     853      874      850      781      726      665      553      446 
     421      425      394      386      433      471      464      483 
     566      627      622      618      616      565      492      473 
     495      483      460      504      579      615      649      728 
     803      804      757      718      646      529      469      493 
     533      564      627      743      827      832      842      869 
     854      826      838      853      795      704      679      687 
     664      688      804      922      980     1028     1109     1146 
    1090     1035     1016      961      869      814      799      757 
     711      756      838      859      845      834      792      688 
     598      611      688      773      912     1086     1183     1158 
    1069      961      796      606      513      526      568      626 
     731      834      838      760      699      642      540      453 
     440      446      417      403      469      535      542      575 
     650      673      633      610      619      595      549      557 
     594      594      591      657      761      831      868      901 
     901      834      769      767      780      746      715      747 
     761      708      680      684      646      588      576      600 
     581      530      546      589      572      549      579      623 
     638      652      710      757      738      726      743      715 
     630      579      599      630      657      743      847      872 
     828      788      773      749      730      784      872      908 
     934      992     1024      982      927      913      876      774 
     699      677      642      603      622      700      749      743 
     769      805      754      650      577      519      445      403 
     461      553      599      666      777      828      787      728 
     702      676      646      677      758      801      808      831 
     862      838      760      712      696      649      623      685 
     769      811      850      916      943      896      858      877 
     892      874      888      946      963      924      919      943 
     918      864      845      832      773      710      714      719 
     656      604      619      654      696      783      931     1053 
    1085     1092     1094     1011      866      767      747      745 
     753      838      959      997      972      946      892      776 
     660      623      615      565      537      568      579      546 
     552      622      680      681      680      685      638      553 
     504      492      450      383      379      422      430      418 
     440      457      406      318      270      236      180      197 
     332      490      623      765      899      951      903      846 
     804      707      602      573      602      618      618      641 
     635      538      432      402      415      450      540      687 
     804      822      807      801      726      591      493      445 
     388      348      403      521      602      664      756      838 
     858      857      909      955      897      808      760      704 
     638      643      743      842      877      919      955      905 
     800      728      691      629      566      579      623      602 
     572      595      600      549      504      518      532      504 
     511      579      619      614      619      649      658      634 
     652      720      762      792      890     1020     1089     1107 
    1139     1151     1081     1000      977      953      884      831 
     823      797      738      726      757      756      734      756 
     801      785      704      645      599      503      421      411 
     433      449      484      576      662      649      594      562 
     504      398      309      266      205       97       43       74 
      89      109      217      353      432      472      526      561 
     511      448      454      484      508      581      712      820 
     847      862      916      949      942      961     1009     1015 
     961      928      919      855      769      733      707      639 
     573      576      608      607      616      666      681      631 
     576      557      540      492      495      576      626      630 
     661      700      680      615      594      618      619      639 
     734      828      859      874      920      942      895      847 
     846      814      739      702      708      710      706      753 
     835      862      843      838      831      769      669      611 
     595      553      526      579      642      645      645      702 
     754      753      784      858      873      832      823      849 
     838      784      757      739      661      584      588      623 
     637      648      691      723      675      603      576      532 
     461      429      436      398      289      198      164      133 
      99      128      194      222      214      230      278      286 
     294      380      475      493      487      510      515      469 
     467      552      638      696      785      889      939      945 
     970     1000      965      881      814      754      669      602 
     615      681      715      743      811      835      774      708 
     684      666      630      637      715      784      811      851 
     896      869      762      676      643      589      542      587 
     658      677      668      661      606      459      315      261 
     245      237      299      440      573      643      702      774 
     787      749      754      789      783      751      761      785 
     743      661      604      542      444      357      332      338 
     344      391      511      607      603      584      584      531 
     446      423      457      453      430      464      511      511 
     508      544      584      561      506      479      436      356 
     321      351      357      303      253      241      224      199 
     225      287      322      322      344      380      357      305 
     326      402      464      545      681      807      838      828 
     859      870      827      819      869      896      874      873 
     905      897      862      893      962      993     1020     1097 
    1181     1202     1197     1229     1247     1198     1162     1183 
    1200     1179     1185     1270     1350     1382     1441     1524 
    1540     1489     1444     1426     1382     1318     1328     1390 
    1393     1344     1324     1304     1217     1140     1154     1185 
    1173     1171     1205     1206     1150     1119     1139     1128 
    1065     1044     1062     1048     1012     1009     1028      989 
     922      915      924      881      841      824      785      689 
     576      518      463      380      359      425      513      573 
     638      726      747      681      629      592      503      415 
     425      493      532      572      665      734      723      706 
     710      683      603      529      498      453      370      330 
     348      342      306      301      326      317      284      291 
     305      266      214      206      234      246      268      361 
     456      473      461      449      398      305      257      302 
     348      356      394      437      410      333      278      243 
     178      116      108      105       52       -1        2       51 
      94      156      275      370      376      364      379      349 
     270      237      284      336      367      430      499      493 
     442      415      387      292      183      155      157      122 
     110      170      252      301      351      449      511      495 
     493      517      481      399      364      373      344      301 
     322      370      396      446      553      664      720      737 
     757      739      665      616      621      623      611      625 
     675      691      656      648      677      685      683      731 
     819      853      847      877      900      862      826      857 
     913      942      990     1089     1155     1148     1146     1162 
    1139     1097     1107     1167     1221     1263     1345     1431 
    1455     1431     1413     1409     1368     1314     1332     1378 
    1379     1389     1433     1435     1351     1256     1212     1179 
    1147     1189     1294     1344     1308     1258     1193     1048 
     864      757      707      657      643      708      778      778 
     745      735      711      645      611      641      672      683 
     730      822      874      869      877      899      868      816 
     824      880      908      923      993     1060     1044     1008 
     997      969      889      797      741      679      591      564 
     634      712      773      862      966      999      955      927 
     908      838      767      764      787      785      800      896 
    1015     1094     1188     1313     1398     1409     1382     1334 
    1217     1011      810      669      552      472      500      626 
     741      805      872      901      831      720      643      568 
     425      274      198      149       81       83      178      259 
     297      334      392      399      348      344      390      396 
     396      440      493      506      495      535      594      599 
     616      693      766      783      787      820      815      745 
     710      738      757      766      831      936      985      965 
     969      989      950      900      913      945      935      928 
     985     1051     1065     1097     1182     1248     1273     1314 
    1398     1444     1420     1402     1389     1314     1189     1069 
     961      820      661      561      503      414      329      301 
     280      210      112       47       -9      -98     -139      -95 
     -51      -18       59      178      266      318      388      464 
     475      442      440      440      375      275      209      126 
     -32     -202     -330     -468     -637     -792     -892     -980 
   -1071    -1096    -1042     -985     -951     -908     -857     -857 
    -903     -909     -869     -838     -793     -704     -621     -598 
    -616     -623     -650     -749     -855     -909     -950    -1000 
   -1004     -927     -849     -835     -831     -830     -903    -1023 
   -1098    -1113    -1120    -1112    -1035     -929     -859     -787 
    -672     -558     -476     -406     -330     -297     -344     -413 
    -437     -438     -422     -338     -182      -23       93      214 
     337      399      411      425      449      444      405      410 
     451      463      479      553      638      683      731      824 
     920      966     1020     1112     1175     1205     1255     1331 
    1387     1409     1452     1513     1522     1493     1480     1467 
    1414     1345     1318     1327     1316     1323     1394     1482 
    1545     1629     1760     1875     1948     2049     2193     2309 
    2393     2482     2560     2567     2498     2423     2342     2208 
    2070     1996     1944     1865     1799     1791     1800     1773 
    1755     1771     1749     1682     1632     1628     1611     1570 
    1563     1588     1578     1545     1537     1540     1513     1470 
    1449     1445     1405     1363     1377     1421     1475     1570 
    1726     1896     2016     2114     2200     2215     2147     2070 
    2018     1948     1861     1829     1833     1800     1738     1698 
    1641     1524     1386     1302     1259     1201     1161     1174 
    1175     1112     1015      899      722      459      182      -64 
    -329     -602     -804     -908     -945     -927     -822     -656 
    -540     -492     -464     -495     -625     -800     -935    -1026 
   -1111    -1120    -1000     -837     -683     -515     -352     -263 
    -276     -324     -379     -491     -637     -749     -834     -932 
   -1031    -1081    -1101    -1144    -1185    -1173    -1140    -1132 
   -1111    -1042     -970     -939     -903     -837     -818     -855 
    -886     -903     -935     -982     -984     -918     -850     -764 
    -606     -418     -272     -184     -129     -128     -234     -391 
    -513     -621     -733     -795     -778     -724     -675     -577 
    -402     -238     -121      -14       68       75        5      -55 
     -87     -126     -135      -59       52      139      202      279 
     337      309      238      178       85      -70     -229     -368 
    -529     -712     -846     -903     -938     -935     -835     -660 
    -487     -338     -171       -9       52       47       49       31 
     -21      -32       37      143      230      340      490      604 
     677      757      824      842      810      770      739      679 
     594      540      506      446      386      383      414      433 
     487      626      796      953     1125     1325     1501     1613 
    1694     1760     1755     1692     1648     1632     1606     1576 
    1595     1660     1707     1755     1844     1922     1949     1972 
    2026     2085     2107     2134     2205     2253     2242     2219 
    2205     2176     2133     2153     2251     2336     2409     2533 
    2675     2755     2762     2739     2656     2457     2207     1982 
    1749     1509     1343     1282     1278     1270     1291     1367 
    1414     1401     1390     1378     1302     1171     1062      987 
     886      791      765      761      731      712      741      776 
     747      704      691      645      538      438      388      344 
     278      236      211      114      -54     -205     -336     -483 
    -606     -643     -626     -631     -653     -649     -660     -719 
    -762     -727     -638     -531     -364     -114      129      328 
     521      684      745      714      684      677      654      650 
     714      803      868      915      976     1044     1075     1081 
    1096     1074      974      830      696      572      445      370 
     387      440      504      615      750      861      929      989 
    1039     1035      985      947      899      814      738      731 
     772      826      924     1071     1175     1198     1175     1104 
     969      795      637      521      410      291      207      151 
      75        0      -13       36       79      131      249      357 
     378      353      319      234       76      -89     -217     -349 
    -481     -525     -467     -365     -237      -41      202      409 
     558      702      808      826      797      791      787      741 
     714      769      864      966     1113     1316     1521     1692 
    1856     2006     2060     1998     1892     1767     1597     1421 
    1301     1228     1159     1113     1115     1105     1032      923 
     805      646      430      234      112       11      -63      -32 
      94      236      376      571      796      961     1080     1220 
    1332     1374     1418     1520     1642     1742     1850     1991 
    2087     2100     2081     2047     1971     1850     1760     1732 
    1695     1642     1625     1602     1502     1350     1221     1133 
    1036      967     1000     1074     1120     1174     1252     1294 
    1269     1239     1232     1185     1111     1085     1098     1094 
    1069     1077     1116     1115     1092     1119     1152     1146 
    1127     1125     1120     1090     1089     1162     1240     1282 
    1327     1367     1329     1193     1034      901      738      568 
     481      460      441      451      542      676      778      866 
     974     1043     1026      974      920      849      727      614 
     550      457      319      224      170       99       18      -31 
     -64     -147     -261     -334     -369     -399     -390     -302 
    -162      -39       71      182      236      214      164      117 
      67        8      -10       32       56       41       39       29 
     -25     -105     -152     -147     -133      -74      101      336 
     575      827     1070     1223     1243     1201     1154     1065 
     951      913      962     1044     1146     1294     1460     1563 
    1611     1653     1637     1512     1344     1208     1104     1009 
     972     1035     1144     1262     1422     1606     1728     1755 
    1729     1658     1480     1206      939      688      430      216 
     106       94      109      156      271      392      468      544 
     650      753      810      842      889      888      827      799 
     824      872      951     1092     1277     1425     1509     1578 
    1622     1613     1572     1549     1547     1518     1491     1526 
    1586     1636     1717     1833     1921     1927     1890     1849 
    1767     1624     1498     1405     1313     1230     1201     1220 
    1223     1196     1196     1215     1204     1185     1216     1291 
    1381     1501     1677     1858     1987     2096     2207     2299 
    2361     2424     2540     2683     2817     2980     3171     3323 
    3418     3484     3526     3488     3368     3232     3078     2884 
    2717     2633     2610     2594     2582     2577     2493     2299 
    2073     1859     1636     1413     1248     1152     1057      966 
     961     1026     1101     1194     1333     1482     1566     1594 
    1636     1665     1632     1602     1606     1610     1588     1567 
    1579     1564     1472     1375     1291     1161      989      842 
     722      560      365      220      110      -11     -103     -109 
     -64      -25       44      187      337      445      556      672 
     734      734      731      747      739      700      693      708 
     692      666      683      728      753      769      822      851 
     792      687      584      480      370      314      355      425 
     492      604      741      824      857      900      959      981 
     967      984     1011     1005     1012     1081     1179     1255 
    1344     1487     1615     1692     1798     1952     2096     2222 
    2381     2562     2679     2728     2770     2794     2759     2718 
    2725     2752     2748     2731     2743     2745     2700     2675 
    2733     2839     2957     3109     3284     3411     3459     3481 
    3480     3410     3296     3199     3118     3019     2930     2918 
    2970     3013     3075     3183     3276     3310     3331     3380 
    3415     3414     3427     3466     3478     3459     3453     3468 
    3458     3415     3396     3380     3319     3234     3144     3041 
    2899     2716     2551     2393     2180     1945     1736     1540 
    1337     1159     1053      989      927      909      951      986 
     994     1017     1059     1058     1011      985      973      922 
     858      820      788      728      657      633      630      585 
     542      546      557      526      492      479      425      313 
     212      139       32      -93     -176     -222     -282     -326 
    -284     -193     -126      -52       63      159      178      147 
     110       45      -71     -149     -135      -81      -11      110 
     261      341      311      245      149      -17     -206     -336 
    -419     -488     -519     -473     -398     -357     -315     -257 
    -236     -263     -291     -268     -222     -190     -135      -41 
      39      103      187      272      297      228      114      -21 
    -225     -463     -648     -788     -926    -1028    -1058    -1074 
   -1138    -1206    -1248    -1316    -1417    -1474    -1459    -1426 
   -1385    -1282    -1148    -1073    -1046    -1016    -1000    -1021 
   -1039    -1004     -947     -918     -877     -784     -675     -577 
    -459     -289     -136      -56        0       62       68       11 
     -31      -23      -17      -13       56      174      253      307 
     372      410      387      344      355      380      375      395 
     464      519      526      515      500      432      305      214 
     190      164      141      170      217      221      194      190 
     186      121       45        9      -27      -86     -110      -52 
      25       75      149      249      298      301      318      363 
     400      436      525      645      712      735      761      769 
     718      664      687      743      777      827      915      974 
     987     1012     1074     1131     1170     1243     1351     1429 
    1475     1520     1549     1534     1478     1431     1409     1370 
    1348     1391     1441     1440     1412     1387     1316     1174 
    1046      970      901      838      849      928      987      999 
    1034     1093     1107     1105     1151     1200     1192     1171 
    1198     1233     1232     1252     1327     1377     1347     1271 
    1166      985      738      506      324      152        1      -68 
     -59      -41      -40        0       51       32       -2       23 
      72       95      128      199      251      210      133       59 
     -55     -201     -301     -330     -352     -395     -409     -406 
    -468     -584     -688     -789     -922    -1058    -1151    -1220 
   -1324    -1428    -1475    -1502    -1537    -1530    -1462    -1375 
   -1304    -1206    -1073     -984     -955     -924     -885     -870 
    -870     -828     -754     -711     -676     -606     -544     -532 
    -557     -577     -611     -710     -824     -903     -990    -1093 
   -1159    -1165    -1150    -1148    -1115    -1039     -987     -949 
    -864     -747     -631     -506     -342     -170      -49       40 
     125      171      164      151      178      233      280      357 
     484      592      664      739      824      873      874      888 
     919      905      854      830      820      785      749      753 
     761      720      683      687      679      648      657      711 
     770      818      895     1000     1070     1119     1193     1270 
    1308     1310     1328     1356     1324     1260     1216     1150 
    1050      961      907      857      778      708      677      634 
     561      499      442      344      210       94        4     -120 
    -253     -341     -425     -540     -634     -664     -666     -681 
    -672     -621     -592     -618     -658     -699     -780     -905 
   -1000    -1039    -1085    -1113    -1069     -973     -882     -799 
    -684     -557     -486     -445     -395     -380     -418     -459 
    -456     -419     -399     -364     -289     -255     -292     -341 
    -369     -392     -394     -307     -131       35      163      292 
     387      388      325      265      232      191      203      322 
     477      615      762      915     1019     1038     1013      980 
     885      735      603      508      421      348      349      423 
     495      558      660      774      849      884      936     1009 
    1047     1081     1174     1271     1320     1364     1428     1455 
    1422     1408     1452     1502     1560     1676     1813     1907 
    1960     2004     2038     2019     1980     1977     1981     1945 
    1892     1868     1836     1746     1656     1610     1557     1482 
    1439     1436     1431     1401     1390     1414     1397     1336 
    1310     1314     1286     1251     1282     1351     1378     1408 
    1472     1499     1464     1422     1405     1381     1331     1306 
    1323     1308     1262     1259     1286     1298     1302     1325 
    1356     1329     1260     1212     1151     1050      953      903 
     881      838      826      892      972     1013     1060     1117 
    1131     1084     1043     1026      987      940      940      978 
    1008     1038     1124     1239     1314     1377     1468     1544 
    1557     1561     1595     1606     1568     1556     1605     1653 
    1690     1765     1876     1953     1980     2008     2034     1985 
    1896     1858     1850     1821     1792     1799     1806     1768 
    1729     1748     1776     1776     1784     1822     1833     1771 
    1688     1630     1537     1422     1374     1385     1395     1402 
    1441     1482     1443     1355     1277     1175     1028      896 
     816      746      649      576      562      552      522      518 
     540      553      538      530      540      515      454      421 
     413      383      359      395      464      499      535      610 
     658      648      633      641      611      526      454      417 
     349      263      237      274      319      390      530      710 
     850      954     1069     1155     1171     1162     1173     1185 
    1167     1158     1208     1256     1282     1347     1431     1485 
    1497     1491     1483     1404     1260     1147     1063      967 
     880      847      847      810      756      751      772      770 
     789      854      901      870      804      739      618      432 
     266      159       75       16       31      118      191      230 
     297      346      314      234      162       86      -22     -129 
    -176     -184     -201     -178     -112      -64      -67      -93 
    -121     -207     -351     -463     -530     -604     -665     -653 
    -589     -545     -515     -460     -422     -442     -476     -468 
    -438     -422     -375     -266     -162      -90      -11       78 
     139      153      162      184      168      121      110      136 
     167      217      325      461      540      571      604      600 
     522      427      367      317      255      230      282      341 
     373      433      510      532      499      461      430      348 
     240      187      159      112       86      112      156      157 
     152      184      191      141       93       65       29      -37 
     -93     -109     -149     -221     -252     -251     -270     -302 
    -299     -266     -270     -297     -286     -271     -302     -341 
    -348     -346     -375     -396     -367     -337     -333     -298 
    -218     -155     -129     -108      -75      -90     -155     -197 
    -225     -286     -351     -369     -364     -383     -405     -390 
    -364     -361     -348     -298     -248     -253     -288     -307 
    -344     -419     -459     -444     -422     -395     -319     -195 
     -93      -25       49      105       93       40       -8      -58 
    -139     -214     -211     -176     -156      -93       31      148 
     228      297      368      378      326      279      230      143 
      37      -39      -79     -131     -190     -194     -167     -162 
    -152     -105      -41      -10        8       67      120      114 
     105      124      117       72       55       94      121      122 
     176      259      289      291      322      361      357      348 
     398      461      492      546      642      715      737      753 
     800      820      797      805      849      859      847      861 
     895      895      861      854      851      796      727      702 
     693      657      630      657      675      631      607      625 
     616      576      566      598      602      565      553      572 
     553      517      519      529      486      436      445      463 
     433      398      386      341      230      112       31      -68 
    -191     -259     -272     -288     -307     -282     -216     -174 
    -156      -98      -21       13       32       78      124      126 
     118      151      194      205      240      330      417      464 
     517      595      643      646      680      747      781      795 
     835      882      881      853      857      861      816      762 
     731      697      641      588      588      608      598      604 
     654      689      704      745      824      881      892      916 
     951      946      922      932      982     1020     1053     1133 
    1215     1230     1236     1263     1260     1215     1185     1194 
    1192     1162     1159     1174     1151     1090     1032      989 
     926      842      800      807      812      819      864      927 
     958      973     1023     1078     1093     1113     1175     1236 
    1262     1293     1356     1399     1399     1413     1436     1424 
    1386     1364     1374     1377     1363     1386     1439     1468 
    1485     1533     1584     1590     1572     1575     1559     1483 
    1410     1375     1348     1327     1350     1435     1526     1578 
    1630     1682     1683     1660     1658     1677     1687     1684 
    1722     1791     1829     1850     1895     1941     1956     1958 
    1984     2012     2006     2004     2045     2083     2081     2079 
    2106     2104     2056     2010     1965     1880     1777     1707 
    1667     1628     1590     1593     1614     1614     1613     1641 
    1682     1705     1715     1748     1788     1809     1841     1906 
    1966     2003     2033     2072     2088     2057     2020     1998 
    1941     1865     1833     1833     1811     1784     1800     1826 
    1814     1796     1809     1807     1787     1787     1814     1841 
    1842     1852     1885     1899     1891     1894     1917     1939 
    1964     2025     2115     2193     2253     2308     2351     2349 
    2311     2295     2290     2253     2228     2253     2276     2274 
    2288     2334     2374     2381     2388     2405     2389     2343 
    2308     2284     2243     2184     2135     2101     2050     1999 
    1982     1982     1972     1958     1964     1975     1966     1952 
    1949     1938     1900     1845     1792     1740     1663     1591 
    1556     1525     1485     1476     1506     1528     1526     1533 
    1547     1524     1471     1428     1399     1367     1345     1367 
    1420     1462     1513     1593     1663     1698     1715     1722 
    1696     1628     1554     1497     1426     1351     1304     1274 
    1230     1171     1121     1074      993      901      843      801 
     750      696      658      621      557      491      454      419 
     357      307      292      282      263      274      324      353 
     353      368      382      349      294      271      261      221 
     176      166      151      109       72       67       62       29 
      13       29       29        4       -4        4      -10      -49 
     -64      -49      -55      -67      -32       10       21       21 
      47       67       29      -11        2        5      -25      -25 
      10       21       -2       -4       23       25        8       29 
      64       64       51       67       98      112      139      220 
     311      375      432      498      542      531      513      523 
     510      464      456      473      464      423      405      398 
     351      286      249      216      156       95       68       54 
       5      -45      -60      -81     -124     -153     -147     -129 
    -128     -110      -52      -21      -43      -47      -40      -72 
    -129     -160     -167     -197     -237     -252     -276     -337 
    -402     -453     -510     -595     -677     -728     -772     -826 
    -857     -847     -831     -828     -805     -753     -715     -702 
    -672     -623     -603     -615     -615     -606     -630     -660 
    -646     -629     -637     -643     -629     -630     -668     -702 
    -710     -731     -772     -791     -789     -793     -810     -812 
    -785     -767     -765     -741     -710     -696     -696     -685 
    -672     -689     -715     -719     -718     -728     -734     -714 
    -684     -675     -656     -599     -550     -523     -475     -421 
    -399     -394     -367     -332     -318     -317     -299     -283 
    -283     -287     -276     -257     -249     -232     -187     -148 
    -126     -102      -71      -49      -41      -23       17       47 
      65      108      164      199      228      279      332      348 
     349      373      390      380      380      405      430      436 
     433      450      451      422      407      414      409      390 
     387      396      380      355      355      363      352      344 
     364      398      414      434      480      514      519      535 
     562      564      545      532      532      511      464      441 
     434      409      387      396      425      434      442      481 
     517      511      502      519      540      538      548      589 
     602      579      581      589      571      546      552      577 
     579      565      576      587      561      530      525      523 
     499      487      518      538      529      540      572      583 
     569      566      591      598      585      611      658      673 
     672      695      727      727      722      761      805      822 
     853      915      969      984      994     1031     1053     1047 
    1060     1104     1129     1139     1177     1240     1273     1286 
    1325     1362     1363     1356     1367     1387     1378     1371 
    1413     1455     1468     1502     1560     1606     1628     1655 
    1707     1728     1707     1706     1721     1706     1683     1702 
    1746     1761     1764     1790     1802     1767     1729     1718 
    1709     1682     1672     1710     1734     1719     1718     1729 
    1710     1665     1649     1674     1676     1671     1707     1745 
    1749     1748     1761     1772     1755     1729     1745     1769 
    1764     1772     1806     1826     1826     1833     1872     1899 
    1898     1918     1958     1962     1941     1937     1941     1918 
    1894     1906     1926     1919     1917     1938     1949     1925 
    1894     1890     1876     1830     1813     1833     1846     1854 
    1878     1921     1954     1969     2001     2041     2053     2050 
    2061     2077     2061     2026     2019     2018     1988     1962 
    1964     1966     1945     1927     1944     1953     1925     1917 
    1938     1938     1918     1915     1930     1930     1906     1899 
    1903     1872     1833     1822     1821     1799     1775     1786 
    1802     1781     1755     1742     1711     1655     1603     1578 
    1543     1491     1474     1482     1479     1478     1501     1540 
    1561     1563     1574     1584     1561     1524     1507     1505 
    1479     1448     1453     1467     1448     1440     1451     1448 
    1424     1405     1405     1389     1344     1312     1296     1259 
    1217     1194     1188     1171     1133     1107     1093     1051 
     994      958      931      889      847      845      859      858 
     864      892      918      912      892      893      888      846 
     818      815      791      737      691      660      603      526 
     475      437      388      344      336      348      349      344 
     360      372      353      336      338      333      315      314 
     338      361      359      363      380      375      349      340 
     351      346      318      313      329      314      289      302 
     325      321      309      317      313      270      225      199 
     159      108       85       90       94       79       78       98 
      90       47       16        4      -27      -78      -97      -90 
    -114     -144     -136     -124     -139     -153     -144     -143 
    -178     -205     -199     -209     -244     -263     -261     -276 
    -317     -337     -333     -357     -396     -396     -383     -406 
    -440     -450     -459     -499     -542     -553     -569     -604 
    -626     -610     -595     -610     -606     -566     -558     -581 
    -584     -577     -594     -618     -614     -594     -606     -621 
    -600     -577     -579     -587     -569     -544     -542     -537 
    -491     -448     -427     -383     -302     -240     -221     -186 
    -125     -108     -120     -102      -85     -108     -129     -112 
     -87      -87      -76      -28        8        4        0       11 
       5      -39      -70      -56      -59      -87      -83      -47 
     -36      -54      -47      -25      -36      -62      -51      -18 
      -5        8       64      118      126      133      162      167 
     141      139      176      216      237      283      356      398 
     415      457      508      530      531      553      585      585 
     579      608      642      658      683      741      801      822 
     841      880      889      861      838      834      822      796 
     800      834      850      854      882      918      924      909 
     916      929      907      884      901      923      929      953 
    1003     1043     1058     1086     1138     1156     1143     1144 
    1156     1152     1133     1139     1169     1173     1169     1200 
    1230     1230     1224     1237     1250     1230     1216     1232 
    1237     1216     1198     1200     1183     1138     1119     1138 
    1136     1132     1163     1201     1208     1192     1185     1183 
    1150     1113     1117     1117     1097     1098     1127     1151 
    1152     1173     1225     1255     1258     1287     1332     1347 
    1347     1372     1402     1404     1395     1408     1425     1426 
    1420     1439     1472     1468     1462     1490     1507     1491 
    1485     1501     1502     1470     1448     1455     1433     1387 
    1366     1356     1323     1273     1254     1255     1224     1193 
    1201     1200     1171     1155     1163     1159     1127     1109 
    1131     1142     1128     1129     1147     1147     1120     1105 
    1107     1073     1021     1008     1008      980      957      970 
     987      973      966      989     1004      982      969      990 
     985      929      901      908      882      845      858      888 
     885      872      890      916      897      873      888      889 
     853      824      824      819      773      739      749      739 
     702      687      692      679      648      631      637      615 
     564      540      537      506      468      472      493      483 
     473      500      517      490      473      499      515      492 
     491      519      508      468      457      468      460      442 
     459      493      493      481      498      511      491      469 
     477      483      450      425      433      423      388      372 
     379      373      340      315      326      318      280      268 
     283      278      246      241      261      237      191      189 
     186      143      102       91       75       32        2       10 
      11      -11      -14       -1      -11      -32      -37      -27 
     -32      -56      -55      -32      -28      -35      -14       29 
      39       25       47       71       59       52       70       89 
      95      112      168      218      233      252      283      289 
     257      232      237      218      178      180      203      202 
     193      217      255      255      237      248      257      233 
     206      207      214      193      172      187      194      164 
     149      166      167      144      143      172      183      175 
     190      214      217      206      209      222      210      180 
     184      194      171      153      170      182      166      157 
     186      194      178      195      240      259      261      283 
     313      310      286      288      301      279      251      255 
     266      244      214      225      238      222      225      261 
     288      291      303      344      365      352      364      400 
     410      410      446      502      530      546      598      648 
     642      635      664      687      669      658      697      722 
     704      710      738      741      720      711      730      737 
     715      733      774      777      757      767      791      774 
     747      767      777      735      711      726      727      700 
     696      727      738      719      728      765      772      761 
     784      820      822      812      843      882      885      886 
     923      954      940      927      947      958      931      922 
     954      977      966      977     1032     1065     1067     1104 
    1156     1181     1182     1201     1236     1239     1221     1254 
    1305     1316     1328     1379     1426     1435     1431     1460 
    1475     1443     1424     1437     1431     1394     1383     1412 
    1416     1389     1395     1414     1394     1355     1344     1345 
    1320     1287     1291     1302     1277     1262     1282     1293 
    1271     1264     1296     1305     1274     1269     1289     1278 
    1248     1244     1264     1259     1227     1225     1235     1208 
    1178     1188     1200     1182     1171     1208     1243     1243 
    1262     1312     1333     1324     1332     1359     1362     1341 
    1351     1374     1363     1340     1336     1336     1321     1300 
    1304     1321     1317     1312     1325     1337     1312     1286 
    1297     1293     1248     1236     1258     1250     1227     1237 
    1271     1274     1252     1264     1286     1262     1224     1217 
    1210     1174     1140     1147     1148     1113     1094     1094 
    1075     1032     1000      996      970      919      897      895 
     862      818      804      805      769      708      688      683 
     642      614      637      662      652      646      670      672 
     631      606      608      589      557      549      573      579 
     560      583      625      622      618      650      677      662 
     639      649      646      607      591      600      594      569 
     566      596      603      584      599      629      622      599 
     603      626      625      603      616      638      612      587 
     595      596      566      542      565      591      583      592 
     631      638      604      589      602      589      556      561 
     595      591      577      602      633      631      633      666 
     697      702      708      743      777      774      758      769 
     767      727      708      727      734      715      724      769 
     785      772      793      826      818      797      805      819 
     800      766      772      785      757      737      757      767 
     749      739      758      767      746      747      777      780 
     758      753      766      756      727      726      739      727 
     700      696      711      700      679      695      714      692 
     670      680      672      625      587      584      565      515 
     499      513      500      475      468      473      461      433 
     437      453      429      399      407      407      364      319 
     319      313      259      233      255      255      233      243 
     280      287      266      274      306      305      282      294 
     322      317      295      313      338      311      275      289 
     301      268      251      279      297      272      274      317 
     330      309      302      318      301      249      243      261 
     238      214      237      259      241      218      233      245 
     214      195      216      222      202      203      238      257 
     240      244      282      289      272      292      341      357 
     353      388      438      438      429      461      483      461 
     445      473      496      477      486      530      538      511 
     506      522      506      464      460      479      468      457 
     487      526      530      521      548      583      573      561 
     595      622      608      602      639      668      642      645 
     700      719      711      741      791      807      800      827 
     861      846      827      845      862      849      832      851 
     868      834      811      834      834      803      795      820 
     827      796      788      810      791      757      762      777 
     760      726      731      754      731      708      728      737 
     699      666      680      687      646      630      656      646 
     607      607      638      630      598      618      668      665 
     654      699      741      741      739      776      808      789 
     777      810      820      795      793      830      850      838 
     857      911      926      905      918      945      935      901 
     903      928      912      885      912      935      907      877 
     896      918      903      915      980     1013     1008     1026 
    1069     1070     1031     1035     1069     1058     1036     1059 
    1086     1073     1046     1062     1085     1058     1034     1058 
    1060     1026     1000     1004      999      961      939      972 
     987      967      981     1031     1051     1032     1042     1067 
    1039     1000     1009     1020      990      958      966      973 
     939      923      949      954      935      939      973      985 
     959      953      981      972      931      928      942      920 
     895      909      940      934      926      961      985      970 
     954      955      947      900      864      866      855      822 
     819      845      850      823      819      845      827      778 
     769      769      726      675      668      673      639      603 
     615      630      603      587      616      634      611      604 
     629      615      575      575      594      585      573      603 
     653      664      665      699      722      702      676      680 
     683      646      619      642      653      616      600      630 
     629      576      561      587      564      518      526      549 
     519      479      480      487      446      403      411      417 
     383      363      373      369      328      298      317      310 
     270      263      289      294      268      266      297      284 
     253      271      305      301      289      324      353      324 
     295      318      324      287      292      342      367      361 
     378      422      429      399      399      422      405      357 
     348      365      342      311      333      359      344      332 
     353      365      329      305      325      318      282      282 
     310      313      291      292      317      309      275      283 
     317      315      305      333      376      375      356      376 
     395      367      344      370      383      355      349      383 
     391      359      355      375      361      317      311      337 
     321      286      295      315      297      271      280      297 
     274      251      279      305      286      282      314      332 
     305      287      315      321      283      286      329      336 
     310      321      355      341      309      324      342      321 
     310      341      376      380      379      411      432      409 
     402      430      437      413      415      450      450      422 
     430      454      445      423      441      480      471      445 
     477      513      498      493      535      572      561      561 
     608      629      602      610      654      657      627      633 
     666      656      618      627      656      638      615      633 
     665      652      627      660      681      646      631      658 
     668      642      643      685      702      687      704      743 
     746      723      734      770      767      745      776      826 
     824      816      864      909      903      895      929      942 
     905      901      938      947      934      954     1016     1046 
    1039     1075     1127     1125     1102     1121     1159     1146 
    1124     1165     1209     1201     1198     1237     1260     1239 
    1219     1237     1248     1216     1208     1248     1267     1244 
    1251     1293     1294     1260     1267     1298     1277     1243 
    1259     1282     1258     1236     1269     1289     1254     1236 
    1263     1264     1228     1221     1259     1269     1239     1246 
    1279     1271     1237     1235     1254     1232     1189     1197 
    1216     1185     1159     1182     1206     1194     1185     1219 
    1240     1206     1196     1233     1239     1210     1221     1266 
    1267     1230     1242     1278     1266     1236     1255     1286 
    1270     1251     1281     1312     1296     1282     1308     1327 
    1302     1282     1308     1316     1277     1259     1278     1262 
    1215     1202     1212     1185     1127     1102     1098     1047 
     996      996     1005      985      963      989     1017      990 
     965      986      990      953      935      958      958      922 
     928      961      945      915      922      939      924      896 
     903      918      876      827      826      816      761      722 
     738      750      723      719      749      746      710      684 
     683      656      595      579      594      562      517      518 
     535      510      477      502      538      526      529      576 
     604      589      584      619      634      596      591      627 
     633      614      629      664      673      658      668      692 
     666      623      626      633      602      568      584      610 
     579      560      592      606      571      546      561      556 
     502      477      490      463      411      402      422      406 
     369      386      414      398      383      411      427      406 
     394      415      429      406      399      434      450      427 
     425      456      461      429      430      463      454      427 
     434      448      419      379      382      400      372      349 
     376      395      379      372      402      427      413      410 
     446      450      418      417      448      460      445      464 
     522      535      525      556      599      599      579      598 
     618      581      544      564      585      573      572      618 
     662      658      668      719      737      718      724      756 
     749      708      711      747      741      715      727      751 
     739      704      711      730      697      669      695      696 
     656      637      653      650      623      627      664      672 
     656      670      700      697      669      673      702      687 
     658      683      714      699      683      715      750      731 
     723      769      793      776      780      811      811      770 
     769      810      808      785      811      849      838      811 
     827      851      826      797      815      822      788      767 
     783      787      754      737      762      767      737      737 
     765      761      727      726      754      734      691      702 
     715      685      661      684      712      697      683      718 
     731      689      672      696      699      661      650      681 
     684      660      680      720      714      691      708      734 
     714      691      712      730      711      697      720      738 
     711      699      735      741      708      706      727      726 
     695      691      724      726      702      722      756      746 
     724      739      769      753      728      754      776      753 
     733      758      774      739      724      758      756      715 
     718      741      727      693      695      711      685      654 
     666      673      642      610      614      623      592      564 
     587      595      560      542      564      572      540      533 
     576      579      540      540      565      553      517      523 
     553      538      504      515      530      496      464      481 
     495      468      454      484      486      446      440      464 
     463      437      440      464      457      434      449      472 
     457      425      432      461      449      429      464      496 
     481      468      495      513      484      471      498      493 
     457      453      473      467      436      434      469      460 
     425      449      477      454      434      461      487      464 
     446      487      515      496      498      540      560      537 
     533      566      561      529      544      588      599      591 
     622      670      669      650      681      710      687      675 
     706      733      715      704      745      765      733      726 
     764      773      741      737      773      764      720      726 
     745      710      666      675      693      662      627      641 
     645      606      575      579      585      557      540      572 
     579      548      549      585      592      573      592      638 
     641      622      649      687      680      673      707      735 
     719      700      730      747      718      722      769      785 
     769      778      814      808      772      769      785      769 
     741      745      776      780      765      792      826      807 
     780      800      814      788      778      815      835      814 
     819      864      882      864      877      926      942      922 
     935      965      958      945      958      978      962      942 
     965      989      965      947      972      986      962      954 
     985      990      959      963      993      990      962      963 
    1000      999      969      990     1023     1003      977      985 
     996      973      940      953      967      935      915      932 
     927      886      869      890      888      854      858      895 
     893      872      886      920      909      877      901      934 
     913      900      927      942      919      900      922      926 
     889      877      899      900      866      847      866      866 
     826      823      850      837      805      807      827      808 
     770      781      804      778      756      778      793      766 
     747      772      776      731      719      743      731      689 
     680      692      673      638      642      669      660      638 
     653      683      676      656      676      699      672      645 
     658      662      627      611      638      645      615      618 
     650      643      614      619      641      623      588      599 
     626      608      589      614      637      612      592      626 
     650      627      629      670      695      681      680      711 
     720      692      699      737      738      718      734      762 
     751      723      737      760      737      711      724      731 
     699      669      693      710      673      664      704      712 
     680      681      719      720      687      696      730      719 
     693      707      733      726      708      734      764      749 
     741      776      797      772      761      789      796      765 
     760      781      777      758      757      778      777      739 
     739      769      749      714      724      743      715      680 
     692      706      668      646      673      680      645      630 
     653      650      604      588      603      579      540      535 
     549      529      491      498      517      487      461      480 
     496      476      457      484      500      461      445      472 
     473      441      425      449      453      414      411      445 
     434      415      440      469      459      430      442      461 
     433      414      446      467      448      438      468      477 
     437      425      463      464      433      444      486      483 
     454      472      508      492      467      488      513      499 
     480      503      530      511      496      526      537      500 
     483      514      526      495      502      553      561      537 
     553      596      595      576      607      652      645      634 
     672      702      683      670      700      720      696      688 
     727      731      696      691      711      699      656      645 
     664      639      598      602      623      607      576      587 
     608      585      557      579      596      571      560      596 
     615      581      577      621      627      596      602      645 
     650      623      643      688      680      657      683      711 
     695      669      685      706      687      675      702      715 
     702      696      722      738      711      707      746      747 
     714      715      749      741      706      719      757      735 
     707      737      754      726      711      738      756      739 
     739      777      788      764      766      792      792      765 
     769      805      804      781      801      835      824      805 
     832      858      828      803      832      849      824      818 
     853      866      837      837      877      881      853      864 
     897      890      853      859      892      874      842      869 
     905      893      874      905      934      909      890      915 
     924      895      886      916      928      896      888      920 
     918      886      900      935      932      912      929      953 
     929      897      909      931      912      888      915      947 
     924      909      946      959      919      903      924      915 
     866      862      895      874      837      847      870      853 
     828      851      880      857      834      858      868      830 
     803      823      837      805      797      832      831      792 
     783      803      803      769      764      796      784      746 
     760      785      764      734      760      791      757      726 
     758      774      745      737      769      780      743      731 
     764      760      726      730      760      754      724      730 
     762      747      722      745      769      753      730      749 
     772      741      719      754      767      733      728      766 
     776      747      750      783      767      723      715      728 
     702      658      660      685      658      622      649      672 
     635      614      645      657      616      604      642      646 
     612      612      639      635      598      592      622      611 
     577      589      612      595      568      587      611      587 
     561      584      600      576      564      598      618      585 
     573      611      610      568      575      614      611      585 
     608      643      619      584      599      611      576      545 
     569      587      556      542      579      583      544      533 
     553      553      526      522      553      560      529      535 
     571      560      517      525      553      530      504      537 
     561      533      513      540      560      523      506      545 
     549      508      511      542      535      506      510      540 
     522      484      503      532      521      502      526      565 
     564      557      596      623      603      592      626      645 
     608      594      633      638      600      607      646      646 
     622      634      664      645      611      626      642      615 
     589      611      629      594      572      607      618      585 
     583      614      621      589      591      634      641      612 
     625      660      656      634      656      696      691      679 
     710      737      723      712      741      770      746      734 
     770      776      741      737      766      769      734      735 
     774      760      723      746      774      750      722      741 
     767      741      719      756      778      754      743      770 
     784      754      746      774      770      735      731      756 
     760      733      733      767      761      724      734      760 
     738      704      715      733      697      673      702      708 
     669      658      684      689      653      646      677      668 
     635      643      666      657      626      633      664      643 
     611      638      661      641      625      650      672      646 
     626      653      664      629      619      649      657      629 
     627      664      668      635      649      681      669      645 
     661      688      664      630      654      673      641      626 
     653      669      638      622      654      654      614      607 
     634      633      599      599      634      631      610      634 
     668      653      626      646      679      660      638      673 
     700      681      683      727      753      734      738      783 
     791      766      785      824      822      799      811      847 
     837      799      816      843      820      796      823      851 
     820      800      838      854      819      804      826      822 
     785      783      810      797      762      765      787      769 
     738      743      762      738      700      719      741      706 
     676      699      715      672      643      676      684      641 
     638      680      685      649      653      696      687      652 
     664      688      672      653      673      699      681      657 
     677      689      657      639      662      672      643      633 
     668      680      652      662      712      715      685      696 
     734      723      699      726      751      727      704      730 
     754      726      710      745      754      720      722      761 
     770      746      746      788      789      753      769      803 
     788      760      772      805      793      766      795      822 
     797      777      797      808      776      753      780      793 
     761      757      789      788      757      758      789      783 
     750      764      800      784      747      762      791      765 
     739      773      792      758      749      783      796      762 
     753      796      799      760      766      797      787      757 
     762      793      791      766      792      828      812      787 
     805      832      811      776      803      823      787      781 
     824      841      808      797      838      845      801      807 
     845      831      803      819      846      824      796      820 
     845      814      791      818      827      788      767      795 
     803      770      762      793      796      758      753      787 
     774      731      745      777      758      730      745      766 
     731      695      720      730      685      665      696      704 
     665      650      680      665      612      621      648      622 
     588      600      629      612      583      606      630      600 
     577      608      635      606      583      621      633      594 
     588      622      621      588      587      621      615      581 
     602      641      622      585      598      619      588      558 
     585      603      572      562      596      611      579      566 
     604      614      579      584      621      616      585      594 
     625      612      588      615      639      612      598      625 
     642      611      591      629      643      611      611      645 
     649      616      618      657      664      638      652      695 
     699      676      696      734      720      692      720      753 
     737      735      777      796      767      762      804      808 
     769      774      805      800      776      783      816      811 
     783      804      837      822      801      819      842      816 
     784      807      823      787      777      815      826      796 
     791      823      822      778      781      812      797      769 
     788      824      808      778      805      830      793      765 
     785      793      762      750      783      793      761      758 
     787      784      751      754      793      788      749      762 
     793      776      747      765      795      772      747      780 
     799      765      751      783      799      770      762      797 
     804      769      773      808      799      762      772      804 
     783      741      760      784      749      726      751      762 
     731      715      750      756      718      708      735      733 
     693      691      724      712      672      679      697      673 
     638      642      660      631      591      608      627      591 
     564      585      592      550      525      553      553      508 
     514      548      532      498      506      540      523      486 
     506      535      506      483      508      526      495      471 
     495      502      463      448      472      473      440      430 
     464      464      425      429      469      460      422      432 
     459      437      406      437      469      441      423      457 
     471      438      429      464      476      442      448      496 
     506      483      504      550      545      519      542      572 
     556      540      566      596      572      548      581      604 
     573      566      606      616      592      595      637      645 
     614      622      658      653      625      639      673      660 
     630      652      679      654      634      660      677      650 
     634      673      691      657      657      697      699      665 
     670      704      689      658      687      719      702      689 
     718      747      734      715      747      770      747      741 
     776      792      769      762      799      816      787      788 
     830      834      805      819      864      861      830      855 
     892      868      845      868      880      847      824      849 
     858      828      824      853      855      823      815      835 
     827      789      791      819      808      777      788      822 
     804      767      789      818      787      765      795      811 
     778      762      797      803      761      754      777      767 
     733      737      776      770      738      758      788      761 
     734      760      784      765      753      793      824      800 
     792      827      832      804      805      846      854      820 
     830      866      857      826      837      866      850      819 
     837      857      824      797      818      830      795      769 
     792      793      749      737      770      769      730      730 
     770      762      723      738      770      749      720      738 
     766      746      722      751      774      750      750      784 
     795      772      769      804      815      788      800      845 
     847      819      826      859      853      818      841      882 
     862      835      864      886      849      818      849      858 
     815      811      846      838      799      799      831      820 
     780      785      810      793      767      784      812      799 
     769      785      803      772      749      772      784      751 
     727      750      747      704      700      731      728      702 
     707      737      726      689      704      728      699      673 
     699      720      695      669      696      712      677      665 
     695      700      668      661      689      685      650      657 
     687      669      633      648      680      664      641      675 
     699      666      650      679      688      658      646      680 
     688      650      643      668      657      615      606      635 
     622      575      587      619      592      557      577      600 
     566      535      561      572      523      506      540      540 
     513      513      549      553      521      529      564      557 
     530      540      571      561      529      545      572      548 
     529      558      585      566      546      576      589      546 
     538      579      579      545      560      607      604      576 
     602      637      611      585      612      641      619      596 
     627      646      611      596      622      629      600      581 
     604      611      575      572      607      600      565      565 
     591      573      533      546      573      546      515      538 
     565      540      517      556      577      540      540      584 
     585      557      564      604      606      573      592      631 
     622      603      626      661      653      633      668      700 
     675      665      704      724      707      708      749      765 
     739      741      773      772      739      747      788      789 
     769      791      816      792      765      785      804      776 
     760      795      811      774      760      788      784      741 
     733      757      747      707      711      741      720      685 
     699      722      697      669      692      704      673      661 
     687      696      665      646      680      691      649      645 
     680      680      649      646      685      691      656      672 
     719      704      673      699      727      702      679      715 
     745      715      708      758      776      745      746      787 
     795      762      767      807 
