Origin Time       2016/04/16 01:25:00
Lat.              32.753
Long.             130.762
Depth. (km)       12
Mag.              7.3
Station Code      TKS009
Station Lat.      33.7719
Station Long.     134.1995
Station Height(m) 362
Record Time       2016/04/16 01:26:46
Sampling Freq(Hz) 100Hz
Duration Time(s)  88
Dir.              E-W
Scale Factor      7845(gal)/8223790
Max. Acc. (gal)   3.068
Last Correction   2016/04/16 01:26:47
Memo.             
    1236     1278     1286     1308     1364     1405     1405     1431 
    1501     1554     1586     1609     1613     1605     1610     1609 
    1587     1575     1559     1522     1514     1522     1499     1485 
    1501     1520     1540     1566     1584     1609     1632     1632 
    1593     1540     1503     1490     1479     1460     1431     1425 
    1440     1433     1389     1336     1285     1216     1138     1101 
    1111     1140     1192     1263     1320     1341     1337     1332 
    1308     1242     1205     1221     1232     1240     1230     1193 
    1181     1185     1179     1185     1177     1146     1132     1107 
    1058     1032     1032     1042     1042     1021      997      987 
     992     1000     1011     1031     1069     1102     1120     1136 
    1144     1142     1136     1139     1139     1111     1073     1044 
    1012      980      943      905      885      873      872      884 
     909      958      977      954      931      890      828      803 
     818      851      882      900      934      966      961      951 
     959      959      961      974      981      982     1004     1053 
    1096     1101     1081     1060     1053     1051     1034     1008 
     982      951      945      977     1026     1081     1129     1158 
    1189     1215     1194     1163     1158     1151     1139     1127 
    1107     1115     1140     1136     1105     1092     1115     1147 
    1179     1221     1258     1269     1273     1282     1275     1242 
    1232     1235     1209     1181     1163     1139     1132     1144 
    1146     1155     1189     1248     1317     1343     1336     1344 
    1334     1305     1277     1230     1204     1230     1269     1308 
    1367     1425     1487     1552     1603     1651     1695     1695 
    1660     1624     1574     1535     1528     1516     1497     1503 
    1520     1520     1513     1501     1472     1431     1413     1420 
    1414     1379     1337     1282     1206     1135     1070     1000 
     950      918      889      893      947     1011     1046     1067 
    1080     1060     1017      994     1000      993      981      993 
    1024     1058     1080     1094     1123     1154     1171     1192 
    1237     1293     1341     1374     1401     1436     1466     1486 
    1522     1567     1588     1605     1642     1683     1710     1745 
    1768     1755     1737     1726     1717     1703     1680     1667 
    1658     1622     1556     1466     1362     1269     1197     1154 
    1138     1144     1177     1224     1279     1332     1334     1287 
    1247     1221     1198     1179     1162     1156     1177     1206 
    1236     1286     1366     1431     1441     1436     1437     1429 
    1405     1394     1409     1421     1410     1368     1301     1258 
    1260     1275     1312     1374     1412     1435     1449     1428 
    1389     1368     1352     1341     1332     1308     1289     1281 
    1282     1301     1336     1360     1356     1351     1339     1289 
    1239     1247     1279     1308     1334     1327     1314     1305 
    1248     1183     1163     1131     1094     1107     1124     1104 
    1088     1081     1060     1026     1003      996      987      993 
    1013     1034     1080     1140     1179     1216     1248     1251 
    1243     1235     1242     1297     1351     1371     1418     1476 
    1478     1459     1448     1398     1334     1298     1266     1258 
    1285     1308     1348     1390     1360     1300     1281     1258 
    1206     1185     1194     1185     1159     1123     1078     1036 
     989      938      900      895      922      947      951      972 
    1028     1075     1094     1116     1132     1111     1090     1113 
    1140     1173     1273     1412     1533     1630     1672     1649 
    1611     1566     1502     1470     1470     1456     1433     1402 
    1356     1317     1291     1287     1301     1294     1271     1251 
    1212     1165     1121     1073     1042     1034     1015      989 
     949      896      870      880      909      955     1020     1094 
    1161     1202     1236     1255     1248     1281     1366     1431 
    1472     1499     1497     1486     1479     1478     1505     1559 
    1593     1606     1641     1683     1695     1680     1655     1632 
    1606     1563     1518     1486     1439     1375     1324     1291 
    1259     1220     1196     1175     1150     1143     1136     1123 
    1143     1158     1142     1143     1151     1136     1111     1059 
     999      977      982      976      972      990     1012     1030 
    1062     1088     1071     1046     1047     1077     1131     1194 
    1243     1273     1301     1313     1296     1263     1235     1204 
    1170     1156     1170     1196     1228     1262     1282     1310 
    1367     1433     1486     1509     1520     1516     1494     1489 
    1512     1543     1583     1620     1648     1677     1699     1696 
    1672     1653     1665     1676     1676     1686     1679     1664 
    1690     1722     1737     1772     1792     1779     1777     1783 
    1781     1786     1757     1698     1637     1551     1455     1397 
    1362     1320     1285     1271     1258     1221     1192     1189 
    1182     1165     1156     1133     1069     1009      974      946 
     938      923      873      834      815      789      785      803 
     816      849      901      932      939      939      911      872 
     857      838      816      832      864      892      911      908 
     901      909      927      962     1019     1070     1094     1109 
    1140     1181     1225     1279     1306     1314     1358     1402 
    1402     1410     1436     1435     1405     1375     1340     1306 
    1287     1267     1220     1170     1150     1156     1167     1167 
    1171     1196     1225     1229     1202     1152     1078     1008 
     966      913      862      866      900      945     1038     1156 
    1251     1324     1379     1405     1420     1424     1410     1394 
    1383     1379     1382     1385     1397     1431     1474     1506 
    1516     1493     1459     1436     1413     1378     1354     1356 
    1347     1316     1304     1308     1316     1333     1339     1324 
    1327     1341     1336     1316     1298     1287     1274     1251 
    1242     1252     1269     1294     1332     1358     1367     1355 
    1345     1367     1398     1431     1491     1557     1594     1606 
    1611     1590     1549     1518     1489     1453     1431     1413 
    1394     1386     1382     1358     1324     1287     1227     1154 
    1107     1078     1043     1030     1038     1044     1070     1124 
    1189     1252     1281     1282     1278     1262     1255     1264 
    1262     1256     1254     1263     1312     1362     1397     1445 
    1486     1507     1514     1493     1462     1436     1395     1334 
    1271     1227     1210     1220     1259     1304     1314     1324 
    1339     1305     1232     1185     1183     1182     1175     1181 
    1202     1243     1279     1294     1328     1359     1334     1301 
    1296     1282     1250     1204     1173     1177     1200     1237 
    1282     1308     1332     1364     1390     1413     1426     1412 
    1402     1405     1383     1374     1405     1422     1431     1445 
    1441     1441     1460     1479     1505     1526     1528     1509 
    1451     1348     1237     1151     1107     1084     1055     1059 
    1097     1133     1162     1185     1189     1174     1173     1193 
    1202     1217     1259     1301     1336     1390     1444     1489 
    1533     1563     1579     1580     1556     1549     1576     1610 
    1645     1677     1692     1695     1686     1680     1698     1717 
    1717     1715     1718     1728     1746     1767     1799     1833 
    1852     1869     1884     1873     1823     1744     1675     1634 
    1615     1620     1634     1644     1647     1660     1695     1717 
    1725     1740     1733     1701     1672     1636     1595     1571 
    1557     1554     1567     1591     1606     1590     1551     1507 
    1463     1424     1391     1367     1366     1379     1375     1359 
    1362     1352     1298     1247     1209     1167     1158     1175 
    1183     1193     1208     1216     1242     1282     1304     1312 
    1320     1314     1305     1310     1324     1336     1356     1383 
    1389     1371     1366     1359     1332     1317     1306     1281 
    1273     1267     1247     1230     1194     1129     1089     1090 
    1101     1121     1152     1166     1158     1146     1119     1085 
    1071     1077     1080     1078     1071     1057     1046     1053 
    1081     1119     1161     1194     1205     1206     1213     1225 
    1246     1260     1262     1264     1277     1301     1334     1363 
    1379     1399     1441     1476     1483     1460     1413     1356 
    1310     1291     1294     1287     1297     1314     1290     1250 
    1221     1188     1165     1152     1125     1088     1058     1009 
     955      943      935      905      912      938      938      951 
    1007     1057     1088     1123     1147     1140     1116     1084 
    1062     1057     1055     1065     1071     1067     1067     1070 
    1065     1065     1075     1074     1048     1008      949      890 
     858      850      859      874      885      913      962     1012 
    1062     1096     1094     1084     1065     1034     1026     1047 
    1062     1071     1086     1102     1116     1121     1131     1156 
    1173     1171     1193     1232     1247     1248     1255     1259 
    1278     1304     1304     1278     1247     1217     1174     1124 
    1109     1121     1124     1135     1154     1163     1173     1169 
    1142     1120     1115     1088     1044     1028     1034     1042 
    1065     1092     1107     1120     1127     1113     1085     1047 
    1015     1003      992     1000     1059     1128     1182     1239 
    1255     1237     1252     1260     1239     1235     1240     1240 
    1248     1269     1313     1375     1401     1395     1390     1363 
    1323     1318     1333     1339     1372     1421     1428     1395 
    1350     1277     1204     1151     1097     1046     1008      961 
     880      792      738      704      692      704      697      691 
     715      737      753      789      830      876      931      969 
    1000     1055     1102     1116     1125     1123     1097     1100 
    1143     1182     1219     1277     1333     1375     1408     1397 
    1347     1308     1262     1197     1171     1156     1131     1143 
    1171     1182     1202     1217     1183     1123     1075     1042 
    1017     1016     1023     1031     1036     1038     1063     1115 
    1151     1178     1213     1221     1212     1221     1239     1242 
    1215     1198     1216     1209     1182     1178     1166     1151 
    1165     1185     1208     1247     1277     1289     1296     1285 
    1275     1285     1289     1291     1293     1287     1294     1308 
    1294     1278     1290     1312     1314     1312     1334     1374 
    1381     1356     1343     1340     1341     1367     1404     1441 
    1478     1509     1544     1567     1554     1552     1586     1617 
    1642     1695     1763     1814     1845     1856     1841     1798 
    1736     1680     1647     1618     1584     1572     1599     1642 
    1680     1710     1734     1753     1745     1711     1686     1656 
    1618     1583     1545     1524     1526     1530     1545     1557 
    1560     1587     1625     1641     1645     1632     1593     1539 
    1480     1424     1370     1318     1297     1304     1298     1282 
    1275     1260     1243     1230     1201     1173     1169     1171 
    1159     1143     1131     1121     1117     1105     1070     1047 
    1060     1092     1143     1192     1212     1237     1267     1260 
    1237     1216     1181     1136     1094     1086     1123     1189 
    1287     1394     1474     1530     1572     1594     1606     1613 
    1606     1594     1595     1606     1626     1667     1701     1709 
    1729     1734     1709     1696     1695     1703     1733     1752 
    1744     1729     1717     1686     1645     1618     1602     1580 
    1556     1530     1513     1501     1468     1429     1413     1405 
    1402     1408     1394     1366     1318     1239     1152     1098 
    1078     1090     1132     1183     1227     1243     1235     1224 
    1197     1161     1121     1062     1000      963      928      899 
     912      965     1015     1042     1055     1042      993      932 
     889      866      847      823      796      756      707      666 
     634      610      589      558      515      483      463      448 
     438      430      438      450      449      453      467      484 
     517      552      585      626      665      692      714      746 
     789      827      858      896      931      969     1021     1081 
    1140     1204     1264     1313     1356     1402     1422     1416 
    1420     1425     1428     1452     1489     1530     1578     1605 
    1626     1656     1668     1667     1664     1649     1638     1637 
    1642     1671     1714     1763     1804     1821     1836     1858 
    1850     1813     1780     1749     1718     1707     1710     1719 
    1736     1741     1750     1773     1779     1784     1814     1833 
    1833     1829     1807     1776     1748     1732     1714     1671 
    1626     1588     1533     1493     1470     1429     1394     1374 
    1332     1282     1254     1252     1285     1334     1405     1499 
    1582     1638     1691     1740     1780     1823     1871     1934 
    2000     2045     2089     2135     2160     2182     2215     2234 
    2254     2292     2336     2392     2448     2501     2554     2612 
    2671     2725     2759     2776     2794     2817     2833     2840 
    2847     2863     2878     2878     2868     2844     2794     2729 
    2648     2554     2473     2419     2381     2366     2380     2404 
    2428     2465     2505     2529     2543     2543     2535     2535 
    2542     2559     2593     2608     2592     2562     2497     2390 
    2286     2193     2077     1949     1826     1686     1539     1410 
    1296     1201     1127     1048      961      870      761      630 
     511      402      275      162       68      -36     -144     -241 
    -337     -425     -511     -595     -646     -648     -623     -583 
    -521     -449     -383     -328     -297     -303     -322     -355 
    -422     -502     -568     -619     -645     -645     -626     -592 
    -540     -481     -423     -373     -330     -301     -287     -276 
    -263     -251     -220     -162      -82        2       75      147 
     210      252      278      287      276      243      190      147 
     125      117      122      129      141      162      163      149 
     151      159      168      175      174      183      205      217 
     246      307      352      383      418      436      437      427 
     395      344      291      232      168      124      103      101 
     129      195      263      307      321      305      272      236 
     194      151      124      105       91      108      124      124 
     136      126       74       32        5      -32      -44      -20 
       9       62      133      195      261      337      394      438 
     487      537      594      662      754      858      965     1088 
    1213     1316     1414     1497     1557     1632     1699     1752 
    1822     1871     1891     1930     1988     2030     2079     2144 
    2211     2296     2415     2528     2617     2702     2762     2789 
    2799     2782     2739     2688     2623     2533     2452     2396 
    2376     2389     2412     2442     2490     2536     2563     2586 
    2608     2596     2546     2520     2525     2529     2579     2690 
    2808     2924     3024     3102     3192     3276     3341     3407 
    3462     3503     3568     3645     3726     3828     3943     4047 
    4145     4218     4263     4306     4334     4355     4372     4365 
    4356     4351     4330     4311     4286     4220     4124     4012 
    3865     3701     3551     3407     3265     3150     3056     2964 
    2875     2787     2682     2569     2455     2338     2223     2101 
    1992     1918     1844     1760     1674     1568     1445     1331 
    1233     1142     1065      999      912      819      751      687 
     626      587      553      522      506      495      499      537 
     591      639      683      714      731      722      702      684 
     668      669      687      700      711      708      687      661 
     642      625      610      621      681      778      908     1053 
    1189     1324     1436     1512     1575     1625     1657     1675 
    1690     1710     1717     1721     1748     1759     1755     1776 
    1773     1742     1714     1665     1617     1597     1557     1499 
    1462     1422     1377     1345     1325     1308     1285     1236 
    1165     1058      919      776      630      476      328      193 
      68      -39     -110     -143     -155     -164     -174     -178 
    -180     -198     -236     -265     -279     -275     -253     -218 
    -187     -149     -108      -89      -79      -54      -32        0 
      70      135      187      252      284      294      328      349 
     348      359      367      359      344      310      243      159 
      58      -58     -176     -311     -446     -565     -677     -778 
    -859     -903     -913     -903     -859     -793     -756     -728 
    -692     -688     -712     -726     -753     -788     -812     -837 
    -858     -847     -808     -747     -662     -546     -413     -291 
    -172      -36       98      218      334      432      508      572 
     627      689      765      851      955     1062     1151     1235 
    1301     1329     1336     1331     1316     1296     1267     1243 
    1229     1212     1194     1179     1148     1129     1119     1090 
    1067     1053     1034     1044     1073     1102     1152     1206 
    1246     1296     1350     1389     1424     1463     1507     1561 
    1618     1677     1746     1809     1859     1904     1923     1917 
    1918     1944     2000     2107     2255     2397     2515     2602 
    2635     2616     2583     2529     2466     2430     2398     2373 
    2386     2403     2408     2435     2458     2479     2529     2569 
    2573     2565     2540     2501     2485     2474     2454     2451 
    2457     2458     2467     2461     2442     2457     2506     2560 
    2624     2706     2781     2829     2866     2876     2844     2792 
    2752     2727     2721     2754     2820     2891     2961     3014 
    3042     3067     3079     3080     3095     3115     3134     3154 
    3150     3115     3095     3086     3063     3057     3068     3055 
    3036     3019     2995     2988     2988     2979     2971     2945 
    2895     2839     2771     2695     2629     2567     2517     2486 
    2459     2424     2381     2326     2251     2151     2034     1911 
    1784     1663     1551     1431     1318     1244     1183     1123 
    1075     1036      992      946      890      814      730      648 
     552      471      430      396      360      344      318      284 
     272      245      201      168      141      125      126      135 
     152      189      233      261      288      328      337      338 
     361      353      321      295      255      212      174      114 
      47      -29     -128     -214     -291     -359     -383     -391 
    -391     -360     -322     -294     -257     -217     -170      -90 
       8       95      167      240      328      429      530      642 
     769      876      976     1093     1205     1298     1381     1445 
    1487     1513     1518     1495     1443     1390     1347     1279 
    1185     1081      958      805      646      480      297      126 
     -10     -131     -234     -309     -380     -471     -552     -606 
    -675     -741     -757     -762     -776     -750     -697     -629 
    -499     -315     -120       81      261      409      542      646 
     715      770      826      885      957     1032     1092     1138 
    1167     1177     1185     1204     1219     1227     1216     1175 
    1128     1088     1067     1088     1143     1221     1323     1431 
    1544     1642     1705     1750     1804     1856     1907     1975 
    2050     2110     2163     2232     2304     2373     2446     2520 
    2587     2651     2712     2781     2851     2907     2971     3024 
    3036     3030     3009     2971     2924     2855     2778     2713 
    2651     2617     2636     2669     2688     2701     2695     2658 
    2602     2567     2556     2544     2523     2498     2447     2349 
    2235     2141     2066     2010     1977     1979     2007     2033 
    2053     2079     2084     2057     1998     1908     1821     1736 
    1632     1541     1474     1395     1304     1224     1154     1088 
    1050     1031      996      935      851      767      699      656 
     653      669      677      673      658      653      658      660 
     657      637      615      616      604      587      589      584 
     558      519      464      407      328      225      116      -29 
    -201     -344     -463     -573     -660     -726     -797     -886 
    -984    -1085    -1194    -1300    -1391    -1468    -1528    -1580 
   -1613    -1615    -1599    -1582    -1554    -1505    -1449    -1398 
   -1333    -1242    -1120     -978     -831     -687     -573     -488 
    -399     -318     -263     -206     -156     -141     -125     -103 
    -103      -95      -72      -72      -85      -78      -74      -83 
     -94      -97      -97      -93      -90      -97     -101      -98 
     -99     -105     -117     -144     -183     -218     -241     -240 
    -229     -205     -156     -101      -29       67      172      289 
     421      542      649      753      873     1013     1158     1294 
    1443     1602     1741     1868     2003     2130     2239     2326 
    2392     2446     2482     2512     2543     2571     2598     2619 
    2624     2632     2656     2674     2683     2708     2745     2786 
    2833     2882     2914     2924     2907     2856     2776     2694 
    2627     2583     2571     2570     2589     2643     2695     2743 
    2830     2915     2947     2971     3002     2986     2943     2929 
    2928     2913     2906     2917     2932     2952     2974     2997 
    3026     3053     3052     3034     3019     2970     2890     2824 
    2754     2683     2640     2598     2562     2560     2578     2593 
    2614     2644     2655     2646     2646     2647     2631     2604 
    2565     2502     2416     2317     2207     2085     1975     1877 
    1786     1701     1606     1509     1424     1331     1239     1158 
    1067      976      889      788      680      585      511      454 
     399      346      299      233      157       90        5      -90 
    -170     -225     -295     -360     -383     -390     -400     -378 
    -349     -338     -311     -278     -256     -218     -175     -159 
    -163     -178     -191     -190     -176     -139      -93      -58 
     -25       -4        0       -5      -11      -17      -32      -58 
     -86     -133     -182     -202     -216     -230     -224     -214 
    -224     -237     -246     -248     -229     -205     -168     -106 
     -45       16      105      178      225      266      288      299 
     307      324      370      459      595      770      950     1132 
    1308     1456     1590     1719     1833     1937     2033     2107 
    2173     2253     2326     2393     2478     2548     2587     2616 
    2629     2635     2636     2623     2604     2586     2578     2596 
    2629     2669     2712     2736     2754     2783     2814     2843 
    2863     2871     2874     2853     2795     2735     2682     2606 
    2517     2450     2390     2331     2288     2254     2230     2227 
    2205     2142     2081     2030     1961     1902     1885     1892 
    1887     1865     1833     1775     1707     1651     1595     1557 
    1535     1507     1482     1470     1443     1408     1391     1377 
    1367     1370     1374     1379     1382     1372     1367     1389 
    1412     1414     1426     1455     1467     1470     1486     1518 
    1567     1622     1667     1702     1696     1632     1556     1475 
    1377     1305     1269     1255     1279     1312     1331     1375 
    1424     1452     1486     1518     1553     1605     1632     1658 
    1719     1769     1794     1840     1883     1899     1915     1933 
    1946     1946     1923     1902     1890     1871     1867     1895 
    1921     1919     1903     1864     1794     1703     1598     1486 
    1372     1251     1128     1008      903      838      807      793 
     811      826      807      792      776      722      675      656 
     633      621      639      668      695      743      820      881 
     907      931      947      934      913      913      915      893 
     849      805      760      697      637      573      510      464 
     432      406      403      418      436      438      418      390 
     365      325      278      256      251      245      261      299 
     352      421      496      576      650      704      731      730 
     707      683      662      648      658      693      743      811 
     880      935      987     1023     1020     1003      973      912 
     841      776      702      631      576      523      498      506 
     529      562      607      641      654      670      711      762 
     834      938     1048     1159     1281     1395     1505     1621 
    1741     1863     1988     2119     2258     2394     2508     2589 
    2652     2717     2778     2836     2925     3029     3121     3230 
    3355     3466     3593     3744     3871     3981     4088     4168 
    4228     4268     4284     4320     4363     4392     4440     4484 
    4490     4477     4455     4414     4379     4355     4321     4278 
    4228     4159     4055     3937     3828     3724     3619     3546 
    3511     3487     3451     3404     3330     3231     3129     3013 
    2868     2740     2636     2524     2434     2373     2295     2196 
    2106     2006     1898     1791     1672     1549     1437     1339 
    1262     1210     1169     1133     1101     1053      987      903 
     800      707      625      568      546      542      542      549 
     553      564      579      595      621      645      654      650 
     630      604      587      572      577      607      629      648 
     696      741      767      805      838      851      861      861 
     858      864      876      886      886      890      903      885 
     847      804      747      707      689      675      677      692 
     693      692      692      680      639      579      526      469 
     425      440      499      571      665      769      855      923 
     972     1000     1024     1032     1026     1017     1024     1047 
    1058     1057     1053     1031      985      938      889      842 
     805      791      808      841      873      919      970      996 
    1000      997      973      931      889      837      777      731 
     700      689      715      772      831      895      958      999 
    1020     1039     1039     1026     1011      993      972      976 
    1016     1059     1104     1159     1189     1204     1208     1177 
    1147     1133     1101     1065     1053     1050     1046     1060 
    1104     1162     1233     1332     1437     1528     1629     1740 
    1838     1930     2027     2102     2143     2188     2247     2303 
    2369     2450     2528     2628     2731     2809     2895     2963 
    2992     3029     3045     3034     3052     3075     3090     3118 
    3144     3156     3140     3090     3025     2945     2855     2768 
    2694     2617     2525     2432     2349     2262     2166     2081 
    2014     1956     1912     1875     1833     1807     1796     1783 
    1768     1755     1734     1705     1676     1649     1626     1621 
    1624     1620     1618     1624     1610     1576     1560     1552 
    1520     1497     1509     1528     1552     1598     1640     1652 
    1651     1621     1560     1494     1414     1327     1252     1192 
    1133     1093     1078     1067     1065     1078     1086     1092 
    1101     1097     1101     1136     1177     1223     1278     1320 
    1347     1378     1417     1463     1507     1547     1586     1610 
    1609     1611     1618     1615     1630     1655     1667     1683 
    1695     1699     1710     1721     1733     1760     1787     1799 
    1799     1787     1757     1725     1703     1683     1663     1648 
    1637     1624     1610     1591     1567     1535     1498     1453 
    1401     1341     1287     1236     1183     1155     1151     1144 
    1150     1167     1177     1169     1131     1077     1024      959 
     903      859      819      801      792      791      797      789 
     778      766      731      706      715      726      728      756 
     780      793      819      838      843      845      830      793 
     767      762      761      758      773      799      805      808 
     834      845      835      849      876      881      897      945 
     984     1024     1090     1143     1175     1209     1224     1216 
    1210     1205     1197     1190     1185     1190     1208     1229 
    1259     1300     1339     1371     1402     1410     1391     1364 
    1333     1297     1267     1252     1248     1240     1225     1217 
    1209     1190     1171     1146     1100     1063     1039      994 
     943      900      847      795      758      726      697      680 
     665      650      638      615      585      550      504      467 
     448      444      456      464      481      526      579      629 
     695      773      835      877      913      949      972      986 
    1007     1048     1109     1174     1244     1308     1339     1355 
    1366     1360     1363     1375     1368     1370     1386     1387 
    1395     1433     1472     1509     1554     1586     1590     1593 
    1603     1615     1644     1679     1702     1709     1696     1667 
    1645     1632     1618     1606     1605     1594     1583     1586 
    1591     1582     1564     1553     1535     1498     1467     1448 
    1417     1381     1354     1329     1312     1300     1282     1255 
    1242     1240     1223     1206     1208     1192     1178     1185 
    1179     1173     1181     1183     1192     1208     1216     1216 
    1220     1224     1223     1224     1229     1206     1163     1133 
    1094     1048     1036     1031     1012     1011     1015     1000 
     981      957      903      831      757      691      637      602 
     581      564      545      526      495      456      425      394 
     351      317      288      252      224      207      194      193 
     202      218      236      243      240      233      220      217 
     221      222      232      238      238      245      236      203 
     167      112       41      -14      -47      -67      -67      -45 
     -13       22       64      110      159      211      265      305 
     324      340      353      348      352      372      379      387 
     414      437      461      486      504      537      573      603 
     648      696      741      784      810      823      831      824 
     808      788      757      727      704      670      638      619 
     604      600      606      604      596      581      564      544 
     518      498      490      479      472      461      440      429 
     417      386      355      325      298      284      284      284 
     275      263      248      221      194      178      168      164 
     163      155      144      133      118       95       79       76 
      70       49       32       29       10       -8      -13      -35 
     -64      -76      -90     -112     -128     -152     -189     -220 
    -233     -237     -244     -241     -234     -240     -259     -280 
    -289     -302     -314     -314     -317     -319     -326     -353 
    -376     -392     -425     -453     -450     -441     -456     -475 
    -476     -491     -522     -546     -571     -602     -618     -626 
    -633     -627     -614     -604     -592     -575     -557     -538 
    -511     -484     -457     -422     -383     -367     -349     -318 
    -299     -292     -280     -272     -259     -225     -199     -172 
    -128      -90      -74      -47      -16        1       31       78 
     106      131      174      209      248      298      342      386 
     429      454      464      469      471      463      460      472 
     490      500      518      549      577      603      639      668 
     685      711      739      767      797      824      845      866 
     882      885      892      909      909      895      901      896 
     866      861      857      824      812      807      767      731 
     707      660      606      565      521      469      425      388 
     356      332      315      294      270      251      225      193 
     160      144      141      143      155      171      189      225 
     263      303      360      410      442      484      521      544 
     566      581      596      621      643      666      696      724 
     754      791      826      849      861      872      881      886 
     900      918      935      965     1003     1034     1063     1104 
    1150     1193     1247     1313     1372     1436     1493     1518 
    1539     1560     1559     1560     1579     1599     1632     1677 
    1717     1777     1849     1900     1958     2020     2064     2107 
    2149     2173     2196     2222     2238     2253     2282     2316 
    2344     2370     2397     2417     2432     2442     2451     2473 
    2515     2546     2575     2619     2651     2666     2690     2713 
    2724     2747     2771     2785     2799     2818     2829     2837 
    2847     2855     2868     2890     2918     2951     2980     3006 
    3028     3045     3063     3073     3079     3086     3092     3095 
    3098     3095     3083     3083     3105     3113     3118     3133 
    3132     3122     3121     3117     3109     3107     3109     3117 
    3129     3146     3171     3196     3223     3250     3276     3296 
    3322     3350     3376     3384     3376     3369     3368     3358 
    3353     3364     3381     3399     3427     3465     3501     3538 
    3573     3599     3627     3646     3640     3632     3627     3615 
    3605     3608     3622     3632     3634     3639     3639     3640 
    3655     3655     3627     3604     3586     3546     3507     3484 
    3458     3426     3400     3380     3362     3338     3316     3302 
    3279     3258     3256     3253     3249     3260     3279     3292 
    3299     3304     3307     3317     3330     3327     3319     3314 
    3300     3276     3254     3248     3241     3227     3226     3226 
    3225     3232     3235     3225     3218     3217     3206     3184 
    3160     3132     3092     3059     3041     3029     3025     3029 
    3033     3029     3025     3022     3010     2990     2974     2970 
    2964     2957     2970     2994     3011     3033     3061     3083 
    3090     3087     3084     3071     3051     3044     3044     3041 
    3048     3052     3052     3046     3028     3010     2986     2951 
    2921     2894     2866     2837     2808     2794     2786     2763 
    2744     2729     2702     2664     2614     2560     2502     2430 
    2353     2290     2220     2147     2092     2034     1966     1915 
    1881     1842     1815     1800     1786     1773     1755     1725 
    1701     1679     1657     1638     1615     1598     1590     1588 
    1593     1606     1628     1648     1664     1669     1667     1660 
    1647     1632     1613     1599     1588     1572     1563     1561 
    1568     1582     1590     1591     1583     1566     1547     1521 
    1494     1470     1445     1431     1421     1404     1397     1405 
    1404     1398     1408     1416     1412     1417     1424     1424 
    1428     1429     1418     1405     1405     1413     1410     1413 
    1431     1433     1436     1452     1453     1449     1451     1435 
    1412     1387     1350     1314     1289     1263     1247     1246 
    1236     1221     1215     1201     1170     1143     1121     1090 
    1063     1048     1035     1016      999      989      974      946 
     926      907      877      857      841      812      784      753 
     714      673      642      612      588      575      560      544 
     521      483      434      383      330      272      225      191 
     157      139      129      103       83       83       72       47 
      35       25        9       -9      -21      -29      -41      -56 
     -65      -81     -101     -103     -105     -110      -89      -63 
     -58      -45      -17       -5      -10      -13      -11      -21 
     -39      -39      -35      -36      -40      -44      -41      -41 
     -62      -83      -98     -131     -164     -174     -191     -207 
    -210     -221     -230     -241     -275     -299     -318     -360 
    -390     -400     -421     -437     -432     -436     -448     -446 
    -454     -473     -492     -506     -525     -545     -556     -553 
    -548     -532     -517     -500     -486     -472     -454     -445 
    -451     -451     -460     -483     -483     -471     -471     -460 
    -449     -459     -473     -493     -525     -552     -584     -612 
    -627     -642     -652     -649     -652     -653     -650     -658 
    -676     -688     -689     -693     -699     -695     -688     -683 
    -665     -646     -625     -592     -566     -540     -502     -476 
    -454     -417     -378     -344     -307     -271     -246     -217 
    -184     -157     -129      -95      -60      -29       -1       39 
      79       98      121      152      164      174      190      201 
     210      225      243      268      299      318      338      364 
     379      387      407      432      441      464      500      515 
     530      562      581      579      591      612      619      622 
     639      657      669      692      714      727      750      770 
     787      811      832      853      880      903      916      935 
     962      980      994     1017     1032     1038     1055     1086 
    1111     1135     1169     1206     1224     1232     1262     1290 
    1308     1343     1377     1408     1448     1487     1521     1561 
    1599     1634     1675     1723     1772     1815     1856     1903 
    1953     2006     2052     2089     2133     2176     2214     2254 
    2285     2311     2354     2392     2411     2450     2497     2520 
    2548     2587     2609     2631     2650     2640     2636     2641 
    2617     2601     2612     2610     2617     2648     2662     2654 
    2656     2662     2666     2671     2667     2659     2658     2644 
    2623     2610     2609     2613     2620     2628     2640     2647 
    2655     2662     2662     2662     2668     2671     2660     2643 
    2621     2589     2560     2542     2525     2524     2542     2560 
    2579     2605     2625     2631     2628     2629     2623     2608 
    2605     2601     2593     2587     2582     2573     2565     2562 
    2560     2556     2550     2539     2524     2505     2485     2461 
    2444     2434     2428     2420     2416     2417     2416     2421 
    2434     2446     2447     2444     2458     2471     2463     2450 
    2452     2455     2451     2442     2434     2434     2436     2425 
    2419     2428     2421     2409     2412     2412     2405     2401 
    2390     2370     2353     2327     2292     2269     2250     2220 
    2199     2181     2160     2130     2100     2083     2065     2047 
    2046     2046     2047     2052     2045     2041     2042     2034 
    2029     2018     1993     1964     1934     1898     1864     1833 
    1804     1781     1752     1722     1695     1663     1629     1595 
    1566     1545     1517     1490     1482     1468     1445     1447 
    1455     1449     1453     1467     1476     1486     1491     1486 
    1478     1472     1462     1449     1443     1433     1424     1417 
    1405     1401     1405     1405     1408     1405     1387     1367 
    1339     1300     1270     1237     1201     1165     1123     1081 
    1043     1003      972      932      890      855      814      766 
     722      681      649      610      572      550      526      491 
     472      456      430      415      406      383      365      356 
     349      344      337      337      349      356      359      369 
     382      383      388      394      396      399      407      413 
     413      411      413      403      391      387      376      361 
     346      324      297      268      245      228      201      180 
     164      131      108       99       87       72       58       44 
      36       16       -2        0        2        1        8       16 
      23       39       62       79       89      112      131      129 
     148      163      151      144      149      139      129      122 
     114      108       98       82       62       37       17       -5 
     -32      -47      -62      -83      -95     -112     -136     -143 
    -152     -167     -167     -174     -184     -174     -167     -172 
    -164     -148     -144     -144     -128     -120     -125     -122 
    -112     -112     -118     -118     -112     -106     -103     -101 
     -98     -101     -108     -110     -114     -120     -124     -125 
    -126     -131     -141     -137     -133     -139     -133     -117 
     -99      -81      -65      -47      -18        1       20       43 
      59       85      112      126      144      178      201      232 
     283      329      373      425      464      495      540      572 
     598      642      691      728      773      820      864      908 
     953      986     1015     1046     1070     1094     1127     1158 
    1190     1225     1248     1270     1297     1320     1333     1355 
    1379     1389     1399     1428     1451     1468     1495     1524 
    1545     1561     1584     1615     1632     1641     1667     1686 
    1698     1725     1741     1750     1776     1804     1823     1846 
    1880     1919     1954     1996     2037     2068     2102     2137 
    2153     2178     2205     2219     2247     2276     2289     2313 
    2346     2370     2393     2413     2432     2452     2463     2473 
    2486     2492     2489     2497     2504     2492     2484     2498 
    2502     2493     2493     2500     2502     2502     2516     2540 
    2552     2567     2597     2614     2619     2635     2652     2664 
    2674     2688     2713     2727     2737     2768     2795     2808 
    2833     2863     2866     2874     2894     2895     2880     2871 
    2874     2874     2867     2866     2863     2849     2837     2828 
    2813     2795     2786     2772     2751     2740     2729     2705 
    2681     2654     2621     2597     2575     2548     2539     2536 
    2523     2519     2523     2519     2509     2506     2506     2498 
    2488     2490     2493     2493     2492     2490     2496     2492 
    2479     2479     2474     2461     2467     2467     2455     2461 
    2467     2463     2458     2454     2452     2446     2425     2416 
    2421     2407     2386     2392     2397     2378     2374     2382 
    2365     2344     2342     2332     2313     2297     2289     2277 
    2251     2232     2220     2201     2187     2180     2176     2168 
    2150     2138     2130     2118     2102     2096     2085     2072 
    2064     2053     2041     2031     2019     1995     1962     1930 
    1895     1856     1822     1787     1755     1729     1699     1677 
    1649     1611     1586     1556     1512     1479     1449     1413 
    1382     1355     1333     1313     1285     1266     1255     1235 
    1217     1198     1173     1154     1128     1090     1065     1036 
    1003      985      967      938      915      895      864      835 
     804      767      737      710      679      646      619      595 
     562      542      533      515      496      486      469      450 
     433      415      407      392      382      379      364      344 
     332      314      301      282      251      234      218      180 
     159      144      105       74       52       14      -16      -39 
     -75     -103     -121     -153     -184     -201     -218     -228 
    -224     -224     -232     -233     -230     -233     -240     -238 
    -225     -225     -234     -224     -222     -237     -233     -221 
    -220     -225     -225     -225     -228     -233     -232     -234 
    -237     -236     -238     -243     -246     -257     -265     -271 
    -274     -282     -301     -314     -309     -305     -305     -297 
    -288     -279     -259     -241     -229     -211     -193     -176 
    -160     -148     -143     -137     -126     -121     -117     -101 
     -85      -67      -35       -1       21       55       94      112 
     136      166      178      190      217      232      240      261 
     278      292      319      337      346      372      390      396 
     421      436      436      459      484      495      521      553 
     562      579      611      626      642      672      691      708 
     734      746      766      789      796      808      826      826 
     838      857      855      858      876      884      884      890 
     899      890      876      880      885      876      876      877 
     866      861      873      874      864      873      885      884 
     896      920      932      954      985     1008     1036     1057 
    1071     1105     1140     1165     1205     1254     1286     1324 
    1386     1435     1468     1525     1580     1615     1652     1687 
    1713     1737     1761     1779     1792     1813     1833     1850 
    1872     1895     1918     1949     1977     1992     2014     2049 
    2076     2096     2128     2158     2180     2220     2258     2281 
    2330     2380     2397     2423     2458     2482     2506     2528 
    2540     2560     2577     2587     2608     2631     2643     2659 
    2681     2687     2694     2705     2706     2704     2697     2691 
    2683     2668     2660     2656     2644     2625     2616     2619 
    2617     2614     2612     2605     2602     2604     2592     2577 
    2567     2552     2546     2556     2559     2558     2565     2563 
    2556     2555     2546     2533     2528     2509     2484     2477 
    2463     2444     2442     2435     2420     2419     2412     2394 
    2396     2398     2382     2374     2380     2378     2373     2376 
    2384     2380     2370     2367     2358     2342     2334     2331 
    2331     2328     2323     2328     2331     2323     2324     2331 
    2327     2323     2330     2330     2327     2324     2313     2301 
    2289     2276     2261     2235     2212     2201     2173     2135 
    2111     2085     2046     2018     1991     1961     1938     1915 
    1887     1858     1838     1817     1791     1768     1749     1732 
    1714     1698     1679     1656     1640     1617     1591     1571 
    1539     1498     1471     1437     1397     1368     1339     1301 
    1278     1258     1221     1193     1171     1133     1101     1075 
    1038     1007      984      954      928      905      885      873 
     864      851      850      855      855      850      847      843 
     828      814      808      792      780      778      754      728 
     731      722      695      683      675      657      629      608 
     596      576      557      540      513      498      495      479 
     464      461      454      445      437      430      425      417 
     409      409      402      390      388      388      383      382 
     379      376      376      361      344      340      328      311 
     303      298      287      272      259      245      221      205 
     201      191      172      163      162      148      135      136 
     126      117      125      121      108      112      120      108 
     110      131      140      141      163      187      195      210 
     240      259      268      282      301      315      328      341 
     349      361      376      388      405      421      434      446 
     459      468      476      484      491      491      495      506 
     504      506      526      538      542      564      584      585 
     594      611      615      614      616      618      614      615 
     621      621      623      638      658      688      718      739 
     774      814      827      843      885      903      908      946 
     973      974      999     1020     1031     1058     1077     1081 
    1115     1142     1147     1169     1196     1202     1215     1236 
    1252     1278     1305     1321     1344     1366     1382     1416 
    1435     1443     1479     1512     1532     1559     1578     1601 
    1630     1649     1676     1706     1726     1753     1781     1800 
    1819     1845     1868     1876     1891     1918     1930     1944 
    1965     1971     1979     1993     1999     2006     2014     2020 
    2034     2047     2053     2060     2064     2065     2066     2065 
    2070     2081     2083     2089     2097     2095     2092     2098 
    2107     2111     2111     2118     2120     2119     2118     2110 
    2098     2096     2081     2065     2065     2061     2042     2039 
    2039     2025     2007     1996     1989     1980     1973     1975 
    1973     1961     1962     1969     1964     1956     1956     1966 
    1977     1982     1992     2010     2023     2026     2037     2053 
    2061     2066     2079     2095     2115     2130     2146     2176 
    2199     2211     2228     2243     2254     2263     2269     2266 
    2263     2263     2270     2277     2281     2289     2299     2303 
    2303     2303     2301     2286     2274     2272     2253     2241 
    2246     2236     2220     2211     2193     2170     2153     2134 
    2114     2085     2058     2042     2020     1998     1984     1964 
    1939     1919     1899     1873     1846     1822     1798     1769 
    1744     1717     1684     1668     1653     1624     1606     1597 
    1568     1545     1534     1517     1499     1485     1470     1457 
    1443     1431     1429     1424     1418     1420     1421     1413 
    1402     1398     1389     1374     1367     1360     1345     1332 
    1324     1317     1306     1293     1282     1267     1248     1242 
    1225     1197     1189     1185     1159     1139     1127     1109 
    1092     1070     1048     1026     1000      981      965      938 
     924      916      888      872      868      851      842      838 
     826      814      803      796      793      795      803      801 
     797      807      807      797      800      803      796      787 
     785      784      766      750      739      726      715      702 
     689      692      687      672      675      670      648      642 
     638      612      600      602      584      577      594      592 
     579      592      598      584      583      581      561      552 
     556      535      515      521      511      490      492      487 
     461      459      456      444      446      449      448      453 
     451      454      467      469      472      486      492      493 
     504      523      548      565      577      606      629      630 
     646      670      670      676      688      688      688      687 
     685      697      699      691      700      702      693      699 
     696      681      687      696      689      687      696      699 
     697      712      722      714      723      741      743      747 
     767      777      774      784      796      796      793      800 
     801      799      803      800      796      799      793      789 
     793      784      773      777      776      772      772      770 
     770      770      765      765      766      762      767      787 
     795      810      838      854      866      896      912      916 
     928      939      949      962      972      980      989      989 
     984      986      990      986      985      997     1008     1007 
    1012     1024     1030     1036     1048     1057     1069     1075 
    1074     1080     1089     1089     1093     1104     1107     1115 
    1129     1138     1144     1152     1158     1165     1175     1188 
    1200     1212     1232     1254     1275     1300     1321     1334 
    1355     1382     1402     1413     1426     1441     1456     1475 
    1493     1501     1516     1534     1543     1551     1566     1570 
    1575     1590     1590     1594     1610     1603     1599     1610 
    1598     1584     1586     1579     1570     1571     1575     1566 
    1561     1571     1560     1548     1564     1574     1561     1566 
    1580     1576     1567     1579     1595     1598     1606     1630 
    1644     1657     1672     1680     1683     1688     1695     1698 
    1695     1701     1711     1710     1703     1702     1706     1702 
    1695     1698     1690     1676     1677     1674     1669     1671 
    1665     1663     1657     1651     1649     1640     1634     1632 
    1628     1628     1622     1614     1621     1625     1626     1629 
    1624     1621     1622     1614     1605     1605     1603     1593 
    1584     1584     1587     1579     1563     1557     1557     1549 
    1543     1540     1528     1516     1501     1489     1476     1455 
    1431     1416     1395     1372     1356     1344     1324     1301 
    1291     1286     1274     1266     1269     1263     1252     1247 
    1242     1230     1227     1229     1232     1239     1246     1251 
    1269     1289     1298     1314     1336     1343     1354     1375 
    1389     1395     1405     1421     1428     1431     1445     1456 
    1464     1478     1485     1480     1489     1490     1480     1486 
    1479     1460     1466     1471     1466     1459     1451     1453 
    1448     1433     1431     1421     1402     1391     1371     1352 
    1340     1321     1308     1301     1282     1266     1255     1237 
    1221     1213     1201     1181     1167     1161     1148     1132 
    1124     1121     1112     1100     1094     1096     1081     1062 
    1065     1060     1039     1032     1020     1005     1000      996 
     987      976      965      961      951      945      946      951 
     950      954      959      958      966      989      996      990 
    1003     1019     1021     1026     1039     1051     1055     1062 
    1080     1090     1089     1098     1111     1111     1120     1135 
    1136     1135     1142     1143     1140     1144     1139     1132 
    1132     1121     1115     1119     1113     1107     1112     1113 
    1109     1102     1101     1101     1088     1084     1094     1085 
    1070     1074     1069     1062     1073     1080     1075     1084 
    1098     1100     1107     1132     1142     1146     1167     1185 
    1196     1210     1221     1228     1246     1269     1286     1306 
    1323     1340     1371     1386     1387     1416     1439     1435 
    1451     1476     1479     1480     1494     1502     1512     1521 
    1524     1528     1532     1530     1539     1547     1535     1532 
    1541     1541     1528     1520     1517     1505     1486     1483 
    1483     1472     1464     1464     1462     1449     1441     1441 
    1429     1421     1426     1416     1397     1404     1401     1383 
    1382     1383     1372     1366     1360     1348     1339     1332 
    1314     1308     1308     1298     1287     1282     1275     1266 
    1260     1262     1260     1248     1247     1246     1230     1224 
    1221     1209     1201     1204     1194     1181     1185     1183 
    1171     1179     1183     1174     1182     1190     1189     1194 
    1198     1200     1202     1215     1225     1225     1236     1251 
    1256     1278     1294     1294     1314     1329     1334     1360 
    1379     1387     1405     1417     1418     1428     1436     1440 
    1444     1457     1470     1475     1483     1491     1498     1507 
    1505     1502     1509     1507     1507     1513     1506     1506 
    1516     1509     1505     1509     1514     1512     1505     1514 
    1528     1518     1513     1524     1517     1509     1520     1520 
    1509     1503     1501     1497     1490     1482     1482     1474 
    1460     1457     1459     1453     1441     1433     1439     1439 
    1437     1447     1462     1470     1475     1485     1494     1497 
    1509     1532     1534     1540     1564     1579     1588     1602 
    1610     1618     1626     1630     1636     1638     1644     1657 
    1661     1661     1671     1679     1675     1680     1695     1692 
    1690     1701     1701     1698     1702     1699     1705     1717 
    1715     1717     1721     1710     1711     1722     1717     1718 
    1732     1728     1725     1734     1722     1707     1710     1702 
    1692     1695     1691     1682     1676     1660     1645     1637 
    1622     1610     1601     1582     1564     1554     1543     1534 
    1530     1521     1509     1503     1494     1480     1466     1455 
    1444     1431     1425     1418     1405     1402     1409     1398 
    1389     1393     1391     1383     1378     1375     1374     1374 
    1368     1359     1352     1351     1343     1333     1332     1318 
    1305     1308     1294     1274     1271     1266     1262     1266 
    1260     1256     1260     1258     1254     1247     1236     1240 
    1242     1232     1233     1239     1229     1221     1216     1206 
    1201     1188     1174     1170     1151     1132     1136     1132 
    1112     1107     1107     1098     1088     1075     1073     1067 
    1048     1042     1039     1026     1028     1030     1021     1019 
    1024     1024     1019     1017     1026     1031     1021     1026 
    1035     1035     1038     1048     1055     1048     1048     1063 
    1065     1057     1060     1057     1043     1050     1053     1047 
    1059     1063     1055     1062     1063     1053     1050     1047 
    1034     1023     1011     1000     1000      981      955      951 
     932      907      901      881      857      851      837      820 
     811      793      783      780      767      758      757      750 
     747      754      758      756      762      776      784      789 
     796      804      811      818      822      827      838      850 
     858      864      877      888      893      901      903      897 
     893      896      899      893      881      877      877      868 
     857      859      859      845      838      837      832      832 
     834      831      828      827      830      828      822      816 
     808      803      807      801      791      800      811      803 
     803      812      807      799      808      810      801      815 
     824      826      846      861      864      885      897      895 
     913      928      928      947      966      977      993     1012 
    1032     1053     1065     1085     1107     1119     1136     1158 
    1167     1173     1185     1198     1209     1217     1225     1246 
    1259     1258     1266     1281     1278     1278     1286     1282 
    1282     1291     1294     1297     1308     1320     1320     1318 
    1332     1336     1328     1334     1333     1320     1328     1329 
    1318     1324     1316     1302     1306     1301     1287     1285 
    1274     1262     1255     1239     1228     1224     1210     1196 
    1192     1189     1183     1179     1182     1185     1185     1185 
    1185     1193     1200     1200     1208     1216     1221     1233 
    1246     1252     1260     1270     1281     1290     1290     1291 
    1294     1289     1282     1279     1282     1286     1278     1282 
    1300     1301     1304     1313     1317     1333     1344     1337 
    1345     1358     1355     1359     1370     1382     1395     1399 
    1412     1429     1431     1443     1460     1466     1483     1501 
    1507     1534     1552     1543     1552     1576     1570     1568 
    1591     1591     1584     1602     1610     1610     1628     1634 
    1626     1636     1647     1642     1644     1652     1656     1658 
    1660     1660     1667     1675     1671     1674     1677     1675 
    1683     1691     1690     1691     1696     1696     1690     1688 
    1692     1682     1679     1686     1677     1672     1679     1677 
    1675     1677     1680     1683     1686     1684     1684     1686 
    1683     1682     1683     1682     1683     1690     1694     1692 
    1696     1699     1692     1694     1702     1694     1686     1688 
    1684     1675     1668     1663     1656     1644     1632     1626 
    1614     1595     1584     1572     1559     1549     1532     1516 
    1507     1495     1480     1470     1467     1464     1453     1445 
    1439     1426     1424     1424     1413     1401     1394     1379 
    1364     1362     1354     1339     1327     1316     1304     1290 
    1281     1278     1273     1266     1266     1264     1255     1251 
    1248     1243     1246     1247     1243     1248     1258     1260 
    1264     1273     1278     1279     1286     1291     1289     1294 
    1304     1306     1308     1316     1318     1318     1316     1318 
    1321     1318     1318     1317     1308     1305     1308     1308 
    1304     1296     1298     1297     1289     1297     1302     1293 
    1302     1310     1306     1314     1323     1328     1333     1336 
    1341     1348     1356     1366     1368     1371     1381     1386 
    1386     1393     1398     1393     1387     1390     1383     1364 
    1355     1354     1347     1337     1324     1308     1304     1290 
    1271     1260     1251     1228     1213     1210     1198     1178 
    1165     1156     1148     1140     1131     1125     1123     1116 
    1112     1113     1113     1111     1113     1116     1113     1117 
    1117     1116     1121     1132     1146     1156     1166     1189 
    1208     1210     1221     1239     1244     1247     1266     1286 
    1282     1293     1320     1332     1333     1344     1363     1374 
    1372     1378     1391     1401     1410     1409     1409     1433 
    1439     1424     1435     1447     1440     1435     1435     1437 
    1437     1435     1435     1437     1439     1439     1433     1435 
    1435     1429     1437     1440     1426     1431     1431     1416 
    1416     1421     1410     1401     1394     1387     1378     1356 
    1340     1339     1317     1290     1290     1278     1259     1258 
    1239     1217     1220     1209     1189     1188     1189     1185 
    1190     1192     1189     1196     1198     1193     1200     1205 
    1197     1196     1202     1204     1202     1204     1209     1213 
    1212     1208     1204     1198     1194     1193     1189     1185 
    1185     1188     1188     1185     1185     1185     1190     1197 
    1196     1198     1202     1198     1202     1206     1197     1206 
    1219     1216     1221     1233     1235     1239     1242     1239 
    1237     1235     1227     1223     1221     1210     1210     1213 
    1200     1197     1201     1182     1178     1189     1173     1161 
    1170     1162     1148     1155     1161     1158     1161     1166 
    1166     1173     1177     1171     1179     1194     1190     1188 
    1201     1206     1200     1202     1209     1208     1208     1213 
    1215     1216     1213     1215     1221     1220     1219     1229 
    1228     1223     1225     1220     1210     1205     1198     1189 
    1182     1179     1175     1170     1169     1159     1150     1151 
    1143     1135     1138     1128     1119     1116     1096     1081 
    1086     1065     1039     1047     1038     1015     1016     1011 
     994      987      984      974      967      969      966      958 
     963      967      963      970      977      982      994      999 
    1005     1020     1026     1028     1038     1044     1053     1065 
    1071     1077     1080     1080     1085     1098     1107     1107 
    1113     1128     1133     1125     1120     1124     1127     1115 
    1111     1116     1116     1115     1119     1124     1129     1133 
    1140     1148     1151     1161     1166     1163     1175     1189 
    1192     1201     1216     1230     1239     1246     1260     1270 
    1271     1286     1296     1294     1301     1308     1308     1310 
    1313     1313     1313     1314     1308     1297     1302     1298 
    1271     1262     1258     1235     1221     1216     1198     1179 
    1167     1156     1144     1138     1132     1113     1098     1098 
    1090     1074     1065     1073     1077     1080     1088     1089 
    1089     1105     1117     1121     1138     1147     1147     1159 
    1171     1177     1189     1202     1206     1204     1217     1235 
    1224     1225     1250     1244     1235     1258     1266     1255 
    1258     1259     1254     1256     1250     1239     1240     1230 
    1212     1210     1209     1189     1181     1188     1177     1159 
    1162     1158     1138     1138     1144     1129     1123     1127 
    1115     1105     1107     1100     1089     1093     1094     1088 
    1090     1090     1084     1088     1092     1090     1090     1092 
    1096     1104     1104     1101     1109     1116     1119     1131 
    1139     1146     1162     1171     1178     1193     1202     1209 
    1217     1224     1237     1256     1260     1263     1277     1285 
    1279     1281     1293     1294     1293     1304     1308     1308 
    1323     1333     1332     1336     1343     1340     1341     1351 
    1356     1358     1367     1378     1386     1394     1399     1410 
    1424     1429     1436     1447     1445     1449     1460     1452 
    1451     1470     1460     1440     1448     1455     1443     1444 
    1455     1447     1439     1445     1441     1428     1426     1426 
    1414     1408     1408     1397     1395     1399     1393     1391 
    1398     1393     1389     1404     1404     1394     1405     1416 
    1405     1409     1422     1417     1416     1428     1429     1420 
    1429     1443     1436     1435     1443     1445     1455     1460 
    1452     1453     1456     1453     1453     1460     1459     1455 
    1464     1474     1471     1474     1485     1489     1490     1495 
    1501     1506     1513     1512     1513     1524     1521     1513 
    1526     1535     1532     1539     1539     1532     1545     1549 
    1535     1544     1551     1541     1541     1540     1537     1539 
    1526     1525     1533     1520     1509     1512     1509     1503 
    1498     1502     1512     1505     1507     1524     1524     1518 
    1526     1526     1514     1520     1528     1522     1526     1541 
    1540     1532     1543     1551     1545     1552     1564     1563 
    1557     1560     1557     1548     1547     1548     1535     1528 
    1522     1514     1517     1509     1497     1495     1495     1487 
    1475     1464     1460     1456     1445     1440     1436     1431 
    1424     1413     1408     1408     1405     1404     1399     1402 
    1405     1398     1405     1418     1402     1398     1413     1405 
    1398     1402     1391     1389     1390     1378     1382     1385 
    1368     1366     1368     1358     1351     1350     1334     1321 
    1324     1312     1291     1285     1277     1260     1248     1246 
    1233     1219     1220     1217     1200     1193     1194     1185 
    1177     1170     1169     1169     1163     1156     1162     1158 
    1150     1159     1158     1147     1151     1154     1152     1154 
    1154     1159     1156     1147     1151     1159     1152     1151 
    1167     1171     1170     1181     1189     1193     1200     1210 
    1217     1213     1220     1236     1232     1232     1251     1255 
    1251     1259     1258     1248     1252     1250     1246     1250 
    1246     1240     1246     1242     1230     1230     1233     1224 
    1209     1209     1208     1188     1189     1198     1185     1185 
    1192     1179     1178     1178     1170     1171     1171     1171 
    1173     1165     1165     1166     1158     1163     1165     1154 
    1156     1154     1146     1147     1143     1139     1146     1143 
    1136     1143     1138     1132     1146     1140     1131     1146 
    1148     1138     1142     1151     1148     1144     1154     1162 
    1152     1151     1165     1158     1151     1166     1166     1152 
    1159     1167     1162     1163     1170     1163     1159     1163 
    1165     1163     1166     1169     1166     1163     1161     1162 
    1166     1165     1163     1170     1171     1169     1177     1185 
    1182     1185     1193     1196     1201     1200     1194     1201 
    1205     1198     1204     1215     1217     1217     1219     1224 
    1223     1219     1228     1236     1228     1230     1247     1250 
    1242     1244     1251     1244     1240     1244     1244     1239 
    1233     1235     1232     1217     1216     1224     1210     1197 
    1200     1192     1179     1178     1171     1163     1166     1163 
    1155     1154     1151     1146     1147     1148     1142     1140 
    1142     1140     1143     1148     1140     1132     1138     1143 
    1140     1143     1143     1140     1147     1147     1140     1144 
    1150     1143     1135     1136     1131     1125     1129     1125 
    1123     1128     1131     1139     1150     1152     1162     1170 
    1167     1173     1182     1185     1196     1200     1202     1216 
    1216     1215     1232     1233     1219     1232     1251     1237 
    1235     1258     1259     1250     1259     1266     1260     1262 
    1260     1260     1270     1269     1262     1269     1274     1266 
    1264     1267     1260     1259     1264     1260     1254     1256 
    1252     1244     1250     1246     1236     1243     1243     1235 
    1232     1232     1233     1240     1239     1236     1243     1237 
    1233     1236     1227     1225     1230     1221     1216     1219 
    1215     1210     1209     1216     1213     1202     1206     1201 
    1188     1192     1189     1183     1183     1175     1171     1174 
    1166     1161     1162     1161     1151     1147     1156     1152 
    1142     1142     1142     1140     1139     1131     1129     1138 
    1136     1131     1143     1155     1154     1158     1171     1179 
    1182     1193     1206     1205     1205     1225     1230     1228 
    1252     1267     1259     1267     1279     1281     1290     1294 
    1291     1301     1308     1300     1296     1304     1302     1297 
    1302     1300     1296     1301     1298     1290     1296     1293 
    1286     1291     1287     1279     1285     1293     1289     1282 
    1289     1294     1293     1297     1298     1298     1308     1308 
    1305     1312     1314     1308     1308     1317     1321     1310 
    1310     1323     1317     1317     1337     1339     1332     1340 
    1340     1340     1352     1352     1363     1377     1366     1375 
    1395     1389     1397     1417     1420     1422     1429     1436 
    1441     1439     1440     1448     1445     1441     1447     1447 
    1441     1449     1453     1441     1444     1462     1453     1439 
    1448     1457     1447     1436     1439     1441     1435     1426 
    1425     1421     1412     1410     1405     1397     1397     1393 
    1386     1387     1387     1382     1381     1379     1379     1381 
    1378     1377     1371     1367     1374     1372     1366     1371 
    1363     1359     1371     1360     1347     1362     1355     1329 
    1334     1341     1324     1320     1320     1318     1328     1328 
    1321     1329     1327     1317     1320     1310     1298     1301 
    1300     1290     1285     1281     1277     1269     1259     1255 
    1246     1240     1236     1223     1215     1212     1206     1200 
    1194     1198     1194     1179     1177     1174     1162     1155 
    1144     1132     1133     1124     1109     1109     1107     1094 
    1086     1088     1086     1074     1067     1073     1073     1070 
    1075     1078     1074     1074     1077     1081     1093     1097 
    1093     1101     1115     1119     1121     1133     1143     1144 
    1152     1161     1161     1163     1169     1174     1183     1178 
    1166     1181     1185     1167     1167     1182     1177     1167 
    1166     1165     1161     1155     1150     1148     1139     1129 
    1132     1133     1128     1131     1133     1131     1132     1129 
    1123     1129     1139     1133     1138     1148     1147     1146 
    1161     1166     1158     1162     1173     1173     1167     1177 
    1189     1183     1183     1198     1200     1193     1200     1204 
    1201     1209     1216     1213     1219     1221     1220     1227 
    1230     1230     1240     1250     1252     1259     1273     1282 
    1286     1296     1312     1313     1314     1328     1337     1345 
    1354     1354     1362     1366     1360     1368     1367     1344 
    1348     1358     1341     1339     1345     1340     1339     1337 
    1334     1339     1333     1325     1331     1332     1328     1333 
    1337     1333     1329     1333     1340     1337     1333     1343 
    1348     1344     1345     1350     1348     1356     1366     1362 
    1362     1367     1366     1360     1358     1367     1372     1367 
    1368     1375     1371     1363     1364     1363     1360     1366 
    1366     1367     1377     1375     1375     1389     1389     1386 
    1391     1387     1385     1387     1383     1375     1370     1366 
    1359     1351     1350     1350     1336     1332     1343     1334 
    1320     1325     1323     1308     1306     1308     1305     1302 
    1296     1296     1301     1297     1293     1296     1297     1305 
    1310     1306     1313     1318     1316     1328     1336     1332 
    1333     1341     1348     1350     1347     1351     1352     1345 
    1340     1339     1341     1337     1324     1323     1321     1313 
    1305     1291     1290     1291     1271     1260     1266     1248 
    1237     1246     1239     1221     1221     1223     1209     1197 
    1188     1177     1170     1161     1150     1147     1144     1138 
    1135     1133     1129     1123     1121     1121     1116     1112 
    1107     1107     1111     1109     1111     1112     1112     1116 
    1117     1115     1120     1120     1121     1132     1142     1144 
    1148     1155     1159     1159     1163     1169     1171     1174 
    1183     1193     1196     1198     1213     1219     1215     1219 
    1224     1227     1225     1225     1228     1233     1240     1242 
    1233     1236     1248     1247     1243     1251     1252     1246 
    1251     1255     1260     1269     1269     1273     1282     1279 
    1278     1289     1286     1286     1298     1298     1298     1305 
    1308     1313     1320     1323     1334     1348     1348     1355 
    1368     1375     1382     1390     1402     1405     1404     1418 
    1433     1433     1436     1448     1459     1463     1470     1485 
    1491     1495     1509     1516     1517     1528     1532     1535 
    1552     1557     1559     1568     1570     1567     1570     1567 
    1566     1571     1571     1571     1567     1559     1561     1559 
    1553     1557     1554     1551     1554     1552     1547     1549 
    1553     1548     1547     1548     1539     1530     1530     1520 
    1509     1507     1497     1485     1485     1479     1470     1462 
    1448     1440     1436     1426     1422     1421     1405     1398 
    1405     1393     1374     1374     1375     1362     1347     1347 
    1348     1337     1331     1331     1327     1321     1320     1321 
    1321     1314     1308     1312     1313     1308     1302     1304 
    1308     1298     1285     1287     1290     1282     1285     1290 
    1293     1300     1301     1300     1310     1317     1312     1314 
    1324     1323     1329     1336     1329     1339     1358     1351 
    1352     1364     1363     1359     1362     1367     1371     1378 
    1385     1374     1375     1390     1385     1377     1386     1382 
    1371     1374     1370     1362     1364     1355     1347     1354 
    1343     1325     1323     1317     1305     1298     1298     1291 
    1287     1289     1274     1262     1269     1264     1250     1252 
    1255     1246     1235     1228     1227     1229     1220     1209 
    1219     1219     1200     1206     1223     1215     1219     1235 
    1236     1233     1240     1248     1250     1247     1250     1259 
    1263     1256     1256     1273     1278     1271     1275     1287 
    1287     1287     1293     1290     1297     1310     1312     1312 
    1325     1332     1325     1324     1336     1331     1316     1333 
    1341     1328     1337     1348     1345     1351     1356     1354 
    1359     1364     1359     1358     1363     1358     1354     1355 
    1341     1336     1345     1337     1332     1341     1337     1332 
    1337     1334     1332     1331     1328     1320     1308     1313 
    1312     1297     1298     1306     1298     1289     1293     1300 
    1293     1287     1294     1297     1291     1300     1301     1289 
    1293     1294     1285     1286     1289     1282     1290     1296 
    1296     1300     1300     1296     1298     1297     1290     1282 
    1275     1278     1279     1264     1258     1266     1255     1237 
    1242     1242     1224     1223     1229     1225     1220     1216 
    1223     1230     1223     1220     1235     1237     1228     1235 
    1243     1236     1240     1244     1236     1235     1240     1240 
    1239     1247     1254     1254     1258     1259     1252     1251 
    1252     1235     1225     1235     1225     1210     1219     1223 
    1213     1208     1205     1201     1193     1189     1185     1183 
    1183     1178     1174     1183     1185     1178     1179     1178 
    1171     1175     1177     1175     1178     1185     1183     1174 
    1181     1189     1177     1169     1179     1178     1173     1178 
    1174     1167     1167     1163     1166     1177     1171     1167 
    1181     1181     1177     1188     1190     1188     1198     1205 
