Origin Time       2016/04/16 01:25:00
Lat.              32.753
Long.             130.762
Depth. (km)       12
Mag.              7.3
Station Code      TKY025
Station Lat.      35.7138
Station Long.     139.8971
Station Height(m) -9999
Record Time       2016/04/16 01:30:29
Sampling Freq(Hz) 100Hz
Duration Time(s)  67
Dir.              E-W
Scale Factor      7845(gal)/8223790
Max. Acc. (gal)   1.311
Last Correction   2016/04/16 01:30:31
Memo.             
    -612     -603     -600     -594     -584     -587     -595     -598 
    -596     -584     -575     -572     -566     -571     -583     -577 
    -572     -575     -572     -564     -565     -564     -558     -556 
    -552     -545     -545     -546     -540     -535     -535     -525 
    -514     -515     -518     -522     -526     -523     -510     -503 
    -504     -506     -517     -519     -513     -515     -510     -500 
    -513     -519     -513     -514     -521     -518     -517     -529 
    -526     -510     -504     -504     -504     -517     -525     -523 
    -525     -522     -518     -518     -525     -532     -533     -533 
    -533     -531     -535     -535     -532     -544     -548     -550 
    -558     -556     -553     -558     -562     -565     -566     -565 
    -572     -577     -583     -591     -587     -583     -581     -573 
    -577     -592     -595     -596     -599     -591     -585     -591 
    -589     -592     -606     -608     -608     -612     -610     -607 
    -611     -608     -610     -614     -608     -604     -607     -606 
    -603     -604     -607     -608     -612     -621     -621     -622 
    -623     -614     -610     -606     -600     -604     -606     -606 
    -611     -610     -606     -610     -607     -604     -611     -608 
    -599     -602     -602     -594     -595     -596     -591     -588 
    -588     -589     -591     -589     -584     -581     -579     -575 
    -572     -579     -583     -577     -577     -579     -576     -576 
    -584     -584     -577     -577     -575     -571     -569     -568 
    -568     -562     -560     -562     -564     -572     -577     -569 
    -569     -566     -557     -560     -560     -562     -565     -556 
    -553     -564     -565     -566     -568     -565     -565     -562 
    -560     -557     -556     -565     -568     -561     -553     -553 
    -566     -575     -575     -576     -577     -572     -571     -572 
    -575     -581     -585     -577     -571     -566     -572     -583 
    -591     -595     -592     -588     -594     -592     -589     -595 
    -591     -591     -595     -598     -618     -627     -623     -625 
    -619     -618     -625     -625     -630     -639     -638     -635 
    -641     -638     -630     -635     -646     -649     -654     -662 
    -666     -670     -669     -669     -684     -692     -684     -688 
    -704     -712     -714     -727     -739     -743     -747     -750 
    -754     -756     -753     -757     -770     -776     -776     -787 
    -803     -807     -807     -808     -815     -824     -831     -837 
    -843     -850     -850     -849     -855     -866     -876     -889 
    -907     -912     -913     -918     -919     -927     -936     -934 
    -940     -951     -949     -961     -978     -977     -984     -986 
    -984     -992     -993     -986     -987     -996    -1000    -1005 
   -1013    -1023    -1026    -1034    -1042    -1047    -1047    -1047 
   -1055    -1063    -1065    -1075    -1081    -1086    -1092    -1093 
   -1100    -1105    -1107    -1111    -1112    -1119    -1120    -1120 
   -1131    -1140    -1139    -1138    -1139    -1140    -1143    -1154 
   -1161    -1159    -1163    -1167    -1162    -1156    -1161    -1162 
   -1162    -1171    -1174    -1167    -1177    -1185    -1182    -1183 
   -1190    -1185    -1173    -1174    -1182    -1179    -1185    -1188 
   -1170    -1161    -1159    -1154    -1158    -1159    -1148    -1143 
   -1138    -1124    -1120    -1119    -1112    -1107    -1101    -1089 
   -1084    -1081    -1070    -1059    -1058    -1053    -1039    -1031 
   -1030    -1017    -1007    -1003     -987     -977     -973     -970 
    -963     -950     -942     -935     -922     -918     -915     -900 
    -892     -888     -873     -861     -861     -851     -835     -824 
    -810     -805     -816     -818     -818     -820     -810     -796 
    -787     -783     -785     -791     -792     -783     -774     -772 
    -761     -758     -762     -760     -756     -758     -751     -745 
    -756     -757     -747     -753     -758     -751     -747     -747 
    -745     -753     -762     -764     -769     -772     -764     -765 
    -776     -777     -773     -780     -785     -780     -778     -788 
    -793     -795     -803     -807     -807     -808     -812     -811 
    -816     -826     -827     -834     -846     -849     -846     -843 
    -847     -864     -872     -868     -873     -877     -873     -872 
    -876     -881     -885     -892     -905     -919     -924     -926 
    -927     -926     -915     -909     -913     -923     -938     -945 
    -943     -942     -943     -943     -946     -958     -970     -972 
    -969     -966     -966     -972     -974     -974     -978     -978 
    -967     -970     -978     -974     -970     -969     -965     -965 
    -966     -962     -962     -962     -955     -953     -951     -946 
    -939     -936     -934     -929     -927     -927     -920     -909 
    -903     -899     -892     -890     -884     -876     -872     -864 
    -857     -858     -851     -837     -827     -816     -803     -797 
    -797     -789     -778     -774     -770     -764     -749     -731 
    -720     -715     -707     -699     -691     -683     -673     -668 
    -666     -657     -643     -633     -630     -631     -626     -618 
    -611     -599     -592     -587     -581     -579     -571     -557 
    -552     -549     -546     -540     -532     -531     -526     -514 
    -511     -499     -486     -475     -463     -468     -473     -467 
    -468     -460     -442     -432     -429     -437     -437     -425 
    -418     -407     -392     -388     -390     -398     -398     -391 
    -387     -383     -380     -379     -375     -379     -372     -361 
    -364     -360     -353     -360     -355     -349     -357     -355 
    -351     -357     -357     -353     -351     -348     -348     -351 
    -352     -355     -360     -359     -360     -369     -372     -369 
    -372     -379     -387     -390     -390     -395     -402     -410 
    -425     -440     -441     -446     -456     -461     -467     -477 
    -488     -495     -500     -506     -518     -531     -540     -545 
    -553     -562     -573     -584     -594     -606     -625     -637 
    -639     -654     -675     -687     -702     -714     -722     -731 
    -745     -765     -778     -792     -814     -828     -841     -854 
    -855     -862     -877     -886     -899     -922     -947     -959 
    -969     -984     -992    -1003    -1019    -1039    -1057    -1067 
   -1073    -1088    -1104    -1111    -1121    -1136    -1152    -1169 
   -1182    -1196    -1208    -1209    -1216    -1232    -1247    -1251 
   -1260    -1277    -1282    -1286    -1301    -1308    -1313    -1320 
   -1332    -1343    -1350    -1355    -1358    -1354    -1354    -1359 
   -1360    -1363    -1368    -1371    -1371    -1368    -1368    -1377 
   -1379    -1375    -1370    -1371    -1366    -1355    -1351    -1347 
   -1340    -1344    -1345    -1336    -1337    -1331    -1317    -1310 
   -1298    -1289    -1289    -1278    -1264    -1262    -1254    -1244 
   -1237    -1224    -1208    -1193    -1177    -1161    -1142    -1132 
   -1117    -1093    -1084    -1075    -1055    -1044    -1028    -1005 
    -997     -990     -973     -959     -954     -939     -916     -895 
    -873     -859     -849     -830     -812     -801     -788     -767 
    -751     -735     -714     -693     -680     -658     -630     -618 
    -612     -595     -579     -556     -525     -510     -498     -484 
    -476     -464     -446     -425     -406     -392     -386     -383 
    -370     -351     -336     -321     -315     -313     -297     -279 
    -275     -265     -252     -246     -238     -230     -225     -211 
    -206     -211     -205     -195     -191     -184     -176     -170 
    -171     -175     -175     -180     -183     -180     -176     -168 
    -167     -175     -180     -190     -201     -201     -202     -203 
    -203     -207     -216     -222     -225     -233     -244     -255 
    -266     -266     -268     -280     -294     -306     -319     -326 
    -328     -330     -334     -346     -364     -379     -394     -400 
    -409     -422     -425     -434     -449     -448     -460     -476 
    -479     -488     -506     -515     -511     -525     -540     -542 
    -553     -560     -566     -585     -592     -598     -608     -612 
    -616     -633     -649     -657     -661     -672     -684     -684 
    -683     -692     -699     -696     -702     -711     -715     -727 
    -734     -743     -756     -756     -751     -751     -751     -750 
    -757     -773     -783     -778     -777     -784     -791     -789 
    -795     -808     -811     -815     -823     -823     -826     -827 
    -820     -824     -827     -832     -847     -853     -855     -858 
    -851     -858     -870     -866     -870     -884     -889     -886 
    -890     -897     -899     -903     -911     -908     -919     -932 
    -935     -943     -945     -938     -942     -949     -954     -963 
    -974     -982     -984     -984     -982     -982     -992    -1003 
   -1015    -1034    -1050    -1051    -1048    -1057    -1070    -1080 
   -1085    -1090    -1098    -1107    -1115    -1128    -1136    -1142 
   -1154    -1162    -1174    -1185    -1193    -1204    -1210    -1216 
   -1229    -1236    -1248    -1264    -1271    -1279    -1289    -1290 
   -1298    -1306    -1310    -1324    -1339    -1343    -1352    -1368 
   -1372    -1378    -1390    -1397    -1401    -1417    -1433    -1444 
   -1456    -1466    -1463    -1463    -1462    -1464    -1480    -1491 
   -1495    -1502    -1503    -1503    -1512    -1522    -1526    -1521 
   -1518    -1513    -1509    -1514    -1518    -1528    -1537    -1537 
   -1535    -1533    -1528    -1526    -1528    -1528    -1526    -1526 
   -1528    -1528    -1525    -1526    -1522    -1512    -1514    -1521 
   -1516    -1514    -1509    -1499    -1495    -1501    -1502    -1494 
   -1485    -1476    -1471    -1472    -1468    -1457    -1457    -1459 
   -1451    -1451    -1449    -1433    -1426    -1431    -1425    -1420 
   -1414    -1405    -1410    -1410    -1398    -1394    -1395    -1385 
   -1377    -1381    -1379    -1370    -1370    -1375    -1371    -1356 
   -1345    -1350    -1356    -1354    -1350    -1343    -1334    -1331 
   -1329    -1327    -1327    -1318    -1308    -1302    -1291    -1285 
   -1291    -1300    -1298    -1291    -1289    -1294    -1291    -1279 
   -1274    -1269    -1263    -1267    -1269    -1269    -1270    -1267 
   -1259    -1251    -1251    -1255    -1255    -1256    -1256    -1255 
   -1262    -1262    -1252    -1243    -1242    -1248    -1247    -1244 
   -1256    -1256    -1248    -1243    -1235    -1242    -1248    -1239 
   -1239    -1247    -1246    -1246    -1254    -1248    -1239    -1240 
   -1243    -1246    -1251    -1252    -1252    -1250    -1240    -1228 
   -1227    -1232    -1239    -1243    -1237    -1233    -1233    -1228 
   -1230    -1235    -1228    -1221    -1220    -1221    -1215    -1208 
   -1208    -1209    -1210    -1206    -1196    -1197    -1198    -1193 
   -1188    -1183    -1181    -1175    -1171    -1169    -1166    -1165 
   -1162    -1159    -1152    -1150    -1150    -1146    -1138    -1133 
   -1131    -1120    -1111    -1107    -1107    -1109    -1104    -1088 
   -1073    -1062    -1058    -1062    -1063    -1053    -1038    -1024 
   -1013    -1011    -1015    -1013    -1008     -993     -976     -972 
    -972     -973     -967     -953     -940     -929     -920     -916 
    -913     -911     -897     -877     -870     -862     -851     -845 
    -832     -820     -815     -807     -799     -795     -788     -770 
    -758     -760     -756     -741     -730     -728     -718     -702 
    -692     -689     -685     -672     -661     -660     -657     -654 
    -653     -643     -637     -629     -618     -616     -618     -616 
    -615     -612     -615     -615     -610     -607     -603     -596 
    -598     -607     -610     -600     -596     -603     -611     -618 
    -619     -619     -621     -619     -615     -616     -626     -634 
    -638     -652     -665     -664     -668     -680     -692     -707 
    -712     -715     -726     -746     -762     -773     -787     -795 
    -803     -818     -828     -838     -858     -874     -888     -896 
    -908     -924     -939     -954     -965     -977     -994    -1007 
   -1028    -1044    -1055    -1070    -1074    -1088    -1109    -1125 
   -1154    -1178    -1189    -1205    -1212    -1219    -1236    -1252 
   -1273    -1296    -1313    -1323    -1333    -1348    -1359    -1374 
   -1393    -1412    -1428    -1439    -1444    -1457    -1475    -1486 
   -1491    -1498    -1505    -1516    -1535    -1549    -1552    -1560 
   -1560    -1557    -1574    -1591    -1597    -1602    -1614    -1614 
   -1606    -1621    -1632    -1625    -1624    -1625    -1621    -1621 
   -1624    -1624    -1620    -1617    -1614    -1620    -1630    -1625 
   -1615    -1614    -1603    -1588    -1588    -1587    -1578    -1570 
   -1564    -1554    -1543    -1532    -1526    -1517    -1507    -1506 
   -1497    -1478    -1457    -1439    -1429    -1420    -1410    -1397 
   -1381    -1364    -1339    -1324    -1320    -1304    -1291    -1279 
   -1256    -1240    -1229    -1213    -1197    -1179    -1155    -1136 
   -1125    -1116    -1105    -1093    -1074    -1053    -1031    -1000 
    -985     -981     -967     -946     -926     -912     -893     -870 
    -858     -841     -822     -812     -793     -773     -761     -738 
    -715     -704     -687     -666     -649     -635     -615     -594 
    -576     -558     -544     -526     -510     -499     -488     -469 
    -444     -430     -423     -405     -388     -379     -365     -353 
    -336     -326     -319     -302     -284     -275     -266     -256 
    -245     -236     -225     -212     -194     -180     -178     -166 
    -147     -140     -129     -112     -102      -97      -87      -82 
     -83      -81      -76      -70      -56      -55      -49      -36 
     -37      -37      -25      -20      -23      -22      -18      -14 
      -9       -5       -2       -2       -5      -11      -11      -10 
     -10      -18      -22      -28      -37      -37      -32      -32 
     -32      -32      -43      -54      -59      -65      -75      -83 
     -91      -95      -98     -103     -109     -120     -141     -159 
    -166     -178     -198     -201     -202     -222     -238     -248 
    -271     -287     -299     -311     -309     -318     -342     -359 
    -373     -392     -402     -409     -427     -445     -456     -468 
    -476     -487     -500     -521     -548     -564     -581     -602 
    -606     -614     -630     -643     -657     -675     -696     -712 
    -726     -743     -758     -770     -784     -796     -810     -822 
    -828     -843     -854     -864     -882     -895     -899     -913 
    -924     -938     -963     -976     -981     -990     -999    -1009 
   -1026    -1043    -1050    -1051    -1055    -1055    -1062    -1077 
   -1088    -1097    -1105    -1104    -1105    -1113    -1113    -1111 
   -1115    -1125    -1129    -1133    -1140    -1142    -1140    -1142 
   -1146    -1144    -1136    -1135    -1133    -1138    -1140    -1132 
   -1129    -1121    -1105    -1105    -1107    -1098    -1098    -1090 
   -1077    -1069    -1065    -1060    -1051    -1039    -1028    -1026 
   -1017    -1000     -994     -982     -965     -951     -939     -931 
    -922     -903     -889     -877     -858     -843     -835     -812 
    -793     -791     -778     -764     -747     -720     -706     -697 
    -677     -662     -654     -629     -611     -606     -591     -576 
    -569     -556     -533     -518     -508     -493     -479     -467 
    -446     -430     -425     -410     -398     -391     -373     -356 
    -352     -342     -333     -337     -337     -315     -297     -289 
    -278     -272     -280     -279     -266     -259     -257     -256 
    -255     -253     -252     -244     -237     -238     -241     -243 
    -243     -243     -249     -249     -245     -251     -255     -255 
    -259     -261     -263     -272     -274     -270     -276     -282 
    -286     -294     -303     -311     -326     -340     -342     -344 
    -349     -356     -369     -378     -383     -392     -400     -406 
    -410     -422     -442     -454     -461     -472     -481     -488 
    -495     -510     -521     -523     -532     -548     -561     -571 
    -579     -600     -614     -618     -629     -637     -646     -664 
    -670     -675     -684     -691     -702     -722     -731     -741 
    -758     -770     -778     -784     -791     -804     -814     -816 
    -824     -832     -838     -847     -858     -868     -877     -884 
    -886     -895     -901     -900     -908     -918     -922     -939 
    -950     -951     -954     -945     -946     -962     -966     -970 
    -981     -982     -981     -987     -987     -982     -990     -993 
    -992    -1004    -1004     -996    -1003    -1003     -999    -1007 
   -1008    -1003    -1004    -1000     -992     -992     -996     -994 
    -994     -992     -989     -992     -985     -980     -984     -978 
    -974     -980     -973     -962     -963     -970     -970     -962 
    -955     -953     -945     -942     -946     -947     -946     -938 
    -931     -931     -924     -923     -927     -919     -913     -912 
    -903     -901     -899     -889     -884     -885     -882     -876 
    -876     -877     -876     -881     -880     -869     -864     -859 
    -850     -853     -855     -851     -850     -855     -857     -859 
    -858     -853     -857     -862     -859     -869     -873     -864 
    -866     -869     -873     -881     -880     -877     -885     -886 
    -884     -895     -903     -907     -913     -916     -922     -927 
    -924     -934     -950     -954     -954     -963     -976     -985 
    -989     -997    -1012    -1024    -1026    -1038    -1047    -1044 
   -1057    -1070    -1071    -1081    -1094    -1102    -1115    -1121 
   -1127    -1138    -1150    -1152    -1155    -1171    -1183    -1190 
   -1202    -1213    -1225    -1236    -1235    -1239    -1250    -1259 
   -1269    -1274    -1281    -1290    -1300    -1308    -1314    -1324 
   -1328    -1327    -1334    -1348    -1358    -1367    -1370    -1366 
   -1370    -1377    -1377    -1382    -1383    -1377    -1381    -1382 
   -1372    -1378    -1387    -1387    -1387    -1385    -1382    -1385 
   -1379    -1372    -1372    -1371    -1371    -1370    -1366    -1363 
   -1351    -1343    -1344    -1340    -1332    -1329    -1333    -1332 
   -1316    -1304    -1293    -1274    -1271    -1277    -1269    -1258 
   -1248    -1235    -1229    -1225    -1208    -1196    -1189    -1170 
   -1154    -1151    -1147    -1140    -1132    -1121    -1111    -1100 
   -1089    -1086    -1085    -1074    -1065    -1059    -1050    -1034 
   -1017    -1004     -994     -989     -982     -976     -966     -953 
    -935     -924     -926     -920     -903     -889     -881     -873 
    -864     -857     -847     -843     -837     -824     -814     -805 
    -797     -788     -778     -769     -761     -754     -747     -734 
    -724     -719     -706     -697     -702     -702     -692     -681 
    -662     -649     -643     -641     -638     -631     -622     -615 
    -602     -585     -583     -583     -577     -575     -579     -577 
    -573     -569     -561     -553     -546     -538     -540     -544 
    -540     -540     -540     -531     -515     -513     -519     -518 
    -522     -519     -510     -510     -499     -491     -498     -491 
    -490     -503     -508     -506     -506     -506     -510     -511 
    -513     -514     -511     -504     -506     -515     -525     -531 
    -533     -532     -533     -537     -546     -556     -557     -553 
    -556     -560     -572     -583     -583     -585     -583     -579 
    -583     -589     -602     -608     -604     -606     -614     -623 
    -630     -630     -630     -635     -648     -662     -677     -683 
    -685     -692     -692     -691     -700     -708     -715     -718 
    -715     -723     -731     -735     -739     -745     -757     -766 
    -767     -769     -769     -774     -783     -791     -803     -804 
    -805     -812     -814     -818     -827     -841     -845     -847 
    -853     -853     -849     -850     -857     -861     -862     -870 
    -877     -885     -896     -901     -905     -911     -912     -915 
    -919     -920     -927     -936     -935     -932     -938     -942 
    -945     -954     -953     -949     -950     -947     -949     -959 
    -965     -959     -963     -967     -963     -966     -972     -967 
    -962     -962     -963     -961     -970     -980     -974     -970 
    -963     -959     -967     -969     -973     -981     -982     -974 
    -976     -982     -978     -973     -966     -954     -953     -957 
    -954     -953     -955     -951     -945     -945     -943     -936 
    -938     -945     -936     -926     -924     -928     -932     -929 
    -922     -919     -924     -920     -913     -920     -923     -924 
    -926     -919     -915     -912     -903     -905     -911     -908 
    -913     -918     -915     -913     -913     -909     -912     -916 
    -911     -915     -923     -919     -916     -915     -912     -922 
    -934     -935     -939     -946     -939     -935     -940     -940 
    -938     -945     -950     -951     -951     -950     -957     -963 
    -966     -978     -990     -989     -978     -977     -984     -987 
    -993    -1000    -1007    -1012    -1013    -1017    -1026    -1035 
   -1036    -1035    -1036    -1039    -1046    -1053    -1055    -1058 
   -1059    -1059    -1063    -1073    -1080    -1081    -1094    -1101 
   -1096    -1090    -1094    -1102    -1107    -1111    -1116    -1115 
   -1117    -1120    -1127    -1143    -1144    -1139    -1139    -1136 
   -1138    -1144    -1150    -1151    -1146    -1144    -1146    -1150 
   -1158    -1156    -1150    -1150    -1144    -1142    -1151    -1154 
   -1155    -1162    -1163    -1161    -1159    -1154    -1151    -1156 
   -1162    -1158    -1159    -1166    -1154    -1142    -1139    -1129 
   -1127    -1128    -1121    -1117    -1116    -1109    -1109    -1107 
   -1101    -1093    -1084    -1088    -1089    -1080    -1071    -1060 
   -1055    -1048    -1039    -1038    -1028    -1019    -1017    -1007 
   -1000     -989     -967     -965     -959     -942     -936     -928 
    -915     -900     -885     -877     -864     -854     -847     -834 
    -824     -805     -785     -777     -766     -751     -735     -722 
    -708     -691     -677     -664     -646     -634     -626     -615 
    -599     -577     -562     -552     -535     -519     -503     -487 
    -471     -457     -449     -438     -421     -411     -400     -382 
    -372     -368     -357     -342     -329     -319     -310     -299 
    -291     -287     -287     -280     -270     -261     -253     -245 
    -240     -234     -232     -233     -230     -225     -218     -218 
    -224     -220     -218     -221     -218     -212     -203     -206 
    -212     -212     -228     -238     -232     -236     -240     -240 
    -245     -252     -259     -263     -270     -282     -288     -302 
    -318     -325     -328     -336     -352     -367     -372     -383 
    -402     -409     -421     -441     -450     -460     -469     -481 
    -502     -515     -531     -550     -558     -564     -571     -588 
    -612     -626     -648     -672     -677     -680     -691     -708 
    -731     -746     -762     -787     -805     -823     -846     -872 
    -886     -897     -918     -940     -958     -980     -997    -1007 
   -1017    -1032    -1057    -1080    -1094    -1111    -1129    -1146 
   -1155    -1163    -1179    -1198    -1217    -1239    -1264    -1285 
   -1297    -1314    -1332    -1348    -1374    -1393    -1404    -1420 
   -1431    -1448    -1474    -1487    -1498    -1509    -1517    -1532 
   -1547    -1556    -1576    -1593    -1598    -1610    -1622    -1628 
   -1632    -1642    -1657    -1669    -1679    -1684    -1696    -1717 
   -1729    -1729    -1738    -1745    -1748    -1753    -1763    -1772 
   -1777    -1777    -1775    -1772    -1773    -1786    -1790    -1787 
   -1790    -1787    -1786    -1786    -1781    -1780    -1777    -1775 
   -1773    -1768    -1764    -1759    -1749    -1745    -1734    -1728 
   -1728    -1717    -1705    -1695    -1686    -1680    -1669    -1660 
   -1655    -1647    -1640    -1625    -1609    -1602    -1590    -1578 
   -1572    -1559    -1545    -1534    -1522    -1507    -1491    -1485 
   -1475    -1460    -1447    -1431    -1417    -1405    -1386    -1375 
   -1364    -1340    -1329    -1323    -1300    -1282    -1277    -1259 
   -1236    -1219    -1202    -1192    -1185    -1173    -1156    -1143 
   -1124    -1109    -1102    -1096    -1089    -1075    -1057    -1042 
   -1032    -1023    -1013    -1005     -993     -980     -966     -957 
    -942     -927     -915     -903     -888     -877     -864     -851 
    -845     -842     -837     -827     -814     -805     -808     -810 
    -797     -784     -780     -772     -766     -767     -764     -761 
    -757     -750     -745     -738     -735     -738     -734     -731 
    -726     -720     -724     -723     -718     -719     -715     -711 
    -711     -708     -707     -715     -720     -718     -718     -718 
    -712     -711     -715     -722     -724     -728     -730     -728 
    -733     -734     -734     -741     -741     -735     -739     -751 
    -761     -770     -773     -769     -769     -772     -778     -787 
    -787     -788     -796     -801     -805     -811     -815     -820 
    -823     -822     -822     -828     -838     -846     -853     -855 
    -858     -862     -858     -862     -877     -881     -881     -886 
    -885     -880     -882     -895     -899     -893     -901     -908 
    -903     -911     -915     -907     -905     -907     -903     -905 
    -907     -909     -912     -912     -907     -905     -907     -903 
    -905     -903     -892     -893     -897     -886     -877     -884 
    -888     -880     -869     -868     -862     -857     -859     -857 
    -847     -837     -826     -820     -822     -823     -819     -814 
    -810     -796     -784     -778     -770     -765     -760     -753 
    -746     -739     -734     -722     -704     -693     -692     -689 
    -683     -670     -658     -648     -634     -621     -610     -600 
    -587     -577     -576     -569     -560     -550     -535     -529 
    -519     -498     -493     -493     -472     -453     -453     -446 
    -430     -417     -403     -392     -386     -378     -370     -361 
    -348     -334     -325     -321     -310     -303     -307     -299 
    -282     -274     -270     -263     -256     -246     -240     -238 
    -225     -214     -214     -209     -207     -201     -191     -198 
    -194     -184     -184     -178     -170     -163     -164     -175 
    -178     -182     -182     -171     -168     -171     -164     -170 
    -178     -174     -175     -178     -172     -163     -167     -182 
    -184     -184     -190     -194     -205     -211     -217     -232 
    -232     -225     -236     -249     -261     -271     -274     -272 
    -270     -271     -283     -297     -307     -310     -315     -322 
    -325     -328     -330     -338     -352     -357     -359     -376 
    -386     -388     -400     -409     -409     -413     -423     -438 
    -446     -453     -468     -479     -476     -476     -484     -492 
    -504     -519     -517     -518     -529     -526     -531     -545 
    -557     -560     -560     -566     -566     -561     -569     -579 
    -585     -589     -592     -600     -606     -610     -608     -610 
    -612     -608     -607     -616     -623     -627     -631     -633 
    -631     -623     -623     -631     -631     -633     -631     -629 
    -630     -626     -625     -634     -641     -638     -637     -634 
    -629     -627     -629     -634     -639     -635     -631     -635 
    -637     -630     -621     -612     -610     -612     -612     -610 
    -610     -606     -598     -594     -591     -587     -591     -595 
    -591     -579     -573     -562     -552     -552     -548     -549 
    -556     -550     -544     -537     -529     -525     -521     -518 
    -514     -508     -508     -508     -506     -499     -488     -479 
    -473     -463     -460     -469     -463     -451     -448     -434 
    -425     -423     -417     -415     -413     -405     -398     -399 
    -402     -395     -388     -386     -386     -379     -372     -375 
    -373     -373     -370     -355     -348     -353     -352     -359 
    -363     -355     -346     -337     -330     -332     -334     -338 
    -340     -330     -317     -311     -317     -315     -311     -315 
    -315     -311     -313     -311     -314     -317     -310     -315 
    -325     -324     -328     -328     -321     -328     -330     -326 
    -334     -341     -344     -351     -357     -352     -346     -351 
    -355     -359     -370     -382     -386     -380     -380     -388 
    -394     -403     -414     -421     -421     -418     -434     -445 
    -438     -449     -457     -454     -467     -475     -487     -506 
    -504     -500     -514     -522     -530     -546     -561     -565 
    -568     -573     -579     -595     -608     -612     -622     -634 
    -639     -653     -669     -675     -684     -695     -695     -702 
    -715     -727     -741     -757     -767     -769     -778     -795 
    -805     -818     -831     -838     -849     -855     -866     -885 
    -905     -916     -923     -932     -946     -962     -977     -992 
   -1008    -1016    -1023    -1035    -1048    -1060    -1073    -1088 
   -1105    -1116    -1124    -1139    -1152    -1167    -1185    -1200 
   -1216    -1230    -1244    -1260    -1275    -1282    -1297    -1317 
   -1334    -1350    -1374    -1391    -1401    -1414    -1426    -1436 
   -1451    -1470    -1490    -1512    -1528    -1534    -1547    -1563 
   -1574    -1588    -1606    -1628    -1648    -1660    -1672    -1694 
   -1713    -1722    -1729    -1738    -1755    -1768    -1776    -1799 
   -1825    -1833    -1841    -1854    -1858    -1868    -1884    -1891 
   -1899    -1911    -1918    -1926    -1935    -1935    -1944    -1962 
   -1968    -1966    -1973    -1981    -1988    -1992    -1996    -2006 
   -2011    -2012    -2019    -2026    -2033    -2034    -2031    -2030 
   -2034    -2031    -2034    -2042    -2037    -2023    -2020    -2020 
   -2020    -2023    -2015    -2008    -2001    -1991    -1985    -1989 
   -1987    -1972    -1956    -1956    -1949    -1938    -1939    -1939 
   -1930    -1921    -1911    -1902    -1898    -1892    -1883    -1871 
   -1861    -1850    -1836    -1830    -1826    -1818    -1811    -1809 
   -1798    -1784    -1772    -1755    -1744    -1734    -1725    -1715 
   -1706    -1699    -1680    -1674    -1674    -1656    -1647    -1640 
   -1622    -1615    -1611    -1599    -1594    -1586    -1574    -1566 
   -1557    -1551    -1539    -1526    -1524    -1517    -1506    -1507 
   -1507    -1502    -1499    -1490    -1478    -1467    -1456    -1457 
   -1467    -1464    -1463    -1464    -1455    -1445    -1441    -1436 
   -1433    -1435    -1431    -1428    -1431    -1435    -1435    -1431 
   -1429    -1429    -1422    -1431    -1445    -1439    -1431    -1437 
   -1440    -1444    -1444    -1451    -1463    -1463    -1466    -1474 
   -1480    -1491    -1493    -1494    -1503    -1506    -1512    -1520 
   -1521    -1528    -1534    -1539    -1545    -1547    -1552    -1563 
   -1578    -1588    -1587    -1590    -1595    -1590    -1590    -1601 
   -1610    -1620    -1628    -1640    -1653    -1656    -1656    -1656 
   -1653    -1656    -1655    -1657    -1668    -1674    -1676    -1680 
   -1682    -1680    -1680    -1683    -1683    -1683    -1687    -1691 
   -1687    -1686    -1691    -1692    -1692    -1692    -1682    -1671 
   -1661    -1657    -1663    -1665    -1658    -1655    -1644    -1632 
   -1628    -1622    -1618    -1606    -1598    -1595    -1588    -1584 
   -1582    -1572    -1564    -1552    -1543    -1537    -1528    -1524 
   -1514    -1501    -1494    -1483    -1479    -1479    -1470    -1455 
   -1443    -1429    -1414    -1404    -1395    -1386    -1372    -1362 
   -1352    -1343    -1336    -1327    -1312    -1308    -1294    -1273 
   -1260    -1248    -1242    -1239    -1228    -1215    -1205    -1192 
   -1179    -1169    -1155    -1147    -1140    -1124    -1109    -1097 
   -1085    -1077    -1065    -1055    -1039    -1026    -1012     -994 
    -985     -980     -969     -957     -940     -926     -909     -897 
    -895     -882     -868     -854     -835     -822     -811     -803 
    -795     -783     -769     -754     -738     -727     -715     -695 
    -680     -675     -662     -653     -643     -623     -607     -602 
    -587     -568     -558     -550     -540     -526     -508     -493 
    -486     -475     -459     -454     -445     -423     -411     -399 
    -380     -373     -365     -355     -346     -332     -317     -306 
    -298     -291     -276     -266     -261     -251     -240     -234 
    -236     -229     -214     -209     -201     -189     -184     -178 
    -175     -175     -164     -156     -147     -131     -131     -136 
    -131     -125     -121     -121     -121     -114     -108     -106 
    -105      -99      -97     -101      -99      -98      -97      -94 
     -97      -97      -94     -102     -106     -106     -109     -108 
    -105      -98      -98     -110     -117     -109     -109     -121 
    -126     -129     -140     -143     -139     -140     -135     -137 
    -152     -159     -162     -157     -159     -167     -172     -183 
    -191     -184     -182     -186     -191     -198     -205     -211 
    -211     -210     -216     -224     -229     -232     -233     -233 
    -230     -240     -253     -255     -257     -259     -252     -246 
    -249     -251     -252     -253     -256     -255     -249     -253 
    -256     -259     -255     -251     -252     -248     -243     -245 
    -246     -245     -244     -238     -230     -221     -216     -218 
    -216     -203     -194     -189     -182     -180     -180     -171 
    -162     -157     -147     -133     -122     -117     -117     -106 
     -86      -76      -75      -64      -51      -44      -37      -22 
      -4        4        8       14       20       35       55       64 
      71       85       93       93      101      117      128      131 
     141      151      159      168      178      183      189      193 
     198      211      225      230      233      244      251      249 
     259      279      289      294      292      292      301      303 
     307      311      319      324      319      322      329      319 
     314      318      317      311      310      314      315      311 
     315      311      301      299      294      287      291      294 
     286      275      274      268      259      263      259      244 
     237      229      217      211      203      201      202      194 
     186      175      166      162      144      128      122      117 
     105       93       85       81       70       59       51       32 
      11        2       -1      -10      -20      -29      -36      -43 
     -59      -76      -85      -93     -109     -120     -122     -131 
    -151     -171     -182     -191     -203     -211     -225     -240 
    -249     -261     -271     -280     -297     -315     -329     -341 
    -353     -364     -372     -383     -394     -403     -418     -433 
    -444     -459     -471     -481     -495     -503     -513     -530 
    -548     -562     -572     -577     -591     -607     -621     -635 
    -648     -661     -668     -675     -692     -706     -715     -727 
    -735     -749     -757     -765     -785     -801     -807     -819 
    -835     -847     -858     -874     -886     -893     -903     -916 
    -934     -950     -958     -965     -976     -990    -1004    -1017 
   -1039    -1053    -1053    -1063    -1077    -1089    -1105    -1113 
   -1125    -1143    -1151    -1162    -1178    -1185    -1192    -1206 
   -1224    -1240    -1255    -1262    -1266    -1278    -1289    -1298 
   -1318    -1332    -1333    -1344    -1360    -1377    -1393    -1401 
   -1408    -1416    -1428    -1448    -1459    -1463    -1472    -1475 
   -1476    -1489    -1502    -1512    -1525    -1535    -1541    -1551 
   -1557    -1561    -1572    -1583    -1590    -1602    -1615    -1624 
   -1632    -1645    -1658    -1665    -1671    -1680    -1686    -1692 
   -1706    -1714    -1721    -1725    -1726    -1738    -1750    -1753 
   -1759    -1773    -1777    -1780    -1792    -1800    -1799    -1806 
   -1818    -1825    -1830    -1836    -1838    -1846    -1852    -1861 
   -1869    -1875    -1883    -1887    -1895    -1907    -1908    -1911 
   -1921    -1927    -1941    -1945    -1948    -1960    -1956    -1956 
   -1973    -1979    -1981    -1989    -1996    -2000    -2000    -2003 
   -2014    -2023    -2030    -2037    -2041    -2046    -2052    -2056 
   -2056    -2057    -2064    -2070    -2076    -2085    -2092    -2095 
   -2100    -2104    -2104    -2100    -2106    -2118    -2115    -2115 
   -2121    -2116    -2107    -2111    -2120    -2123    -2114    -2106 
   -2100    -2097    -2097    -2096    -2107    -2111    -2096    -2092 
   -2091    -2089    -2097    -2097    -2089    -2084    -2074    -2070 
   -2073    -2069    -2061    -2058    -2060    -2047    -2031    -2023 
   -2011    -2003    -1998    -1991    -1982    -1972    -1961    -1952 
   -1942    -1930    -1918    -1904    -1890    -1884    -1877    -1865 
   -1863    -1858    -1842    -1825    -1807    -1796    -1787    -1776 
   -1767    -1753    -1736    -1721    -1710    -1703    -1690    -1672 
   -1656    -1640    -1622    -1614    -1606    -1594    -1582    -1566 
   -1548    -1535    -1518    -1502    -1489    -1467    -1449    -1437 
   -1421    -1404    -1391    -1381    -1368    -1360    -1351    -1337 
   -1318    -1300    -1281    -1262    -1251    -1242    -1230    -1221 
   -1213    -1202    -1188    -1166    -1146    -1128    -1111    -1096 
   -1092    -1077    -1053    -1047    -1042    -1019    -1003     -993 
    -980     -966     -954     -943     -943     -932     -905     -885 
    -864     -849     -853     -849     -841     -830     -805     -791 
    -784     -774     -765     -757     -747     -733     -723     -714 
    -697     -695     -691     -680     -675     -666     -657     -646 
    -638     -634     -626     -619     -611     -607     -599     -589 
    -592     -594     -587     -579     -573     -569     -562     -558 
    -553     -549     -546     -540     -540     -546     -540     -540 
    -546     -545     -538     -532     -535     -538     -537     -548 
    -549     -540     -540     -537     -537     -542     -540     -546 
    -553     -553     -562     -565     -562     -562     -565     -568 
    -566     -576     -592     -596     -596     -598     -599     -604 
    -614     -619     -622     -621     -619     -623     -627     -630 
    -641     -653     -656     -660     -664     -666     -672     -672 
    -670     -675     -679     -681     -683     -691     -710     -714 
    -712     -718     -719     -714     -714     -723     -730     -730 
    -738     -749     -746     -741     -745     -750     -757     -762 
    -764     -772     -777     -778     -792     -796     -784     -785 
    -795     -796     -807     -822     -826     -828     -831     -828 
    -822     -826     -835     -838     -841     -838     -838     -843 
    -842     -838     -841     -846     -850     -847     -850     -858 
    -859     -861     -866     -866     -866     -872     -872     -874 
    -884     -882     -876     -877     -882     -888     -885     -877 
    -877     -876     -870     -874     -877     -877     -874     -876 
    -874     -870     -870     -868     -862     -850     -835     -842 
    -851     -846     -835     -823     -819     -823     -819     -820 
    -820     -811     -804     -796     -785     -780     -770     -756 
    -750     -751     -749     -745     -741     -728     -714     -699 
    -689     -685     -677     -666     -656     -634     -619     -615 
    -608     -602     -598     -585     -571     -553     -535     -523 
    -519     -506     -491     -490     -481     -459     -438     -427 
    -418     -405     -387     -372     -360     -351     -336     -317 
    -301     -282     -263     -253     -244     -238     -225     -203 
    -182     -164     -144     -129     -120     -108      -85      -68 
     -62      -47      -35      -20       -1       10       23       40 
      44       54       78       90       94      114      125      128 
     140      151      168      190      199      205      217      236 
     255      265      276      282      289      301      313      328 
     334      338      352      363      370      375      375      379 
     383      388      395      400      410      415      414      418 
     417      406      411      429      433      432      433      427 
     422      425      430      425      432      432      422      430 
     432      422      422      415      405      403      398      395 
     396      390      378      376      376      356      349      351 
     329      315      315      310      303      287      268      253 
     240      232      228      221      210      198      190      176 
     162      152      135      116      102       94       89       78 
      64       52       31        9       10        2      -21      -32 
     -45      -65      -74      -90     -116     -129     -144     -162 
    -178     -191     -203     -217     -234     -246     -256     -272 
    -286     -301     -317     -326     -340     -360     -376     -387 
    -400     -410     -417     -436     -450     -460     -490     -508 
    -506     -514     -529     -540     -558     -581     -598     -604 
    -610     -618     -633     -649     -666     -685     -693     -700 
    -723     -745     -754     -762     -769     -778     -799     -819 
    -828     -838     -849     -858     -872     -880     -893     -919 
    -936     -950     -966     -974     -980     -992    -1009    -1021 
   -1038    -1058    -1073    -1088    -1100    -1112    -1131    -1148 
   -1158    -1170    -1189    -1205    -1220    -1237    -1255    -1271 
   -1289    -1308    -1324    -1336    -1352    -1372    -1391    -1408 
   -1421    -1437    -1456    -1472    -1486    -1498    -1512    -1530 
   -1551    -1567    -1584    -1605    -1614    -1625    -1640    -1652 
   -1672    -1694    -1710    -1726    -1741    -1750    -1765    -1783 
   -1798    -1815    -1837    -1854    -1865    -1880    -1903    -1914 
   -1923    -1941    -1949    -1960    -1977    -1987    -1996    -2011 
   -2022    -2029    -2041    -2061    -2073    -2074    -2076    -2079 
   -2092    -2114    -2123    -2133    -2143    -2146    -2150    -2155 
   -2158    -2165    -2172    -2181    -2187    -2185    -2196    -2205 
   -2207    -2205    -2205    -2205    -2208    -2214    -2215    -2215 
   -2224    -2228    -2223    -2215    -2214    -2207    -2207    -2214 
   -2209    -2204    -2204    -2196    -2191    -2192    -2189    -2180 
   -2172    -2163    -2157    -2157    -2151    -2141    -2137    -2126 
   -2111    -2106    -2092    -2084    -2085    -2070    -2057    -2043 
   -2022    -2012    -2004    -1992    -1987    -1977    -1964    -1956 
   -1946    -1927    -1907    -1895    -1885    -1876    -1858    -1836 
   -1823    -1809    -1790    -1777    -1759    -1738    -1729    -1705 
   -1684    -1683    -1664    -1640    -1629    -1611    -1586    -1568 
   -1552    -1537    -1528    -1513    -1495    -1482    -1463    -1448 
   -1441    -1424    -1401    -1381    -1362    -1344    -1331    -1314 
   -1298    -1282    -1262    -1244    -1232    -1221    -1213    -1194 
   -1175    -1167    -1150    -1133    -1127    -1107    -1086    -1075 
   -1063    -1053    -1039    -1024    -1013     -999     -985     -967 
    -953     -945     -935     -931     -924     -909     -900     -895 
    -880     -866     -859     -850     -838     -837     -830     -819 
    -819     -816     -799     -787     -780     -772     -769     -764 
    -754     -756     -761     -745     -733     -735     -720     -711 
    -711     -702     -704     -708     -704     -707     -707     -702 
    -700     -700     -697     -696     -700     -707     -707     -699 
    -692     -692     -692     -688     -691     -699     -702     -708 
    -708     -702     -702     -696     -689     -702     -711     -706 
    -718     -727     -722     -723     -722     -718     -727     -728 
    -728     -737     -738     -738     -738     -734     -739     -745 
    -749     -758     -765     -766     -767     -767     -774     -783 
    -781     -783     -796     -800     -796     -805     -814     -808 
    -810     -816     -822     -822     -818     -822     -832     -834 
    -831     -837     -838     -841     -843     -843     -850     -855 
    -859     -870     -881     -882     -889     -896     -892     -892 
    -896     -907     -920     -927     -931     -934     -931     -928 
    -928     -932     -938     -945     -945     -936     -938     -936 
    -934     -942     -943     -947     -958     -959     -965     -976 
    -969     -965     -967     -967     -969     -970     -978     -985 
    -981     -984     -987     -985     -987     -989     -989     -987 
    -981     -982     -986     -982     -982     -985     -985     -981 
    -977     -981     -977     -970     -973     -976     -970     -965 
    -967     -966     -962     -961     -955     -958     -958     -949 
    -951     -951     -946     -950     -946     -940     -947     -940 
    -938     -946     -940     -936     -936     -929     -927     -927 
    -922     -920     -920     -915     -916     -920     -915     -903 
    -893     -884     -884     -890     -882     -869     -864     -855 
    -851     -854     -853     -854     -859     -851     -838     -832 
    -824     -823     -831     -834     -831     -822     -812     -807 
    -799     -796     -799     -797     -791     -784     -772     -761 
    -758     -753     -747     -737     -722     -724     -719     -704 
    -707     -706     -696     -692     -685     -677     -679     -670 
    -654     -650     -645     -626     -621     -625     -621     -612 
    -599     -585     -581     -573     -565     -564     -558     -544 
    -535     -535     -529     -517     -513     -506     -502     -495 
    -483     -476     -472     -457     -442     -438     -437     -429 
    -423     -425     -421     -406     -399     -399     -388     -380 
    -378     -372     -365     -359     -356     -353     -342     -334 
    -332     -324     -321     -318     -314     -319     -324     -310 
    -291     -287     -282     -272     -275     -278     -274     -268 
    -259     -257     -257     -251     -246     -243     -237     -229 
    -225     -225     -222     -216     -207     -198     -198     -202 
    -202     -195     -190     -190     -178     -170     -178     -178 
    -176     -174     -167     -162     -156     -155     -152     -152 
    -156     -160     -163     -159     -147     -144     -144     -140 
    -144     -144     -144     -144     -140     -143     -140     -136 
    -137     -136     -141     -144     -144     -153     -155     -163 
    -164     -157     -174     -186     -183     -190     -195     -201 
    -211     -212     -220     -225     -225     -232     -241     -244 
    -248     -259     -266     -282     -292     -289     -297     -307 
    -306     -315     -329     -337     -348     -360     -373     -390 
    -399     -403     -414     -433     -444     -457     -473     -475 
    -477     -490     -499     -506     -522     -537     -545     -560 
    -564     -564     -577     -594     -606     -626     -637     -635 
    -642     -660     -670     -676     -688     -700     -712     -727 
    -735     -741     -758     -762     -766     -783     -788     -800 
    -822     -830     -837     -850     -857     -859     -864     -864 
    -868     -884     -895     -901     -916     -916     -913     -922 
    -923     -932     -953     -958     -958     -961     -963     -967 
    -977     -990    -1005    -1012    -1011    -1011    -1019    -1024 
   -1026    -1030    -1038    -1046    -1051    -1051    -1053    -1051 
   -1046    -1053    -1065    -1069    -1070    -1067    -1062    -1062 
   -1067    -1081    -1088    -1080    -1074    -1077    -1081    -1089 
   -1097    -1094    -1093    -1094    -1088    -1088    -1101    -1107 
   -1104    -1097    -1092    -1096    -1104    -1101    -1104    -1109 
   -1104    -1104    -1104    -1104    -1107    -1102    -1102    -1105 
   -1094    -1096    -1107    -1104    -1096    -1101    -1105    -1107 
   -1105    -1105    -1111    -1113    -1109    -1107    -1107    -1102 
   -1098    -1102    -1105    -1104    -1105    -1104    -1101    -1107 
   -1107    -1104    -1102    -1096    -1090    -1093    -1097    -1105 
   -1102    -1098    -1107    -1105    -1096    -1098    -1098    -1097 
   -1105    -1107    -1107    -1112    -1105    -1097    -1101    -1100 
   -1092    -1093    -1100    -1098    -1098    -1102    -1096    -1090 
   -1093    -1093    -1090    -1088    -1090    -1096    -1096    -1094 
   -1093    -1093    -1102    -1105    -1101    -1105    -1104    -1104 
   -1109    -1113    -1117    -1115    -1111    -1113    -1121    -1127 
   -1125    -1131    -1136    -1133    -1139    -1146    -1143    -1147 
   -1158    -1156    -1152    -1161    -1163    -1156    -1165    -1174 
   -1179    -1196    -1208    -1206    -1205    -1205    -1209    -1216 
   -1228    -1242    -1244    -1250    -1266    -1277    -1282    -1291 
   -1290    -1286    -1291    -1298    -1312    -1328    -1340    -1351 
   -1352    -1350    -1356    -1368    -1379    -1393    -1404    -1408 
   -1410    -1416    -1422    -1431    -1437    -1447    -1457    -1455 
   -1457    -1468    -1479    -1501    -1513    -1509    -1512    -1509 
   -1516    -1532    -1535    -1539    -1544    -1543    -1544    -1553 
   -1556    -1560    -1571    -1572    -1570    -1579    -1583    -1582 
   -1588    -1590    -1587    -1582    -1582    -1588    -1594    -1598 
   -1595    -1593    -1594    -1584    -1578    -1582    -1582    -1579 
   -1580    -1575    -1567    -1560    -1554    -1560    -1567    -1566 
   -1554    -1543    -1540    -1537    -1525    -1520    -1522    -1512 
   -1499    -1498    -1497    -1489    -1475    -1474    -1471    -1457 
   -1453    -1456    -1451    -1439    -1421    -1402    -1397    -1393 
   -1383    -1385    -1386    -1370    -1352    -1348    -1350    -1343 
   -1337    -1336    -1323    -1305    -1290    -1279    -1278    -1275 
   -1263    -1254    -1243    -1232    -1232    -1228    -1221    -1212 
   -1192    -1177    -1174    -1169    -1161    -1154    -1154    -1144 
   -1131    -1128    -1121    -1113    -1111    -1111    -1105    -1093 
   -1077    -1070    -1065    -1055    -1044    -1038    -1035    -1030 
   -1020    -1013    -1005     -993     -984     -972     -962     -955 
    -947     -942     -936     -926     -912     -900     -892     -886 
    -876     -864     -855     -851     -842     -835     -832     -818 
    -805     -799     -785     -781     -777     -765     -761     -747 
    -731     -728     -722     -710     -707     -700     -691     -684 
    -673     -662     -652     -641     -634     -622     -610     -606 
    -596     -581     -577     -573     -560     -546     -532     -517 
    -504     -499     -503     -498     -486     -476     -460     -445 
    -436     -433     -433     -422     -409     -398     -394     -396 
    -386     -373     -373     -368     -352     -341     -338     -337 
    -328     -309     -299     -303     -298     -287     -283     -274 
    -261     -249     -238     -234     -236     -237     -236     -225 
    -217     -212     -209     -203     -199     -195     -190     -186 
    -183     -178     -178     -174     -163     -153     -153     -157 
    -155     -152     -157     -147     -131     -129     -125     -124 
    -129     -122     -117     -117     -110     -112     -109     -101 
    -106     -102      -97      -98      -97     -103      -98      -86 
     -86      -83      -83      -87      -83      -83      -83      -85 
     -93      -91      -86      -89      -90      -89      -87      -85 
     -86      -90      -94      -97      -97      -93      -86      -82 
     -74      -71      -83      -91      -94      -97      -99     -102 
     -98      -91      -95      -99      -97      -99     -106     -118 
    -126     -129     -133     -131     -129     -139     -147     -148 
    -144     -144     -149     -151     -152     -160     -167     -168 
    -168     -174     -178     -178     -191     -206     -211     -217 
    -218     -211     -216     -222     -228     -240     -249     -255 
    -259     -261     -261     -274     -284     -283     -294     -305 
    -302     -311     -317     -314     -319     -326     -340     -348 
    -351     -360     -372     -373     -368     -372     -386     -392 
    -400     -411     -417     -429     -434     -433     -437     -434 
    -440     -456     -464     -464     -469     -471     -476     -483 
    -490     -498     -506     -506     -513     -523     -522     -526 
    -537     -532     -532     -533     -537     -550     -556     -557 
    -564     -566     -568     -572     -576     -579     -583     -585 
    -594     -596     -592     -598     -598     -606     -616     -612 
    -611     -619     -623     -631     -631     -625     -629     -633 
    -633     -639     -641     -643     -643     -637     -641     -648 
    -650     -652     -649     -653     -661     -668     -683     -684 
    -684     -689     -679     -670     -683     -684     -689     -710 
    -714     -706     -708     -711     -708     -715     -724     -718 
    -718     -726     -734     -741     -741     -743     -753     -760 
    -760     -758     -765     -773     -774     -780     -780     -780 
    -788     -796     -805     -820     -827     -827     -823     -816 
    -823     -838     -849     -858     -864     -866     -873     -877 
    -884     -899     -903     -903     -899     -903     -929     -940 
    -935     -947     -951     -945     -955     -963     -976     -999 
   -1003     -999    -1008    -1015    -1019    -1028    -1035    -1035 
   -1047    -1062    -1063    -1073    -1085    -1080    -1081    -1092 
   -1097    -1107    -1112    -1115    -1128    -1140    -1142    -1144 
   -1152    -1161    -1171    -1178    -1181    -1192    -1198    -1198 
   -1200    -1204    -1213    -1224    -1219    -1220    -1237    -1244 
   -1247    -1255    -1259    -1264    -1269    -1273    -1285    -1300 
   -1305    -1297    -1301    -1314    -1314    -1316    -1325    -1331 
   -1336    -1340    -1340    -1345    -1354    -1366    -1370    -1372 
   -1386    -1390    -1389    -1398    -1399    -1402    -1413    -1420 
   -1424    -1428    -1429    -1437    -1441    -1448    -1455    -1455 
   -1456    -1459    -1466    -1476    -1479    -1487    -1498    -1502 
   -1509    -1512    -1517    -1528    -1530    -1533    -1533    -1537 
   -1544    -1545    -1554    -1563    -1559    -1566    -1572    -1574 
   -1580    -1579    -1572    -1574    -1578    -1586    -1602    -1606 
   -1595    -1593    -1606    -1606    -1611    -1622    -1617    -1617 
   -1621    -1618    -1629    -1638    -1629    -1629    -1636    -1632 
   -1630    -1634    -1632    -1637    -1642    -1636    -1636    -1638 
   -1637    -1641    -1644    -1641    -1647    -1641    -1634    -1644 
   -1648    -1647    -1644    -1634    -1630    -1641    -1648    -1652 
   -1652    -1640    -1632    -1634    -1640    -1648    -1648    -1645 
   -1638    -1630    -1637    -1636    -1628    -1632    -1636    -1640 
   -1644    -1628    -1621    -1632    -1634    -1632    -1637    -1632 
   -1629    -1630    -1632    -1632    -1628    -1622    -1624    -1621 
   -1615    -1615    -1611    -1611    -1620    -1620    -1614    -1606 
   -1605    -1609    -1606    -1606    -1606    -1598    -1598    -1593 
   -1584    -1587    -1586    -1582    -1582    -1574    -1571    -1572 
   -1566    -1563    -1570    -1566    -1553    -1554    -1549    -1541 
   -1553    -1557    -1541    -1534    -1530    -1524    -1525    -1524 
   -1512    -1505    -1494    -1482    -1486    -1491    -1482    -1475 
   -1470    -1456    -1449    -1456    -1459    -1453    -1448    -1431 
   -1412    -1404    -1405    -1410    -1408    -1394    -1383    -1378 
   -1375    -1375    -1375    -1375    -1370    -1355    -1347    -1345 
   -1339    -1331    -1324    -1324    -1323    -1313    -1306    -1300 
   -1291    -1290    -1282    -1278    -1273    -1259    -1254    -1252 
   -1244    -1240    -1237    -1237    -1230    -1223    -1227    -1227 
   -1215    -1206    -1200    -1190    -1192    -1200    -1196    -1189 
   -1183    -1170    -1158    -1156    -1152    -1156    -1161    -1158 
   -1154    -1147    -1144    -1142    -1138    -1142    -1139    -1127 
   -1124    -1113    -1107    -1112    -1112    -1105    -1104    -1096 
   -1092    -1102    -1104    -1092    -1085    -1081    -1081    -1078 
   -1077    -1077    -1069    -1058    -1053    -1051    -1047    -1044 
   -1042    -1042    -1036    -1030    -1026    -1031    -1032    -1030 
   -1030    -1023    -1013    -1012    -1007    -1000    -1004     -994 
    -982     -985     -985     -984     -987     -980     -965     -958 
    -949     -947     -951     -939     -935     -939     -926     -922 
    -931     -920     -905     -903     -901     -896     -893     -890 
    -890     -881     -862     -857     -858     -858     -855     -843 
    -838     -827     -801     -805     -822     -808     -792     -787 
    -774     -761     -760     -757     -746     -741     -741     -731 
    -727     -724     -708     -689     -672     -669     -672     -661 
    -648     -646     -637     -626     -625     -614     -600     -595 
    -579     -564     -558     -553     -542     -529     -526     -522 
    -503     -496     -493     -483     -473     -463     -451     -444 
    -430     -421     -419     -410     -396     -380     -359     -346 
    -344     -337     -334     -329     -309     -301     -295     -279 
    -271     -265     -256     -244     -230     -222     -221     -220 
    -210     -198     -193     -178     -166     -168     -170     -163 
    -156     -155     -144     -131     -129     -124     -120     -120 
    -109      -94      -87      -93      -90      -76      -74      -67 
     -60      -65      -74      -76      -64      -54      -47      -32 
     -35      -45      -37      -27      -25      -28      -29      -29 
     -25      -25      -27      -25      -31      -41      -36      -25 
     -31      -29      -21      -28      -31      -32      -39      -39 
     -35      -28      -32      -43      -36      -39      -51      -49 
     -54      -51      -45      -55      -63      -63      -63      -67 
     -75      -81      -86      -90      -87      -85      -75      -67 
     -83      -98     -108     -124     -126     -114     -117     -128 
    -133     -133     -133     -139     -133     -131     -157     -170 
    -175     -189     -184     -178     -186     -194     -202     -214 
    -224     -221     -221     -232     -237     -243     -257     -265 
    -265     -276     -284     -284     -289     -298     -301     -309 
    -318     -318     -326     -341     -341     -344     -352     -348 
    -352     -364     -368     -383     -398     -395     -403     -413 
    -409     -411     -427     -442     -442     -448     -456     -451 
    -454     -460     -464     -477     -479     -477     -484     -490 
    -493     -502     -506     -518     -525     -526     -526     -525 
    -531     -540     -542     -546     -548     -545     -552     -558 
    -552     -550     -558     -558 
