Origin Time       2016/04/16 01:25:00
Lat.              32.753
Long.             130.762
Depth. (km)       12
Mag.              7.3
Station Code      TTR001
Station Lat.      35.3415
Station Long.     134.3975
Station Height(m) 219
Record Time       2016/04/16 01:27:13
Sampling Freq(Hz) 100Hz
Duration Time(s)  64
Dir.              N-S
Scale Factor      7845(gal)/8223790
Max. Acc. (gal)   1.623
Last Correction   2016/04/16 01:27:15
Memo.             
   -2162    -2126    -2096    -2133    -2157    -2146    -2142    -2123 
   -2107    -2143    -2170    -2116    -2073    -2110    -2139    -2107 
   -2062    -2073    -2111    -2104    -2068    -2052    -2085    -2111 
   -2085    -2065    -2077    -2110    -2095    -2053    -2079    -2111 
   -2093    -2073    -2079    -2106    -2130    -2107    -2070    -2098 
   -2130    -2126    -2118    -2111    -2114    -2150    -2163    -2121 
   -2137    -2192    -2170    -2158    -2196    -2184    -2177    -2230 
   -2215    -2161    -2209    -2261    -2200    -2169    -2215    -2218 
   -2189    -2177    -2163    -2170    -2191    -2157    -2118    -2158 
   -2177    -2150    -2165    -2169    -2162    -2207    -2232    -2200 
   -2201    -2267    -2282    -2242    -2259    -2282    -2269    -2293 
   -2292    -2239    -2254    -2303    -2261    -2212    -2258    -2269 
   -2212    -2220    -2250    -2212    -2184    -2205    -2188    -2137 
   -2138    -2141    -2106    -2084    -2076    -2058    -2049    -2043 
   -2012    -1993    -2007    -1985    -1941    -1960    -1975    -1914 
   -1895    -1923    -1914    -1910    -1914    -1902    -1912    -1966 
   -1969    -1930    -1995    -2053    -2007    -2025    -2100    -2110 
   -2107    -2137    -2147    -2170    -2223    -2231    -2228    -2269 
   -2292    -2327    -2377    -2347    -2358    -2457    -2461    -2424 
   -2481    -2516    -2493    -2532    -2565    -2513    -2512    -2565 
   -2540    -2479    -2474    -2486    -2451    -2396    -2357    -2343 
   -2338    -2289    -2241    -2234    -2234    -2200    -2142    -2137 
   -2161    -2123    -2077    -2079    -2088    -2079    -2061    -2050 
   -2052    -2060    -2053    -2034    -2039    -2046    -2027    -2034 
   -2033    -1995    -2023    -2081    -2041    -1984    -2062    -2147 
   -2098    -2066    -2153    -2230    -2226    -2223    -2261    -2315 
   -2344    -2338    -2347    -2369    -2367    -2373    -2384    -2359 
   -2334    -2353    -2358    -2305    -2273    -2292    -2293    -2245 
   -2218    -2230    -2220    -2205    -2196    -2172    -2158    -2161 
   -2158    -2133    -2110    -2126    -2126    -2087    -2083    -2100 
   -2073    -2034    -2058    -2072    -2018    -2003    -2030    -2010 
   -1975    -1972    -1977    -1962    -1946    -1948    -1944    -1948 
   -1958    -1961    -1958    -1945    -1954    -1992    -1984    -1938 
   -1945    -1988    -1979    -1945    -1949    -1939    -1938    -2006 
   -1991    -1902    -1939    -2058    -2053    -1948    -1973    -2102 
   -2107    -2034    -2042    -2119    -2158    -2149    -2139    -2142 
   -2199    -2266    -2239    -2205    -2270    -2323    -2290    -2267 
   -2277    -2274    -2297    -2293    -2208    -2193    -2289    -2262 
   -2130    -2158    -2242    -2162    -2101    -2165    -2139    -2053 
   -2100    -2157    -2077    -2039    -2116    -2142    -2106    -2116 
   -2150    -2158    -2200    -2230    -2184    -2204    -2281    -2262 
   -2224    -2276    -2301    -2262    -2266    -2288    -2277    -2277 
   -2266    -2254    -2289    -2301    -2246    -2243    -2313    -2307 
   -2241    -2251    -2301    -2309    -2270    -2245    -2295    -2317 
   -2255    -2235    -2267    -2259    -2238    -2238    -2191    -2162 
   -2235    -2208    -2079    -2123    -2212    -2128    -2058    -2126 
   -2138    -2069    -2087    -2138    -2091    -2039    -2095    -2149 
   -2079    -2022    -2119    -2169    -2060    -2056    -2166    -2139 
   -2088    -2160    -2163    -2107    -2178    -2231    -2146    -2151 
   -2259    -2241    -2185    -2232    -2263    -2259    -2258    -2269 
   -2278    -2257    -2261    -2285    -2273    -2239    -2243    -2278 
   -2231    -2209    -2278    -2242    -2172    -2230    -2266    -2191 
   -2177    -2218    -2178    -2173    -2207    -2143    -2114    -2170 
   -2147    -2104    -2137    -2115    -2072    -2130    -2126    -2031 
   -2072    -2139    -2053    -2007    -2089    -2100    -2034    -2034 
   -2065    -2057    -2041    -2053    -2046    -2014    -2041    -2089 
   -2065    -2008    -2039    -2116    -2091    -2029    -2052    -2089 
   -2061    -2011    -2027    -2060    -2030    -1981    -1985    -2018 
   -2006    -1975    -1985    -1992    -1977    -1996    -2007    -1972 
   -1972    -2014    -1996    -1956    -2003    -2014    -1962    -1981 
   -2008    -1992    -1985    -1985    -1996    -2001    -1985    -1984 
   -2012    -2001    -1971    -2022    -2053    -1993    -2014    -2083 
   -2043    -2010    -2068    -2072    -2025    -2061    -2088    -2027 
   -2033    -2104    -2089    -2016    -2043    -2139    -2111    -2015 
   -2076    -2182    -2110    -2041    -2149    -2184    -2092    -2134 
   -2219    -2143    -2101    -2243    -2254    -2093    -2157    -2331 
   -2241    -2100    -2215    -2326    -2219    -2157    -2243    -2280 
   -2226    -2219    -2278    -2274    -2220    -2263    -2327    -2251 
   -2211    -2307    -2297    -2208    -2234    -2266    -2236    -2224 
   -2215    -2195    -2199    -2207    -2182    -2173    -2178    -2147 
   -2162    -2189    -2139    -2120    -2142    -2130    -2119    -2101 
   -2091    -2115    -2104    -2056    -2068    -2118    -2100    -2052 
   -2053    -2091    -2133    -2097    -2025    -2101    -2177    -2087 
   -2084    -2178    -2149    -2118    -2205    -2220    -2134    -2178 
   -2289    -2234    -2170    -2239    -2276    -2249    -2227    -2224 
   -2263    -2273    -2209    -2188    -2249    -2249    -2160    -2181 
   -2253    -2185    -2123    -2191    -2243    -2178    -2124    -2181 
   -2223    -2195    -2177    -2192    -2230    -2249    -2224    -2222 
   -2270    -2285    -2258    -2273    -2309    -2290    -2266    -2304 
   -2319    -2269    -2253    -2295    -2313    -2265    -2215    -2247 
   -2288    -2251    -2199    -2211    -2228    -2211    -2196    -2162 
   -2150    -2200    -2187    -2116    -2142    -2208    -2182    -2151 
   -2205    -2235    -2204    -2219    -2274    -2281    -2246    -2251 
   -2316    -2330    -2273    -2300    -2385    -2347    -2297    -2386 
   -2408    -2309    -2338    -2424    -2358    -2297    -2363    -2378 
   -2338    -2358    -2326    -2305    -2403    -2381    -2263    -2313 
   -2394    -2331    -2297    -2319    -2281    -2301    -2357    -2250 
   -2193    -2303    -2305    -2212    -2188    -2189    -2218    -2243 
   -2151    -2077    -2160    -2195    -2111    -2091    -2107    -2101 
   -2123    -2123    -2070    -2069    -2121    -2126    -2097    -2107 
   -2124    -2130    -2141    -2134    -2120    -2128    -2147    -2141 
   -2104    -2095    -2111    -2107    -2084    -2049    -2042    -2057 
   -2038    -2001    -1991    -1993    -1980    -1965    -1971    -1971 
   -1954    -1971    -2025    -2026    -1991    -2034    -2110    -2081 
   -2049    -2141    -2195    -2102    -2115    -2257    -2203    -2104 
   -2236    -2297    -2173    -2185    -2292    -2243    -2199    -2274 
   -2251    -2203    -2285    -2303    -2228    -2243    -2319    -2315 
   -2267    -2272    -2301    -2313    -2290    -2270    -2274    -2253 
   -2259    -2301    -2238    -2160    -2258    -2332    -2203    -2133 
   -2241    -2269    -2172    -2141    -2163    -2158    -2151    -2126 
   -2061    -2068    -2126    -2077    -1989    -2016    -2053    -1996 
   -1948    -1953    -1948    -1910    -1899    -1906    -1850    -1815 
   -1865    -1869    -1799    -1806    -1864    -1850    -1833    -1861 
   -1871    -1877    -1899    -1902    -1900    -1923    -1946    -1945 
   -1952    -1973    -1989    -1993    -2000    -2034    -2050    -2037 
   -2065    -2102    -2097    -2087    -2098    -2121    -2134    -2134 
   -2107    -2089    -2133    -2146    -2068    -2058    -2134    -2111 
   -2043    -2081    -2111    -2045    -2052    -2121    -2076    -2030 
   -2100    -2120    -2056    -2076    -2128    -2107    -2123    -2153 
   -2121    -2149    -2226    -2204    -2158    -2222    -2273    -2246 
   -2251    -2281    -2284    -2286    -2305    -2309    -2286    -2289 
   -2316    -2317    -2274    -2254    -2305    -2319    -2257    -2257 
   -2312    -2293    -2266    -2296    -2289    -2282    -2323    -2303 
   -2258    -2305    -2349    -2282    -2242    -2304    -2305    -2235 
   -2235    -2232    -2199    -2209    -2181    -2104    -2124    -2168 
   -2085    -2029    -2095    -2091    -2026    -2042    -2058    -2029 
   -2038    -2046    -2010    -2015    -2039    -2012    -2007    -2030 
   -2003    -1989    -2031    -2019    -1969    -2015    -2052    -1985 
   -1971    -2037    -2037    -1991    -1998    -2027    -2029    -2022 
   -2029    -2062    -2085    -2046    -2038    -2128    -2158    -2064 
   -2056    -2176    -2184    -2098    -2130    -2188    -2149    -2144 
   -2193    -2166    -2135    -2180    -2193    -2170    -2196    -2195 
   -2172    -2235    -2249    -2178    -2211    -2282    -2232    -2201 
   -2254    -2224    -2204    -2270    -2226    -2168    -2249    -2269 
   -2196    -2208    -2246    -2211    -2211    -2234    -2172    -2158 
   -2219    -2173    -2106    -2143    -2165    -2118    -2089    -2098 
   -2114    -2115    -2077    -2047    -2093    -2107    -2061    -2070 
   -2077    -2033    -2076    -2144    -2058    -1993    -2107    -2173 
   -2070    -2029    -2130    -2161    -2088    -2087    -2141    -2138 
   -2107    -2111    -2137    -2150    -2141    -2107    -2124    -2163 
   -2116    -2088    -2137    -2110    -2053    -2085    -2107    -2050 
   -2014    -2052    -2073    -2033    -1995    -2010    -2061    -2049 
   -1985    -2012    -2079    -2052    -2014    -2066    -2096    -2066 
   -2081    -2123    -2126    -2126    -2153    -2174    -2182    -2188 
   -2208    -2231    -2228    -2228    -2259    -2267    -2247    -2265 
   -2296    -2280    -2273    -2282    -2274    -2286    -2292    -2263 
   -2270    -2295    -2273    -2261    -2282    -2276    -2259    -2276 
   -2277    -2251    -2263    -2295    -2266    -2223    -2243    -2273 
   -2236    -2178    -2184    -2208    -2166    -2107    -2119    -2147 
   -2110    -2066    -2088    -2133    -2104    -2060    -2123    -2176 
   -2119    -2118    -2214    -2218    -2150    -2205    -2293    -2265 
   -2226    -2270    -2324    -2336    -2319    -2315    -2366    -2401 
   -2355    -2377    -2416    -2346    -2376    -2484    -2374    -2253 
   -2415    -2485    -2288    -2273    -2416    -2367    -2286    -2331 
   -2316    -2254    -2307    -2326    -2222    -2215    -2297    -2261 
   -2185    -2223    -2281    -2238    -2188    -2232    -2282    -2241 
   -2196    -2253    -2296    -2218    -2204    -2295    -2269    -2192 
   -2238    -2278    -2219    -2224    -2270    -2223    -2215    -2285 
   -2269    -2214    -2266    -2323    -2281    -2272    -2319    -2319 
   -2309    -2323    -2311    -2304    -2330    -2315    -2265    -2262 
   -2265    -2234    -2220    -2187    -2126    -2142    -2160    -2083 
   -2039    -2070    -2064    -2019    -1999    -1998    -1991    -1999 
   -1981    -1952    -1981    -1995    -1975    -2006    -2019    -1996 
   -2047    -2119    -2074    -2058    -2170    -2189    -2146    -2199 
   -2215    -2208    -2270    -2266    -2215    -2285    -2317    -2232 
   -2270    -2327    -2236    -2241    -2307    -2227    -2195    -2270 
   -2212    -2135    -2215    -2211    -2126    -2147    -2147    -2135 
   -2169    -2124    -2069    -2137    -2176    -2076    -2074    -2158 
   -2106    -2083    -2144    -2126    -2107    -2170    -2192    -2150 
   -2173    -2234    -2245    -2249    -2250    -2253    -2324    -2371 
   -2308    -2289    -2392    -2428    -2365    -2355    -2409    -2427 
   -2398    -2412    -2459    -2438    -2405    -2489    -2542    -2438 
   -2430    -2563    -2542    -2420    -2452    -2532    -2471    -2408 
   -2442    -2438    -2385    -2373    -2385    -2369    -2301    -2293 
   -2361    -2326    -2219    -2258    -2346    -2261    -2187    -2282 
   -2301    -2215    -2232    -2280    -2257    -2246    -2254    -2238 
   -2257    -2280    -2247    -2257    -2295    -2276    -2284    -2319 
   -2304    -2311    -2342    -2319    -2331    -2380    -2331    -2307 
   -2384    -2358    -2286    -2338    -2366    -2293    -2305    -2365 
   -2313    -2305    -2362    -2330    -2322    -2373    -2350    -2328 
   -2370    -2370    -2331    -2342    -2354    -2346    -2349    -2311 
   -2296    -2351    -2332    -2266    -2280    -2289    -2257    -2243 
   -2230    -2201    -2185    -2188    -2153    -2096    -2100    -2095 
   -2039    -2010    -2011    -1979    -1935    -1949    -1945    -1888 
   -1891    -1938    -1908    -1869    -1917    -1944    -1912    -1914 
   -1946    -1977    -1985    -1972    -1991    -2046    -2053    -2030 
   -2085    -2162    -2160    -2161    -2224    -2288    -2315    -2319 
   -2338    -2393    -2439    -2440    -2436    -2465    -2501    -2523 
   -2513    -2516    -2565    -2594    -2593    -2616    -2650    -2667 
   -2695    -2727    -2714    -2709    -2762    -2785    -2739    -2732 
   -2781    -2787    -2751    -2740    -2764    -2751    -2717    -2727 
   -2728    -2690    -2694    -2724    -2712    -2694    -2724    -2762 
   -2754    -2758    -2808    -2844    -2830    -2813    -2874    -2940 
   -2905    -2890    -2952    -2976    -2974    -2992    -2998    -2999 
   -3044    -3053    -3014    -3028    -3052    -3033    -3015    -3009 
   -2984    -2961    -2964    -2926    -2863    -2843    -2835    -2809 
   -2752    -2705    -2704    -2687    -2644    -2613    -2606    -2574 
   -2531    -2535    -2517    -2454    -2436    -2442    -2411    -2361 
   -2350    -2361    -2317    -2265    -2261    -2247    -2208    -2169 
   -2146    -2124    -2076    -2046    -2033    -1989    -1937    -1904 
   -1876    -1825    -1783    -1761    -1703    -1634    -1621    -1610 
   -1525    -1453    -1466    -1435    -1347    -1316    -1306    -1260 
   -1223    -1197    -1151    -1123    -1116    -1084    -1035    -1012 
   -1032    -1038     -987     -969    -1019    -1048    -1020    -1023 
   -1071    -1090    -1109    -1123    -1107    -1155    -1225    -1210 
   -1183    -1236    -1285    -1269    -1269    -1297    -1312    -1312 
   -1305    -1328    -1333    -1291    -1285    -1308    -1274    -1225 
   -1242    -1235    -1173    -1166    -1183    -1165    -1150    -1140 
   -1140    -1171    -1179    -1138    -1167    -1251    -1244    -1215 
   -1258    -1323    -1356    -1360    -1368    -1412    -1468    -1490 
   -1509    -1537    -1561    -1613    -1660    -1672    -1676    -1718 
   -1802    -1842    -1814    -1830    -1949    -2016    -1962    -1973 
   -2066    -2088    -2089    -2123    -2097    -2092    -2181    -2177 
   -2089    -2135    -2207    -2161    -2147    -2201    -2208    -2199 
   -2220    -2231    -2234    -2232    -2215    -2222    -2227    -2177 
   -2149    -2169    -2147    -2084    -2046    -2037    -2023    -1971 
   -1908    -1895    -1878    -1826    -1781    -1764    -1729    -1676 
   -1679    -1683    -1620    -1588    -1617    -1632    -1586    -1541 
   -1588    -1632    -1597    -1597    -1648    -1658    -1675    -1742 
   -1750    -1742    -1829    -1892    -1895    -1930    -1975    -2027 
   -2100    -2137    -2130    -2189    -2299    -2323    -2312    -2398 
   -2484    -2471    -2496    -2592    -2623    -2605    -2660    -2731 
   -2721    -2737    -2814    -2837    -2813    -2867    -2956    -2934 
   -2898    -2998    -3080    -3014    -3003    -3144    -3194    -3114 
   -3160    -3299    -3300    -3262    -3357    -3438    -3412    -3449 
   -3534    -3514    -3499    -3580    -3622    -3599    -3611    -3670 
   -3689    -3678    -3713    -3738    -3736    -3754    -3771    -3774 
   -3766    -3782    -3827    -3804    -3751    -3794    -3848    -3805 
   -3759    -3792    -3817    -3798    -3786    -3757    -3747    -3775 
   -3744    -3688    -3688    -3689    -3670    -3655    -3628    -3591 
   -3596    -3607    -3561    -3527    -3522    -3497    -3495    -3477 
   -3402    -3383    -3433    -3388    -3287    -3283    -3307    -3276 
   -3227    -3179    -3164    -3179    -3132    -3065    -3060    -3060 
   -3017    -2975    -2957    -2933    -2920    -2886    -2817    -2821 
   -2829    -2740    -2700    -2733    -2659    -2571    -2617    -2587 
   -2451    -2463    -2527    -2413    -2307    -2389    -2417    -2297 
   -2263    -2332    -2342    -2308    -2336    -2365    -2354    -2403 
   -2465    -2454    -2461    -2546    -2601    -2569    -2596    -2686 
   -2675    -2647    -2712    -2751    -2708    -2714    -2776    -2756 
   -2709    -2756    -2790    -2728    -2700    -2755    -2762    -2688 
   -2679    -2720    -2668    -2623    -2652    -2624    -2543    -2520 
   -2531    -2475    -2404    -2390    -2365    -2319    -2288    -2241 
   -2196    -2162    -2138    -2110    -2050    -1995    -1982    -1980 
   -1929    -1865    -1869    -1864    -1809    -1798    -1806    -1752 
   -1717    -1775    -1761    -1649    -1656    -1722    -1665    -1598 
   -1620    -1628    -1594    -1603    -1599    -1537    -1545    -1621 
   -1591    -1486    -1525    -1626    -1557    -1480    -1551    -1584 
   -1548    -1567    -1597    -1576    -1603    -1672    -1653    -1624 
   -1686    -1740    -1722    -1715    -1757    -1794    -1813    -1819 
   -1803    -1837    -1900    -1872    -1838    -1878    -1917    -1896 
   -1849    -1850    -1872    -1848    -1815    -1796    -1781    -1769 
   -1745    -1729    -1711    -1682    -1667    -1657    -1656    -1625 
   -1572    -1584    -1599    -1532    -1494    -1528    -1499    -1444 
   -1459    -1452    -1395    -1405    -1440    -1381    -1355    -1421 
   -1412    -1370    -1408    -1444    -1417    -1420    -1480    -1487 
   -1457    -1485    -1514    -1518    -1530    -1545    -1552    -1559 
   -1595    -1632    -1634    -1652    -1709    -1734    -1733    -1791 
   -1868    -1865    -1877    -1966    -2007    -2004    -2065    -2130 
   -2119    -2141    -2239    -2251    -2226    -2296    -2347    -2309 
   -2309    -2362    -2350    -2327    -2350    -2327    -2307    -2334 
   -2324    -2293    -2282    -2301    -2315    -2277    -2249    -2280 
   -2293    -2250    -2222    -2236    -2223    -2189    -2191    -2162 
   -2114    -2133    -2118    -2060    -2060    -2066    -2026    -1995 
   -2023    -2023    -1968    -1975    -2001    -1973    -1953    -1979 
   -1987    -1935    -1929    -1966    -1939    -1912    -1923    -1917 
   -1906    -1904    -1894    -1873    -1887    -1918    -1888    -1877 
   -1910    -1929    -1933    -1921    -1944    -1982    -1979    -1975 
   -2015    -2053    -2019    -2014    -2089    -2093    -2039    -2041 
   -2085    -2091    -2027    -2000    -2023    -2011    -1961    -1925 
   -1907    -1873    -1858    -1858    -1806    -1773    -1807    -1822 
   -1798    -1792    -1811    -1831    -1856    -1872    -1859    -1863 
   -1904    -1918    -1881    -1878    -1904    -1891    -1872    -1854 
   -1809    -1804    -1844    -1799    -1699    -1713    -1788    -1722 
   -1611    -1641    -1682    -1618    -1561    -1561    -1552    -1525 
   -1516    -1482    -1417    -1421    -1457    -1417    -1359    -1368 
   -1391    -1391    -1395    -1404    -1405    -1440    -1493    -1495 
   -1494    -1566    -1618    -1624    -1653    -1695    -1746    -1791 
   -1787    -1811    -1895    -1912    -1887    -1944    -1992    -1952 
   -1965    -2039    -2022    -1980    -2038    -2065    -2007    -2015 
   -2068    -2027    -1981    -2026    -2027    -1960    -1949    -1952 
   -1922    -1895    -1850    -1813    -1821    -1803    -1732    -1711 
   -1715    -1660    -1634    -1632    -1561    -1528    -1560    -1506 
   -1429    -1456    -1455    -1394    -1401    -1413    -1366    -1383 
   -1435    -1382    -1351    -1426    -1429    -1378    -1414    -1447 
   -1412    -1443    -1486    -1437    -1444    -1526    -1518    -1475 
   -1516    -1566    -1556    -1545    -1541    -1528    -1541    -1552 
   -1505    -1441    -1441    -1457    -1412    -1337    -1294    -1291 
   -1277    -1193    -1127    -1138    -1119    -1048    -1020    -1020 
    -996     -967     -951     -936     -924     -920     -918     -915 
    -905     -896     -916     -926     -900     -892     -916     -949 
    -957     -919     -922    -1019    -1051     -976    -1000    -1116 
   -1116    -1075    -1132    -1177    -1166    -1193    -1227    -1232 
   -1266    -1300    -1297    -1321    -1375    -1377    -1358    -1404 
   -1440    -1405    -1394    -1428    -1425    -1379    -1352    -1351 
   -1332    -1301    -1267    -1224    -1200    -1185    -1146    -1088 
   -1036    -1009     -992     -946     -885     -841     -830     -830 
    -799     -753     -728     -756     -789     -751     -718     -780 
    -828     -823     -849     -885     -903     -963    -1032    -1024 
   -1028    -1121    -1197    -1193    -1190    -1240    -1328    -1379 
   -1341    -1352    -1457    -1497    -1472    -1490    -1528    -1549 
   -1576    -1590    -1575    -1586    -1620    -1621    -1591    -1603 
   -1636    -1632    -1611    -1614    -1655    -1657    -1622    -1652 
   -1698    -1683    -1669    -1713    -1740    -1737    -1767    -1777 
   -1775    -1817    -1844    -1819    -1810    -1844    -1872    -1864 
   -1842    -1838    -1867    -1890    -1864    -1845    -1871    -1881 
   -1867    -1877    -1884    -1859    -1880    -1919    -1884    -1857 
   -1929    -1975    -1917    -1912    -1995    -2011    -1981    -2023 
   -2084    -2073    -2083    -2153    -2174    -2170    -2204    -2230 
   -2239    -2285    -2316    -2266    -2292    -2393    -2367    -2328 
   -2407    -2446    -2403    -2432    -2516    -2482    -2448    -2539 
   -2587    -2552    -2562    -2623    -2666    -2671    -2687    -2740 
   -2771    -2776    -2830    -2878    -2851    -2863    -2964    -2986 
   -2911    -2937    -3028    -3003    -2944    -2975    -3013    -2970 
   -2948    -2986    -2952    -2913    -2951    -2938    -2875    -2876 
   -2887    -2824    -2797    -2811    -2743    -2694    -2714    -2663 
   -2579    -2582    -2598    -2520    -2447    -2470    -2467    -2382 
   -2327    -2324    -2305    -2243    -2184    -2166    -2149    -2079 
   -2016    -2018    -2011    -1941    -1888    -1883    -1859    -1815 
   -1777    -1732    -1684    -1663    -1655    -1582    -1506    -1528 
   -1525    -1437    -1405    -1448    -1426    -1374    -1394    -1389 
   -1351    -1374    -1375    -1325    -1320    -1341    -1318    -1290 
   -1302    -1298    -1278    -1285    -1270    -1237    -1252    -1273 
   -1242    -1198    -1221    -1271    -1233    -1174    -1185    -1217 
   -1219    -1181    -1161    -1194    -1194    -1175    -1190    -1200 
   -1193    -1201    -1228    -1225    -1219    -1255    -1258    -1255 
   -1291    -1285    -1273    -1321    -1360    -1333    -1344    -1428 
   -1447    -1418    -1466    -1537    -1534    -1528    -1584    -1613 
   -1605    -1632    -1644    -1620    -1638    -1657    -1620    -1602 
   -1628    -1629    -1582    -1556    -1584    -1586    -1530    -1506 
   -1544    -1544    -1489    -1495    -1534    -1507    -1493    -1528 
   -1520    -1501    -1557    -1575    -1521    -1553    -1630    -1609 
   -1578    -1648    -1701    -1676    -1687    -1750    -1788    -1794 
   -1811    -1856    -1891    -1899    -1922    -1954    -1968    -1987 
   -2034    -2045    -2037    -2100    -2147    -2115    -2142    -2215 
   -2205    -2195    -2272    -2289    -2243    -2304    -2366    -2323 
   -2316    -2382    -2396    -2377    -2412    -2423    -2394    -2425 
   -2458    -2417    -2394    -2416    -2409    -2382    -2362    -2344 
   -2359    -2362    -2319    -2323    -2365    -2347    -2334    -2398 
   -2420    -2389    -2466    -2532    -2489    -2531    -2635    -2639 
   -2632    -2721    -2782    -2764    -2808    -2886    -2906    -2922 
   -2967    -3006    -3017    -3045    -3113    -3134    -3102    -3138 
   -3241    -3226    -3145    -3199    -3283    -3225    -3149    -3180 
   -3203    -3136    -3094    -3109    -3071    -3003    -3009    -3017 
   -2957    -2914    -2925    -2940    -2907    -2855    -2859    -2880 
   -2848    -2801    -2806    -2830    -2795    -2759    -2813    -2833 
   -2781    -2813    -2894    -2887    -2894    -2952    -2978    -3026 
   -3102    -3100    -3083    -3186    -3272    -3218    -3215    -3296 
   -3312    -3299    -3300    -3291    -3296    -3307    -3265    -3227 
   -3244    -3225    -3186    -3177    -3138    -3099    -3111    -3086 
   -3022    -3014    -3005    -2943    -2917    -2920    -2841    -2774 
   -2803    -2766    -2662    -2636    -2624    -2569    -2540    -2516 
   -2470    -2470    -2481    -2421    -2394    -2448    -2444    -2394 
   -2412    -2442    -2439    -2439    -2447    -2473    -2509    -2529 
   -2548    -2586    -2621    -2648    -2691    -2729    -2749    -2789 
   -2837    -2847    -2860    -2918    -2932    -2915    -2957    -2988 
   -2980    -2994    -3011    -3019    -3036    -3067    -3065    -3053 
   -3095    -3125    -3106    -3111    -3145    -3148    -3156    -3194 
   -3187    -3167    -3208    -3254    -3237    -3225    -3262    -3287 
   -3284    -3280    -3277    -3303    -3323    -3289    -3277    -3310 
   -3299    -3249    -3235    -3257    -3234    -3180    -3163    -3175 
   -3136    -3059    -3067    -3076    -2990    -2943    -2980    -2945 
   -2837    -2844    -2882    -2783    -2721    -2762    -2759    -2682 
   -2644    -2685    -2687    -2647    -2641    -2663    -2668    -2654 
   -2679    -2710    -2704    -2718    -2762    -2787    -2791    -2817 
   -2852    -2882    -2911    -2920    -2944    -2986    -2997    -2992 
   -3018    -3057    -3051    -3032    -3049    -3073    -3086    -3067 
   -3051    -3075    -3096    -3083    -3065    -3088    -3107    -3086 
   -3076    -3092    -3095    -3075    -3069    -3082    -3075    -3053 
   -3059    -3084    -3061    -3015    -3048    -3095    -3056    -3018 
   -3053    -3083    -3071    -3071    -3064    -3068    -3117    -3123 
   -3080    -3102    -3160    -3138    -3105    -3148    -3165    -3136 
   -3156    -3168    -3125    -3129    -3164    -3130    -3087    -3090 
   -3084    -3060    -3038    -2990    -2949    -2953    -2918    -2844 
   -2830    -2829    -2771    -2724    -2721    -2704    -2662    -2643 
   -2627    -2590    -2575    -2581    -2543    -2504    -2516    -2501 
   -2448    -2442    -2459    -2427    -2381    -2382    -2397    -2382 
   -2357    -2358    -2388    -2390    -2380    -2404    -2421    -2423 
   -2455    -2489    -2471    -2474    -2556    -2582    -2540    -2589 
   -2667    -2663    -2673    -2744    -2759    -2747    -2825    -2880 
   -2860    -2880    -2944    -2982    -2979    -3005    -3067    -3087 
   -3083    -3109    -3163    -3184    -3165    -3206    -3272    -3249 
   -3234    -3317    -3362    -3296    -3308    -3420    -3422    -3362 
   -3419    -3481    -3447    -3451    -3500    -3500    -3497    -3515 
   -3510    -3501    -3516    -3514    -3468    -3439    -3472    -3470 
   -3384    -3342    -3391    -3377    -3276    -3242    -3288    -3267 
   -3177    -3163    -3194    -3148    -3107    -3126    -3102    -3061 
   -3095    -3122    -3040    -3006    -3102    -3105    -3011    -3017 
   -3079    -3059    -3014    -3036    -3048    -3003    -2988    -3019 
   -2997    -2928    -2917    -2955    -2929    -2833    -2805    -2852 
   -2810    -2706    -2698    -2712    -2643    -2593    -2586    -2527 
   -2478    -2492    -2447    -2358    -2355    -2381    -2322    -2257 
   -2277    -2282    -2224    -2193    -2219    -2227    -2172    -2149 
   -2199    -2196    -2139    -2134    -2177    -2174    -2133    -2141 
   -2174    -2173    -2165    -2173    -2200    -2208    -2201    -2231 
   -2246    -2230    -2243    -2278    -2286    -2249    -2243    -2293 
   -2295    -2241    -2220    -2265    -2284    -2211    -2195    -2262 
   -2235    -2174    -2211    -2214    -2149    -2168    -2208    -2120 
   -2047    -2114    -2124    -2011    -1952    -1979    -1968    -1890 
   -1833    -1809    -1783    -1750    -1701    -1655    -1624    -1588 
   -1578    -1543    -1466    -1459    -1479    -1414    -1340    -1350 
   -1368    -1296    -1230    -1254    -1239    -1178    -1169    -1163 
   -1127    -1107    -1117    -1109    -1067    -1080    -1113    -1093 
   -1078    -1089    -1120    -1140    -1123    -1121    -1150    -1179 
   -1182    -1175    -1196    -1220    -1244    -1247    -1239    -1285 
   -1313    -1300    -1323    -1368    -1372    -1355    -1393    -1431 
   -1412    -1422    -1472    -1468    -1447    -1482    -1514    -1490 
   -1474    -1513    -1535    -1507    -1498    -1534    -1556    -1537 
   -1521    -1544    -1566    -1563    -1553    -1547    -1560    -1572 
   -1560    -1561    -1579    -1566    -1552    -1595    -1601    -1528 
   -1534    -1614    -1583    -1494    -1522    -1580    -1526    -1468 
   -1506    -1520    -1456    -1440    -1475    -1451    -1405    -1420 
   -1439    -1408    -1395    -1413    -1404    -1389    -1394    -1377 
   -1355    -1383    -1390    -1325    -1308    -1370    -1363    -1298 
   -1297    -1333    -1323    -1296    -1289    -1296    -1291    -1266 
   -1278    -1306    -1273    -1243    -1277    -1304    -1264    -1224 
   -1248    -1269    -1235    -1192    -1204    -1233    -1193    -1146 
   -1174    -1188    -1127    -1111    -1163    -1128    -1042    -1081 
   -1133    -1063    -1011    -1042    -1070    -1043    -1012    -1030 
   -1039    -1024    -1026    -1038    -1021    -1011    -1043    -1046 
    -999    -1013    -1073    -1071    -1043    -1059    -1098    -1116 
   -1123    -1125    -1135    -1174    -1193    -1179    -1204    -1233 
   -1221    -1227    -1260    -1260    -1243    -1248    -1256    -1263 
   -1262    -1233    -1216    -1232    -1229    -1190    -1165    -1169 
   -1159    -1142    -1119    -1090    -1107    -1116    -1053    -1023 
   -1060    -1067    -1019     -986    -1019    -1046    -1005     -982 
   -1023    -1028     -973     -986    -1043     -997     -938     -987 
   -1031     -978     -947     -993    -1024    -1009    -1009    -1034 
   -1051    -1080    -1113    -1127    -1131    -1161    -1212    -1235 
   -1228    -1248    -1300    -1331    -1318    -1328    -1378    -1402 
   -1387    -1391    -1445    -1472    -1440    -1460    -1517    -1507 
   -1493    -1525    -1533    -1524    -1556    -1557    -1507    -1533 
   -1579    -1528    -1486    -1521    -1545    -1509    -1483    -1506 
   -1517    -1499    -1494    -1497    -1493    -1476    -1480    -1502 
   -1478    -1449    -1475    -1495    -1456    -1425    -1468    -1490 
   -1426    -1405    -1455    -1468    -1408    -1375    -1439    -1453 
   -1386    -1395    -1445    -1421    -1413    -1468    -1471    -1429 
   -1468    -1532    -1524    -1502    -1532    -1578    -1595    -1598 
   -1609    -1630    -1674    -1688    -1669    -1699    -1741    -1746 
   -1741    -1750    -1780    -1798    -1791    -1799    -1821    -1819 
   -1826    -1861    -1850    -1833    -1876    -1896    -1857    -1865 
   -1946    -1941    -1871    -1930    -2014    -1972    -1958    -2033 
   -2049    -2026    -2098    -2142    -2058    -2098    -2254    -2214 
   -2102    -2208    -2334    -2251    -2205    -2319    -2350    -2305 
   -2355    -2404    -2367    -2385    -2463    -2454    -2409    -2446 
   -2505    -2502    -2451    -2467    -2543    -2524    -2463    -2509 
   -2556    -2489    -2479    -2582    -2538    -2431    -2527    -2616 
   -2486    -2412    -2548    -2584    -2452    -2448    -2533    -2511 
   -2466    -2494    -2501    -2461    -2488    -2523    -2466    -2452 
   -2519    -2502    -2442    -2473    -2524    -2489    -2458    -2493 
   -2505    -2489    -2498    -2506    -2497    -2492    -2502    -2498 
   -2478    -2488    -2508    -2477    -2446    -2478    -2479    -2431 
   -2430    -2438    -2413    -2400    -2400    -2373    -2358    -2380 
   -2357    -2317    -2344    -2358    -2330    -2332    -2350    -2346 
   -2353    -2380    -2385    -2380    -2409    -2434    -2436    -2451 
   -2457    -2473    -2504    -2492    -2492    -2531    -2535    -2517 
   -2540    -2567    -2550    -2548    -2575    -2570    -2575    -2592 
   -2578    -2579    -2606    -2610    -2605    -2619    -2617    -2606 
   -2631    -2636    -2606    -2610    -2628    -2610    -2602    -2625 
   -2612    -2579    -2604    -2625    -2596    -2574    -2581    -2592 
   -2579    -2558    -2560    -2558    -2529    -2515    -2538    -2533 
   -2474    -2469    -2520    -2494    -2436    -2446    -2479    -2457 
   -2412    -2416    -2431    -2412    -2385    -2378    -2394    -2384 
   -2353    -2362    -2389    -2376    -2344    -2371    -2397    -2366 
   -2363    -2413    -2415    -2373    -2404    -2466    -2451    -2428 
   -2465    -2508    -2508    -2497    -2515    -2546    -2563    -2558 
   -2569    -2596    -2593    -2597    -2627    -2632    -2616    -2631 
   -2669    -2671    -2640    -2648    -2702    -2718    -2673    -2673 
   -2745    -2759    -2716    -2744    -2798    -2789    -2787    -2829 
   -2836    -2818    -2849    -2884    -2863    -2849    -2884    -2901 
   -2884    -2871    -2876    -2905    -2918    -2882    -2856    -2890 
   -2918    -2879    -2853    -2882    -2880    -2852    -2857    -2857 
   -2822    -2817    -2830    -2789    -2759    -2776    -2755    -2718 
   -2709    -2694    -2683    -2669    -2621    -2597    -2628    -2609 
   -2524    -2525    -2575    -2524    -2466    -2481    -2474    -2454 
   -2450    -2428    -2412    -2425    -2425    -2394    -2397    -2431 
   -2416    -2398    -2428    -2442    -2432    -2428    -2431    -2444 
   -2447    -2432    -2425    -2442    -2461    -2442    -2435    -2461 
   -2446    -2427    -2471    -2485    -2413    -2405    -2501    -2481 
   -2376    -2423    -2502    -2424    -2369    -2459    -2477    -2390 
   -2407    -2452    -2419    -2412    -2435    -2405    -2389    -2436 
   -2424    -2374    -2398    -2420    -2398    -2389    -2390    -2407 
   -2412    -2389    -2412    -2454    -2415    -2388    -2477    -2504 
   -2412    -2427    -2535    -2523    -2447    -2481    -2546    -2515 
   -2488    -2512    -2515    -2498    -2494    -2504    -2490    -2467 
   -2475    -2474    -2450    -2436    -2440    -2435    -2407    -2400 
   -2407    -2377    -2347    -2362    -2353    -2301    -2295    -2311 
   -2277    -2243    -2257    -2249    -2205    -2204    -2220    -2189 
   -2165    -2187    -2178    -2139    -2151    -2177    -2128    -2106 
   -2158    -2142    -2074    -2119    -2166    -2079    -2038    -2126 
   -2121    -2030    -2034    -2057    -2026    -2030    -2016    -1952 
   -1969    -2030    -1964    -1887    -1949    -1984    -1923    -1906 
   -1917    -1911    -1922    -1941    -1912    -1872    -1925    -1980 
   -1926    -1888    -1944    -1982    -1958    -1946    -1981    -2003 
   -2004    -2016    -2022    -2041    -2068    -2057    -2056    -2095 
   -2120    -2107    -2104    -2137    -2160    -2162    -2165    -2158 
   -2178    -2215    -2207    -2185    -2204    -2245    -2241    -2214 
   -2236    -2249    -2241    -2254    -2245    -2223    -2236    -2265 
   -2247    -2204    -2215    -2241    -2228    -2195    -2174    -2195 
   -2218    -2199    -2168    -2166    -2207    -2214    -2174    -2181 
   -2209    -2203    -2208    -2227    -2193    -2192    -2273    -2261 
   -2184    -2231    -2307    -2251    -2205    -2272    -2295    -2239 
   -2255    -2281    -2246    -2274    -2307    -2232    -2223    -2312 
   -2286    -2208    -2242    -2282    -2234    -2208    -2220    -2200 
   -2181    -2173    -2141    -2107    -2091    -2092    -2074    -2010 
   -1966    -1993    -2001    -1915    -1863    -1912    -1922    -1842 
   -1809    -1864    -1868    -1806    -1814    -1844    -1821    -1813 
   -1841    -1849    -1806    -1814    -1887    -1873    -1822    -1865 
   -1919    -1902    -1885    -1919    -1946    -1953    -1980    -1979 
   -1965    -2019    -2064    -2045    -2023    -2053    -2104    -2100 
   -2077    -2095    -2111    -2114    -2130    -2143    -2123    -2106 
   -2143    -2170    -2133    -2111    -2139    -2147    -2126    -2116 
   -2118    -2115    -2102    -2100    -2100    -2083    -2053    -2061 
   -2079    -2042    -1996    -2015    -2037    -1999    -1973    -1973 
   -1964    -1971    -1977    -1935    -1912    -1961    -1977    -1929 
   -1898    -1925    -1960    -1949    -1906    -1902    -1944    -1949 
   -1922    -1927    -1956    -1962    -1962    -1998    -2003    -1979 
   -2029    -2081    -2037    -2016    -2092    -2135    -2089    -2066 
   -2124    -2177    -2153    -2119    -2138    -2185    -2203    -2174 
   -2158    -2181    -2203    -2199    -2181    -2170    -2184    -2199 
   -2177    -2147    -2155    -2174    -2153    -2115    -2120    -2135 
   -2124    -2098    -2079    -2084    -2101    -2092    -2047    -2046 
   -2081    -2066    -2042    -2053    -2062    -2074    -2081    -2066 
   -2083    -2126    -2126    -2106    -2144    -2187    -2172    -2182 
   -2228    -2228    -2238    -2285    -2289    -2282    -2316    -2331 
   -2326    -2349    -2365    -2347    -2353    -2373    -2381    -2381 
   -2365    -2380    -2401    -2376    -2363    -2396    -2401    -2346 
   -2362    -2413    -2357    -2331    -2388    -2373    -2326    -2350 
   -2370    -2340    -2347    -2354    -2312    -2338    -2390    -2330 
   -2286    -2362    -2374    -2301    -2324    -2378    -2328    -2289 
   -2346    -2366    -2299    -2280    -2346    -2347    -2269    -2266 
   -2319    -2315    -2255    -2238    -2281    -2266    -2219    -2218 
   -2228    -2218    -2174    -2170    -2182    -2138    -2133    -2150 
   -2101    -2049    -2087    -2137    -2037    -1961    -2056    -2081 
   -1975    -1930    -1991    -2012    -1938    -1907    -1942    -1934 
   -1891    -1894    -1908    -1865    -1844    -1885    -1880    -1818 
   -1821    -1878    -1867    -1788    -1804    -1883    -1852    -1792 
   -1833    -1885    -1854    -1813    -1849    -1899    -1872    -1837 
   -1873    -1906    -1885    -1880    -1896    -1904    -1899    -1919 
   -1939    -1910    -1911    -1954    -1952    -1922    -1937    -1972 
   -1952    -1929    -1969    -1989    -1973    -1969    -1987    -2006 
   -2018    -2033    -2034    -2038    -2049    -2076    -2102    -2087 
   -2087    -2121    -2139    -2146    -2143    -2150    -2165    -2185 
   -2203    -2185    -2180    -2209    -2232    -2231    -2208    -2215 
   -2251    -2253    -2242    -2232    -2242    -2270    -2258    -2228 
   -2242    -2262    -2246    -2234    -2246    -2241    -2215    -2214 
   -2223    -2209    -2191    -2188    -2172    -2158    -2169    -2161 
   -2121    -2107    -2137    -2137    -2096    -2084    -2091    -2111 
   -2104    -2068    -2081    -2097    -2076    -2074    -2102    -2074 
   -2037    -2107    -2119    -2030    -2053    -2139    -2092    -2014 
   -2081    -2137    -2056    -2031    -2092    -2081    -2042    -2046 
   -2052    -2030    -2016    -2020    -2007    -1980    -1987    -1984 
   -1948    -1946    -1968    -1938    -1906    -1925    -1918    -1875 
   -1899    -1917    -1841    -1825    -1900    -1876    -1790    -1819 
   -1872    -1819    -1787    -1819    -1817    -1796    -1795    -1790 
   -1790    -1790    -1786    -1784    -1777    -1771    -1773    -1768 
   -1746    -1755    -1771    -1728    -1706    -1746    -1729    -1668 
   -1688    -1726    -1664    -1624    -1679    -1677    -1615    -1605 
   -1632    -1649    -1624    -1586    -1605    -1647    -1628    -1598 
   -1630    -1651    -1634    -1652    -1669    -1658    -1690    -1719 
   -1699    -1721    -1772    -1764    -1755    -1798    -1831    -1814 
   -1809    -1857    -1881    -1852    -1869    -1910    -1898    -1892 
   -1946    -1948    -1899    -1942    -1993    -1946    -1937    -1998 
   -1998    -1954    -1988    -2020    -1985    -1989    -2034    -2030 
   -1996    -2010    -2061    -2061    -2022    -2034    -2083    -2089 
   -2069    -2077    -2101    -2123    -2130    -2111    -2121    -2172 
   -2188    -2165    -2169    -2211    -2231    -2234    -2251    -2259 
   -2273    -2307    -2326    -2323    -2324    -2353    -2382    -2376 
   -2371    -2403    -2425    -2409    -2400    -2451    -2471    -2415 
   -2409    -2479    -2490    -2427    -2428    -2485    -2474    -2442 
   -2457    -2452    -2442    -2463    -2446    -2408    -2434    -2447 
   -2394    -2365    -2404    -2396    -2338    -2355    -2358    -2290 
   -2301    -2340    -2292    -2239    -2266    -2284    -2232    -2223 
   -2245    -2227    -2212    -2201    -2209    -2226    -2201    -2192 
   -2218    -2215    -2196    -2223    -2245    -2212    -2211    -2254 
   -2247    -2230    -2238    -2242    -2247    -2247    -2245    -2238 
   -2232    -2251    -2254    -2227    -2222    -2257    -2258    -2214 
   -2224    -2253    -2226    -2215    -2234    -2212    -2192    -2232 
   -2230    -2163    -2188    -2247    -2184    -2141    -2215    -2212 
   -2128    -2151    -2203    -2161    -2130    -2155    -2151    -2137 
   -2155    -2135    -2095    -2126    -2160    -2119    -2089    -2107 
   -2123    -2111    -2096    -2096    -2085    -2083    -2102    -2092 
   -2065    -2072    -2095    -2098    -2073    -2062    -2088    -2124 
   -2123    -2070    -2079    -2168    -2161    -2093    -2126    -2199 
   -2184    -2160    -2205    -2226    -2192    -2215    -2269    -2249 
   -2215    -2258    -2297    -2259    -2238    -2282    -2304    -2269 
   -2258    -2280    -2290    -2280    -2269    -2280    -2290    -2281 
   -2251    -2263    -2303    -2273    -2232    -2261    -2289    -2262 
   -2250    -2265    -2242    -2263    -2299    -2239    -2224    -2290 
   -2289    -2241    -2243    -2263    -2265    -2289    -2262    -2205 
   -2273    -2319    -2224    -2209    -2315    -2290    -2205    -2263 
   -2303    -2246    -2257    -2292    -2266    -2251    -2274    -2295 
   -2296    -2269    -2253    -2297    -2332    -2276    -2250    -2323 
   -2332    -2273    -2285    -2322    -2300    -2285    -2309    -2304 
   -2284    -2293    -2308    -2297    -2276    -2286    -2307    -2299 
   -2288    -2295    -2307    -2303    -2299    -2307    -2319    -2309 
   -2297    -2323    -2347    -2331    -2313    -2328    -2361    -2365 
   -2335    -2346    -2377    -2357    -2367    -2392    -2338    -2338 
   -2420    -2382    -2290    -2354    -2421    -2331    -2304    -2376 
   -2344    -2308    -2362    -2335    -2266    -2332    -2380    -2282 
   -2253    -2344    -2343    -2277    -2292    -2317    -2307    -2317 
   -2319    -2296    -2313    -2343    -2319    -2305    -2342    -2336 
   -2305    -2338    -2363    -2327    -2319    -2346    -2347    -2338 
   -2340    -2338    -2323    -2327    -2350    -2343    -2308    -2309 
   -2349    -2319    -2269    -2309    -2332    -2255    -2239    -2317 
   -2274    -2168    -2236    -2301    -2180    -2119    -2215    -2234 
   -2121    -2087    -2168    -2160    -2076    -2095    -2120    -2060 
   -2056    -2115    -2053    -1965    -2053    -2124    -1991    -1923 
   -2046    -2077    -1956    -1942    -2026    -1991    -1930    -1982 
   -1980    -1923    -1939    -1968    -1939    -1907    -1910    -1921 
   -1938    -1908    -1840    -1895    -1952    -1849    -1810    -1898 
   -1877    -1798    -1837    -1854    -1791    -1802    -1836    -1792 
   -1759    -1786    -1798    -1784    -1769    -1746    -1773    -1803 
   -1745    -1744    -1814    -1783    -1723    -1776    -1826    -1772 
   -1752    -1804    -1814    -1787    -1779    -1800    -1826    -1807 
   -1781    -1809    -1848    -1837    -1802    -1825    -1868    -1864 
   -1865    -1869    -1875    -1914    -1941    -1937    -1935    -1956 
   -1991    -2027    -2027    -2004    -2034    -2095    -2104    -2087 
   -2091    -2126    -2168    -2158    -2134    -2168    -2219    -2207 
   -2158    -2193    -2266    -2243    -2196    -2226    -2272    -2277 
   -2251    -2245    -2266    -2282    -2295    -2278    -2250    -2272 
   -2307    -2305    -2263    -2245    -2309    -2322    -2250    -2261 
   -2313    -2289    -2262    -2286    -2296    -2280    -2274    -2284 
   -2307    -2292    -2238    -2289    -2357    -2259    -2209    -2334 
   -2350    -2234    -2255    -2328    -2281    -2277    -2317    -2259 
   -2265    -2342    -2290    -2242    -2293    -2301    -2267    -2276 
   -2270    -2246    -2277    -2273    -2212    -2239    -2274    -2207 
   -2187    -2241    -2230    -2178    -2172    -2187    -2199    -2188 
   -2135    -2141    -2199    -2146    -2076    -2160    -2188    -2065 
   -2083    -2180    -2084    -2027    -2141    -2130    -1998    -2038 
   -2155    -2073    -1981    -2057    -2107    -2047    -2018    -2062 
   -2064    -2031    -2058    -2092    -2050    -2022    -2102    -2126 
   -2031    -2046    -2161    -2138    -2034    -2089    -2189    -2123 
   -2083    -2165    -2162    -2120    -2176    -2195    -2141    -2162 
   -2219    -2189    -2185    -2228    -2203    -2208    -2269    -2246 
   -2199    -2265    -2312    -2231    -2227    -2327    -2305    -2245 
   -2288    -2322    -2299    -2295    -2316    -2308    -2308    -2335 
   -2317    -2295    -2335    -2363    -2313    -2284    -2347    -2373 
   -2319    -2300    -2335    -2359    -2330    -2307    -2338    -2344 
   -2319    -2331    -2334    -2313    -2330    -2349    -2307    -2292 
   -2335    -2324    -2286    -2309    -2322    -2282    -2292    -2332 
   -2295    -2263    -2312    -2328    -2276    -2280    -2332    -2290 
   -2250    -2304    -2316    -2277    -2265    -2276    -2269    -2267 
   -2285    -2246    -2224    -2269    -2241    -2207    -2241    -2235 
   -2193    -2192    -2207    -2185    -2170    -2185    -2165    -2139 
   -2151    -2151    -2130    -2120    -2133    -2133    -2096    -2097 
   -2128    -2097    -2062    -2102    -2111    -2043    -2049    -2115 
   -2076    -2012    -2057    -2101    -2042    -1995    -2060    -2088 
   -2001    -1993    -2083    -2042    -1961    -2037    -2061    -1966 
   -1996    -2061    -1989    -1956    -2037    -2027    -1949    -1975 
   -2010    -1988    -1981    -1949    -1944    -2001    -1972    -1888 
   -1934    -1995    -1900    -1857    -1954    -1934    -1841    -1877 
   -1925    -1877    -1840    -1877    -1899    -1846    -1830    -1875 
   -1884    -1837    -1826    -1868    -1857    -1838    -1868    -1857 
   -1826    -1841    -1877    -1859    -1822    -1848    -1868    -1841 
   -1842    -1867    -1852    -1837    -1868    -1876    -1829    -1844 
   -1911    -1868    -1806    -1875    -1918    -1848    -1830    -1894 
   -1892    -1846    -1858    -1873    -1867    -1875    -1858    -1846 
   -1871    -1864    -1836    -1861    -1873    -1823    -1830    -1877 
   -1840    -1815    -1863    -1849    -1804    -1840    -1869    -1815 
   -1803    -1852    -1821    -1799    -1850    -1833    -1786    -1826 
   -1865    -1810    -1799    -1865    -1840    -1803    -1849    -1857 
   -1818    -1826    -1858    -1826    -1806    -1841    -1846    -1813 
   -1802    -1831    -1841    -1798    -1792    -1829    -1823    -1791 
   -1800    -1818    -1807    -1806    -1810    -1802    -1810    -1829 
   -1815    -1802    -1826    -1845    -1838    -1842    -1844    -1844 
   -1878    -1892    -1854    -1867    -1933    -1921    -1877    -1908 
   -1952    -1941    -1933    -1948    -1953    -1973    -1985    -1964 
   -1975    -2003    -1989    -1989    -2018    -2008    -1988    -2026 
   -2053    -2001    -1992    -2058    -2056    -1995    -2008    -2066 
   -2046    -1998    -2034    -2073    -2042    -2023    -2053    -2070 
   -2062    -2062    -2072    -2079    -2089    -2111    -2107    -2088 
   -2126    -2163    -2149    -2160    -2163    -2165    -2224    -2236 
   -2170    -2193    -2308    -2277    -2173    -2259    -2355    -2269 
   -2238    -2335    -2355    -2299    -2319    -2363    -2351    -2349 
   -2367    -2376    -2390    -2373    -2365    -2424    -2427    -2357 
   -2374    -2457    -2423    -2353    -2411    -2450    -2386    -2377 
   -2423    -2420    -2378    -2370    -2412    -2419    -2369    -2365 
   -2408    -2394    -2363    -2385    -2388    -2363    -2381    -2397 
   -2354    -2351    -2400    -2376    -2338    -2385    -2393    -2336 
   -2355    -2427    -2392    -2335    -2386    -2420    -2390    -2396 
   -2408    -2394    -2404    -2431    -2416    -2393    -2421    -2435 
   -2405    -2401    -2401    -2417    -2438    -2386    -2349    -2401 
   -2432    -2365    -2330    -2380    -2376    -2336    -2346    -2349 
   -2326    -2324    -2331    -2319    -2311    -2309    -2296    -2301 
   -2316    -2292    -2272    -2296    -2309    -2286    -2281    -2293 
   -2286    -2289    -2307    -2295    -2276    -2296    -2316    -2308 
   -2293    -2285    -2312    -2355    -2322    -2276    -2323    -2366 
   -2335    -2315    -2330    -2338    -2355    -2365    -2328    -2323 
   -2370    -2378    -2343    -2331    -2354    -2381    -2377    -2332 
   -2342    -2400    -2377    -2332    -2369    -2393    -2358    -2367 
   -2397    -2362    -2358    -2404    -2380    -2361    -2405    -2392 
   -2351    -2407    -2438    -2367    -2371    -2439    -2412    -2384 
   -2424    -2430    -2389    -2419    -2459    -2404    -2394    -2452 
   -2442    -2409    -2420    -2430    -2419    -2431    -2446    -2398 
   -2371    -2450    -2465    -2359    -2346    -2438    -2436    -2347 
   -2347    -2394    -2367    -2351    -2362    -2340    -2313    -2326 
   -2350    -2324    -2278    -2280    -2328    -2331    -2255    -2245 
   -2323    -2322    -2250    -2262    -2293    -2274    -2295    -2295 
   -2243    -2266    -2330    -2296    -2245    -2290    -2328    -2297 
   -2277    -2311    -2331    -2312    -2317    -2324    -2322    -2340 
   -2353    -2355    -2338    -2334    -2371    -2380    -2353    -2354 
   -2381    -2380    -2362    -2374    -2378    -2373    -2373    -2361 
   -2362    -2377    -2381    -2353    -2332    -2380    -2385    -2323 
   -2331    -2370    -2347    -2328    -2340    -2324    -2315    -2336 
   -2324    -2286    -2295    -2323    -2300    -2263    -2277    -2295 
   -2267    -2245    -2259    -2258    -2235    -2239    -2242    -2207 
   -2209    -2250    -2218    -2180    -2214    -2222    -2180    -2181 
   -2222    -2201    -2172    -2199    -2196    -2185    -2222    -2204 
   -2147    -2208    -2263    -2177    -2149    -2224    -2238    -2187 
   -2177    -2207    -2204    -2208    -2208    -2160    -2172    -2227 
   -2200    -2139    -2150    -2200    -2185    -2134    -2134    -2149 
   -2144    -2146    -2139    -2111    -2102    -2142    -2161    -2104 
   -2065    -2137    -2195    -2107    -2050    -2147    -2185    -2114 
   -2106    -2155    -2165    -2151    -2153    -2158    -2168    -2178 
   -2174    -2173    -2185    -2188    -2188    -2192    -2185    -2191 
   -2214    -2200    -2177    -2196    -2215    -2203    -2192    -2192 
   -2180    -2195    -2215    -2180    -2158    -2187    -2189    -2161 
   -2162    -2169    -2138    -2133    -2161    -2144    -2104    -2106 
   -2123    -2114    -2089    -2074    -2070    -2081    -2077    -2047 
   -2042    -2058    -2047    -2031    -2045    -2033    -2016    -2042 
   -2038    -2011    -2033    -2037    -2000    -2022    -2057    -2003 
   -1973    -2033    -2037    -1977    -1981    -2008    -1988    -1977 
   -1989    -1966    -1948    -1984    -1999    -1946    -1921    -1977 
   -1996    -1937    -1934    -1981    -1969    -1938    -1975    -1988 
   -1926    -1949    -2019    -1966    -1930    -1987    -1989    -1949 
   -1982    -2006    -1945    -1958    -2025    -1981    -1945    -1998 
   -2001    -1966    -1989    -2007    -1975    -1981    -2022    -1998 
   -1973    -2004    -2022    -2004    -1979    -1995    -2031    -2018 
   -1977    -1984    -2025    -2029    -2000    -2001    -2020    -2004 
   -2006    -2041    -2041    -2000    -2006    -2073    -2068    -2000 
   -2034    -2104    -2079    -2038    -2072    -2110    -2107    -2107 
   -2107    -2089    -2120    -2182    -2150    -2076    -2139    -2223 
   -2161    -2111    -2169    -2196    -2180    -2184    -2162    -2143 
   -2207    -2239    -2141    -2110    -2215    -2238    -2146    -2126 
   -2203    -2212    -2150    -2165    -2201    -2170    -2149    -2178 
   -2199    -2153    -2130    -2187    -2196    -2138    -2124    -2180 
   -2184    -2118    -2119    -2168    -2151    -2101    -2100    -2150 
   -2149    -2072    -2066    -2144    -2130    -2041    -2058    -2115 
   -2069    -2034    -2083    -2060    -2018    -2076    -2081    -2012 
   -2030    -2085    -2068    -2022    -2031    -2069    -2076    -2062 
   -2038    -2045    -2091    -2100    -2068    -2049    -2079    -2120 
   -2101    -2069    -2083    -2106    -2123    -2104    -2072    -2095 
   -2139    -2124    -2076    -2087    -2123    -2116    -2106    -2088 
   -2074    -2107    -2114    -2076    -2065    -2077    -2083    -2087 
   -2064    -2023    -2049    -2095    -2050    -1995    -2041    -2072 
   -2006    -1996    -2050    -2026    -1985    -2007    -2031    -2011 
   -1981    -1995    -2019    -1998    -1971    -1992    -2004    -1973 
   -1984    -2007    -1965    -1952    -2008    -1996    -1930    -1954 
   -2003    -1965    -1930    -1966    -1968    -1942    -1954    -1956 
   -1942    -1935    -1948    -1965    -1945    -1926    -1949    -1975 
   -1948    -1926    -1968    -1980    -1946    -1956    -1982    -1973 
   -1969    -1993    -1995    -1980    -2011    -2027    -1991    -2006 
   -2061    -2041    -1993    -2042    -2097    -2053    -2019    -2073 
   -2102    -2057    -2049    -2101    -2091    -2053    -2085    -2107 
   -2070    -2060    -2091    -2097    -2084    -2072    -2068    -2089 
   -2111    -2072    -2045    -2083    -2102    -2079    -2061    -2060 
   -2077    -2088    -2068    -2053    -2077    -2085    -2066    -2061 
   -2073    -2089    -2079    -2061    -2079    -2098    -2087    -2089 
   -2118    -2095    -2077    -2147    -2155    -2074    -2104    -2195 
   -2147    -2087    -2154    -2189    -2146    -2128    -2155    -2178 
   -2162    -2153    -2147    -2144    -2174    -2176    -2138    -2137 
   -2169    -2176    -2143    -2138    -2165    -2169    -2147    -2137 
   -2158    -2178    -2153    -2133    -2161    -2174    -2160    -2165 
   -2157    -2144    -2185    -2199    -2153    -2151    -2203    -2200 
   -2172    -2201    -2208    -2180    -2211    -2245    -2203    -2174 
   -2243    -2280    -2220    -2200    -2246    -2278    -2272    -2243 
   -2236    -2272    -2300    -2281    -2253    -2270    -2305    -2290 
   -2267    -2282    -2282    -2285    -2295    -2265    -2253    -2276 
   -2289    -2267    -2224    -2234    -2273    -2262    -2215    -2189 
   -2231    -2258    -2195    -2155    -2207    -2234    -2176    -2149 
   -2193    -2193    -2168    -2169    -2166    -2166    -2178    -2180 
   -2163    -2155    -2181    -2200    -2191    -2168    -2163    -2196 
   -2220    -2193    -2163    -2184    -2235    -2224    -2153    -2176 
   -2247    -2204    -2163    -2209    -2211    -2161    -2192    -2242 
   -2168    -2133    -2222    -2211    -2139    -2170    -2196    -2157 
   -2153    -2187    -2155    -2130    -2176    -2162    -2120    -2150 
   -2155    -2133    -2147    -2149    -2124    -2135    -2162    -2126 
   -2100    -2155    -2163    -2100    -2114    -2166    -2141    -2107 
   -2139    -2147    -2119    -2139    -2155    -2118    -2110    -2143 
   -2154    -2126    -2107    -2126    -2146    -2134    -2121    -2118 
   -2114    -2134    -2142    -2107    -2093    -2116    -2124    -2111 
   -2104    -2084    -2085    -2126    -2114    -2056    -2052    -2111 
   -2135    -2061    -2026    -2102    -2133    -2058    -2034    -2096 
   -2101    -2060    -2076    -2102    -2069    -2065    -2124    -2111 
   -2050    -2083    -2150    -2123    -2070    -2093    -2139    -2149 
   -2121    -2093    -2121    -2188    -2163    -2088    -2146    -2228 
   -2157    -2128    -2211    -2200    -2158    -2215    -2238    -2177 
   -2204    -2272    -2234    -2212    -2265    -2269    -2246    -2273 
   -2286    -2269    -2295    -2305    -2266    -2299    -2338    -2293 
   -2289    -2323    -2308    -2313    -2336    -2301    -2277    -2327 
   -2346    -2280    -2266    -2327    -2315    -2273    -2288    -2296 
   -2276    -2262    -2286    -2284    -2239    -2257    -2285    -2259 
   -2231    -2250    -2273    -2243    -2235    -2255    -2250    -2253 
   -2251    -2245    -2253    -2255    -2262    -2259    -2258    -2274 
   -2265    -2254    -2273    -2281    -2272    -2259    -2269    -2277 
   -2259    -2257    -2255    -2246    -2258    -2251    -2219    -2215 
   -2241    -2230    -2205    -2199    -2182    -2192    -2228    -2193 
   -2116    -2147    -2219    -2151    -2087    -2158    -2173    -2081 
   -2077    -2153    -2126    -2045    -2065    -2116    -2088    -2047 
   -2060    -2072    -2050    -2045    -2058    -2043    -2023    -2034 
   -2042    -2027    -2019    -2019    -2026    -2037    -2016    -1992 
   -2023    -2043    -1996    -1979    -2026    -2019    -1981    -2000 
   -2007    -1981    -1993    -2007    -1987    -1975    -1991    -1996 
   -1979    -1972    -1988    -1992    -1982    -1979    -1980    -1989 
   -1991    -1980    -1992    -2000    -1987    -1989    -2012    -2023 
   -2001    -1999    -2043    -2052    -2022    -2047    -2069    -2039 
   -2064    -2124    -2091    -2029    -2095    -2176    -2111    -2061 
   -2133    -2160    -2120    -2147    -2176    -2126    -2138    -2212 
   -2188    -2126    -2163    -2222    -2203    -2180    -2188    -2189 
   -2209    -2230    -2215    -2200    -2203    -2226    -2263    -2243 
