Origin Time       2016/04/16 01:25:00
Lat.              32.753
Long.             130.762
Depth. (km)       12
Mag.              7.3
Station Code      TYM005
Station Lat.      36.7824
Station Long.     137.0803
Station Height(m) 2
Record Time       2016/04/16 01:29:15
Sampling Freq(Hz) 100Hz
Duration Time(s)  60
Dir.              N-S
Scale Factor      3920(gal)/6182761
Max. Acc. (gal)   1.543
Last Correction   2016/04/16 01:29:17
Memo.             
   -2366    -2291    -2226    -2158    -2078    -1995    -1917    -1839 
   -1758    -1678    -1598    -1520    -1440    -1355    -1274    -1193 
   -1111    -1037     -958     -875     -791     -701     -626     -559 
    -479     -403     -336     -266     -197     -130      -71      -13 
      51      113      172      224      273      327      374      408 
     447      487      522      559      596      628      662      691 
     717      751      782      802      818      837      858      885 
     914      934      950      964      970      978      984      984 
     994     1011     1014     1016     1030     1039     1039     1042 
    1043     1047     1057     1059     1054     1051     1044     1034 
    1031     1032     1021     1007      999      990      981      975 
     967      960      956      946      935      932      922      906 
     898      890      876      863      848      833      820      801 
     781      765      745      722      705      691      675      660 
     644      625      606      581      556      535      513      484 
     455      431      405      376      348      318      281      248 
     224      197      166      136      106       75       43        6 
     -26      -48      -81     -121     -154     -186     -219     -245 
    -270     -297     -327     -361     -394     -423     -454     -486 
    -512     -539     -570     -601     -636     -667     -694     -723 
    -749     -773     -801     -827     -851     -876     -897     -918 
    -938     -959     -984    -1005    -1024    -1042    -1059    -1074 
   -1083    -1089    -1100    -1109    -1113    -1118    -1123    -1130 
   -1132    -1136    -1146    -1145    -1137    -1134    -1127    -1123 
   -1119    -1110    -1106    -1101    -1091    -1088    -1080    -1064 
   -1053    -1041    -1026    -1014     -998     -984     -977     -966 
    -948     -929     -910     -893     -876     -861     -848     -834 
    -814     -787     -764     -741     -710     -677     -655     -635 
    -604     -569     -535     -500     -463     -424     -391     -363 
    -329     -292     -256     -216     -175     -139     -103      -63 
     -25       16       59      100      146      195      235      272 
     311      349      388      425      457      494      536      564 
     588      619      643      668      709      743      763      788 
     817      843      867      887      905      922      936      949 
     968      989     1004     1016     1032     1048     1058     1065 
    1077     1092     1102     1113     1126     1138     1146     1150 
    1159     1169     1172     1179     1194     1206     1217     1226 
    1240     1262     1281     1292     1303     1314     1326     1340 
    1356     1375     1391     1402     1417     1434     1446     1458 
    1479     1501     1515     1529     1545     1558     1571     1585 
    1598     1611     1620     1628     1639     1648     1653     1657 
    1659     1664     1667     1667     1673     1678     1675     1675 
    1679     1682     1679     1670     1664     1659     1648     1636 
    1624     1614     1606     1595     1581     1563     1542     1530 
    1523     1510     1484     1450     1425     1408     1385     1361 
    1339     1314     1285     1252     1216     1182     1145     1105 
    1066     1028      991      956      923      889      845      794 
     750      710      669      629      591      555      513      464 
     422      387      349      310      271      230      194      163 
     130      101       72       40       14      -10      -41      -72 
     -95     -115     -139     -159     -170     -180     -194     -207 
    -219     -231     -245     -257     -258     -254     -256     -259 
    -254     -247     -244     -240     -226     -213     -206     -197 
    -187     -180     -171     -158     -143     -127     -115     -103 
     -86      -73      -69      -63      -48      -33      -21       -8 
       6       17       21       26       34       42       47       50 
      56       65       68       73       84       90       90       86 
      82       91      102      104      112      120      121      129 
     146      161      172      181      197      213      221      232 
     246      254      259      277      303      328      350      371 
     387      399      413      434      462      493      520      549 
     581      604      628      656      676      695      719      742 
     761      780      801      828      857      883      903      922 
     944      967      989     1007     1028     1053     1067     1073 
    1091     1118     1138     1154     1175     1192     1202     1212 
    1225     1239     1254     1270     1279     1287     1297     1302 
    1306     1314     1320     1328     1334     1330     1329     1336 
    1344     1352     1358     1358     1360     1360     1354     1347 
    1341     1338     1338     1340     1342     1335     1328     1319 
    1306     1299     1301     1301     1297     1290     1281     1271 
    1264     1266     1271     1269     1269     1271     1271     1274 
    1279     1278     1272     1268     1273     1288     1301     1305 
    1306     1310     1317     1325     1336     1349     1362     1374 
    1386     1398     1405     1414     1428     1441     1454     1465 
    1470     1482     1497     1502     1507     1518     1527     1536 
    1544     1553     1560     1563     1567     1566     1559     1556 
    1554     1550     1546     1543     1541     1536     1521     1504 
    1488     1469     1453     1437     1418     1404     1391     1373 
    1357     1340     1315     1291     1272     1255     1235     1212 
    1192     1173     1150     1128     1110     1089     1064     1038 
    1016      994      971      952      929      903      879      855 
     831      804      775      748      722      697      675      647 
     624      609      590      571      559      540      514      493 
     476      461      445      425      411      402      389      375 
     367      358      346      339      340      343      341      338 
     343      345      343      347      352      348      345      348 
     351      358      370      380      386      390      392      398 
     405      406      406      415      423      429      437      448 
     460      470      482      494      498      504      516      523 
     528      530      526      528      535      540      544      547 
     547      546      540      532      530      531      528      530 
     537      533      522      516      508      496      486      475 
     461      451      442      429      414      393      370      350 
     328      306      285      262      244      224      196      168 
     137      103       82       63       37        5      -31      -65 
     -91     -124     -161     -195     -230     -270     -310     -347 
    -385     -426     -463     -498     -536     -575     -613     -654 
    -698     -739     -782     -824     -864     -910     -957    -1001 
   -1048    -1095    -1136    -1178    -1225    -1268    -1305    -1344 
   -1383    -1418    -1453    -1490    -1531    -1573    -1611    -1642 
   -1669    -1696    -1720    -1747    -1777    -1805    -1823    -1840 
   -1866    -1885    -1897    -1917    -1935    -1943    -1946    -1949 
   -1953    -1954    -1954    -1956    -1952    -1943    -1932    -1918 
   -1905    -1896    -1884    -1867    -1843    -1817    -1791    -1761 
   -1735    -1712    -1681    -1648    -1617    -1581    -1544    -1510 
   -1476    -1445    -1413    -1373    -1331    -1294    -1262    -1231 
   -1196    -1160    -1126    -1092    -1063    -1039    -1015     -997 
    -980     -963     -948     -926     -902     -885     -868     -855 
    -849     -838     -825     -819     -817     -815     -813     -811 
    -809     -809     -814     -812     -809     -813     -815     -821 
    -829     -833     -839     -845     -849     -847     -844     -846 
    -852     -859     -866     -873     -876     -876     -873     -862 
    -855     -853     -847     -837     -824     -807     -789     -771 
    -756     -747     -736     -719     -696     -672     -650     -626 
    -601     -578     -556     -532     -504     -474     -443     -414 
    -385     -357     -329     -306     -286     -267     -245     -216 
    -186     -162     -144     -124     -107      -90      -71      -50 
     -33      -22      -12       -3        1        3        7       18 
      34       44       48       51       53       48       38       27 
      14        3       -6      -17      -33      -53      -74      -97 
    -121     -144     -165     -191     -221     -249     -273     -295 
    -322     -354     -388     -425     -460     -492     -528     -565 
    -599     -637     -678     -714     -750     -789     -832     -877 
    -920     -960     -999    -1035    -1069    -1106    -1143    -1179 
   -1221    -1260    -1295    -1331    -1363    -1398    -1440    -1478 
   -1509    -1537    -1563    -1586    -1614    -1650    -1682    -1711 
   -1741    -1766    -1788    -1806    -1826    -1852    -1870    -1884 
   -1904    -1922    -1936    -1949    -1953    -1959    -1971    -1979 
   -1983    -1989    -1993    -1997    -1997    -1992    -1987    -1983 
   -1972    -1954    -1938    -1924    -1901    -1875    -1853    -1831 
   -1808    -1783    -1750    -1716    -1684    -1657    -1629    -1592 
   -1549    -1505    -1457    -1409    -1369    -1332    -1289    -1239 
   -1194    -1151    -1104    -1060    -1017     -965     -912     -870 
    -828     -781     -730     -674     -617     -567     -521     -483 
    -452     -412     -359     -308     -268     -233     -197     -162 
    -122      -82      -50      -18       15       46       72       95 
     119      148      176      204      232      253      264      274 
     290      307      325      341      354      365      372      378 
     390      405      416      424      432      442      458      472 
     480      488      496      508      521      533      543      555 
     570      588      603      621      639      651      660      672 
     685      691      695      709      725      737      749      760 
     774      792      804      816      831      842      848      854 
     854      852      854      862      870      868      863      862 
     857      849      843      835      825      816      801      783 
     769      756      743      729      710      683      655      632 
     611      586      562      535      502      464      424      391 
     368      338      307      286      258      226      203      182 
     158      132      108       91       68       37        7      -16 
     -39      -63      -80      -94     -113     -123     -130     -139 
    -143     -148     -157     -161     -161     -153     -133     -114 
     -98      -76      -59      -50      -40      -26       -1       28 
      55       84      112      137      166      201      231      261 
     305      358      406      445      477      510      547      592 
     646      696      743      795      846      890      928      976 
    1034     1089     1137     1182     1230     1280     1331     1379 
    1421     1462     1511     1562     1615     1665     1703     1740 
    1785     1834     1880     1919     1945     1972     2006     2046 
    2089     2116     2132     2154     2175     2193     2216     2244 
    2265     2277     2283     2292     2302     2314     2327     2334 
    2333     2335     2340     2338     2330     2320     2311     2303 
    2294     2280     2266     2249     2225     2199     2177     2158 
    2133     2100     2067     2032     1997     1960     1924     1889 
    1855     1818     1779     1741     1707     1677     1643     1599 
    1553     1511     1471     1431     1396     1365     1326     1285 
    1252     1218     1178     1139     1104     1070     1038     1010 
     981      948      915      885      855      820      786      754 
     724      697      670      646      625      602      576      554 
     538      518      496      477      455      431      417      404 
     384      365      348      333      321      307      291      274 
     258      246      231      213      203      203      204      195 
     169      140      128      126      122      118      105       84 
      72       69       65       63       60       54       44       35 
      28       21       10        9       13       11        8        5 
       0       -1        1       -1       -5       -5        1        7 
      12       13       12        9        8        9       10        8 
       5        4        4        0       -8      -19      -29      -34 
     -43      -58      -69      -79      -90      -94     -100     -113 
    -128     -148     -171     -193     -215     -230     -246     -273 
    -305     -336     -365     -386     -409     -443     -480     -517 
    -554     -587     -617     -646     -675     -701     -723     -747 
    -781     -816     -845     -873     -905     -938     -968     -998 
   -1027    -1054    -1077    -1097    -1118    -1140    -1163    -1187 
   -1204    -1211    -1214    -1220    -1230    -1244    -1256    -1260 
   -1259    -1254    -1243    -1234    -1228    -1221    -1212    -1192 
   -1167    -1144    -1120    -1102    -1086    -1063    -1030     -993 
    -957     -923     -888     -857     -828     -789     -745     -706 
    -667     -625     -583     -542     -497     -452     -408     -367 
    -327     -282     -237     -195     -152     -106      -58      -11 
      34       75      116      159      199      238      281      323 
     360      396      435      476      518      552      584      616 
     643      669      698      727      760      795      820      840 
     861      880      897      915      929      943      958      970 
     983      999     1022     1043     1057     1071     1084     1093 
    1098     1101     1106     1110     1112     1119     1127     1128 
    1129     1136     1142     1143     1145     1150     1151     1149 
    1149     1153     1154     1150     1144     1137     1125     1114 
    1110     1108     1104     1096     1089     1084     1075     1064 
    1056     1045     1031     1020     1011     1004     1000      995 
     989      986      983      977      971      965      962      963 
     962      959      960      964      961      957      959      962 
     962      964      966      963      960      965      971      975 
     980      988      992      995      998      996      990      983 
     980      982      988      995      999      999      994      986 
     980      974      967      963      960      957      955      952 
     943      928      916      904      888      871      853      836 
     822      803      781      758      729      699      676      652 
     622      595      571      542      510      484      457      428 
     398      366      328      290      255      221      185      144 
     103       67       37        6      -30      -69     -111     -156 
    -198     -233     -263     -292     -324     -363     -402     -439 
    -483     -527     -566     -604     -642     -678     -714     -750 
    -786     -827     -865     -893     -925     -959     -985    -1017 
   -1056    -1087    -1108    -1133    -1165    -1196    -1224    -1248 
   -1266    -1280    -1300    -1324    -1342    -1357    -1377    -1399 
   -1414    -1423    -1435    -1453    -1468    -1478    -1491    -1509 
   -1524    -1534    -1551    -1568    -1576    -1580    -1586    -1591 
   -1598    -1609    -1623    -1631    -1635    -1644    -1650    -1651 
   -1654    -1658    -1660    -1662    -1664    -1663    -1663    -1662 
   -1657    -1653    -1651    -1644    -1631    -1621    -1614    -1605 
   -1600    -1596    -1580    -1553    -1531    -1521    -1515    -1500 
   -1474    -1444    -1416    -1397    -1381    -1358    -1330    -1304 
   -1278    -1252    -1230    -1197    -1153    -1122    -1104    -1089 
   -1071    -1034     -979     -932     -907     -902     -899     -864 
    -803     -755     -731     -718     -704     -678     -644     -609 
    -575     -541     -518     -500     -475     -448     -426     -411 
    -399     -377     -341     -314     -307     -311     -313     -300 
    -272     -244     -238     -249     -255     -250     -234     -210 
    -195     -197     -208     -219     -216     -198     -187     -193 
    -199     -204     -209     -208     -207     -206     -206     -214 
    -223     -225     -224     -234     -255     -269     -266     -260 
    -263     -278     -299     -318     -331     -342     -349     -357 
    -371     -384     -393     -404     -421     -435     -439     -445 
    -456     -469     -489     -510     -524     -527     -523     -529 
    -546     -561     -570     -577     -582     -592     -599     -595 
    -588     -585     -586     -595     -605     -601     -583     -569 
    -570     -581     -584     -570     -545     -523     -516     -519 
    -517     -501     -481     -464     -442     -417     -396     -373 
    -344     -321     -303     -285     -263     -233     -199     -172 
    -153     -131     -101      -65      -29        2       27       54 
      85      118      151      184      216      252      289      322 
     353      384      412      438      469      501      527      549 
     572      604      643      675      698      718      743      771 
     798      824      848      871      893      912      937      966 
     982      993     1016     1040     1055     1068     1086     1106 
    1125     1138     1146     1152     1158     1164     1172     1182 
    1189     1193     1194     1194     1197     1197     1190     1180 
    1170     1161     1155     1147     1131     1112     1098     1085 
    1068     1045     1020      993      965      939      919      902 
     882      855      822      790      762      737      709      675 
     642      611      576      537      500      465      433      406 
     382      355      322      281      242      208      175      149 
     129      104       80       53       14      -22      -47      -68 
     -87     -103     -122     -140     -154     -173     -195     -215 
    -232     -244     -252     -262     -275     -287     -298     -307 
    -312     -315     -317     -318     -322     -330     -338     -343 
    -345     -347     -351     -355     -355     -354     -355     -360 
    -367     -372     -375     -373     -366     -360     -359     -360 
    -363     -363     -360     -357     -351     -344     -346     -344 
    -329     -316     -308     -301     -296     -288     -275     -258 
    -241     -229     -219     -204     -188     -168     -145     -125 
    -108      -90      -71      -57      -40      -14       10       27 
      53       87      119      150      178      203      229      258 
     289      321      355      391      421      448      481      515 
     547      582      614      638      668      704      740      774 
     806      831      860      891      913      939      974     1004 
    1026     1047     1069     1094     1118     1143     1169     1184 
    1195     1211     1226     1241     1258     1271     1285     1304 
    1321     1335     1347     1353     1356     1359     1361     1360 
    1363     1369     1374     1376     1376     1378     1378     1370 
    1358     1355     1353     1344     1337     1334     1332     1329 
    1316     1295     1279     1263     1246     1230     1209     1187 
    1170     1151     1132     1115     1093     1070     1043     1014 
     989      965      943      925      904      879      857      830 
     801      778      756      734      715      693      667      642 
     620      598      579      558      532      515      502      478 
     452      428      397      372      357      342      325      301 
     274      251      227      204      186      164      141      119 
      96       76       59       38       17        0      -18      -36 
     -54      -73      -91     -108     -124     -138     -150     -166 
    -184     -201     -214     -225     -237     -248     -259     -272 
    -284     -294     -303     -311     -314     -314     -314     -322 
    -331     -333     -332     -333     -331     -330     -327     -320 
    -312     -301     -290     -281     -270     -256     -242     -231 
    -216     -191     -166     -144     -123     -102      -76      -54 
     -37      -10       26       55       80      106      128      152 
     183      211      239      268      291      312      331      351 
     377      403      422      440      458      475      492      510 
     528      546      561      574      590      601      606      610 
     614      620      629      639      647      653      656      659 
     659      654      654      659      662      659      652      641 
     627      614      604      594      586      578      567      554 
     543      532      521      513      503      489      476      461 
     447      435      418      398      385      375      361      349 
     337      319      299      282      271      262      255      248 
     241      235      225      206      188      178      168      160 
     156      149      132      111       95       83       69       58 
      49       34       16        0      -16      -29      -41      -56 
     -73      -89     -103     -123     -147     -166     -182     -202 
    -226     -247     -266     -283     -304     -329     -359     -386 
    -408     -430     -455     -480     -505     -528     -553     -585 
    -615     -643     -674     -711     -749     -780     -814     -854 
    -889     -923     -968    -1013    -1049    -1086    -1127    -1169 
   -1212    -1255    -1294    -1338    -1384    -1424    -1462    -1504 
   -1540    -1575    -1619    -1665    -1705    -1743    -1781    -1819 
   -1857    -1892    -1925    -1957    -1988    -2017    -2045    -2069 
   -2093    -2119    -2148    -2175    -2198    -2215    -2229    -2245 
   -2261    -2272    -2282    -2299    -2316    -2326    -2333    -2338 
   -2340    -2340    -2340    -2336    -2324    -2312    -2306    -2298 
   -2281    -2258    -2239    -2226    -2208    -2185    -2161    -2139 
   -2114    -2089    -2062    -2035    -2003    -1967    -1935    -1905 
   -1869    -1832    -1800    -1769    -1732    -1696    -1658    -1615 
   -1576    -1541    -1500    -1462    -1428    -1391    -1352    -1314 
   -1276    -1237    -1195    -1152    -1111    -1069    -1029     -991 
    -950     -912     -878     -837     -791     -751     -718     -681 
    -643     -604     -568     -537     -502     -462     -425     -394 
    -364     -330     -299     -275     -252     -227     -205     -182 
    -157     -138     -119      -96      -78      -66      -49      -28 
      -6        8       17       28       39       47       63       78 
      84       90      101      110      117      120      125      134 
     136      132      134      142      142      135      131      124 
     111      101       95       85       72       59       49       40 
      26       13        3       -9      -23      -39      -56      -74 
     -93     -106     -118     -134     -154     -174     -194     -217 
    -239     -254     -270     -290     -309     -322     -334     -348 
    -361     -373     -387     -404     -419     -431     -442     -456 
    -469     -473     -481     -500     -515     -519     -527     -545 
    -554     -555     -564     -573     -576     -579     -583     -590 
    -598     -598     -599     -605     -609     -616     -624     -620 
    -614     -610     -601     -596     -599     -599     -598     -600 
    -598     -597     -599     -596     -590     -584     -575     -566 
    -561     -553     -545     -544     -541     -534     -530     -527 
    -519     -509     -497     -485     -474     -466     -460     -453 
    -446     -440     -430     -420     -417     -413     -405     -391 
    -369     -352     -338     -321     -303     -285     -265     -247 
    -229     -205     -185     -170     -144     -113      -87      -59 
     -32      -13        7       29       52       79      112      147 
     175      199      220      242      265      290      318      344 
     364      386      416      440      462      488      511      532 
     555      576      598      619      639      661      681      696 
     713      728      736      744      756      768      778      785 
     788      790      796      800      803      808      809      807 
     805      801      795      788      781      772      761      751 
     741      732      723      713      707      704      695      683 
     673      667      659      648      637      630      628      628 
     626      628      633      633      633      640      644      649 
     660      667      677      693      702      715      735      750 
     770      798      824      846      870      894      925      963 
     998     1027     1061     1098     1133     1167     1205     1249 
    1296     1338     1378     1419     1463     1508     1549     1586 
    1624     1667     1711     1751     1786     1825     1865     1899 
    1935     1971     2002     2031     2060     2086     2113     2141 
    2169     2196     2221     2243     2265     2288     2305     2321 
    2342     2361     2376     2394     2407     2413     2419     2427 
    2433     2439     2444     2445     2445     2446     2447     2449 
    2452     2453     2452     2447     2435     2423     2419     2418 
    2414     2408     2402     2390     2373     2360     2348     2331 
    2315     2303     2286     2262     2240     2221     2202     2186 
    2167     2142     2119     2095     2066     2038     2012     1984 
    1955     1925     1893     1861     1829     1798     1771     1745 
    1711     1671     1632     1596     1564     1533     1502     1469 
    1431     1388     1347     1305     1262     1222     1183     1138 
    1093     1052     1013      975      935      894      852      806 
     761      718      674      632      593      557      516      474 
     438      403      366      328      286      247      209      170 
     142      118       89       58       27       -6      -37      -66 
     -92     -116     -143     -170     -191     -208     -224     -243 
    -261     -275     -287     -298     -309     -319     -327     -338 
    -350     -356     -357     -359     -357     -349     -344     -341 
    -333     -320     -307     -298     -284     -260     -234     -216 
    -201     -182     -163     -145     -125      -98      -69      -42 
     -15       15       48       78      106      138      173      204 
     233      261      289      321      355      387      416      447 
     480      513      545      579      617      654      687      718 
     747      777      808      830      851      884      919      945 
     965      984     1006     1033     1058     1080     1096     1106 
    1115     1128     1139     1150     1159     1161     1161     1162 
    1162     1159     1159     1153     1141     1130     1121     1109 
    1096     1084     1071     1053     1024      997      979      959 
     934      909      879      851      828      803      771      737 
     701      663      631      600      560      521      484      444 
     402      363      323      277      228      179      135       94 
      57       26      -14      -57      -97     -142     -187     -224 
    -262     -306     -347     -385     -419     -453     -487     -520 
    -554     -589     -626     -662     -689     -715     -743     -769 
    -795     -823     -846     -867     -892     -919     -946     -969 
    -986    -1004    -1026    -1048    -1070    -1089    -1106    -1121 
   -1136    -1150    -1165    -1181    -1191    -1193    -1195    -1199 
   -1204    -1213    -1219    -1218    -1215    -1215    -1220    -1224 
   -1220    -1214    -1206    -1196    -1189    -1181    -1171    -1163 
   -1151    -1131    -1112    -1094    -1073    -1057    -1037    -1007 
    -981     -960     -936     -912     -886     -857     -830     -809 
    -788     -759     -727     -697     -667     -636     -604     -574 
    -547     -520     -493     -465     -435     -403     -370     -340 
    -312     -283     -253     -225     -197     -166     -138     -119 
    -101      -81      -61      -42      -21       -1       14       22 
      29       37       45       53       58       56       58       63 
      60       52       42       32       18        1      -11      -26 
     -47      -68      -91     -120     -142     -157     -177     -206 
    -234     -260     -290     -328     -364     -396     -427     -461 
    -498     -532     -566     -606     -648     -684     -715     -750 
    -787     -823     -862     -905     -944     -980    -1019    -1059 
   -1094    -1129    -1170    -1210    -1248    -1288    -1324    -1352 
   -1379    -1409    -1439    -1471    -1500    -1525    -1549    -1571 
   -1591    -1615    -1638    -1657    -1675    -1689    -1696    -1705 
   -1717    -1724    -1734    -1747    -1754    -1759    -1768    -1773 
   -1776    -1779    -1782    -1783    -1776    -1769    -1770    -1774 
   -1772    -1762    -1756    -1756    -1752    -1739    -1720    -1704 
   -1689    -1670    -1656    -1646    -1631    -1614    -1594    -1572 
   -1549    -1522    -1496    -1478    -1459    -1433    -1401    -1366 
   -1333    -1307    -1282    -1253    -1226    -1199    -1166    -1130 
   -1096    -1066    -1036    -1006     -983     -961     -928     -888 
    -852     -819     -789     -760     -729     -692     -655     -628 
    -606     -581     -554     -525     -495     -466     -434     -400 
    -372     -347     -322     -304     -285     -256     -224     -196 
    -169     -141     -120     -105      -88      -70      -52      -33 
     -13        7       22       30       43       60       74       85 
      94      102      110      118      127      136      145      154 
     159      161      167      172      175      174      171      169 
     166      163      167      170      164      154      149      145 
     137      130      125      121      118      117      114      109 
     103       98       90       77       65       61       58       52 
      42       30       19       11        6        3       -2       -9 
     -23      -38      -43      -45      -56      -69      -77      -85 
     -88      -85      -89      -95      -97      -99     -101     -100 
     -99      -97      -92      -86      -83      -83      -80      -81 
     -84      -76      -67      -67      -64      -52      -46      -47 
     -44      -38      -37      -35      -30      -30      -32      -29 
     -28      -27      -21      -16      -15      -15      -13      -13 
     -11       -5        1        3        5        7        5        6 
      10       12       10        8        7        6        6        6 
       3        3        5        6        0       -7       -8      -10 
     -16      -14      -11      -16      -21      -21      -25      -32 
     -35      -39      -45      -52      -54      -53      -55      -60 
     -64      -69      -79      -85      -84      -85      -87      -86 
     -86      -86      -82      -80      -81      -79      -80      -85 
     -88      -88      -88      -90      -93      -93      -91      -91 
     -91      -90      -89      -88      -89      -89      -84      -78 
     -72      -69      -69      -68      -65      -61      -56      -47 
     -37      -29      -26      -22      -12       -1        8       15 
      20       22       33       48       59       71       77       80 
      91      103      110      122      134      141      148      157 
     170      186      197      209      226      242      257      279 
     298      312      327      345      363      383      401      413 
     426      443      462      481      495      507      521      543 
     570      593      612      629      640      648      664      682 
     698      714      733      751      768      782      795      811 
     824      832      842      855      864      869      877      893 
     909      922      937      951      961      968      978      985 
     987      990      997     1004     1016     1027     1030     1030 
    1032     1038     1052     1063     1070     1078     1085     1092 
    1096     1096     1100     1107     1113     1112     1110     1110 
    1111     1115     1125     1135     1140     1144     1150     1152 
    1155     1158     1160     1165     1169     1172     1179     1183 
    1186     1197     1205     1206     1211     1219     1226     1229 
    1228     1231     1238     1244     1248     1252     1250     1245 
    1240     1238     1242     1246     1242     1239     1238     1231 
    1223     1220     1213     1202     1190     1175     1163     1156 
    1146     1136     1121     1096     1072     1054     1041     1029 
    1015      997      972      946      924      905      884      857 
     831      803      773      742      709      676      648      618 
     583      552      526      497      463      429      394      356 
     321      285      247      211      177      141      101       56 
      15      -19      -47      -76     -113     -150     -183     -217 
    -248     -282     -319     -352     -379     -408     -441     -470 
    -494     -521     -548     -570     -589     -613     -642     -667 
    -684     -698     -712     -728     -746     -760     -775     -794 
    -806     -812     -817     -821     -826     -831     -832     -829 
    -824     -814     -802     -796     -792     -783     -770     -753 
    -737     -719     -696     -675     -653     -628     -604     -583 
    -556     -525     -500     -476     -445     -409     -375     -342 
    -310     -282     -254     -227     -196     -159     -124      -95 
     -63      -26       11       46       81      117      149      177 
     205      235      261      285      317      356      390      421 
     451      475      498      522      546      572      600      628 
     658      687      708      723      745      774      798      817 
     840      867      887      900      917      935      946      957 
     974      994     1007     1016     1028     1041     1056     1073 
    1088     1102     1117     1128     1137     1147     1153     1157 
    1161     1164     1166     1171     1180     1192     1201     1200 
    1201     1207     1205     1202     1210     1222     1226     1224 
    1218     1213     1213     1211     1206     1204     1196     1184 
    1174     1165     1161     1160     1156     1147     1136     1124 
    1114     1106     1096     1085     1077     1067     1056     1048 
    1038     1026     1017     1011     1005     1000      990      980 
     969      955      944      938      933      929      924      915 
     900      885      875      861      846      836      829      821 
     814      806      792      773      751      732      724      718 
     705      691      677      655      633      617      603      590 
     574      559      547      534      516      496      475      452 
     427      403      380      359      341      318      290      265 
     238      209      185      160      133      103       71       45 
      22       -6      -44      -80     -115     -151     -182     -213 
    -248     -282     -312     -343     -376     -406     -435     -469 
    -506     -539     -566     -590     -620     -658     -689     -715 
    -740     -759     -778     -804     -831     -858     -882     -900 
    -918     -937     -958     -975     -987    -1002    -1022    -1039 
   -1054    -1072    -1085    -1091    -1096    -1102    -1106    -1108 
   -1110    -1121    -1129    -1127    -1121    -1119    -1121    -1122 
   -1120    -1117    -1103    -1087    -1078    -1069    -1059    -1046 
   -1026    -1010    -1000     -984     -970     -957     -935     -918 
    -908     -894     -881     -868     -851     -840     -831     -810 
    -788     -771     -753     -737     -725     -710     -692     -675 
    -660     -648     -631     -610     -595     -585     -574     -561 
    -548     -535     -527     -511     -492     -480     -466     -446 
    -428     -412     -396     -385     -375     -364     -349     -330 
    -315     -301     -284     -272     -267     -261     -248     -237 
    -227     -211     -197     -187     -179     -170     -160     -150 
    -141     -127     -106      -89      -81      -75      -67      -54 
     -36      -24      -17       -7        1       10       25       49 
      68       74       75       81       94      112      131      143 
     146      151      161      170      179      188      194      200 
     204      203      209      220      222      220      220      217 
     212      207      204      204      198      180      164      156 
     148      133      117       99       83       72       52       22 
      -3      -20      -38      -62      -87     -115     -151     -189 
    -222     -252     -283     -312     -346     -387     -427     -467 
    -506     -541     -577     -619     -665     -713     -758     -793 
    -830     -874     -917     -962    -1007    -1044    -1080    -1123 
   -1164    -1199    -1235    -1268    -1298    -1329    -1362    -1396 
   -1428    -1460    -1487    -1514    -1540    -1561    -1581    -1601 
   -1625    -1648    -1669    -1688    -1704    -1715    -1727    -1742 
   -1750    -1759    -1772    -1780    -1786    -1791    -1795    -1797 
   -1800    -1801    -1801    -1800    -1797    -1789    -1778    -1768 
   -1758    -1747    -1736    -1727    -1719    -1705    -1683    -1666 
   -1651    -1634    -1618    -1601    -1578    -1558    -1544    -1528 
   -1510    -1490    -1470    -1449    -1428    -1405    -1388    -1372 
   -1352    -1333    -1318    -1299    -1280    -1261    -1240    -1215 
   -1190    -1169    -1151    -1128    -1102    -1087    -1076    -1057 
   -1036    -1013     -978     -949     -933     -918     -897     -873 
    -847     -823     -798     -771     -742     -714     -695     -680 
    -659     -638     -616     -589     -562     -538     -513     -489 
    -468     -445     -416     -387     -359     -332     -308     -276 
    -243     -215     -190     -162     -134     -102      -66      -28 
       2       25       53       92      132      170      209      245 
     274      305      346      391      436      482      523      561 
     600      639      678      724      768      802      835      880 
     930      971     1001     1038     1083     1127     1173     1226 
    1271     1303     1338     1380     1425     1469     1512     1554 
    1593     1627     1661     1694     1725     1757     1795     1833 
    1864     1893     1923     1956     1990     2017     2040     2066 
    2090     2110     2132     2151     2164     2176     2188     2203 
    2217     2225     2230     2232     2232     2230     2225     2222 
    2220     2212     2199     2186     2168     2145     2124     2103 
    2083     2063     2038     2014     1989     1957     1922     1890 
    1861     1833     1806     1771     1728     1687     1650     1616 
    1580     1540     1496     1450     1405     1369     1332     1288 
    1242     1193     1145     1104     1064     1023      984      943 
     895      849      808      768      730      693      655      619 
     583      548      516      483      450      418      389      360 
     330      303      276      250      226      204      181      154 
     129      108       91       75       61       43       19       -5 
     -27      -46      -57      -68      -80      -95     -114     -134 
    -150     -163     -172     -181     -194     -211     -231     -250 
    -267     -281     -294     -307     -324     -341     -362     -381 
    -394     -405     -420     -437     -453     -472     -488     -499 
    -512     -531     -550     -567     -586     -606     -627     -646 
    -662     -680     -696     -707     -720     -737     -752     -764 
    -773     -782     -790     -799     -806     -811     -814     -818 
    -817     -817     -821     -821     -812     -808     -804     -792 
    -785     -784     -778     -763     -741     -719     -697     -675 
    -654     -628     -600     -574     -550     -527     -503     -476 
    -443     -410     -376     -341     -306     -271     -233     -193 
    -154     -115      -75      -32       12       57      101      140 
     178      217      258      301      339      374      410      446 
     479      513      545      579      617      650      679      710 
     744      773      800      823      843      865      887      904 
     918      931      939      948      961      968      971      977 
     982      976      965      959      953      942      936      932 
     918      894      872      860      853      842      826      805 
     783      761      736      713      687      655      624      601 
     575      548      522      492      460      430      404      379 
     350      316      286      256      228      203      174      140 
     103       63       26       -1      -24      -54      -93     -128 
    -157     -184     -206     -230     -261     -292     -320     -344 
    -363     -378     -398     -426     -455     -480     -505     -524 
    -541     -563     -584     -600     -620     -643     -664     -681 
    -694     -705     -720     -736     -742     -750     -765     -777 
    -784     -791     -801     -812     -817     -822     -829     -830 
    -828     -833     -835     -826     -818     -816     -815     -811 
    -804     -797     -784     -768     -756     -745     -733     -718 
    -702     -690     -679     -662     -646     -630     -608     -588 
    -572     -551     -531     -512     -489     -466     -443     -421 
    -398     -367     -338     -318     -299     -278     -256     -232 
    -211     -186     -163     -145     -124      -98      -73      -50 
     -31       -9       16       40       63       84      105      129 
     149      164      182      200      211      223      237      247 
     259      274      283      290      299      307      315      322 
     321      318      322      324      323      325      321      312 
     306      308      308      297      278      262      252      244 
     234      225      212      195      184      175      157      139 
     127      111       90       67       41       18       -6      -31 
     -58      -85     -110     -133     -156     -179     -205     -232 
    -250     -270     -290     -306     -331     -360     -382     -405 
    -426     -443     -465     -488     -506     -523     -545     -569 
    -587     -601     -616     -629     -643     -657     -666     -674 
    -684     -694     -701     -705     -709     -714     -718     -724 
    -729     -734     -737     -731     -718     -708     -703     -699 
    -694     -687     -674     -657     -635     -610     -590     -573 
    -557     -536     -503     -465     -437     -416     -393     -364 
    -330     -303     -272     -233     -200     -167     -130     -100 
     -69      -30        8       48       86      119      156      197 
     239      281      319      348      380      419      455      491 
     528      563      598      633      669      700      727      756 
     783      812      852      885      907      936      964      991 
    1017     1044     1076     1099     1109     1128     1158     1186 
    1206     1215     1226     1242     1258     1271     1285     1299 
    1305     1307     1315     1325     1331     1341     1351     1353 
    1346     1343     1350     1357     1359     1354     1341     1332 
    1343     1351     1342     1333     1330     1324     1314     1306 
    1295     1277     1261     1254     1250     1241     1229     1217 
    1200     1179     1160     1147     1134     1116     1094     1075 
    1059     1042     1025     1008      987      965      948      935 
     923      911      888      859      836      819      805      788 
     766      748      736      727      717      703      685      669 
     654      637      623      615      605      585      569      563 
     550      531      519      507      493      483      474      470 
     469      461      451      441      427      418      416      415 
     412      413      412      404      397      403      409      410 
     407      402      403      409      416      423      426      418 
     419      435      452      458      455      457      467      474 
     480      486      491      502      515      522      524      521 
     531      548      555      554      559      572      590      603 
     602      598      605      616      627      633      635      644 
     658      670      670      665      664      675      684      684 
     680      677      677      683      685      681      674      664 
     657      657      654      646      635      621      608      598 
     585      569      552      535      522      511      497      481 
     460      431      402      379      360      343      323      297 
     267      241      217      189      162      135      108       84 
      60       31        1      -30      -57      -82     -109     -139 
    -169     -199     -228     -256     -285     -312     -341     -378 
    -413     -437     -459     -487     -515     -541     -569     -592 
    -609     -629     -654     -680     -707     -729     -743     -760 
    -783     -805     -827     -846     -855     -861     -875     -890 
    -902     -911     -918     -928     -936     -936     -935     -940 
    -947     -953     -955     -950     -943     -940     -938     -935 
    -931     -925     -915     -904     -893     -885     -877     -867 
    -852     -833     -820     -809     -790     -768     -744     -722 
    -707     -691     -674     -658     -638     -612     -587     -563 
    -544     -531     -514     -491     -467     -444     -424     -409 
    -395     -380     -361     -340     -328     -321     -310     -298 
    -278     -256     -248     -244     -236     -228     -215     -198 
    -185     -177     -169     -162     -158     -153     -144     -136 
    -133     -127     -118     -115     -114     -113     -115     -110 
     -98      -94     -102     -109     -106      -99      -98     -103 
    -107     -111     -114     -111     -109     -118     -130     -137 
    -141     -143     -150     -158     -163     -168     -174     -180 
    -191     -205     -213     -220     -230     -239     -247     -259 
    -270     -283     -299     -310     -319     -327     -338     -353 
    -366     -373     -383     -393     -396     -405     -424     -440 
    -455     -470     -477     -485     -502     -517     -526     -539 
    -551     -563     -576     -583     -590     -602     -615     -630 
    -638     -639     -642     -650     -660     -671     -676     -673 
    -671     -673     -675     -678     -684     -689     -688     -684 
    -678     -675     -676     -677     -673     -663     -650     -640 
    -631     -624     -615     -601     -587     -575     -560     -548 
    -536     -519     -502     -489     -473     -456     -442     -427 
    -402     -376     -360     -347     -331     -311     -292     -272 
    -250     -227     -206     -185     -162     -141     -126     -111 
     -89      -68      -49      -32      -15        1       20       41 
      57       67       78       93      106      114      120      127 
     137      144      151      157      158      162      173      179 
     177      178      177      167      158      158      159      158 
     152      137      123      118      117      114      110      104 
      91       75       63       55       49       37       19        1 
     -12      -19      -24      -31      -40      -54      -71      -82 
     -91     -102     -114     -125     -134     -142     -149     -155 
    -160     -166     -169     -174     -186     -191     -187     -183 
    -179     -178     -181     -180     -174     -169     -168     -161 
    -150     -145     -146     -142     -135     -136     -139     -137 
    -132     -126     -116     -106      -96      -85      -78      -77 
     -70      -53      -34      -24      -21      -15       -6        4 
      14       29       45       58       69       83      100      120 
     135      142      151      166      179      187      196      208 
     216      218      220      227      242      258      264      265 
     268      269      273      278      274      270      275      278 
     274      263      255      255      258      257      247      233 
     227      221      204      190      185      177      167      157 
     145      136      134      127      111       90       71       56 
      43       27        9       -9      -32      -57      -76      -92 
    -111     -132     -153     -173     -196     -225     -254     -274 
    -294     -320     -350     -378     -400     -421     -446     -469 
    -489     -507     -521     -536     -553     -570     -590     -606 
    -613     -624     -638     -648     -657     -667     -673     -675 
    -675     -682     -694     -701     -701     -699     -697     -695 
    -692     -694     -696     -693     -686     -679     -672     -663 
    -656     -649     -638     -625     -614     -605     -597     -585 
    -567     -547     -528     -515     -500     -478     -453     -433 
    -418     -398     -372     -348     -322     -296     -274     -254 
    -232     -206     -174     -145     -124     -104      -84      -58 
     -27        0       25       47       64       88      120      149 
     174      200      230      258      284      311      338      371 
     405      435      467      497      523      549      574      601 
     634      665      695      727      750      773      806      838 
     860      881      905      935      973     1005     1025     1044 
    1068     1095     1120     1142     1168     1197     1219     1233 
    1248     1268     1294     1317     1336     1359     1379     1393 
    1412     1434     1449     1463     1477     1491     1503     1514 
    1524     1536     1550     1561     1567     1571     1580     1592 
    1600     1608     1614     1617     1623     1632     1641     1647 
    1651     1658     1663     1665     1666     1665     1664     1664 
    1665     1664     1664     1666     1666     1667     1669     1666 
    1662     1660     1659     1660     1663     1664     1661     1658 
    1655     1645     1633     1630     1626     1612     1604     1602 
    1596     1586     1579     1574     1566     1552     1538     1528 
    1518     1505     1492     1481     1474     1465     1453     1438 
    1418     1399     1386     1373     1356     1340     1324     1308 
    1289     1264     1241     1221     1199     1181     1166     1146 
    1120     1096     1071     1045     1023      999      976      957 
     928      891      858      833      803      764      729      696 
     664      638      611      578      541      505      474      441 
     399      362      331      296      260      220      176      136 
      99       60       21      -14      -49      -90     -133     -173 
    -210     -245     -283     -324     -363     -403     -445     -484 
    -525     -571     -620     -663     -696     -731     -769     -808 
    -850     -889     -926     -970    -1011    -1048    -1091    -1131 
   -1165    -1203    -1238    -1268    -1301    -1342    -1385    -1425 
   -1460    -1494    -1528    -1556    -1583    -1615    -1645    -1672 
   -1704    -1735    -1762    -1785    -1810    -1835    -1852    -1871 
   -1894    -1911    -1923    -1941    -1963    -1979    -1986    -1997 
   -2013    -2028    -2040    -2044    -2047    -2052    -2055    -2060 
   -2064    -2059    -2052    -2050    -2047    -2039    -2032    -2027 
   -2015    -2002    -1992    -1981    -1970    -1959    -1945    -1928 
   -1913    -1905    -1896    -1876    -1851    -1830    -1816    -1801 
   -1779    -1757    -1735    -1712    -1692    -1670    -1643    -1617 
   -1596    -1574    -1548    -1531    -1516    -1491    -1465    -1436 
   -1408    -1394    -1380    -1351    -1319    -1289    -1259    -1230 
   -1205    -1180    -1155    -1127    -1097    -1073    -1057    -1040 
   -1014     -981     -951     -926     -902     -880     -858     -832 
    -800     -760     -724     -701     -675     -646     -622     -598 
    -569     -541     -512     -483     -460     -441     -422     -398 
    -373     -350     -327     -300     -272     -245     -222     -199 
    -170     -146     -129     -109      -83      -60      -38      -24 
     -15       -3       14       32       50       70       87       99 
     109      127      150      167      181      193      202      209 
     218      230      234      239      246      244      242      250 
     259      264      269      268      262      264      269      272 
     276      274      264      258      259      258      251      247 
     245      239      229      222      219      219      213      203 
     193      180      172      166      159      156      150      138 
     128      124      121      113      101       90       85       88 
      92       88       78       71       68       61       52       54 
      59       59       60       58       55       62       72       77 
      83       88       91       97      104      114      128      138 
     147      158      171      188      203      211      223      241 
     260      278      296      313      327      341      359      379 
     401      424      442      461      482      506      532      554 
     570      580      594      617      641      665      688      706 
     721      737      750      765      785      799      806      823 
