Origin Time       2016/04/16 01:25:00
Lat.              32.753
Long.             130.762
Depth. (km)       12
Mag.              7.3
Station Code      WKY014
Station Lat.      33.7053
Station Long.     135.6397
Station Height(m) 430
Record Time       2016/04/16 01:27:31
Sampling Freq(Hz) 100Hz
Duration Time(s)  60
Dir.              N-S
Scale Factor      7845(gal)/8223790
Max. Acc. (gal)   1.793
Last Correction   2016/04/16 01:27:16
Memo.             
   12195    12193    12186    12178    12170    12163    12155    12145 
   12140    12135    12135    12141    12154    12167    12181    12193 
   12202    12210    12216    12218    12221    12226    12229    12228 
   12225    12224    12214    12206    12202    12197    12194    12198 
   12201    12205    12209    12210    12210    12212    12214    12213 
   12212    12210    12204    12194    12185    12172    12155    12143 
   12131    12117    12108    12097    12085    12077    12070    12066 
   12059    12048    12039    12024    12006    11993    11988    11985 
   11983    11990    11996    11997    11996    12000    12004    12009 
   12016    12027    12036    12042    12044    12046    12046    12043 
   12039    12033    12025    12015    12005    11998    11997    12000 
   12005    12010    12015    12021    12025    12024    12023    12023 
   12021    12023    12021    12019    12013    12005    11996    11983 
   11974    11970    11966    11962    11955    11942    11925    11912 
   11898    11888    11881    11884    11888    11889    11893    11898 
   11897    11890    11885    11880    11878    11881    11888    11894 
   11900    11908    11921    11935    11944    11947    11950    11947 
   11944    11940    11939    11943    11952    11965    11975    11986 
   11998    12008    12013    12019    12024    12023    12017    12010 
   12004    11998    11993    11990    11986    11988    11994    12004 
   12009    12010    12013    12010    12005    11998    11989    11982 
   11977    11970    11963    11962    11967    11971    11975    11982 
   11986    11985    11978    11967    11956    11943    11928    11911 
   11886    11861    11842    11827    11823    11828    11838    11853 
   11869    11881    11889    11893    11894    11896    11901    11908 
   11919    11934    11952    11969    11980    11994    12006    12019 
   12029    12043    12058    12074    12089    12105    12120    12129 
   12132    12133    12136    12135    12135    12135    12132    12131 
   12136    12141    12148    12155    12159    12155    12147    12139 
   12127    12109    12093    12078    12062    12046    12033    12029 
   12025    12023    12024    12024    12020    12017    12015    12015 
   12016    12017    12020    12024    12024    12024    12028    12029 
   12027    12024    12019    12013    12006    12002    12002    12012 
   12025    12037    12051    12063    12071    12075    12074    12069 
   12062    12052    12040    12032    12028    12027    12028    12036 
   12048    12056    12063    12070    12073    12070    12066    12063 
   12062    12064    12067    12069    12070    12067    12059    12050 
   12039    12027    12019    12019    12023    12024    12027    12035 
   12042    12046    12051    12052    12050    12046    12043    12039 
   12039    12044    12055    12067    12081    12093    12101    12104 
   12101    12091    12086    12083    12079    12077    12077    12074 
   12066    12052    12033    12008    11979    11950    11925    11911 
   11898    11893    11892    11888    11888    11893    11897    11904 
   11909    11914    11921    11925    11927    11928    11928    11929 
   11929    11929    11929    11931    11937    11950    11963    11982 
   12005    12027    12044    12059    12069    12070    12069    12069 
   12069    12074    12081    12086    12091    12094    12100    12102 
   12098    12098    12104    12108    12112    12116    12117    12120 
   12121    12114    12102    12093    12079    12069    12060    12052 
   12055    12060    12063    12069    12071    12064    12052    12039 
   12027    12013    12004    11998    11992    11988    11986    11988 
   11983    11975    11969    11959    11951    11950    11951    11954 
   11958    11965    11977    11986    11992    11993    11993    11989 
   11988    11988    11989    11992    11994    11996    12001    12004 
   12002    11998    12001    12006    12010    12019    12033    12046 
   12062    12082    12106    12125    12140    12148    12147    12140 
   12132    12125    12120    12112    12108    12105    12100    12096 
   12089    12083    12073    12056    12037    12020    12005    11998 
   11996    11998    12005    12012    12017    12020    12020    12016 
   12006    11997    11989    11980    11978    11982    11992    12010 
   12032    12054    12074    12089    12101    12108    12108    12102 
   12097    12087    12079    12075    12075    12079    12093    12102 
   12106    12109    12105    12089    12074    12063    12055    12054 
   12062    12074    12083    12087    12087    12083    12074    12064 
   12055    12043    12035    12031    12032    12037    12044    12051 
   12052    12048    12040    12027    12009    11997    11989    11989 
   11996    12008    12025    12050    12074    12097    12116    12124 
   12127    12127    12122    12124    12127    12132    12144    12159 
   12172    12185    12194    12201    12208    12212    12214    12218 
   12225    12231    12233    12228    12221    12217    12212    12206 
   12201    12198    12191    12185    12183    12182    12179    12171 
   12155    12137    12120    12097    12073    12055    12042    12029 
   12020    12010    11998    11986    11977    11965    11951    11942 
   11931    11921    11919    11916    11909    11901    11893    11884 
   11874    11867    11862    11853    11842    11831    11817    11807 
   11797    11784    11772    11766    11757    11747    11735    11719 
   11704    11686    11666    11654    11646    11641    11638    11637 
   11632    11628    11626    11623    11619    11615    11614    11615 
   11616    11619    11624    11632    11641    11646    11649    11651 
   11654    11657    11659    11663    11672    11682    11692    11708 
   11726    11743    11759    11774    11785    11789    11790    11793 
   11796    11799    11807    11813    11817    11823    11827    11828 
   11832    11838    11842    11842    11842    11838    11834    11835 
   11842    11851    11867    11892    11913    11935    11956    11975 
   11989    12000    12012    12023    12035    12051    12067    12079 
   12093    12110    12128    12147    12168    12190    12212    12236 
   12254    12270    12289    12307    12324    12339    12351    12359 
   12363    12370    12376    12380    12386    12394    12401    12405 
   12405    12399    12390    12380    12368    12352    12336    12318 
   12299    12286    12274    12259    12244    12231    12218    12204 
   12186    12170    12155    12139    12124    12118    12117    12114 
   12112    12114    12112    12112    12118    12125    12131    12141 
   12151    12158    12163    12167    12166    12158    12145    12132 
   12118    12110    12112    12120    12132    12151    12178    12206 
   12235    12263    12287    12306    12318    12320    12320    12320 
   12318    12321    12325    12325    12328    12337    12343    12349 
   12359    12367    12373    12379    12382    12382    12384    12390 
   12393    12390    12390    12386    12376    12367    12357    12344 
   12330    12324    12317    12306    12297    12290    12275    12258 
   12240    12220    12195    12174    12152    12128    12109    12094 
   12075    12055    12042    12027    12008    11990    11974    11959 
   11944    11934    11923    11909    11893    11874    11853    11835 
   11817    11801    11792    11789    11789    11789    11790    11793 
   11797    11803    11808    11808    11807    11805    11800    11794 
   11789    11782    11777    11770    11762    11758    11751    11739 
   11732    11726    11715    11703    11691    11681    11673    11665 
   11658    11651    11646    11645    11645    11645    11645    11645 
   11642    11637    11630    11623    11616    11605    11593    11584 
   11573    11562    11554    11549    11545    11545    11546    11551 
   11558    11569    11577    11584    11587    11593    11595    11592 
   11592    11593    11593    11592    11592    11595    11600    11604 
   11610    11618    11624    11630    11635    11641    11643    11643 
   11643    11639    11638    11643    11650    11658    11669    11681 
   11693    11708    11723    11739    11762    11781    11794    11808 
   11817    11824    11832    11838    11846    11859    11875    11893 
   11916    11942    11970    11998    12023    12043    12060    12075 
   12087    12104    12124    12147    12171    12198    12228    12253 
   12275    12297    12318    12337    12355    12371    12384    12394 
   12401    12409    12417    12422    12429    12437    12442    12448 
   12451    12452    12455    12455    12457    12463    12467    12469 
   12472    12472    12471    12468    12465    12467    12468    12467 
   12468    12474    12478    12479    12483    12488    12498    12507 
   12513    12518    12530    12540    12546    12556    12564    12573 
   12584    12599    12617    12634    12650    12665    12679    12690 
   12698    12703    12710    12715    12719    12723    12729    12730 
   12727    12725    12719    12713    12713    12712    12703    12699 
   12694    12684    12677    12675    12667    12653    12641    12630 
   12619    12611    12602    12590    12577    12563    12548    12534 
   12514    12494    12482    12469    12455    12441    12425    12406 
   12393    12373    12356    12343    12328    12309    12290    12271 
   12252    12233    12214    12193    12175    12159    12144    12132 
   12122    12114    12109    12110    12110    12112    12117    12124 
   12132    12136    12135    12136    12139    12141    12147    12151 
   12151    12154    12155    12155    12160    12166    12172    12179 
   12185    12185    12188    12194    12195    12191    12188    12182 
   12172    12160    12150    12140    12135    12131    12128    12127 
   12127    12128    12131    12127    12118    12108    12094    12078 
   12059    12040    12024    12006    11989    11977    11969    11962 
   11958    11952    11944    11936    11928    11919    11907    11894 
   11880    11862    11843    11827    11813    11803    11790    11778 
   11769    11755    11739    11727    11709    11686    11666    11645 
   11618    11591    11562    11534    11506    11476    11441    11406 
   11372    11341    11310    11279    11250    11225    11200    11176 
   11160    11146    11133    11121    11110    11103    11095    11088 
   11086    11087    11087    11086    11084    11086    11087    11087 
   11083    11079    11080    11083    11087    11088    11094    11101 
   11107    11114    11124    11133    11144    11156    11165    11176 
   11186    11191    11195    11204    11221    11237    11253    11269 
   11288    11307    11321    11337    11361    11387    11418    11452 
   11487    11523    11560    11593    11622    11650    11676    11700 
   11726    11747    11769    11799    11830    11857    11884    11909 
   11934    11958    11978    11997    12019    12046    12078    12112 
   12150    12193    12237    12278    12314    12352    12384    12411 
   12438    12468    12498    12530    12567    12606    12646    12688 
   12727    12765    12798    12825    12849    12872    12888    12900 
   12911    12920    12921    12920    12926    12933    12931    12933 
   12939    12946    12946    12945    12945    12946    12943    12942 
   12937    12928    12920    12907    12888    12869    12847    12826 
   12804    12777    12750    12723    12692    12657    12622    12584 
   12542    12499    12456    12411    12363    12316    12264    12210 
   12155    12098    12043    11990    11940    11897    11858    11821 
   11789    11759    11729    11703    11678    11655    11632    11610 
   11587    11564    11541    11518    11495    11468    11443    11422 
   11400    11383    11368    11354    11346    11341    11334    11330 
   11327    11326    11329    11334    11344    11358    11377    11400 
   11426    11452    11479    11511    11545    11577    11611    11647 
   11681    11719    11762    11803    11843    11890    11935    11978 
   12023    12069    12110    12155    12198    12237    12275    12312 
   12348    12388    12429    12472    12514    12559    12604    12644 
   12677    12713    12750    12781    12815    12849    12876    12900 
   12923    12946    12970    12993    13015    13035    13055    13073 
   13090    13104    13116    13126    13134    13139    13147    13153 
   13157    13163    13171    13176    13176    13174    13176    13172 
   13169    13163    13155    13146    13138    13129    13117    13111 
   13105    13096    13081    13059    13032    13000    12962    12919 
   12873    12825    12772    12717    12661    12609    12557    12505 
   12457    12411    12367    12320    12272    12224    12174    12122 
   12074    12029    11989    11952    11924    11900    11881    11866 
   11855    11847    11842    11842    11844    11846    11848    11854 
   11862    11870    11880    11894    11911    11928    11947    11967 
   11986    12004    12024    12046    12067    12089    12112    12133 
   12154    12177    12198    12221    12245    12267    12287    12305 
   12321    12336    12353    12371    12386    12399    12417    12436 
   12456    12475    12491    12505    12514    12523    12534    12544 
   12553    12563    12571    12587    12607    12627    12646    12661 
   12673    12685    12695    12700    12708    12715    12723    12733 
   12746    12761    12776    12791    12803    12815    12829    12838 
   12849    12864    12879    12892    12908    12927    12950    12972 
   12995    13016    13042    13069    13096    13122    13147    13170 
   13189    13203    13209    13208    13200    13189    13170    13151 
   13132    13108    13080    13053    13018    12973    12927    12879 
   12826    12771    12712    12653    12592    12533    12472    12415 
   12359    12297    12233    12170    12101    12033    11966    11893 
   11819    11747    11674    11601    11529    11457    11388    11318 
   11246    11176    11109    11043    10979    10914    10848    10786 
   10728    10669    10609    10554    10503    10451    10404    10362 
   10327    10293    10272    10250    10230    10219    10204    10189 
   10181    10173    10164    10164    10169    10177    10187    10210 
   10239    10274    10315    10358    10403    10449    10493    10540 
   10588    10638    10692    10750    10814    10887    10960    11029 
   11102    11178    11253    11335    11419    11500    11583    11665 
   11743    11815    11877    11939    11992    12031    12069    12108 
   12141    12177    12216    12253    12293    12332    12367    12401 
   12434    12460    12482    12505    12522    12540    12565    12594 
   12622    12656    12695    12733    12765    12793    12819    12842 
   12864    12880    12891    12904    12916    12926    12930    12931 
   12926    12916    12904    12892    12879    12866    12858    12852 
   12847    12846    12845    12842    12838    12830    12819    12803 
   12783    12769    12756    12742    12734    12730    12725    12722 
   12721    12715    12710    12703    12694    12680    12663    12641 
   12622    12602    12579    12557    12536    12515    12492    12472 
   12452    12428    12406    12390    12371    12349    12328    12312 
   12293    12271    12245    12221    12197    12171    12144    12124 
   12106    12086    12067    12046    12025    11998    11975    11952 
   11927    11901    11880    11857    11834    11813    11793    11777 
   11765    11750    11734    11715    11696    11680    11662    11643 
   11626    11607    11583    11564    11549    11529    11511    11499 
   11484    11466    11454    11445    11437    11433    11430    11426 
   11425    11429    11435    11445    11453    11461    11473    11484 
   11499    11519    11539    11562    11589    11618    11645    11672 
   11701    11735    11772    11809    11847    11885    11917    11950 
   11986    12016    12043    12074    12102    12131    12163    12194 
   12228    12264    12297    12328    12353    12380    12411    12447 
   12482    12517    12553    12591    12627    12660    12687    12713 
   12739    12758    12775    12793    12812    12834    12853    12868 
   12885    12901    12912    12921    12928    12933    12930    12920 
   12906    12891    12874    12855    12838    12818    12795    12776 
   12758    12735    12711    12687    12661    12633    12607    12583 
   12561    12544    12526    12509    12492    12475    12456    12437 
   12414    12391    12372    12351    12324    12301    12282    12260 
   12243    12233    12226    12217    12210    12206    12202    12195 
   12186    12175    12163    12147    12129    12109    12089    12070 
   12051    12032    12020    12005    11990    11982    11978    11971 
   11966    11962    11955    11950    11943    11935    11929    11925 
   11923    11920    11919    11921    11925    11924    11921    11920 
   11916    11909    11901    11897    11894    11893    11892    11894 
   11893    11890    11889    11889    11888    11881    11871    11861 
   11851    11840    11831    11824    11821    11821    11821    11821 
   11824    11827    11830    11832    11831    11835    11840    11843 
   11848    11858    11865    11866    11871    11875    11878    11881 
   11886    11893    11900    11904    11909    11914    11916    11920 
   11923    11928    11935    11946    11954    11962    11969    11973 
   11970    11963    11956    11946    11937    11932    11927    11923 
   11923    11919    11913    11907    11896    11880    11863    11843 
   11820    11801    11786    11767    11750    11734    11719    11705 
   11693    11678    11663    11646    11632    11622    11610    11596 
   11585    11577    11574    11574    11577    11584    11599    11622 
   11645    11668    11692    11712    11728    11743    11757    11772 
   11786    11808    11836    11869    11902    11934    11963    11989 
   12008    12024    12037    12043    12044    12048    12052    12052 
   12052    12054    12054    12054    12051    12046    12040    12031 
   12021    12010    11998    11986    11974    11963    11954    11943 
   11932    11923    11913    11904    11896    11881    11869    11855 
   11842    11831    11819    11807    11800    11797    11794    11797 
   11803    11808    11815    11820    11827    11830    11828    11826 
   11821    11815    11807    11801    11796    11790    11788    11788 
   11790    11794    11804    11813    11820    11824    11827    11827 
   11823    11815    11804    11796    11786    11774    11765    11757 
   11747    11739    11731    11723    11716    11709    11701    11692 
   11682    11673    11661    11646    11630    11616    11603    11587 
   11572    11560    11545    11527    11511    11495    11477    11464 
   11455    11452    11448    11445    11442    11439    11433    11422 
   11407    11391    11373    11356    11341    11325    11313    11304 
   11299    11298    11296    11298    11303    11306    11307    11310 
   11315    11319    11323    11329    11334    11341    11350    11362 
   11372    11381    11391    11399    11407    11415    11425    11438 
   11449    11462    11479    11491    11502    11511    11518    11524 
   11526    11521    11520    11520    11515    11511    11511    11510 
   11507    11506    11508    11511    11515    11518    11519    11524 
   11530    11529    11524    11529    11531    11530    11534    11542 
   11547    11554    11564    11574    11584    11595    11603    11611 
   11619    11620    11623    11626    11628    11630    11635    11645 
   11655    11665    11674    11682    11691    11693    11693    11695 
   11696    11699    11705    11716    11724    11732    11742    11750 
   11757    11761    11762    11767    11772    11772    11769    11766 
   11761    11755    11750    11742    11736    11734    11731    11726 
   11722    11718    11715    11712    11711    11708    11703    11699 
   11696    11688    11678    11669    11655    11643    11637    11628 
   11620    11615    11612    11610    11607    11605    11610    11614 
   11618    11623    11630    11638    11649    11657    11663    11669 
   11673    11677    11680    11682    11686    11695    11709    11728 
   11745    11765    11789    11808    11821    11831    11838    11838 
   11835    11835    11834    11831    11828    11830    11832    11832 
   11832    11831    11827    11823    11820    11813    11804    11799 
   11797    11794    11790    11785    11778    11767    11757    11746 
   11732    11722    11711    11699    11691    11686    11685    11689 
   11693    11696    11704    11716    11727    11735    11739    11742 
   11743    11745    11743    11739    11738    11735    11738    11745 
   11749    11757    11766    11776    11782    11788    11793    11799 
   11807    11813    11819    11827    11836    11844    11854    11861 
   11862    11865    11869    11867    11863    11866    11871    11874 
   11878    11885    11893    11901    11908    11911    11912    11914 
   11914    11914    11916    11919    11920    11923    11927    11928 
   11925    11925    11927    11927    11931    11935    11935    11934 
   11931    11929    11924    11919    11912    11904    11897    11890 
   11884    11884    11885    11886    11893    11900    11904    11913 
   11919    11923    11928    11935    11943    11947    11955    11963 
   11971    11980    11992    12001    12005    12008    12010    12017 
   12021    12027    12032    12033    12036    12042    12040    12039 
   12039    12042    12040    12036    12032    12035    12036    12039 
   12046    12052    12058    12063    12066    12066    12064    12063 
   12062    12059    12059    12066    12071    12075    12082    12089 
   12098    12106    12110    12114    12118    12121    12125    12132 
   12136    12141    12150    12162    12172    12181    12191    12201 
   12209    12213    12214    12217    12221    12225    12226    12228 
   12228    12226    12224    12220    12208    12191    12172    12148 
   12121    12096    12069    12043    12021    12000    11982    11969 
   11956    11946    11936    11925    11912    11898    11886    11877 
   11867    11857    11850    11844    11840    11840    11843    11848 
   11861    11873    11880    11888    11894    11902    11913    11924 
   11934    11944    11961    11978    11996    12016    12035    12050 
   12069    12089    12108    12125    12145    12167    12186    12205 
   12225    12247    12267    12283    12302    12322    12341    12359 
   12375    12390    12403    12418    12432    12445    12456    12471 
   12487    12505    12519    12533    12545    12556    12563    12565 
   12569    12573    12580    12591    12604    12617    12633    12650 
   12665    12676    12684    12688    12694    12696    12694    12696 
   12703    12707    12713    12725    12735    12746    12758    12769 
   12777    12789    12798    12800    12806    12811    12810    12812 
   12816    12814    12814    12815    12814    12811    12807    12802 
   12796    12791    12785    12779    12773    12769    12764    12756 
   12752    12742    12730    12719    12706    12688    12671    12652 
   12631    12611    12596    12579    12559    12542    12526    12510 
   12492    12475    12455    12433    12410    12387    12359    12334 
   12312    12287    12264    12244    12221    12198    12178    12160 
   12144    12132    12122    12114    12108    12106    12104    12100 
   12097    12093    12089    12085    12081    12079    12078    12078 
   12083    12091    12100    12112    12124    12137    12151    12168 
   12186    12201    12218    12241    12263    12283    12309    12336 
   12361    12387    12411    12433    12452    12472    12491    12509 
   12519    12533    12544    12552    12563    12571    12575    12580 
   12588    12594    12594    12598    12604    12604    12603    12603 
   12602    12599    12594    12588    12581    12576    12573    12569 
   12565    12561    12557    12555    12550    12545    12540    12529 
   12518    12507    12498    12491    12484    12478    12475    12475 
   12472    12472    12475    12478    12483    12486    12487    12490 
   12490    12488    12487    12483    12479    12478    12474    12471 
   12474    12476    12478    12482    12486    12487    12490    12488 
   12487    12487    12483    12478    12472    12464    12461    12459 
   12455    12453    12451    12451    12452    12452    12449    12444 
   12438    12429    12417    12406    12391    12375    12361    12348 
   12334    12325    12314    12302    12291    12283    12270    12253 
   12239    12221    12205    12188    12174    12162    12150    12137 
   12127    12118    12108    12098    12086    12074    12064    12054 
   12044    12037    12033    12029    12021    12017    12012    12009 
   12009    12010    12013    12020    12027    12036    12051    12066 
   12082    12097    12112    12131    12150    12167    12183    12202 
   12218    12233    12248    12263    12278    12290    12305    12320 
   12336    12353    12371    12387    12406    12426    12442    12464 
   12487    12503    12518    12537    12555    12569    12584    12598 
   12609    12618    12629    12638    12647    12656    12661    12671 
   12680    12687    12691    12695    12698    12700    12699    12695 
   12692    12691    12683    12676    12671    12663    12654    12649 
   12645    12640    12633    12622    12614    12611    12603    12595 
   12590    12586    12583    12580    12577    12577    12576    12579 
   12581    12583    12583    12584    12583    12580    12575    12571 
   12565    12557    12545    12530    12515    12499    12479    12457 
   12438    12418    12396    12373    12351    12330    12307    12279 
   12251    12224    12195    12170    12141    12112    12091    12071 
   12046    12024    12006    11988    11969    11947    11932    11916 
   11900    11884    11869    11855    11842    11826    11811    11797 
   11781    11767    11755    11743    11735    11728    11722    11716 
   11713    11706    11701    11699    11693    11689    11685    11684 
   11682    11680    11678    11677    11673    11672    11672    11672 
   11670    11669    11668    11669    11673    11677    11678    11682 
   11688    11689    11688    11686    11689    11692    11689    11691 
   11695    11693    11689    11691    11695    11696    11696    11696 
   11701    11701    11701    11705    11708    11708    11712    11713 
   11712    11713    11713    11711    11711    11709    11705    11704 
   11700    11696    11695    11691    11688    11686    11684    11682 
   11681    11676    11668    11658    11650    11643    11632    11620 
   11612    11601    11592    11587    11580    11574    11572    11570 
   11568    11564    11558    11554    11549    11545    11539    11534 
   11531    11527    11519    11514    11511    11508    11507    11507 
   11507    11506    11504    11503    11506    11508    11511    11510 
   11511    11514    11516    11521    11527    11533    11537    11541 
   11542    11542    11542    11538    11530    11524    11519    11514 
   11510    11502    11493    11488    11485    11479    11472    11466 
   11457    11446    11433    11419    11406    11395    11385    11372 
   11361    11356    11350    11348    11348    11348    11346    11345 
   11345    11344    11346    11349    11349    11352    11358    11368 
   11375    11385    11400    11411    11421    11433    11448    11460 
   11472    11484    11495    11507    11518    11531    11545    11554 
   11564    11576    11584    11589    11597    11601    11601    11604 
   11605    11605    11608    11612    11612    11616    11622    11624 
   11627    11634    11638    11641    11642    11642    11642    11643 
   11642    11642    11641    11634    11630    11626    11623    11616 
   11607    11599    11595    11589    11585    11583    11581    11583 
   11587    11587    11585    11587    11587    11584    11580    11580 
   11581    11583    11585    11587    11592    11599    11610    11618 
   11624    11634    11642    11647    11657    11663    11663    11666 
   11669    11670    11676    11680    11684    11686    11688    11692 
   11696    11703    11708    11715    11723    11731    11739    11749 
   11757    11767    11778    11789    11800    11812    11821    11831 
   11843    11855    11867    11881    11898    11911    11921    11934 
   11950    11962    11974    11986    12001    12013    12023    12032 
   12042    12050    12054    12060    12070    12073    12077    12083 
   12091    12098    12104    12106    12110    12112    12114    12117 
   12116    12112    12109    12104    12100    12094    12087    12079 
   12070    12062    12056    12051    12043    12039    12037    12036 
   12031    12028    12028    12028    12027    12027    12027    12025 
   12025    12028    12029    12032    12032    12032    12035    12039 
   12037    12033    12031    12027    12020    12016    12015    12012 
   12009    12009    12008    12005    12002    12001    11996    11990 
   11986    11983    11979    11977    11974    11975    11977    11979 
   11988    11993    11994    11997    12001    12002    12005    12008 
   12006    12005    12009    12010    12010    12012    12015    12019 
   12020    12024    12029    12033    12035    12039    12046    12055 
   12056    12062    12074    12082    12093    12108    12118    12132 
   12150    12163    12178    12193    12208    12225    12241    12256 
   12271    12283    12297    12313    12326    12340    12352    12363 
   12376    12387    12401    12413    12422    12434    12449    12461 
   12471    12483    12494    12502    12511    12521    12526    12532 
   12538    12544    12550    12561    12569    12576    12584    12592 
   12598    12603    12609    12613    12614    12617    12614    12614 
   12619    12617    12614    12618    12618    12617    12614    12611 
   12609    12607    12607    12604    12603    12604    12600    12595 
   12592    12591    12586    12583    12579    12573    12568    12560 
   12553    12552    12548    12540    12537    12534    12528    12521 
   12517    12511    12505    12499    12496    12494    12487    12483 
   12482    12478    12475    12474    12469    12465    12467    12467 
   12468    12471    12474    12475    12475    12478    12480    12482 
   12487    12491    12492    12496    12503    12509    12515    12523 
   12532    12541    12552    12564    12576    12591    12604    12617 
   12627    12638    12649    12654    12660    12668    12672    12675 
   12679    12676    12675    12680    12680    12684    12687    12684 
   12683    12683    12677    12673    12668    12660    12654    12650 
   12645    12638    12633    12627    12623    12614    12607    12602 
   12595    12586    12575    12565    12556    12548    12537    12528 
   12521    12515    12510    12505    12503    12496    12488    12483 
   12479    12474    12468    12463    12459    12456    12455    12455 
   12456    12460    12463    12465    12468    12471    12471    12472 
   12474    12476    12478    12479    12483    12487    12492    12501 
   12509    12521    12530    12538    12545    12553    12561    12569 
   12580    12591    12600    12609    12618    12626    12631    12637 
   12642    12646    12653    12657    12658    12664    12668    12668 
   12671    12673    12672    12671    12671    12667    12665    12663 
   12658    12657    12656    12654    12653    12650    12642    12636 
   12630    12625    12619    12617    12617    12613    12609    12607 
   12609    12606    12600    12599    12594    12587    12584    12580 
   12580    12581    12580    12577    12579    12580    12579    12580 
   12583    12583    12583    12581    12583    12586    12588    12590 
   12591    12595    12599    12598    12596    12594    12592    12590 
   12587    12584    12583    12579    12575    12571    12564    12555 
   12548    12542    12533    12521    12507    12494    12479    12464 
   12448    12428    12405    12382    12360    12337    12312    12287 
   12263    12241    12221    12198    12171    12148    12131    12109 
   12085    12066    12046    12024    12006    11992    11973    11954 
   11937    11921    11904    11889    11874    11858    11843    11828 
   11812    11796    11778    11762    11747    11726    11706    11689 
   11669    11650    11630    11610    11591    11572    11551    11534 
   11519    11507    11496    11484    11476    11468    11461    11455 
   11452    11446    11439    11431    11425    11422    11421    11418 
   11414    11410    11403    11399    11395    11395    11398    11395 
   11394    11394    11391    11385    11383    11379    11375    11373 
   11372    11372    11372    11373    11379    11384    11394    11403 
   11407    11414    11425    11433    11441    11448    11454    11464 
   11472    11480    11488    11497    11504    11511    11516    11521 
   11527    11530    11533    11534    11535    11537    11538    11538 
   11538    11539    11538    11538    11542    11543    11541    11542 
   11546    11546    11543    11545    11543    11541    11543    11547 
   11551    11553    11551    11556    11562    11561    11561    11568 
   11573    11576    11580    11583    11587    11593    11600    11607 
   11615    11622    11628    11634    11639    11645    11653    11659 
   11666    11673    11680    11685    11689    11693    11696    11695 
   11695    11695    11693    11696    11695    11691    11689    11684 
   11678    11678    11676    11668    11662    11657    11647    11637 
   11628    11620    11610    11597    11589    11581    11570    11560 
   11546    11534    11524    11514    11500    11488    11475    11461 
   11449    11434    11418    11404    11391    11377    11367    11358 
   11350    11341    11334    11329    11322    11315    11308    11303 
   11298    11291    11284    11277    11273    11272    11268    11265 
   11264    11263    11264    11264    11261    11259    11261    11263 
   11260    11257    11254    11250    11247    11244    11237    11230 
   11221    11213    11206    11196    11187    11179    11169    11161 
   11156    11149    11141    11133    11122    11113    11099    11086 
   11076    11068    11057    11045    11037    11029    11021    11016 
   11011    11007    11003    11006    11006    11003    11005    11009 
   11010    11010    11014    11020    11024    11029    11036    11044 
   11055    11068    11080    11094    11109    11118    11132    11151 
   11168    11181    11196    11214    11234    11250    11265    11280 
   11299    11317    11337    11356    11372    11391    11412    11431 
   11450    11469    11487    11504    11520    11538    11553    11564 
   11578    11592    11601    11614    11626    11634    11642    11649 
   11657    11663    11670    11678    11684    11686    11692    11700 
   11706    11709    11715    11719    11724    11731    11738    11743 
   11747    11750    11753    11754    11758    11765    11769    11770 
   11776    11780    11780    11781    11788    11792    11793    11796 
   11799    11800    11801    11804    11808    11811    11812    11819 
   11826    11831    11836    11846    11853    11861    11870    11878 
   11885    11896    11904    11913    11928    11940    11947    11961 
   11971    11979    11992    12004    12016    12027    12040    12058 
   12073    12086    12098    12112    12127    12143    12155    12170 
   12183    12194    12204    12214    12224    12231    12239    12247 
   12256    12266    12274    12283    12291    12297    12306    12317 
   12329    12340    12348    12360    12373    12386    12399    12414 
   12428    12441    12456    12475    12492    12505    12521    12540 
   12557    12571    12587    12602    12618    12636    12649    12664 
   12680    12698    12710    12725    12738    12750    12762    12777 
   12789    12798    12810    12822    12833    12843    12854    12865 
   12873    12881    12891    12898    12907    12916    12923    12931 
   12941    12949    12957    12966    12974    12984    12993    13005 
   13015    13019    13026    13032    13036    13039    13041    13042 
   13045    13045    13045    13043    13043    13046    13047    13046 
   13047    13049    13047    13045    13045    13046    13045    13045 
   13042    13039    13036    13035    13035    13035    13032    13030 
   13030    13030    13027    13028    13027    13022    13019    13016 
   13014    13011    13007    13001    12997    12991    12984    12977 
   12970    12961    12954    12949    12943    12933    12924    12916 
   12906    12900    12892    12881    12874    12866    12854    12845 
   12837    12826    12816    12810    12800    12789    12781    12775 
   12768    12756    12749    12742    12735    12730    12723    12717 
   12708    12700    12698    12696    12691    12687    12684    12684 
   12683    12677    12673    12675    12673    12671    12671    12671 
   12671    12672    12676    12679    12680    12684    12688    12690 
   12694    12700    12708    12715    12721    12729    12738    12744 
   12746    12749    12756    12762    12765    12765    12764    12762 
   12764    12762    12758    12760    12761    12758    12754    12749 
   12744    12742    12735    12723    12719    12713    12706    12698 
   12691    12683    12679    12673    12665    12657    12647    12638 
   12630    12621    12613    12609    12603    12596    12591    12586 
   12577    12571    12567    12561    12555    12548    12542    12537 
   12532    12523    12517    12514    12509    12499    12491    12484 
   12475    12464    12455    12448    12437    12428    12420    12410 
   12402    12391    12379    12372    12363    12352    12344    12336 
   12328    12320    12312    12303    12297    12291    12283    12274 
   12267    12259    12251    12244    12235    12225    12218    12209 
   12201    12195    12185    12175    12170    12163    12152    12140 
   12129    12118    12108    12098    12089    12077    12064    12052 
   12037    12027    12019    12005    11992    11979    11966    11954 
   11942    11927    11914    11904    11894    11881    11871    11862 
   11851    11842    11836    11826    11813    11807    11799    11789 
   11780    11770    11762    11755    11743    11734    11728    11718 
   11708    11701    11693    11685    11682    11676    11669    11663 
   11655    11647    11641    11632    11623    11615    11605    11599 
   11592    11584    11576    11569    11564    11560    11554    11550 
   11546    11543    11539    11535    11531    11529    11529    11527 
   11526    11524    11523    11524    11526    11527    11529    11531 
   11531    11533    11535    11541    11546    11546    11550    11558 
   11561    11562    11564    11568    11570    11572    11574    11576 
   11572    11569    11566    11564    11561    11557    11553    11547 
   11542    11539    11535    11529    11521    11518    11512    11506 
   11499    11493    11485    11476    11469    11462    11458    11453 
   11445    11439    11434    11429    11419    11411    11404    11396 
   11388    11379    11371    11362    11354    11346    11337    11323 
   11313    11307    11296    11286    11279    11271    11259    11249 
   11246    11244    11237    11233    11230    11229    11227    11226 
   11230    11230    11230    11233    11236    11240    11244    11247 
   11253    11260    11263    11264    11268    11275    11280    11284 
   11290    11296    11302    11306    11310    11313    11318    11325 
   11327    11331    11337    11341    11342    11345    11346    11353 
   11360    11358    11360    11365    11369    11373    11376    11377 
   11383    11384    11384    11385    11387    11384    11385    11387 
   11385    11385    11387    11387    11388    11389    11388    11391 
   11396    11396    11398    11400    11404    11407    11408    11410 
   11412    11415    11418    11421    11422    11426    11429    11430 
   11434    11438    11441    11445    11452    11457    11462    11469 
   11476    11480    11485    11488    11492    11496    11503    11506 
   11508    11515    11520    11527    11537    11545    11549    11556 
   11566    11574    11578    11587    11596    11603    11610    11618 
   11626    11634    11642    11649    11653    11658    11665    11666 
   11668    11672    11676    11676    11678    11680    11684    11688 
   11691    11691    11695    11696    11699    11700    11701    11706 
   11711    11713    11713    11716    11722    11724    11726    11729 
   11731    11732    11734    11734    11735    11731    11726    11726 
   11726    11723    11720    11716    11712    11711    11708    11706 
   11704    11701    11699    11695    11692    11691    11688    11686 
   11689    11691    11693    11696    11700    11705    11706    11711 
   11720    11726    11729    11738    11747    11754    11762    11776 
   11786    11796    11807    11820    11832    11844    11858    11873 
   11886    11898    11912    11927    11940    11951    11962    11975 
   11988    11998    12009    12021    12033    12044    12056    12067 
   12078    12089    12100    12110    12120    12128    12139    12152 
   12163    12172    12181    12193    12204    12210    12218    12228 
   12240    12249    12258    12267    12279    12290    12301    12312 
   12324    12336    12348    12356    12366    12378    12386    12393 
   12405    12411    12417    12424    12429    12433    12439    12445 
   12449    12453    12460    12464    12467    12469    12472    12476 
   12476    12476    12479    12482    12482    12483    12486    12488 
   12488    12487    12490    12492    12491    12492    12494    12498 
   12502    12503    12505    12509    12513    12515    12517    12518 
   12523    12526    12526    12530    12534    12537    12538    12542 
   12544    12542    12544    12545    12545    12546    12546    12545 
   12548    12548    12548    12546    12548    12548    12548    12546 
   12544    12548    12548    12545    12544    12544    12546    12548 
   12548    12550    12550    12546    12546    12548    12545    12541 
   12541    12542    12538    12536    12534    12530    12526    12522 
   12517    12510    12502    12495    12488    12482    12475    12471 
   12463    12453    12447    12442    12438    12432    12425    12418 
   12410    12402    12398    12395    12387    12379    12375    12368 
   12363    12360    12359    12355    12349    12348    12347    12345 
   12344    12344    12345    12347    12349    12352    12353    12353 
   12357    12363    12368    12372    12379    12384    12390    12395 
   12403    12411    12414    12420    12426    12433    12437    12444 
   12449    12456    12461    12467    12474    12480    12483    12487 
   12491    12495    12501    12507    12511    12514    12518    12523 
   12529    12533    12538    12544    12545    12546    12552    12556 
   12557    12557    12559    12563    12564    12567    12569    12571 
   12575    12575    12571    12571    12573    12575    12571    12571 
   12571    12567    12563    12557    12555    12552    12546    12541 
   12537    12529    12526    12522    12514    12510    12510    12505 
   12501    12498    12494    12490    12486    12480    12475    12472 
   12468    12464    12457    12455    12453    12448    12441    12437 
   12433    12426    12422    12420    12414    12406    12405    12401 
   12395    12388    12380    12376    12372    12366    12360    12356 
   12349    12344    12341    12337    12332    12328    12322    12314 
   12310    12307    12301    12294    12291    12289    12283    12278 
   12272    12268    12266    12262    12256    12254    12248    12243 
   12240    12236    12231    12228    12226    12224    12221    12217 
   12213    12210    12206    12204    12202    12202    12198    12198 
   12197    12194    12188    12186    12185    12185    12182    12179 
   12177    12172    12168    12166    12160    12155    12152    12145 
   12143    12139    12133    12131    12128    12122    12121    12118 
   12110    12105    12105    12101    12094    12089    12085    12078 
   12074    12073    12071    12067    12062    12059    12055    12050 
   12046    12042    12036    12028    12019    12015    12009    11997 
   11990    11988    11979    11971    11967    11962    11955    11950 
   11944    11939    11935    11929    11925    11923    11916    11911 
   11908    11904    11900    11898    11897    11894    11894    11893 
   11890    11888    11888    11885    11885    11884    11880    11877 
   11875    11870    11867    11863    11858    11857    11851    11847 
   11844    11840    11838    11838    11834    11831    11830    11827 
   11824    11824    11820    11816    11817    11815    11809    11808 
   11807    11804    11804    11804    11803    11800    11799    11799 
   11797    11797    11800    11799    11796    11797    11799    11799 
   11803    11808    11811    11816    11824    11830    11831    11836 
   11842    11846    11851    11857    11862    11867    11875    11881 
   11888    11896    11901    11907    11916    11924    11928    11934 
   11942    11950    11956    11963    11969    11970    11975    11982 
   11983    11982    11988    11993    11996    11997    12000    12001 
   12002    12002    12001    12002    12002    12004    12004    12000 
   11998    12000    12000    11998    12000    11998    12000    12000 
   11996    11990    11988    11986    11983    11977    11969    11963 
   11959    11952    11942    11934    11928    11920    11908    11900 
   11890    11881    11871    11861    11848    11838    11834    11827 
   11815    11803    11792    11784    11774    11762    11751    11746 
   11736    11726    11718    11708    11700    11695    11691    11682 
   11676    11672    11665    11655    11651    11649    11642    11637 
   11630    11620    11616    11612    11604    11599    11593    11585 
   11578    11574    11573    11564    11556    11550    11545    11538 
   11534    11531    11526    11520    11518    11516    11512    11510 
   11508    11506    11504    11503    11503    11506    11507    11507 
   11508    11511    11510    11512    11518    11519    11521    11527 
   11530    11531    11535    11541    11541    11541    11543    11545 
   11549    11554    11556    11558    11564    11564    11566    11569 
   11570    11572    11574    11576    11578    11584    11587    11589 
   11593    11596    11599    11601    11600    11603    11608    11615 
   11619    11622    11628    11637    11642    11646    11655    11662 
   11668    11673    11677    11681    11686    11693    11703    11706 
   11711    11719    11726    11728    11736    11745    11749    11757 
   11762    11762    11766    11772    11777    11780    11782    11786 
   11790    11794    11800    11807    11811    11815    11823    11828 
   11831    11836    11842    11846    11850    11853    11854    11858 
   11862    11863    11866    11870    11870    11870    11874    11877 
   11877    11881    11886    11890    11894    11900    11902    11907 
   11908    11911    11914    11917    11920    11927    11931    11935 
   11940    11947    11952    11956    11959    11963    11969    11970 
   11974    11980    11982    11985    11992    11996    12000    12005 
   12010    12017    12021    12021    12027    12033    12036    12042 
   12046    12048    12052    12059    12064    12069    12074    12079 
   12082    12087    12096    12104    12108    12112    12118    12125 
   12132    12136    12140    12145    12150    12155    12163    12167 
   12174    12178    12179    12183    12185    12188    12194    12195 
   12198    12202    12201    12201    12204    12209    12213    12213 
   12217    12224    12225    12228    12235    12239    12240    12244 
   12248    12251    12253    12256    12260    12266    12272    12276 
   12279    12283    12289    12295    12301    12305    12309    12313 
   12316    12320    12324    12329    12332    12333    12337    12343 
   12347    12349    12353    12359    12363    12367    12370    12371 
   12373    12380    12383    12380    12382    12384    12384    12384 
   12383    12380    12376    12376    12373    12371    12368    12366 
   12361    12360    12357    12355    12352    12352    12352    12347 
   12344    12344    12341    12336    12332    12328    12326    12322 
   12317    12314    12313    12310    12309    12306    12306    12307 
   12306    12303    12303    12301    12299    12302    12306    12307 
   12309    12310    12313    12313    12314    12314    12316    12316 
   12318    12322    12325    12325    12324    12328    12330    12329 
   12330    12332    12332    12333    12334    12336    12336    12339 
   12339    12339    12341    12343    12345    12347    12345    12345 
   12344    12341    12340    12340    12339    12336    12332    12329 
   12326    12324    12320    12318    12314    12309    12305    12297 
   12293    12291    12287    12279    12276    12275    12271    12264 
   12259    12252    12248    12240    12231    12229    12228    12224 
   12221    12218    12216    12216    12214    12212    12210    12212 
   12212    12214    12216    12213    12213    12217    12220    12224 
   12226    12226    12229    12236    12237    12237    12243    12247 
   12248    12252    12259    12259    12259    12264    12264    12266 
   12270    12274    12276    12278    12282    12286    12291    12295 
   12301    12305    12307    12314    12322    12328    12329    12337 
   12345    12351    12356    12360    12366    12371    12375    12379 
   12384    12388    12393    12394    12395    12401    12403    12405 
   12409    12411    12410    12409    12409    12406    12406    12405 
   12402    12401    12396    12393    12391    12393    12391    12387 
   12384    12382    12380    12378    12375    12372    12368    12366 
   12363    12360    12355    12351    12349    12345    12341    12339 
   12336    12333    12326    12321    12317    12309    12303    12297 
   12290    12286    12278    12267    12263    12258    12248    12240 
   12235    12225    12217    12209    12201    12193    12185    12177 
   12168    12159    12151    12141    12135    12129    12121    12112 
   12109    12102    12094    12087    12081    12074    12067    12059 
   12056    12052    12046    12040    12036    12031    12027    12025 
   12021    12017    12012    12008    12004    11998    11993    11989 
   11986    11983    11979    11977    11977    11975    11971    11969 
   11970    11973    11971    11971    11971    11971    11971    11971 
   11970    11966    11965    11967    11966    11963    11962    11962 
   11961    11959    11956    11954    11954    11955    11954    11952 
   11951    11950    11952    11954    11951    11950    11952    11952 
   11950    11950    11950    11950    11951    11950    11947    11950 
   11947    11947    11947    11947    11946    11947    11947    11944 
   11943    11944    11944    11942    11942    11943    11942    11942 
   11939    11935    11932    11929    11927    11924    11921    11916 
   11912    11907    11901    11897    11894    11890    11886    11881 
   11877    11874    11869    11866    11865    11859    11854    11851 
   11844    11838    11835    11830    11828    11826    11820    11816 
   11812    11808    11804    11797    11793    11789    11782    11776 
   11770    11761    11753    11749    11743    11735    11728    11723 
   11716    11709    11701    11696    11689    11685    11682    11676 
   11670    11666    11659    11654    11650    11646    11643    11639 
   11637    11634    11632    11630    11627    11626    11624    11622 
   11622    11620    11620    11623    11622    11622    11623    11624 
   11624    11623    11624    11627    11628    11630    11630    11630 
   11632    11635    11635    11638    11641    11642    11645    11647 
   11650    11650    11651    11655    11658    11659    11662    11665 
   11669    11673    11681    11686    11689    11695    11699    11705 
   11715    11722    11727    11736    11746    11750    11755    11765 
   11776    11782    11790    11800    11808    11816    11823    11828 
   11835    11843    11851    11858    11866    11871    11877    11884 
   11889    11893    11898    11904    11909    11912    11916    11920 
   11921    11924    11927    11929    11931    11935    11936    11935 
   11937    11942    11944    11947    11950    11952    11956    11962 
   11963    11965    11967    11971    11975    11979    11982    11985 
   11988    11993    11997    11998    12000    12006    12012    12015 
   12020    12025    12029    12032    12037    12044    12046    12046 
   12050    12056    12060    12060    12064    12070    12073    12073 
   12075    12078    12079    12082    12083    12085    12087    12091 
   12094    12097    12097    12100    12102    12101    12100    12102 
   12105    12106    12105    12105    12109    12112    12112    12112 
   12112    12116    12120    12120    12118    12122    12127    12127 
   12127    12128    12129    12129    12129    12132    12133    12133 
   12133    12133    12132    12135    12136    12135    12133    12135 
   12135    12135    12133    12131    12127    12122    12121    12120 
   12117    12112    12112    12110    12106    12104    12101    12098 
   12096    12094    12091    12089    12085    12081    12075    12071 
   12069    12067    12060    12055    12054    12051    12048    12046 
   12043    12044    12044    12040    12040    12042    12040    12040 
   12039    12039    12039    12036    12036    12039    12040    12040 
   12042    12044    12044    12046    12048    12051    12052    12055 
   12055    12054    12055    12058    12059    12058    12059    12060 
   12060    12060    12064    12069    12070    12071    12073    12071 
   12073    12078    12077    12074    12075    12074    12073    12073 
