Origin Time       2016/04/16 01:25:00
Lat.              32.753
Long.             130.762
Depth. (km)       12
Mag.              7.3
Station Code      YMG010
Station Lat.      34.2304
Station Long.     131.9822
Station Height(m) 65
Record Time       2016/04/16 01:25:41
Sampling Freq(Hz) 100Hz
Duration Time(s)  105
Dir.              N-S
Scale Factor      7845(gal)/8223790
Max. Acc. (gal)   7.402
Last Correction   2016/04/16 01:25:42
Memo.             
    5350     5352     5352     5351     5350     5348     5351     5352 
    5350     5351     5352     5350     5350     5351     5352     5354 
    5351     5350     5350     5351     5352     5352     5354     5352 
    5350     5350     5351     5348     5347     5350     5352     5351 
    5350     5351     5351     5351     5352     5352     5351     5352 
    5352     5351     5351     5352     5352     5352     5354     5354 
    5352     5354     5352     5350     5352     5354     5352     5352 
    5352     5352     5352     5351     5351     5352     5351     5351 
    5352     5354     5351     5350     5351     5354     5354     5350 
    5351     5352     5351     5354     5354     5352     5352     5351 
    5350     5351     5350     5350     5351     5352     5351     5351 
    5350     5350     5351     5351     5351     5351     5351     5352 
    5352     5351     5350     5350     5351     5350     5350     5350 
    5350     5350     5348     5350     5352     5351     5351     5351 
    5350     5350     5351     5351     5350     5351     5352     5352 
    5352     5354     5354     5351     5350     5351     5352     5351 
    5351     5351     5352     5351     5351     5351     5350     5351 
    5354     5350     5350     5352     5351     5350     5351     5352 
    5351     5350     5348     5352     5352     5348     5351     5354 
    5352     5351     5352     5354     5352     5354     5354     5351 
    5350     5350     5350     5351     5352     5352     5351     5350 
    5347     5347     5350     5350     5347     5350     5354     5351 
    5347     5348     5352     5351     5350     5351     5350     5350 
    5351     5351     5350     5350     5351     5350     5350     5352 
    5350     5348     5350     5350     5350     5352     5354     5352 
    5350     5350     5348     5350     5352     5352     5350     5350 
    5350     5350     5350     5351     5351     5352     5352     5350 
    5348     5351     5351     5351     5351     5351     5351     5351 
    5352     5352     5352     5351     5350     5348     5351     5352 
    5351     5351     5352     5350     5348     5348     5351     5351 
    5350     5350     5352     5354     5352     5351     5350     5351 
    5355     5354     5351     5350     5350     5352     5354     5352 
    5352     5352     5347     5348     5354     5352     5351     5352 
    5351     5350     5351     5354     5354     5351     5351     5350 
    5350     5352     5354     5352     5351     5351     5352     5352 
    5352     5351     5351     5354     5351     5347     5350     5351 
    5350     5350     5354     5354     5351     5351     5351     5351 
    5352     5351     5351     5354     5352     5350     5350     5350 
    5350     5350     5352     5350     5347     5351     5355     5354 
    5351     5350     5350     5352     5352     5348     5350     5352 
    5351     5350     5351     5354     5355     5351     5348     5350 
    5351     5351     5354     5355     5350     5348     5352     5352 
    5351     5351     5351     5351     5350     5351     5352     5354 
    5352     5350     5348     5352     5354     5350     5350     5351 
    5350     5351     5352     5350     5350     5352     5351     5350 
    5351     5350     5348     5351     5352     5352     5352     5351 
    5352     5352     5351     5351     5352     5351     5350     5348 
    5352     5354     5351     5351     5350     5348     5350     5352 
    5351     5350     5351     5351     5351     5352     5351     5351 
    5352     5352     5351     5351     5351     5351     5351     5351 
    5351     5352     5355     5354     5351     5351     5351     5351 
    5352     5351     5348     5350     5352     5351     5348     5348 
    5348     5351     5352     5351     5350     5351     5351     5350 
    5350     5352     5354     5352     5350     5350     5351     5351 
    5350     5351     5351     5351     5351     5350     5351     5354 
    5352     5350     5350     5350     5351     5351     5350     5351 
    5351     5348     5351     5352     5350     5350     5351     5350 
    5350     5351     5350     5348     5350     5350     5352     5352 
    5351     5351     5350     5351     5351     5350     5351     5351 
    5351     5354     5354     5352     5351     5348     5350     5350 
    5350     5352     5354     5350     5350     5352     5352     5351 
    5354     5352     5348     5348     5351     5350     5350     5351 
    5352     5351     5351     5352     5351     5348     5348     5350 
    5350     5351     5352     5352     5351     5351     5352     5352 
    5351     5351     5351     5352     5352     5351     5350     5350 
    5351     5351     5351     5350     5350     5351     5351     5351 
    5351     5351     5350     5350     5351     5351     5351     5352 
    5352     5351     5351     5352     5354     5352     5352     5351 
    5350     5348     5350     5352     5352     5350     5348     5348 
    5351     5352     5351     5351     5350     5350     5352     5351 
    5350     5352     5352     5350     5350     5352     5352     5351 
    5351     5350     5351     5352     5350     5347     5350     5354 
    5355     5354     5352     5351     5352     5352     5351     5352 
    5352     5350     5351     5351     5348     5350     5352     5352 
    5351     5350     5352     5352     5350     5350     5352     5350 
    5350     5350     5348     5352     5352     5350     5351     5352 
    5351     5351     5352     5351     5351     5351     5350     5350 
    5350     5350     5351     5354     5355     5352     5350     5350 
    5351     5351     5351     5351     5352     5351     5350     5352 
    5351     5348     5350     5351     5351     5351     5351     5350 
    5350     5351     5352     5354     5351     5347     5348     5351 
    5352     5352     5350     5348     5351     5354     5352     5350 
    5351     5352     5351     5348     5348     5348     5347     5351 
    5352     5350     5350     5350     5351     5351     5350     5350 
    5352     5352     5352     5351     5351     5355     5354     5350 
    5352     5352     5351     5351     5351     5352     5354     5351 
    5350     5351     5351     5351     5352     5352     5351     5350 
    5352     5352     5350     5351     5351     5351     5351     5351 
    5352     5355     5352     5350     5354     5354     5351     5351 
    5351     5350     5351     5351     5351     5351     5351     5350 
    5350     5351     5352     5348     5347     5351     5352     5352 
    5351     5351     5352     5351     5351     5354     5354     5350 
    5350     5354     5355     5351     5348     5351     5352     5350 
    5347     5350     5352     5352     5350     5348     5350     5352 
    5354     5351     5347     5350     5351     5351     5354     5354 
    5350     5348     5350     5350     5351     5352     5351     5351 
    5351     5350     5351     5352     5350     5348     5352     5354 
    5352     5351     5351     5350     5351     5354     5351     5350 
    5352     5352     5352     5351     5351     5351     5351     5352 
    5351     5348     5350     5351     5352     5352     5352     5352 
    5352     5351     5352     5354     5352     5351     5350     5350 
    5350     5350     5351     5354     5354     5350     5350     5352 
    5351     5352     5352     5350     5348     5348     5348     5351 
    5351     5350     5351     5352     5351     5352     5352     5352 
    5354     5351     5348     5352     5352     5350     5351     5354 
    5350     5347     5351     5354     5351     5351     5351     5351 
    5352     5354     5352     5350     5351     5350     5348     5352 
    5354     5351     5348     5348     5351     5354     5352     5350 
    5350     5351     5350     5352     5352     5350     5350     5351 
    5351     5350     5350     5348     5350     5351     5352     5352 
    5352     5351     5351     5352     5352     5352     5352     5352 
    5351     5351     5351     5351     5351     5348     5350     5351 
    5351     5352     5352     5350     5348     5350     5351     5352 
    5351     5350     5350     5351     5351     5351     5351     5351 
    5352     5352     5351     5351     5354     5355     5354     5351 
    5351     5352     5351     5351     5350     5348     5352     5354 
    5350     5350     5352     5352     5351     5348     5350     5351 
    5351     5351     5351     5352     5351     5348     5350     5352 
    5350     5350     5354     5354     5351     5351     5352     5352 
    5352     5352     5351     5351     5352     5354     5355     5351 
    5350     5351     5352     5354     5352     5351     5351     5350 
    5350     5351     5350     5350     5352     5352     5351     5351 
    5352     5351     5350     5350     5351     5352     5350     5351 
    5352     5350     5348     5350     5350     5351     5352     5351 
    5350     5351     5352     5351     5352     5354     5352     5348 
    5348     5348     5351     5354     5352     5348     5350     5352 
    5351     5350     5351     5348     5350     5350     5348     5350 
    5351     5350     5351     5350     5347     5348     5347     5347 
    5348     5347     5346     5348     5348     5347     5347     5343 
    5343     5346     5343     5339     5339     5341     5341     5339 
    5339     5339     5339     5339     5337     5339     5339     5339 
    5339     5341     5339     5339     5341     5339     5341     5341 
    5341     5344     5350     5351     5350     5350     5351     5354 
    5355     5356     5355     5356     5359     5360     5360     5363 
    5364     5362     5359     5358     5358     5356     5358     5360 
    5363     5366     5370     5371     5370     5363     5358     5354 
    5352     5350     5348     5350     5354     5356     5358     5359 
    5360     5358     5352     5352     5360     5367     5371     5367 
    5360     5360     5363     5359     5352     5350     5348     5355 
    5367     5374     5374     5370     5366     5363     5364     5364 
    5356     5346     5346     5352     5360     5364     5358     5341 
    5325     5316     5314     5321     5336     5354     5373     5383 
    5382     5375     5371     5371     5362     5347     5339     5347 
    5363     5381     5386     5370     5343     5317     5301     5308 
    5332     5355     5367     5368     5366     5375     5391     5391 
    5363     5325     5298     5300     5329     5371     5394     5390 
    5375     5364     5364     5373     5373     5351     5323     5316 
    5327     5336     5336     5325     5306     5292     5294     5310 
    5327     5333     5339     5358     5390     5417     5422     5401 
    5362     5332     5327     5336     5354     5367     5364     5358 
    5363     5377     5383     5370     5339     5320     5316     5335 
    5367     5393     5390     5356     5313     5292     5308     5339 
    5346     5313     5273     5260     5282     5310     5320     5317 
    5310     5296     5273     5252     5228     5213     5227     5258 
    5289     5310     5321     5324     5324     5325     5327     5331 
    5347     5371     5397     5422     5440     5439     5422     5401 
    5366     5319     5282     5277     5293     5320     5360     5404 
    5431     5429     5402     5362     5333     5339     5354     5335 
    5282     5233     5229     5270     5316     5325     5289     5232 
    5190     5196     5244     5314     5374     5397     5370     5321 
    5296     5314     5346     5347     5314     5278     5271     5310 
    5373     5409     5389     5333     5277     5242     5239     5267 
    5298     5308     5310     5328     5341     5325     5287     5262 
    5268     5301     5328     5348     5377     5395     5385     5356 
    5323     5283     5254     5252     5281     5335     5391     5422 
    5431     5435     5439     5428     5394     5363     5354     5354 
    5351     5343     5337     5343     5347     5325     5270     5205 
    5164     5173     5228     5314     5401     5463     5498     5508 
    5475     5390     5268     5146     5067     5071     5146     5247 
    5331     5364     5360     5366     5397     5445     5509     5559 
    5559     5510     5443     5377     5333     5309     5310     5331 
    5363     5418     5505     5589     5613     5566     5472     5375 
    5313     5298     5308     5305     5275     5238     5233     5275 
    5317     5313     5270     5227     5219     5254     5312     5373 
    5422     5452     5459     5431     5370     5310     5286     5300 
    5347     5413     5466     5468     5425     5377     5374     5409 
    5422     5370     5271     5192     5179     5229     5304     5375 
    5439     5489     5505     5474     5405     5324     5250     5206 
    5225     5298     5366     5390     5377     5341     5325     5360 
    5418     5435     5408     5406     5462     5543     5597     5585 
    5506     5390     5297     5275     5336     5429     5483     5468 
    5418     5381     5362     5343     5323     5279     5173     5036 
    4973     5046     5248     5501     5670     5667     5535     5355 
    5178     5081     5134     5265     5331     5298     5231     5185 
    5205     5337     5541     5687     5688     5585     5481     5441 
    5475     5545     5563     5481     5348     5254     5281     5436 
    5622     5734     5760     5757     5741     5684     5543     5270 
    4905     4576     4384     4372     4556     4878     5184     5381 
    5525     5688     5836     5864     5732     5498     5243     5027 
    4918     4931     4963     4922     4861     4930     5186     5508 
    5683     5621     5429     5294     5300     5379     5455     5486 
    5458     5405     5408     5513     5698     5884     5991     6014 
    5994     5925     5776     5539     5220     4907     4750     4807 
    4962     5067     5055     4935     4799     4776     4889     5032 
    5147     5290     5472     5539     5387     5144     5036     5186 
    5547     5972     6312     6454     6366     6188     6097     6103 
    6029     5741     5312     4939     4742     4656     4540     4348 
    4176     4131     4243     4507     4899     5304     5535     5571 
    5590     5719     5918     6077     6141     6142     6133     6085 
    5949     5741     5521     5312     5152     5119     5192     5232 
    5179     5173     5356     5688     5985     6089     5981     5741 
    5475     5267     5204     5366     5698     5989     6081     5937 
    5563     5063     4657     4502     4554     4645     4684     4764 
    5007     5359     5643     5757     5737     5652     5555     5489 
    5443     5339     5144     4973     4932     4972     5001     5034 
    5097     5169     5300     5621     6118     6546     6619     6254 
    5655     5090     4693     4494     4469     4581     4862     5375 
    6006     6504     6678     6442     5825     5080     4529     4295 
    4278     4321     4310     4266     4371     4804     5521     6259 
    6735     6837     6685     6431     6115     5746     5367     4996 
    4625     4286     4032     3896     3910     4158     4733     5584 
    6473     7092     7175     6679     5892     5158     4608     4263 
    4090     3928     3712     3693     4098     4776     5427     5904 
    6204     6377     6478     6498     6432     6347     6219     5861 
    5192     4487     4172     4455     5192     5989     6496     6637 
    6512     6212     5898     5726     5609     5260     4557     3676 
    2986     2870     3414     4260     4934     5252     5406     5722 
    6304     6933     7290     7210     6774     6166     5513     4889 
    4367     4017     3924     4140     4611     5229     5960     6739 
    7281     7234     6624     5846     5167     4568     3960     3435 
    3388     4162     5486     6650     7207     7254     7126     7061 
    7076     7038     6829     6465     6118     5953     5987     6135 
    6301     6338     6104     5633     5131     4811     4772     5030 
    5489     5902     6029     5809     5356     4887     4684     4955 
    5665     6561     7342     7815     7958     7844     7547     7114 
    6559     5834     4955     4109     3577     3597     4205     5084 
    5764     6079     6133     6027     5849     5644     5398     5202 
    5255     5652     6303     6876     6982     6667     6359     6234 
    6153     6060     6006     5979     5956     6003     6133     6259 
    6269     6010     5425     4814     4648     5067     5795     6458 
    6813     6759     6330     5675     4930     4178     3585     3423 
    3901     4997     6404     7657     8413     8540     8135     7416 
    6562     5683     4961     4590     4585     4804     5109     5355 
    5323     4904     4263     3744     3669     4107     4849     5599 
    6076     6044     5560     4932     4461     4324     4499     4830 
    5240     5713     6145     6442     6562     6463     6203     5940 
    5792     5780     5837     5848     5688     5271     4710     4369 
    4510     5005     5478     5656     5512     5202     4977     5001 
    5289     5748     6200     6447     6431     6226     5899     5487 
    5080     4801     4762     4999     5416     5864     6231     6359 
    6108     5594     5144     4945     4936     4965     4891     4648 
    4278     3929     3844     4171     4806     5570     6345     6916 
    7065     6863     6540     6252     6035     5744     5211     4563 
    4055     3805     3939     4538     5247     5571     5412     5003 
    4687     4685     4878     5063     5259     5466     5580     5587 
    5533     5454     5377     5305     5332     5575     5919     6203 
    6450     6566     6277     5514     4531     3781     3607     3932 
    4430     4868     5166     5341     5437     5448     5406     5379 
    5393     5413     5406     5368     5401     5602     5883     6118 
    6272     6350     6413     6477     6350     5898     5292     4833 
    4665     4718     4795     4738     4529     4205     3742     3213 
    2929     3180     3925     4973     6129     6999     7136     6550 
    5656     4826     4220     3898     3867     4116     4542     4977 
    5347     5626     5652     5343     4955     4789     4864     4955 
    4756     4197     3607     3307     3312     3549     3981     4457 
    4820     5101     5394     5703     5911     5790     5246     4558 
    4107     3975     3978     3979     3977     4017     4189     4615 
    5309     6087     6644     6690     6160     5335     4614     4140 
    3851     3786     4064     4549     4865     4810     4487     4079 
    3759     3719     4020     4428     4668     4750     4823     4882 
    4932     5065     5197     5086     4677     4168     3874     4058 
    4703     5462     5979     6118     5864     5321     4826     4687 
    4865     5143     5397     5547     5536     5459     5518     5753 
    5929     5775     5277     4599     3929     3515     3591     4158 
    4999     5792     6296     6524     6604     6507     6114     5418 
    4668     4297     4549     5198     5780     5975     5756     5327 
    4927     4654     4463     4228     3955     3879     4129     4490 
    4726     4800     4851     5093     5549     5948     6049     5837 
    5381     4792     4256     3929     3835     3882     3906     3851 
    3875     4112     4410     4500     4317     4083     4086     4347 
    4639     4810     4862     4882     5038     5429     5891     6169 
    6222     6166     6041     5791     5467     5232     5123     5071 
    5103     5273     5517     5705     5730     5598     5428     5313 
    5266     5240     5142     4954     4730     4419     4012     3727 
    3773     4098     4498     4796     4936     4985     5063     5265 
    5552     5760     5800     5705     5455     5031     4565     4167 
    3819     3569     3572     3927     4571     5258     5817     6342 
    6880     7150     6922     6356     5779     5404     5305     5439 
    5679     5887     5981     6039     6212     6413     6355     5971 
    5551     5367     5431     5607     5719     5609     5331     5042 
    4745     4428     4284     4484     4907     5358     5883     6564 
    7210     7520     7335     6581     5409     4401     4185     4822 
    5769     6377     6377     5968     5522     5273     5247     5374 
    5611     5937     6285     6588     6791     6786     6393     5605 
    4774     4391     4585     5050     5447     5661     5709     5665 
    5689     5890     6164     6309     6226     5980     5715     5456 
    5161     4934     4911     4986     4961     4804     4602     4405 
    4256     4236     4369     4612     4918     5188     5205     4892 
    4513     4378     4469     4568     4552     4456     4395     4457 
    4633     4822     4965     5117     5337     5483     5292     4773 
    4284     4109     4232     4548     4961     5270     5314     5212 
    5196     5294     5379     5304     4922     4241     3555     3219 
    3369     3870     4414     4754     4812     4629     4402     4369 
    4554     4789     4963     5046     5047     5080     5212     5271 
    5070     4742     4541     4477     4422     4324     4189     4036 
    3960     4090     4421     4810     5127     5275     5178     4911 
    4689     4660     4846     5138     5293     5188     4976     4808 
    4691     4660     4718     4791     4880     4996     5032     4835 
    4395     3943     3778     4040     4646     5335     5798     5917 
    5787     5566     5377     5337     5481     5647     5556     5146 
    4634     4202     3785     3302     2914     2941     3497     4418 
    5397     6035     6115     5872     5732     5850     6122     6358 
    6363     6068     5614     5242     5082     5096     5123     4996 
    4703     4484     4618     5074     5516     5682     5644     5582 
    5510     5343     5112     4962     4950     4951     4873     4814 
    4881     5013     5135     5227     5254     5215     5164     5125 
    5093     5060     4954     4712     4445     4310     4286     4252 
    4203     4228     4341     4495     4727     5042     5321     5486 
    5552     5583     5682     5967     6405     6782     6821     6409 
    5765     5327     5377     5795     6178     6222     5917     5456 
    5062     4831     4758     4843     5036     5162     5093     4932 
    4846     4838     4826     4818     4873     5035     5373     5898 
    6435     6750     6777     6592     6309     6072     5988     6049 
    6166     6297     6399     6354     6124     5864     5792     5968 
    6297     6635     6902     7075     7149     7163     7195     7254 
    7207     6848     6150     5355     4770     4571     4818     5413 
    6108     6706     7118     7268     7125     6772     6367     6091 
    6049     6134     6174     6158     6195     6338     6586     6940 
    7357     7700     7823     7689     7365     6928     6443     5977 
    5606     5468     5675     6118     6540     6809     6903     6806 
    6612     6494     6457     6365     6176     5942     5722     5610 
    5740     6076     6374     6486     6465     6430     6492     6706 
    6956     7056     6972     6777     6508     6195     5871     5568 
    5405     5498     5790     6142     6493     6808     7056     7231 
    7277     7096     6671     6133     5711     5556     5628     5849 
    6235     6673     6881     6781     6521     6228     6025     6092 
    6427     6711     6679     6459     6349     6408     6471     6400 
    6201     5971     5746     5529     5343     5209     5151     5206 
    5337     5427     5431     5458     5609     5844     6069     6264 
    6423     6438     6189     5726     5198     4753     4579     4715 
    4931     5013     4989     4989     5055     5109     5130     5254 
    5578     6006     6408     6686     6771     6608     6153     5464 
    4801     4483     4648     5182     5775     6130     6173     6022 
    5838     5736     5721     5734     5710     5598     5390     5173 
    5046     5046     5221     5579     5944     6123     6122     6037 
    5890     5706     5609     5647     5689     5613     5447     5202 
    4814     4372     4101     4112     4388     4864     5305     5417 
    5134     4661     4317     4388     4923     5675     6336     6716 
    6723     6408     5911     5387     5013     4911     5062     5429 
    5968     6517     6898     7021     6812     6258     5483     4689 
    4120     3979     4271     4779     5250     5564     5670     5502 
    5076     4556     4191     4149     4375     4671     4874     4876 
    4652     4355     4200     4320     4715     5243     5687     5927 
    5968     5902     5831     5760     5684     5675     5691     5582 
    5312     4981     4785     4936     5421     5961     6278     6277 
    6010     5571     5078     4695     4526     4577     4852     5301 
    5705     5840     5727     5589     5572     5655     5764     5867 
    5926     5904     5814     5764     5845     5957     5856     5517 
    5235     5256     5510     5826     6064     6156     6183     6239 
    6290     6299     6272     6123     5814     5493     5339     5371 
    5486     5630     5814     5902     5628     4923     4086     3592 
    3748     4476     5436     6312     6936     7250     7323     7269 
    7071     6586     5798     4972     4440     4330     4510     4773 
    4973     5070     5121     5136     5027     4776     4475     4252 
    4271     4633     5155     5459     5355     5038     4837     4936 
    5265     5516     5414     5024     4626     4423     4423     4515 
    4591     4619     4614     4642     4792     5090     5494     5900 
    6160     6150     5917     5665     5557     5506     5271     4787 
    4225     3792     3605     3748     4200     4779     5251     5443 
    5259     4738     4133     3819     3986     4499     5123     5694 
    6122     6363     6381     6124     5727     5458     5394     5409 
    5429     5479     5563     5651     5703     5682     5567     5362 
    5086     4789     4545     4415     4437     4606     4851     5070 
    5254     5472     5722     5919     6002     5902     5568     5084 
    4707     4635     4828     5093     5248     5228     5124     5050 
    4999     4884     4668     4378     4097     3940     3987     4186 
    4398     4548     4692     4922     5221     5463     5512     5367 
    5166     4999     4843     4712     4722     4932     5233     5431 
    5428     5289     5117     4965     4845     4729     4561     4369 
    4344     4656     5219     5782     6180     6351     6211     5751 
    5162     4718     4581     4704     4891     4999     5026     5008 
    4903     4626     4241     3979     4003     4288     4653     4833 
    4696     4403     4233     4301     4464     4541     4486     4390 
    4391     4590     4942     5286     5524     5648     5629     5406 
    4935     4310     3815     3665     3815     4159     4660     5188 
    5548     5667     5634     5613     5713     5877     5873     5479 
    4707     3790     3001     2571     2660     3183     3858     4463 
    4954     5418     5927     6393     6631     6589     6377     6124 
    5906     5763     5699     5644     5524     5410     5479     5759 
    6093     6349     6430     6259     5918     5587     5356     5198 
    5096     5101     5242     5470     5688     5733     5441     4888 
    4413     4307     4548     4915     5244     5510     5688     5706 
    5572     5405     5225     4958     4604     4266     4055     4033 
    4143     4295     4534     4931     5364     5582     5510     5348 
    5323     5481     5694     5790     5683     5404     5063     4855 
    4916     5084     5055     4787     4515     4431     4502     4560 
    4530     4491     4552     4742     4989     5184     5332     5532 
    5730     5810     5848     5944     5985     5825     5517     5235 
    5111     5185     5400     5533     5382     5027     4748     4720 
    4904     5124     5244     5297     5400     5552     5668     5713 
    5694     5628     5555     5525     5537     5519     5417     5301 
    5304     5448     5652     5846     6006     6095     6110     6112 
    6157     6203     6184     6114     6034     5958     5934     5972 
    6002     6004     6002     5925     5714     5475     5362     5435 
    5621     5755     5744     5593     5331     5034     4781     4606 
    4635     4980     5458     5752     5745     5548     5336     5247 
    5297     5379     5410     5421     5487     5636     5830     5995 
    6079     6115     6157     6183     6147     6025     5849     5729 
    5775     5994     6258     6369     6185     5727     5185     4827 
    4811     5053     5348     5570     5734     5922     6170     6463 
    6717     6779     6554     6153     5798     5611     5589     5699 
    5841     5880     5775     5559     5271     5003     4849     4799 
    4811     4889     5015     5163     5401     5748     6025     6031 
    5784     5420     5059     4814     4781     4992     5402     5884 
    6262     6389     6265     5998     5667     5328     5092     4996 
    4914     4699     4356     4074     4094     4464     5020     5579 
    6050     6358     6465     6436     6405     6417     6420     6397 
    6426     6501     6440     6084     5537     5101     5035     5367 
    5857     6195     6252     6158     6162     6382     6666     6789 
    6701     6469     6174     5953     5884     5906     5940     5988 
    6037     6041     5984     5879     5724     5537     5370     5310 
    5447     5702     5873     5914     5953     6057     6135     6064 
    5834     5560     5335     5247     5382     5706     6083     6413 
    6583     6443     6011     5508     5139     4999     5127     5468 
    5884     6278     6582     6643     6342     5755     5130     4716 
    4646     4916     5439     6037     6453     6455     6031     5470 
    5092     4914     4781     4688     4747     4959     5220     5478 
    5733     5919     5917     5749     5559     5422     5356     5358 
    5386     5386     5320     5158     4951     4819     4842     5035 
    5371     5760     6038     6057     5838     5590     5428     5231 
    4852     4282     3704     3507     3937     4753     5466     5829 
    5922     5899     5837     5740     5551     5286     5086     4988 
    4893     4852     4988     5204     5305     5247     5093     4893 
    4745     4828     5243     5892     6477     6651     6356     5810 
    5267     4974     4989     5120     5273     5462     5533     5456 
    5443     5491     5404     5297     5382     5571     5741     5871 
    5848     5649     5468     5408     5386     5352     5293     5080 
    4698     4464     4560     4688     4615     4565     4746     4943 
    4912     4757     4654     4716     5073     5616     5987     6065 
    6002     5796     5428     5131     4974     4680     4217     3861 
    3812     4189     4923     5539     5585     5227     4955     5065 
    5447     5663     5439     5100     5093     5348     5497     5347 
    4981     4654     4534     4576     4706     4881     5073     5277 
    5481     5705     6018     6326     6384     6127     5748     5495 
    5599     6081     6525     6443     5848     5076     4321     3757 
    3771     4548     5638     6346     6389     6088     5998     6183 
    6070     5362     4638     4629     5296     6084     6574     6509 
    5852     5060     4733     4939     5292     5431     5293     5107 
    5051     5020     4988     5121     5379     5676     6147     6713 
    7047     7103     7075     7096     7190     7236     7069     6658 
    6080     5530     5323     5489     5697     5814     5964     6021 
    5850     5782     6108     6609     6941     7010     6883     6708 
    6578     6386     5987     5440     4834     4200     3759     3765 
    4175     4855     5661     6282     6458     6245     5869     5544 
    5451     5660     5946     5962     5659     5277     4989     4779 
    4614     4625     4908     5262     5448     5440     5219     4861 
    4642     4617     4639     4641     4504     4233     4087     4114 
    4106     3990     3801     3640     3692     3956     4330     4965 
    5956     6868     7160     6790     6138     5616     5308     4989 
    4596     4301     4207     4303     4463     4581     4750     5004 
    5286     5742     6426     7017     7219     7048     6739     6440 
    5929     5043     4085     3442     3292     3557     3924     4237 
    4571     4877     5166     5579     5913     5834     5499     5228 
    5063     5054     5262     5481     5548     5562     5567     5486 
    5424     5590     5848     5807     5455     5173     5174     5227 
    5077     4814     4650     4595     4467     4116     3709     3708 
    4414     5485     6112     5945     5364     4822     4461     4279 
    4197     4147     4133     4158     4317     4760     5404     6083 
    6790     7371     7649     7801     7758     7067     5846     4819 
    4498     4870     5548     6002     5879     5327     4872     4748 
    4830     5001     5143     5204     5341     5526     5513     5319 
    5093     4799     4375     3919     3765     4238     5085     5737 
    6044     5964     5314     4446     3951     3753     3549     3489 
    3780     4263     4606     4662     4563     4537     4806     5433 
    6219     6940     7411     7419     6787     5589     4275     3464 
    3440     4035     4907     5850     6727     7331     7470     7280 
    7248     7515     7668     7472     7136     6874     6789     6905 
    7159     7398     7387     7029     6547     6261     6338     6686 
    7088     7491     7879     8073     7994     7727     7249     6647 
    6326     6601     7399     8398     9258     9764     9865     9652 
    9316     9019     8707     8175     7396     6717     6500     6675 
    6836     6736     6493     6296     6214     6216     6192     6100 
    5989     5768     5335     4943     4915     5171     5467     5727 
    5863     5706     5325     5022     4923     4870     4683     4376 
    4025     3631     3244     2965     2717     2430     2267     2239 
    2139     2091     2376     2751     2751     2296     1554      757 
     249      194      279      167        2      116      572     1266 
    2077     2822     3368     3684     3808     3888     3955     3794 
    3308     2593     1733      913      364      -54     -712    -1599 
   -2286    -2409    -1888     -862      418     1694     2792     3632 
    4185     4473     4540     4468     4417     4483     4596     4680 
    4765     4870     4927     4837     4540     4085     3613     3245 
    3142     3453     4090     4888     5818     6839     7722     8212 
    8391     8581     8931     9383     9913    10465    10858    10956 
   10782    10355     9647     8823     8319     8454     9142    10081 
   10930    11352    11188    10481     9436     8477     8064     8337 
    8957     9436     9637     9683     9506     8910     7889     6480 
    4673     2816     1528     1057     1204     1861     3103     4719 
    6196     7349     8433     9590    10666    11416    11605    11173 
   10327     9201     7703     5918     4357     3562     3603     4025 
    4371     4664     5130     5603     5656     5205     4522     3863 
    3372     3038     2700     2354     2196     2174     1992     1653 
    1425     1333     1271     1333     1543     1800     2259     3092 
    4063     4769     4895     4266     3180     2403     2428     2999 
    3431     3250     2612     2147     2324     3118     4253     5431 
    6353     6815     6805     6492     6044     5528     4951     4322 
    3619     2791     1856     1088      841     1221     2196     3736 
    5699     7770     9513    10632    11171    11389    11495    11507 
   11318    10947    10535    10088     9493     8702     7801     7023 
    6569     6322     6088     5953     6042     6237     6369     6447 
    6598     6963     7604     8428     9205     9736     9988    10137 
   10428    10847    11044    10858    10481     9999     9374     8842 
    8665     8750     8928     9274     9938    10905    11815    12064 
   11348    10060     9019     8752     9153     9883    10740    11531 
   11909    11611    10768     9823     9151     8743     8297     7699 
    7236     7160     7300     7356     7195     6697     5819     4772 
    3762     2874     2158     1660     1478     1630     1935     2258 
    2586     2839     2910     2816     2644     2511     2486     2420 
    2064     1444      851      438       76     -337     -623     -549 
    -148      390      905     1318     1625     1715     1356      472 
    -664    -1598    -2064    -2092    -1768    -1192     -521      160 
     819     1393     1821     2170     2700     3546     4446     5011 
    5050     4550     3623     2596     1814     1302      955      989 
    1645     2721     3680     4024     3728     3304     3244     3608 
    4286     5262     6562     8062     9378    10108    10106     9401 
    8135     6609     5215     4386     4405     4981     5451     5598 
    5653     5643     5451     5192     5043     5104     5478     6204 
    7241     8441     9377     9674     9477     9154     8872     8725 
    8829     9184     9662    10058    10107     9610     8592     7425 
    6567     6151     6093     6394     7063     7815     8108     7612 
    6543     5408     4526     3919     3469     3114     3049     3562 
    4606     5757     6613     7075     7269     7349     7454     7645 
    7773     7659     7337     6828     5956     4696     3419     2527 
    2177     2344     2875     3508     4009     4298     4379     4159 
    3495     2502     1580     1007      731      540      209     -225 
    -263      591     2327     4603     7018     9099    10417    10836 
   10443     9396     7931     6338     4918     3959     3419     2983 
    2583     2346     2214     2139     2223     2525     3149     4203 
    5514     6779     7831     8492     8579     8077     7142     6122 
    5360     4908     4606     4395     4251     4106     3982     3946 
    3888     3663     3383     3306     3577     4209     5003     5458 
    5146     4156     2868     1535      301     -773    -1661    -2151 
   -1954    -1085      133     1410     2610     3651     4409     4756 
    4718     4499     4271     4033     3719     3357     3018     2666 
    2280     2073     2301     3015     4029     4918     5343     5462 
    5664     6065     6531     6851     6916     6909     6952     6735 
    6058     5233     4681     4661     5252     6211     7183     7987 
    8437     8406     8040     7442     6465     5143     3873     3078 
    2898     3198     3740     4225     4395     4390     4665     5436 
    6474     7366     7723     7393     6739     6385     6525     6835 
    7011     6961     6552     5714     4712     3981     3750     3929 
    4117     3915     3350     2674     1993     1404     1078     1059 
    1235     1597     2247     3049     3492     3173     2322     1647 
    1648     2278     3168     3946     4357     4386     4241     4144 
    4122     4083     4024     4063     4248     4542     4895     5217 
    5390     5433     5464     5510     5518     5433     5217     4858 
    4345     3684     3041     2592     2319     2253     2524     3144 
    4017     4988     5748     6038     5902     5640     5539     5675 
    5962     6252     6345     6120     5640     4980     4121     3114 
    2258     1872     1954     2326     2870     3435     3880     4348 
    5027     5701     5907     5513     4891     4622     4938     5528 
    5957     6077     5992     5829     5636     5481     5412     5341 
    5184     4949     4718     4608     4664     4861     5246     5788 
    6232     6304     5971     5494     5206     5076     4774     4225 
    3636     3165     2943     3127     3840     5050     6450     7581 
    8091     7889     7114     5940     4614     3669     3601     4321 
    5301     6102     6608     6964     7299     7593     7834     8097 
    8344     8321     7803     6925     6060     5451     5193     5270 
    5525     5809     6026     6044     5831     5494     5225     5324 
    5890     6567     6949     6939     6577     5884     4826     3481 
    2369     2176     3003     4284     5400     5995     5935     5410 
    4891     4683     4683     4642     4482     4321     4332     4537 
    4715     4608     4321     4258     4531     4703     4282     3238 
    2046     1233      963     1127     1587     2166     2663     3022 
    3329     3653     4029     4390     4600     4641     4635     4714 
    4932     5212     5464     5757     6087     6176     5786     4958 
    3904     2970     2450     2305     2309     2347     2481     2848 
    3476     4260     4956     5213     5013     4796     4895     5216 
    5529     5682     5590     5283     4904     4603     4431     4295 
    4087     3883     3804     3851     3927     3931     3924     4093 
    4376     4483     4284     3931     3703     3842     4356     4931 
    5167     4963     4527     3975     3325     2803     2725     3177 
    4088     5305     6550     7491     7857     7548     6739     5771 
    4980     4649     4966     5863     6880     7485     7537     7230 
    6798     6446     6222     5988     5732     5582     5481     5292 
    5093     4980     4864     4695     4538     4450     4461     4603 
    4850     5073     5078     4814     4479     4320     4418     4718 
    5059     5200     4994     4509     3920     3451     3186     2999 
    2874     3009     3500     4286     5278     6281     6971     7157 
    6899     6363     5660     4872     4162     3763     3820     4256 
    4884     5640     6459     7076     7357     7435     7380     7290 
    7296     7187     6648     5844     5204     4843     4627     4595 
    4966     5714     6399     6542     6120     5630     5585     5949 
    6246     6189     5902     5643     5556     5663     5883     6123 
    6397     6723     6903     6504     5270     3657     2593     2612 
    3453     4449     5008     4973     4681     4518     4479     4321 
    3971     3657     3639     3898     4240     4658     5281     6023 
    6705     7302     7820     8148     8111     7599     6785     6196 
    6312     7069     7967     8611     8969     9192     9367     9413 
    9169     8575     7734     6907     6369     6252     6525     6879 
    6876     6482     6022     5660     5383     5211     5251     5641 
    6299     6878     7047     6593     5611     4656     4289     4712 
    5805     7146     8294     9169     9709     9742     9459     9221 
    8969     8311     7042     5445     4238     4052     4891     6223 
    7512     8441     8761     8284     7015     5152     3242     2208 
    2772     4785     7219     9015     9883    10108     9927     9331 
    8100     6156     4085     2768     2584     3308     4464     5661 
    6696     7393     7524     7021     6227     5727     5902     6720 
    7888     9038     9814     9880     9157     8040     7038     6237 
    5481     4675     3792     2991     2651     3059     4280     6319 
    8896    11148    12023    11032     8417     4899     1453     -951 
   -1567     -136     2686     5656     7848     8904     8858     8167 
    7500     7182     7142     7348     7830     8330     8267     7321 
    5861     4544     3705     3265     3102     3326     4069     5227 
    6455     7317     7514     7180     6700     6143     5421     4746 
    4330     4185     4549     5661     7068     7894     7731     6875 
    5899     5078     4166     2913     1814     1821     3391     5965 
    8271     9335     9200     8487     7674     7082     7094     7821 
    8799     9351     9127     8332     7581     7327     7349     7022 
    6176     5268     4680     4438     4479     4657     4958     5802 
    7253     8403     8571     8078     7153     5559     3518     1748 
     922     1381     2778     4293     5509     6536     7375     7652 
    7171     6327     5699     5769     6883     8650    10004    10179 
    9077     7086     4968     3599     3477     4519     6212     7622 
    7786     6677     5355     4922     5481     6210     6385     6037 
    5648     5698     6181     6512     6492     6737     7566     8451 
    8911     8938     8588     7807     6651     5522     5038     5518 
    6675     7916     8796     9209     9196     8660     7550     6241 
    5343     5220     5861     6982     8044     8536     8413     7969 
    7446     7022     6913     7331     8215     8981     9036     8413 
    7553     6886     6714     7125     7989     9001     9819    10449 
   11079    11398    10797     9155     6963     5003     3948     4035 
    5069     6516     7646     7981     7584     6885     6276     5884 
    5692     5817     6412     7191     7441     6825     5790     5073 
    5077     5618     6231     6717     7011     6874     6219     5402 
    5042     5529     6539     7283     7425     7296     7167     6831 
    6135     5371     4992     5268     6065     6815     6968     6381 
    5287     4149     3484     3586     4344     5418     6501     7219 
    7198     6602     6299     6963     8232     9161     9298     8899 
    8365     7848     7169     6196     5244     4679     4464     4486 
    4838     5634     6791     7977     8733     8711     7916     6847 
    6099     5763     5603     5564     5724     5973     5968     5517 
    4916     4588     4573     4656     4661     4433     3727     2502 
    1366     1201     2328     4360     6556     8109     8542     7812 
    6126     4024     2428     2034     2721     3844     4764     5008 
    4550     3923     3563     3316     2960     2859     3559     4872 
    5977     6312     5879     5035     4248     3630     3084     3013 
    3802     5054     6176     6867     6932     6473     5868     5300 
    4741     4225     3870     3877     4376     5100     5521     5377 
    4881     4445     4190     3937     3661     3519     3584     3851 
    4253     4583     4702     4688     4619     4425     4068     3780 
    3905     4410     4830     4938     5009     5169     5036     4274 
    3126     2185     1813     1933     2323     3048     4310     5763 
    6556     6278     5356     4390     3586     3009     2783     2925 
    3296     3825     4527     5273     5756     5727     5266     4673 
    4172     3732     3232     2752     2586     2875     3388     3819 
    4087     4270     4472     4769     5146     5568     5988     6211 
    6066     5661     5151     4645     4464     4806     5316     5556 
    5448     5124     4757     4591     4854     5468     5952     5792 
    4918     3798     3059     3019     3574     4342     4949     5175 
    4934     4399     4001     4063     4653     5556     6246     6367 
    6087     5769     5643     5675     5660     5540     5352     5016 
    4565     4230     4109     4153     4413     4914     5448     5768 
    5736     5320     4730     4240     3977     4178     5060     6297 
    7241     7484     6972     5944     4753     3650     2828     2505 
    2841     3731     4773     5578     5985     6050     6026     6238 
    6766     7296     7361     6723     5571     4494     4099     4468 
    5081     5337     5065     4544     4192     4213     4530     5097 
    5926     6774     7175     6833     5852     4796     4348     4654 
    5246     5661     5786     5579     4918     3802     2619     1992 
    2243     3105     4074     4795     5201     5427     5503     5259 
    4590     3748     3177     2998     3029     3188     3470     3794 
    3990     3808     3207     2562     2334     2673     3410     4295 
    5108     5634     5724     5324     4573     3771     3122     2664 
    2423     2457     2748     3180     3634     4054     4383     4483 
    4245     3828     3503     3377     3412     3488     3453     3261 
    2943     2525     2102     1842     1883     2161     2461     2739 
    3157     3630     3873     3898     4006     4506     5436     6407 
    6984     7099     6905     6569     6258     6083     6004     5798 
    5196     4185     3045     2133     1749     2073     3026     4202 
    5040     5282     5109     4822     4579     4372     4187     4167 
    4383     4630     4627     4314     3963     3983     4421     4887 
    5092     5005     4634     4110     3703     3573     3728     4131 
    4660     5140     5503     5738     5759     5499     5036     4584 
    4356     4314     4220     3979     3753     3776     4086     4357 
    4268     3951     3774     3798     3784     3584     3368     3423 
    3807     4372     5059     5810     6393     6501     5949     4845 
    3615     2751     2490     2756     3346     4055     4649     4916 
    4804     4460     4192     4215     4499     4974     5552     5984 
    6085     5918     5641     5427     5406     5533     5698     5825 
    5836     5680     5382     5065     4938     5115     5476     5857 
    6151     6178     5814     5268     4901     4850     5050     5437 
    5976     6525     6824     6705     6334     6022     5899     5848 
    5675     5305     4830     4380     4031     3854     3973     4453 
    5151     5740     5942     5713     5273     4961     4958     5194 
    5536     5921     6309     6592     6581     6210     5709     5381 
    5246     5139     4992     4855     4808     4862     4934     5031 
    5285     5674     5985     6038     5819     5503     5298     5273 
    5341     5360     5235     5003     4784     4737     4973     5459 
    6035     6558     6894     6937     6686     6232     5706     5256 
    4932     4680     4541     4681     5128     5647     6000     6235 
    6465     6539     6339     6085     6050     6285     6631     6818 
    6733     6525     6311     6043     5769     5688     5831     6006 
    6110     6245     6446     6498     6212     5768     5566     5771 
    6145     6323     6235     6170     6308     6501     6633     6727 
    6708     6427     5911     5402     5103     4994     5058     5395 
    6004     6617     6926     6851     6544     6243     6107     6160 
    6372     6717     7080     7195     6943     6604     6509     6597 
    6671     6744     6862     6889     6714     6446     6293     6311 
    6363     6305     6122     5863     5555     5248     5051     5060 
    5258     5549     5908     6393     6916     7179     7014     6562 
    6046     5638     5514     5782     6358     7005     7485     7697 
    7697     7603     7474     7348     7307     7369     7329     6978 
    6353     5675     5208     5136     5464     6061     6697     7022 
    6825     6303     5863     5703     5717     5749     5792     5872 
    5926     5846     5686     5771     6280     6881     7165     7150 
    7075     7063     7126     7229     7323     7422     7488     7418 
    7196     6883     6561     6354     6327     6419     6547     6598 
    6455     6154     5871     5718     5678     5711     5849     6138 
    6528     6848     6899     6556     5856     5047     4522     4519 
    4934     5513     6018     6197     5968     5541     5208     5125 
    5271     5503     5649     5628     5493     5339     5239     5235 
    5313     5412     5513     5703     6039     6363     6403     6089 
    5647     5282     5022     4801     4606     4460     4333     4187 
    4110     4261     4676     5205     5656     5914     5968     5853 
    5594     5265     5055     5108     5386     5798     6250     6581 
    6646     6413     5911     5220     4596     4307     4337     4581 
    5030     5521     5786     5765     5575     5290     4926     4526 
    4228     4222     4560     5074     5572     5954     6134     6065 
    5836     5570     5314     5124     5111     5302     5552     5641 
    5478     5108     4637     4182     3809     3572     3600     3940 
    4452     5034     5638     6088     6197     6008     5768     5694 
    5768     5787     5616     5255     4779     4379     4271     4434 
    4661     4799     4819     4816     4849     4789     4561     4372 
    4507     4978     5464     5618     5377     4932     4513     4256 
    4185     4256     4407     4525     4527     4522     4664     4864 
    4939     4953     5093     5390     5706     5864     5744     5417 
    5031     4664     4491     4695     5104     5368     5404     5354 
    5332     5374     5493     5676     5782     5632     5255     4916 
    4807     4852     4962     5188     5537     5876     6008     5793 
    5293     4752     4428     4477     4874     5356     5629     5578 
    5279     4897     4563     4336     4275     4430     4738     5059 
    5248     5212     5020     4811     4531     4090     3608     3294 
    3254     3472     3867     4333     4702     4838     4810     4795 
    4885     5112     5448     5780     5962     5934     5741     5464 
    5134     4801     4665     4833     5109     5259     5285     5313 
    5416     5557     5705     5868     6054     6246     6424     6534 
    6534     6430     6234     5995     5887     6021     6270     6421 
    6377     6142     5773     5390     5125     5039     5070     5093 
    5088     5154     5368     5625     5719     5601     5390     5216 
    5193     5397     5718     5937     5994     6029     6102     6068 
    5822     5427     5032     4788     4743     4807     4864     4872 
    4872     4962     5223     5643     6115     6486     6635     6600 
    6521     6438     6266     5985     5692     5516     5521     5660 
    5836     6006     6192     6369     6426     6290     6053     5922 
    6002     6160     6216     6200     6227     6270     6214     6012 
    5737     5514     5443     5568     5908     6435     7010     7456 
    7614     7430     7047     6736     6640     6640     6531     6300 
    6092     5967     5856     5746     5737     5871     6077     6295 
    6494     6605     6498     6131     5679     5466     5655     6104 
    6556     6874     7020     6955     6669     6269     5991     6057 
    6443     6821     6860     6501     5926     5359     4982     4891 
    5047     5325     5606     5806     5859     5738     5530     5366 
    5320     5448     5715     5950     6021     5917     5702     5479 
    5363     5421     5659     6004     6304     6423     6340     6137 
    5917     5759     5726     5818     5937     5973     5899     5713 
    5431     5138     4939     4907     5062     5301     5467     5547 
    5613     5694     5765     5753     5571     5251     4962     4866 
    4969     5096     5077     4897     4673     4529     4498     4522 
    4585     4752     5020     5285     5443     5474     5394     5265 
    5150     5073     5009     4934     4899     4955     4985     4854 
    4592     4280     4021     3948     4113     4445     4791     5005 
    5078     5120     5212     5360     5502     5543     5418     5123 
    4722     4344     4094     3965     3867     3742     3627     3576 
    3596     3673     3793     3956     4152     4334     4484     4621 
    4733     4846     5023     5254     5505     5711     5736     5548 
    5273     4968     4608     4241     3944     3834     4043     4522 
    5004     5273     5327     5271     5189     5093     4999     4926 
    4869     4816     4753     4625     4368     3993     3647     3489 
    3519     3649     3847     4116     4395     4572     4612     4556 
    4421     4213     3996     3851     3824     3898     4000     4077 
    4148     4209     4228     4237     4248     4215     4139     4060 
    3970     3852     3767     3770     3850     3974     4063     4044 
    3943     3828     3724     3612     3492     3420     3442     3523 
    3613     3721     3836     3886     3851     3790     3735     3681 
    3649     3663     3734     3861     4008     4124     4164     4104 
    3987     3901     3896     3979     4178     4487     4828     5111 
    5323     5522     5709     5755     5566     5248     5022     4984 
    5066     5175     5254     5287     5325     5409     5490     5475 
    5354     5200     5098     5097     5193     5331     5431     5458 
    5448     5474     5518     5478     5296     5038     4830     4791 
    4951     5197     5351     5298     5060     4784     4619     4625 
    4764     4963     5140     5265     5386     5545     5706     5805 
    5782     5603     5324     5039     4783     4527     4289     4151 
    4200     4449     4765     4970     4989     4847     4637     4519 
    4642     5054     5653     6211     6505     6484     6255     5961 
    5689     5454     5212     4958     4777     4757     4872     5030 
    5150     5152     5040     4874     4699     4565     4526     4537 
    4521     4477     4444     4430     4403     4324     4238     4248 
    4388     4622     4891     5148     5352     5439     5355     5120 
    4812     4513     4276     4156     4215     4469     4835     5186 
    5413     5452     5309     5070     4860     4750     4747     4851 
    5070     5371     5679     5927     6100     6219     6327     6446 
    6512     6439     6227     5918     5568     5275     5111     5077 
    5171     5381     5638     5864     6035     6184     6361     6575 
    6794     6983     7076     7014     6841     6652     6507     6415 
    6332     6234     6151     6114     6102     6076     6035     5991 
    5922     5822     5753     5780     5902     6088     6285     6448 
    6578     6705     6810     6851     6810     6691     6531     6415 
    6381     6396     6434     6519     6652     6748     6729     6612 
    6482     6427     6482     6621     6815     7032     7171     7160 
    7029     6858     6739     6735     6810     6891     6925     6875 
    6741     6551     6322     6099     5965     5991     6123     6200 
    6100     5864     5641     5525     5501     5514     5560     5638 
    5717     5767     5796     5798     5765     5744     5775     5830 
    5852     5837     5846     5899     5940     5900     5721     5405 
    5100     4965     5026     5243     5536     5769     5856     5811 
    5684     5526     5401     5316     5255     5235     5250     5225 
    5120     4981     4936     5105     5443     5772     5981     6079 
    6079     5975     5807     5644     5537     5502     5533     5622 
    5764     5918     6003     5988     5935     5907     5914     5933 
    5938     5904     5813     5655     5476     5386     5497     5814 
    6245     6670     6982     7083     6967     6748     6551     6413 
    6331     6316     6372     6447     6451     6328     6123     5896 
    5634     5328     5059     4943     5049     5324     5609     5757 
    5732     5610     5499     5428     5360     5294     5279     5308 
    5327     5337     5364     5393     5404     5410     5418     5402 
    5327     5184     5044     5032     5198     5458     5652     5675 
    5518     5256     4993     4818     4788     4905     5098     5259 
    5301     5171     4907     4629     4472     4487     4627     4797 
    4901     4897     4837     4796     4795     4776     4675     4519 
    4411     4379     4409     4486     4552     4563     4529     4459 
    4367     4289     4278     4379     4558     4671     4581     4305 
    4002     3828     3793     3835     3942     4128     4391     4680 
    4900     5016     5081     5124     5152     5215     5343     5494 
    5618     5680     5638     5495     5270     4985     4723     4585 
    4571     4617     4702     4779     4741     4554     4307     4105 
    4001     3996     4044     4107     4151     4147     4121     4124 
    4189     4315     4445     4515     4519     4502     4510     4535 
    4548     4556     4598     4698     4888     5158     5394     5448 
    5294     5057     4887     4822     4781     4687     4576     4564 
    4693     4877     5007     5043     4993     4891     4784     4733 
    4772     4870     4970     5042     5070     5040     4953     4814 
    4671     4591     4603     4680     4808     4984     5147     5232 
    5221     5123     4972     4826     4712     4617     4540     4500 
    4502     4556     4644     4699     4662     4548     4428     4383 
    4434     4526     4617     4735     4930     5184     5436     5601 
    5611     5464     5235     5067     5058     5186     5364     5497 
    5537     5517     5510     5551     5644     5787     5946     6073 
    6170     6264     6339     6359     6307     6174     5979     5755 
    5535     5332     5182     5131     5174     5263     5370     5485 
    5574     5566     5435     5262     5155     5161     5252     5367 
    5417     5343     5163     4961     4814     4781     4909     5209 
    5579     5868     5999     6012     5983     5948     5892     5787 
    5661     5590     5603     5625     5567     5439     5331     5321 
    5410     5548     5689     5787     5795     5729     5632     5514 
    5401     5356     5404     5478     5490     5406     5283     5223 
    5309     5549     5877     6196     6432     6536     6475     6239 
    5911     5653     5552     5587     5680     5763     5829     5899 
    5960     5971     5902     5749     5585     5506     5521     5576 
    5640     5711     5790     5844     5827     5740     5643     5601 
    5641     5742     5850     5934     5989     5988     5913     5810 
    5737     5702     5672     5598     5443     5238     5062     4982 
    5020     5158     5352     5556     5719     5802     5805     5755 
    5699     5694     5733     5779     5841     5913     5937     5886 
    5800     5733     5684     5625     5574     5585     5668     5738 
    5697     5521     5281     5051     4877     4768     4730     4780 
    4927     5131     5306     5421     5526     5640     5702     5694 
    5663     5647     5651     5637     5539     5347     5148     5047 
    5063     5151     5283     5451     5597     5645     5571     5408 
    5231     5116     5103     5188     5362     5564     5713     5779 
    5791     5755     5694     5676     5722     5802     5883     5940 
    5960     5954     5910     5813     5684     5575     5502     5474 
    5505     5574     5617     5568     5413     5185     4938     4727 
    4606     4618     4741     4909     5070     5188     5267     5337 
    5400     5452     5502     5522     5470     5377     5337     5416 
    5572     5719     5796     5791     5713     5572     5417     5297 
    5223     5201     5262     5405     5566     5680     5726     5733 
    5737     5738     5707     5617     5481     5367     5359     5510 
    5780     6066     6300     6446     6490     6458     6384     6309 
    6273     6297     6370     6465     6566     6660     6708     6671 
    6548     6384     6226     6122     6102     6135     6157     6146 
    6127     6110     6088     6048     5950     5769     5537     5358 
    5321     5420     5560     5626     5564     5429     5305     5224 
    5227     5362     5601     5830     5960     6011     6057     6135 
    6242     6322     6307     6172     5958     5745     5602     5516 
    5439     5371     5362     5413     5485     5544     5567     5548 
    5518     5483     5405     5290     5186     5131     5142     5189 
    5212     5174     5112     5108     5216     5400     5570     5678 
    5740     5783     5805     5773     5679     5570     5505     5517 
    5602     5706     5760     5778     5809     5861     5899     5888 
    5825     5733     5623     5505     5395     5306     5208     5093 
    5035     5115     5319     5543     5672     5668     5585     5521 
    5529     5628     5798     5979     6110     6166     6147     6056 
    5899     5680     5441     5248     5147     5157     5228     5262 
    5202     5089     4994     4950     4936     4916     4885     4880 
    4930     5027     5130     5175     5139     5047     4932     4842 
    4843     4951     5084     5169     5201     5208     5217     5244 
    5278     5301     5283     5185     4982     4735     4563     4533 
    4623     4766     4892     4956     4973     4973     4943     4861 
    4743     4645     4598     4587     4572     4529     4476     4449 
    4463     4494     4506     4473     4384     4245     4098     4013 
    4039     4171     4359     4523     4611     4596     4490     4372 
    4349     4414     4471     4480     4473     4471     4476     4504 
    4563     4648     4760     4870     4941     4965     4935     4842 
    4725     4638     4610     4626     4653     4665     4676     4718 
    4793     4849     4850     4831     4831     4835     4835     4850 
    4896     4985     5109     5228     5282     5224     5057     4870 
    4779     4826     4973     5150     5270     5254     5067     4772 
    4509     4402     4482     4688     4927     5109     5196     5178 
    5065     4887     4703     4575     4535     4554     4579     4587 
    4596     4618     4644     4654     4642     4594     4510     4450 
    4494     4629     4773     4881     4962     5031     5084     5113 
    5120     5135     5182     5251     5312     5341     5346     5350 
    5374     5424     5485     5530     5547     5543     5539     5525 
    5478     5387     5275     5182     5148     5175     5216     5223 
    5188     5142     5112     5115     5159     5259     5406     5564 
    5686     5732     5705     5656     5641     5668     5722     5791 
    5854     5887     5863     5798     5745     5724     5702     5665 
    5647     5655     5661     5648     5609     5551     5490     5448 
    5431     5409     5383     5371     5385     5406     5410     5397 
    5400     5462     5595     5775     5913     5919     5791     5595 
    5389     5194     5043     4988     5067     5252     5476     5692 
    5899     6084     6211     6252     6239     6216     6197     6164 
    6103     6035     6018     6091     6228     6361     6439     6447 
    6396     6292     6150     6018     5950     5962     6044     6168 
    6285     6361     6380     6358     6323     6268     6150     5971 
    5800     5709     5686     5692     5714     5756     5811     5888 
    5991     6093     6148     6124     6027     5884     5724     5568 
    5445     5395     5443     5574     5729     5868     5950     5933 
    5818     5667     5557     5528     5557     5603     5626     5583 
    5463     5298     5143     5043     5009     5023     5069     5150 
    5262     5381     5474     5533     5585     5633     5647     5636 
    5616     5584     5566     5616     5765     5989     6214     6381 
    6470     6496     6459     6350     6161     5931     5724     5570 
    5462     5395     5374     5377     5395     5433     5502     5606 
    5711     5767     5752     5674     5562     5448     5336     5211 
    5098     5049     5088     5197     5331     5421     5404     5278 
    5128     5044     5063     5171     5336     5536     5744     5917 
    6026     6052     5985     5849     5678     5517     5402     5339 
    5305     5282     5271     5277     5309     5391     5525     5675 
    5787     5827     5807     5769     5740     5701     5626     5536 
    5462     5395     5323     5266     5255     5286     5325     5333 
    5312     5292     5286     5279     5256     5252     5305     5385 
    5422     5375     5289     5267     5348     5458     5518     5506 
    5436     5339     5240     5154     5108     5123     5186     5250 
    5277     5265     5239     5224     5232     5273     5355     5459 
    5545     5574     5510     5358     5159     4988     4908     4939 
    5044     5177     5282     5317     5304     5298     5329     5383 
    5416     5387     5305     5220     5177     5179     5171     5088 
    4941     4808     4764     4808     4892     4965     4989     4959 
    4905     4874     4884     4931     4997     5060     5112     5143 
    5146     5127     5112     5086     5020     4918     4811     4741 
    4733     4772     4845     4935     4984     4947     4876     4858 
    4907     4961     4970     4932     4872     4803     4719     4641 
    4599     4600     4598     4573     4564     4606     4675     4743 
    4799     4822     4785     4688     4549     4402     4294     4252 
    4276     4352     4440     4491     4487     4453     4433     4449 
    4498     4549     4573     4571     4540     4483     4437     4433 
    4456     4494     4546     4594     4611     4596     4548     4480 
    4421     4414     4490     4629     4784     4909     4973     4992 
    5001     5003     4978     4939     4911     4907     4932     4988 
    5067     5155     5227     5273     5304     5320     5306     5252 
    5171     5092     5043     5042     5081     5138     5171     5167 
    5152     5174     5250     5359     5462     5537     5602     5670 
    5697     5636     5521     5421     5394     5470     5630     5810 
    5940     5991     5968     5915     5867     5826     5783     5726 
    5647     5548     5468     5428     5406     5385     5382     5421 
    5487     5563     5634     5691     5724     5725     5694     5651 
    5636     5680     5773     5890     5991     6048     6062     6043 
    5992     5919     5831     5744     5678     5622     5533     5420 
    5328     5270     5211     5136     5069     5034     5047     5109 
    5179     5235     5294     5355     5386     5364     5308     5271 
    5309     5417     5533     5582     5552     5508     5493     5506 
    5524     5518     5489     5447     5400     5344     5292     5283 
    5358     5493     5621     5684     5686     5680     5713     5765 
    5787     5741     5637     5525     5448     5406     5368     5304 
    5201     5078     4969     4901     4880     4892     4935     5020 
    5146     5278     5391     5470     5494     5478     5456     5437 
    5422     5412     5381     5306     5197     5077     4965     4901 
    4912     4974     5053     5127     5192     5242     5256     5238 
    5217     5215     5213     5201     5179     5166     5175     5196 
    5221     5260     5308     5346     5348     5312     5267     5282 
    5395     5568     5724     5811     5825     5778     5691     5583 
    5452     5300     5154     5057     5039     5101     5211     5335 
    5445     5487     5431     5298     5140     5020     4980     5011 
    5074     5143     5213     5298     5395     5486     5560     5626 
    5687     5727     5732     5691     5607     5508     5427     5373 
    5339     5304     5255     5196     5152     5155     5216     5297 
    5347     5321     5219     5080     4956     4896     4923     5009 
    5103     5178     5240     5290     5324     5336     5336     5359 
    5410     5485     5576     5674     5772     5898     6056     6205 
    6289     6264     6126     5926     5742     5640     5643     5724 
    5823     5902     5962     6025     6075     6064     5971     5834 
    5729     5706     5751     5810     5850     5873     5891     5891 
    5857     5813     5796     5819     5861     5904     5931     5914 
    5840     5730     5634     5583     5557     5528     5491     5464 
    5454     5456     5475     5508     5536     5530     5483     5409 
    5320     5238     5223     5310     5472     5626     5697     5668 
    5582     5471     5352     5265     5233     5246     5266     5262 
    5220     5147     5053     4956     4907     4931     5016     5128 
    5235     5312     5366     5414     5468     5524     5543     5481 
    5346     5198     5090     5049     5057     5082     5112     5136 
    5138     5123     5123     5131     5115     5081     5057     5050 
    5040     5013     4997     5038     5138     5259     5352     5390 
    5379     5328     5231     5097     4978     4923     4953     5039 
    5131     5182     5181     5162     5169     5232     5351     5490 
    5607     5682     5705     5656     5533     5366     5211     5113 
    5093     5151     5262     5374     5441     5468     5485     5501 
    5506     5499     5498     5508     5510     5483     5437     5397 
    5363     5316     5258     5224     5238     5293     5359     5416 
    5474     5530     5572     5601     5622     5610     5547     5451 
    5347     5243     5169     5169     5254     5382     5478     5505 
    5495     5491     5505     5525     5528     5513     5503     5505 
    5497     5475     5455     5445     5432     5406     5375     5347 
    5333     5335     5344     5358     5348     5285     5166     5016 
    4861     4752     4752     4877     5081     5294     5459     5557 
    5590     5551     5458     5331     5196     5089     5063     5143 
    5300     5481     5649     5769     5827     5829     5782     5711 
    5644     5580     5505     5428     5379     5385     5432     5467 
    5467     5443     5398     5339     5298     5296     5308     5325 
    5339     5323     5243     5115     4989     4915     4891     4878 
    4865     4862     4892     4958     5039     5116     5182     5224 
    5239     5216     5155     5084     5024     4984     4953     4916 
    4880     4855     4852     4876     4901     4887     4838     4820 
    4874     4980     5100     5211     5309     5397     5452     5463 
    5437     5393     5347     5323     5346     5405     5467     5509 
    5535     5552     5552     5503     5404     5297     5212     5151 
    5119     5117     5139     5174     5227     5317     5428     5506 
    5528     5510     5498     5513     5525     5506     5470     5452 
    5483     5559     5651     5727     5776     5800     5810     5817 
    5818     5792     5711     5590     5487     5428     5413     5455 
    5545     5641     5697     5709     5697     5667     5630     5616 
    5644     5689     5710     5687     5638     5590     5571     5589 
    5647     5733     5831     5923     5989     6012     5989     5933 
    5864     5791     5711     5638     5584     5556     5560     5576 
    5587     5602     5630     5656     5651     5601     5524     5464 
    5443     5458     5479     5493     5501     5510     5519     5526 
    5517     5479     5427     5387     5364     5350     5339     5333 
    5336     5354     5366     5377     5425     5537     5680     5798 
    5860     5869     5833     5753     5638     5510     5406     5363 
    5379     5412     5433     5443     5443     5429     5386     5320 
    5250     5185     5135     5111     5107     5117     5146     5185 
    5223     5251     5260     5254     5233     5213     5209     5238 
    5292     5351     5393     5404     5385     5354     5339     5358 
    5401     5439     5447     5422     5379     5339     5321     5316 
    5314     5336     5394     5474     5552     5622     5671     5698 
    5702     5679     5636     5587     5541     5491     5443     5416 
    5435     5501     5601     5711     5810     5877     5890     5830 
    5726     5613     5521     5475     5466     5462     5443     5420 
    5410     5409     5410     5406     5398     5385     5370     5359 
    5362     5371     5394     5425     5443     5433     5387     5308 
    5206     5113     5053     5023     5005     4980     4934     4881 
    4851     4845     4847     4869     4914     4951     4954     4935 
    4918     4914     4911     4893     4866     4841     4812     4765 
    4722     4718     4761     4827     4884     4912     4923     4939 
    4946     4935     4920     4918     4928     4943     4951     4965 
    4989     4999     4972     4928     4897     4889     4889     4880 
    4858     4857     4900     4973     5036     5063     5070     5088 
    5131     5200     5268     5308     5301     5254     5177     5109 
    5096     5144     5233     5327     5386     5400     5374     5327 
    5283     5258     5244     5233     5227     5233     5255     5289 
    5327     5367     5412     5451     5475     5491     5495     5481 
    5448     5398     5328     5240     5147     5074     5047     5062 
    5093     5134     5185     5242     5277     5278     5258     5248 
    5260     5275     5290     5317     5367     5437     5513     5585 
    5668     5738     5733     5625     5448     5271     5155     5131 
    5169     5217     5258     5310     5364     5393     5385     5371 
    5389     5435     5476     5490     5467     5416     5359     5325 
    5328     5350     5364     5366     5364     5375     5417     5481 
    5532     5536     5487     5397     5278     5162     5084     5067 
    5108     5174     5248     5329     5397     5432     5447     5452 
    5437     5395     5335     5292     5300     5358     5440     5513 
    5563     5594     5611     5611     5605     5602     5601     5595 
    5593     5598     5594     5562     5509     5458     5422     5409 
    5428     5489     5579     5659     5687     5651     5578     5503 
    5436     5358     5273     5223     5215     5242     5294     5355 
    5408     5447     5468     5466     5440     5410     5386     5356 
    5301     5217     5134     5088     5100     5140     5174     5179 
    5161     5139     5138     5163     5216     5283     5335     5346 
    5317     5278     5271     5308     5385     5489     5593     5665 
    5686     5648     5572     5485     5416     5386     5404     5451 
    5493     5491     5443     5383     5328     5270     5215     5179 
    5162     5155     5178     5259     5385     5514     5610     5653 
    5656     5648     5637     5605     5540     5467     5425     5435 
    5494     5578     5643     5656     5628     5584     5555     5567 
    5620     5687     5746     5783     5806     5815     5802     5757 
    5694     5618     5529     5466     5481     5564     5668     5755 
    5798     5787     5738     5691     5671     5691     5752     5834 
    5898     5923     5918     5898     5877     5875     5892     5922 
    5954     5973     5968     5956     5945     5933     5911     5875 
    5830     5793     5784     5806     5848     5887     5902     5886 
    5844     5791     5725     5638     5552     5493     5464     5454 
    5445     5440     5443     5452     5459     5478     5524     5590 
    5661     5709     5714     5683     5638     5605     5584     5578 
    5575     5571     5562     5559     5589     5644     5697     5727 
    5726     5691     5652     5638     5637     5629     5602     5552 
    5487     5427     5395     5398     5421     5455     5487     5508 
    5522     5539     5544     5524     5481     5437     5402     5377 
    5364     5360     5368     5393     5427     5459     5491     5530 
    5572     5611     5638     5656     5670     5674     5645     5584 
    5513     5448     5409     5416     5456     5487     5476     5432 
    5375     5333     5327     5364     5443     5539     5607     5634 
    5618     5579     5535     5493     5468     5475     5503     5535 
    5564     5587     5589     5557     5503     5433     5355     5287 
    5242     5202     5159     5111     5069     5047     5044     5047 
    5039     5005     4947     4881     4834     4824     4854     4915 
    4996     5080     5146     5166     5123     5047     4978     4926 
    4887     4869     4860     4838     4803     4777     4783     4827 
    4893     4941     4947     4915     4872     4843     4837     4846 
    4854     4845     4808     4750     4688     4648     4642     4665 
    4700     4733     4753     4758     4758     4761     4765     4764 
    4748     4725     4693     4683     4704     4743     4783     4814 
    4843     4876     4912     4953     4996     5036     5058     5046 
    4996     4928     4866     4833     4833     4862     4915     4980 
    5043     5088     5097     5073     5035     5013     5009     5008 
    5001     5004     5027     5071     5107     5111     5082     5047 
    5032     5044     5070     5093     5100     5093     5077     5054 
    5038     5054     5105     5174     5252     5339     5431     5505 
    5528     5486     5401     5305     5220     5157     5120     5108 
    5112     5121     5130     5142     5169     5208     5231     5219 
    5177     5135     5127     5143     5148     5123     5078     5042 
    5024     5026     5024     5005     4973     4958     4980     5026 
    5067     5093     5098     5092     5085     5076     5066     5065 
    5071     5084     5093     5100     5104     5105     5112     5134 
    5169     5217     5258     5262     5228     5178     5130     5097 
    5088     5090     5093     5086     5073     5066     5085     5127 
    5169     5197     5224     5270     5327     5375     5404     5393 
    5341     5270     5208     5174     5173     5188     5204     5239 
    5313     5404     5466     5485     5463     5421     5381     5352 
    5336     5331     5339     5360     5377     5385     5387     5390 
    5385     5371     5370     5387     5408     5412     5397     5362 
    5317     5289     5296     5343     5413     5486     5536     5549 
    5539     5528     5517     5490     5447     5410     5402     5417 
    5432     5441     5451     5464     5470     5460     5447     5447 
    5468     5505     5549     5609     5676     5729     5756     5760 
    5749     5727     5701     5674     5652     5621     5574     5522 
    5481     5458     5456     5485     5537     5595     5649     5689 
    5694     5656     5594     5519     5437     5350     5273     5228 
    5215     5212     5216     5239     5287     5344     5385     5398 
    5389     5364     5336     5319     5328     5363     5406     5445 
    5485     5524     5551     5549     5518     5472     5429     5395 
    5371     5339     5281     5208     5158     5150     5177     5219 
    5258     5285     5298     5310     5331     5356     5387     5402 
    5371     5298     5212     5142     5103     5093     5108     5142 
    5190     5239     5263     5256     5248     5255     5273     5294 
    5317     5337     5352     5370     5391     5408     5412     5397 
    5373     5363     5381     5412     5437     5443     5435     5414 
    5385     5358     5352     5375     5424     5494     5570     5630 
    5660     5660     5641     5623     5609     5590     5568     5551 
    5539     5529     5519     5516     5525     5543     5557     5567 
    5571     5570     5564     5552     5540     5530     5525     5535 
    5560     5587     5594     5572     5537     5510     5497     5486 
    5481     5494     5528     5568     5595     5607     5617     5643 
    5694     5767     5852     5925     5953     5930     5876     5817 
    5760     5699     5641     5609     5597     5594     5595     5597 
    5594     5582     5557     5517     5467     5420     5383     5359 
    5347     5350     5366     5383     5394     5404     5421     5435 
    5439     5440     5439     5435     5431     5428     5432     5447 
    5471     5490     5491     5478     5454     5424     5400     5377 
    5363     5352     5337     5321     5323     5344     5363     5359 
    5333     5304     5282     5271     5271     5289     5320     5359 
    5406     5448     5464     5451     5412     5359     5314     5287 
    5273     5271     5287     5325     5377     5427     5448     5441 
    5414     5377     5344     5328     5329     5328     5298     5243 
    5186     5142     5115     5111     5128     5158     5186     5211 
    5239     5281     5341     5401     5435     5427     5371     5289 
    5206     5140     5120     5163     5251     5341     5391     5393 
    5374     5354     5341     5336     5325     5309     5287     5259 
    5242     5258     5309     5368     5416     5443     5448     5440 
    5425     5409     5395     5383     5375     5371     5373     5370 
    5358     5332     5294     5258     5231     5212     5202     5198 
    5192     5186     5194     5217     5246     5273     5298     5309 
    5289     5235     5175     5138     5123     5116     5120     5130 
    5131     5128     5136     5169     5225     5294     5351     5375 
    5364     5320     5255     5190     5140     5109     5098     5105 
    5125     5154     5198     5252     5306     5373     5445     5501 
    5514     5481     5425     5377     5352     5350     5355     5356 
    5362     5377     5390     5394     5382     5356     5332     5321 
    5310     5286     5251     5225     5215     5217     5224     5225 
    5216     5200     5184     5175     5171     5159     5136     5109 
    5093     5093     5097     5104     5103     5084     5043     4999 
    4981     5004     5053     5093     5109     5108     5105     5103 
    5107     5130     5189     5279     5371     5451     5510     5547 
    5559     5552     5533     5508     5491     5486     5486     5493 
    5498     5501     5501     5491     5468     5439     5424     5437 
    5467     5498     5525     5552     5580     5602     5601     5580 
    5551     5516     5486     5479     5495     5522     5545     5555 
    5559     5572     5589     5598     5601     5601     5599     5590 
    5570     5539     5499     5466     5436     5404     5366     5325 
    5292     5282     5297     5327     5364     5410     5455     5486 
    5491     5466     5421     5377     5341     5321     5317     5335 
    5367     5390     5393     5382     5370     5370     5383     5397 
    5398     5379     5337     5281     5224     5193     5196     5213 
    5239     5263     5273     5267     5258     5258     5275     5313 
    5358     5400     5421     5420     5409     5400     5406     5448 
    5513     5571     5595     5585     5559     5524     5487     5458 
    5440     5441     5445     5436     5409     5377     5348     5329 
    5328     5352     5409     5487     5563     5633     5694     5730 
    5729     5701     5664     5641     5628     5621     5623     5638 
    5660     5688     5719     5763     5821     5877     5911     5904 
    5869     5817     5752     5697     5668     5659     5660     5674 
    5694     5721     5744     5748     5732     5706     5676     5649 
    5636     5637     5645     5655     5655     5640     5617     5584 
    5541     5501     5475     5456     5439     5431     5429     5424 
    5412     5405     5402     5397     5397     5413     5436     5466 
    5501     5528     5533     5517     5476     5420     5360     5313 
    5289     5287     5296     5313     5325     5319     5290     5254 
    5229     5240     5281     5327     5364     5390     5400     5393 
    5371     5344     5323     5320     5347     5394     5440     5472 
    5502     5532     5549     5526     5458     5364     5285     5235 
    5219     5217     5221     5228     5224     5200     5174     5163 
    5157     5131     5090     5046     5005     4980     4977     4994 
    5005     4985     4932     4862     4803     4773     4774     4803 
    4842     4884     4935     4996     5057     5113     5166     5209 
    5242     5273     5304     5325     5329     5321     5316     5324 
    5344     5368     5391     5404     5398     5383     5381     5404 
    5447     5483     5486     5452     5400     5343     5281     5223 
    5204     5235     5290     5328     5316     5255     5178     5108 
    5055     5022     5003     4999     5004     5023     5055     5101 
    5151     5185     5189     5184     5190     5200     5201     5201 
    5211     5229     5244     5252     5248     5231     5211     5193 
    5181     5189     5217     5250     5270     5275     5267     5247 
    5221     5197     5171     5138     5101     5071     5054     5055 
    5069     5084     5112     5161     5205     5215     5194     5169 
    5155     5161     5167     5151     5112     5078     5057     5038 
    5020     5015     5030     5058     5088     5109     5117     5108 
    5085     5054     5020     4994     4982     4984     5000     5023 
    5044     5055     5051     5047     5054     5066     5093     5131 
    5167     5198     5217     5208     5185     5167     5163     5169 
    5171     5173     5179     5190     5197     5198     5188     5171 
    5154     5134     5119     5119     5144     5192     5250     5300 
    5328     5332     5328     5310     5273     5228     5200     5197 
    5228     5287     5354     5406     5432     5431     5417     5405 
    5401     5402     5397     5371     5328     5279     5235     5213 
    5225     5268     5323     5379     5433     5483     5525     5544 
    5530     5501     5471     5454     5454     5456     5455     5460 
    5471     5481     5483     5474     5452     5424     5400     5386 
    5385     5398     5421     5443     5448     5437     5425     5421 
    5414     5398     5381     5377     5386     5395     5391     5374 
    5341     5292     5235     5198     5193     5206     5215     5212 
    5212     5215     5215     5212     5213     5221     5233     5235 
    5232     5231     5232     5227     5223     5233     5246     5239 
    5224     5221     5243     5279     5308     5327     5346     5363 
    5363     5347     5327     5310     5294     5278     5267     5270 
    5285     5304     5317     5323     5328     5341     5363     5379 
    5377     5364     5358     5363     5374     5386     5385     5367 
    5354     5354     5366     5382     5397     5412     5425     5429 
    5416     5390     5362     5339     5329     5328     5320     5298 
    5278     5268     5270     5279     5287     5300     5314     5313 
    5293     5265     5239     5223     5217     5224     5239     5255 
    5266     5279     5305     5339     5370     5387     5391     5394 
    5406     5427     5431     5414     5391     5375     5368     5366 
    5360     5364     5377     5391     5412     5441     5476     5512 
    5536     5547     5549     5547     5539     5525     5516     5526 
    5555     5583     5597     5585     5559     5526     5493     5470 
    5476     5510     5549     5580     5603     5614     5613     5603 
    5585     5562     5537     5518     5501     5485     5476     5481 
    5502     5530     5548     5552     5552     5548     5547     5540 
    5519     5502     5498     5508     5528     5551     5572     5585 
    5583     5567     5547     5529     5517     5505     5495     5498 
    5513     5536     5563     5589     5614     5634     5638     5622 
    5590     5557     5539     5540     5549     5562     5574     5578 
    5575     5579     5590     5597     5598     5601     5618     5648 
    5678     5692     5689     5680     5659     5625     5590     5568 
    5566     5580     5594     5598     5593     5579     5564     5557 
    5564     5576     5590     5609     5628     5647     5660     5661 
    5648     5622     5594     5576     5579     5606     5648     5691 
    5722     5729     5717     5687     5641     5590     5555     5545 
    5552     5567     5585     5606     5623     5641     5649     5647 
    5647     5656     5670     5678     5679     5667     5649     5636 
    5620     5590     5571     5574     5593     5620     5637     5630 
    5603     5576     5557     5544     5526     5510     5495     5487 
    5487     5503     5536     5570     5602     5622     5614     5584 
    5562     5549     5543     5544     5543     5535     5522     5509 
    5498     5493     5487     5474     5443     5412     5398     5405 
    5421     5416     5377     5316     5244     5188     5157     5150 
    5173     5212     5239     5252     5268     5283     5293     5304 
    5319     5337     5359     5375     5377     5363     5333     5297 
    5267     5260     5277     5296     5306     5302     5271     5217 
    5157     5111     5089     5089     5096     5093     5084     5082 
    5081     5069     5050     5035     5027     5027     5038     5058 
    5071     5078     5081     5078     5066     5049     5034     5019 
    4997     4989     5001     5023     5044     5070     5093     5115 
    5135     5161     5197     5242     5297     5351     5385     5390 
    5367     5331     5297     5279     5283     5310     5344     5362 
    5346     5305     5256     5209     5177     5169     5189     5228 
    5270     5296     5302     5296     5277     5248     5227     5224 
    5235     5251     5265     5275     5279     5278     5278     5292 
    5316     5325     5302     5255     5205     5169     5146     5127 
    5111     5097     5082     5069     5059     5051     5040     5027 
    5016     5007     5007     5017     5038     5067     5101     5131 
    5158     5169     5162     5147     5134     5125     5124     5130 
    5142     5154     5155     5148     5140     5139     5143     5155 
    5169     5178     5185     5192     5200     5212     5225     5232 
    5224     5204     5169     5131     5100     5076     5060     5055 
    5059     5069     5077     5069     5044     5026     5026     5047 
    5086     5127     5163     5193     5215     5233     5252     5266 
    5266     5255     5231     5197     5163     5142     5135     5142 
    5158     5169     5179     5198     5231     5273     5327     5373 
    5402     5417     5422     5428     5439     5452     5466     5474 
    5475     5471     5470     5472     5476     5481     5497     5518 
    5526     5513     5485     5462     5443     5425     5412     5406 
    5400     5390     5382     5386     5397     5410     5421     5422 
    5418     5414     5412     5409     5401     5390     5382     5381 
    5382     5382     5375     5363     5347     5331     5316     5306 
    5304     5312     5327     5339     5339     5323     5301     5278 
    5260     5259     5273     5294     5309     5310     5304     5294 
    5279     5262     5254     5263     5290     5324     5346     5352 
    5354     5359     5368     5375     5368     5337     5279     5221 
    5184     5167     5169     5189     5216     5232     5225     5197 
    5158     5119     5093     5088     5105     5140     5184     5217 
    5233     5240     5242     5239     5240     5246     5247     5248 
    5252     5260     5273     5292     5304     5312     5314     5306 
    5289     5281     5287     5300     5316     5333     5339     5339 
    5344     5352     5366     5383     5406     5428     5435     5439 
    5454     5478     5499     5503     5490     5475     5464     5466 
    5485     5514     5547     5568     5572     5568     5562     5563 
    5576     5595     5606     5605     5594     5585     5585     5589 
    5590     5594     5583     5556     5521     5487     5467     5458 
    5454     5459     5475     5489     5494     5493     5491     5501 
    5533     5584     5625     5633     5618     5602     5597     5597 
    5587     5568     5547     5526 
