Origin Time       2016/04/16 01:25:00
Lat.              32.753
Long.             130.762
Depth. (km)       12
Mag.              7.3
Station Code      YMG009
Station Lat.      34.2319
Station Long.     131.8169
Station Height(m) 375
Record Time       2016/04/16 01:25:40
Sampling Freq(Hz) 100Hz
Duration Time(s)  109
Dir.              N-S
Scale Factor      7845(gal)/8223790
Max. Acc. (gal)   7.641
Last Correction   2016/04/16 01:25:40
Memo.             
    8332     8332     8332     8334     8334     8334     8334     8334 
    8333     8332     8332     8333     8334     8333     8332     8332 
    8333     8334     8332     8330     8334     8334     8332     8332 
    8334     8336     8334     8333     8333     8333     8332     8329 
    8332     8334     8333     8334     8333     8332     8332     8332 
    8333     8336     8334     8334     8336     8333     8334     8336 
    8332     8329     8332     8333     8332     8334     8336     8334 
    8332     8332     8333     8333     8333     8334     8334     8334 
    8334     8334     8334     8336     8336     8334     8333     8333 
    8334     8332     8332     8333     8333     8330     8330     8332 
    8333     8334     8336     8334     8332     8333     8336     8334 
    8332     8334     8336     8333     8333     8332     8333     8334 
    8332     8332     8336     8334     8332     8333     8334     8333 
    8333     8333     8332     8333     8334     8333     8332     8333 
    8334     8333     8330     8333     8333     8330     8330     8332 
    8332     8333     8333     8334     8336     8333     8333     8334 
    8333     8333     8334     8333     8332     8333     8333     8333 
    8332     8332     8332     8334     8334     8334     8336     8332 
    8330     8336     8337     8334     8333     8334     8336     8336 
    8334     8334     8333     8333     8334     8333     8333     8334 
    8333     8332     8333     8332     8332     8334     8336     8333 
    8333     8333     8333     8332     8333     8333     8332     8333 
    8332     8330     8332     8333     8333     8333     8333     8332 
    8333     8333     8333     8336     8334     8332     8333     8333 
    8334     8333     8333     8334     8334     8333     8334     8334 
    8332     8333     8334     8333     8330     8332     8333     8332 
    8332     8334     8334     8333     8333     8332     8332     8333 
    8334     8333     8332     8333     8334     8332     8332     8332 
    8333     8336     8334     8334     8334     8333     8333     8332 
    8332     8333     8333     8333     8333     8334     8334     8332 
    8334     8334     8332     8333     8334     8332     8332     8334 
    8332     8332     8334     8333     8332     8332     8333     8334 
    8334     8332     8330     8332     8334     8333     8332     8333 
    8334     8332     8333     8334     8333     8332     8330     8333 
    8336     8337     8334     8333     8336     8334     8332     8332 
    8334     8334     8333     8332     8333     8334     8336     8336 
    8334     8333     8333     8333     8332     8333     8334     8334 
    8333     8333     8332     8333     8333     8330     8333     8334 
    8333     8333     8333     8333     8334     8336     8334     8334 
    8334     8333     8334     8334     8334     8332     8332     8333 
    8334     8333     8333     8336     8333     8332     8334     8333 
    8330     8333     8336     8334     8334     8336     8334     8334 
    8333     8332     8332     8336     8337     8336     8332     8332 
    8333     8333     8334     8334     8332     8332     8333     8332 
    8333     8333     8334     8334     8336     8333     8333     8334 
    8334     8334     8337     8334     8334     8334     8333     8333 
    8333     8333     8332     8333     8333     8333     8334     8334 
    8334     8336     8334     8333     8333     8333     8334     8336 
    8334     8333     8332     8332     8334     8336     8333     8333 
    8336     8334     8332     8333     8334     8334     8334     8334 
    8334     8333     8334     8336     8333     8333     8336     8333 
    8332     8336     8336     8334     8334     8334     8333     8334 
    8337     8336     8334     8333     8332     8332     8333     8337 
    8334     8333     8336     8334     8332     8334     8336     8334 
    8333     8334     8336     8334     8334     8336     8333     8333 
    8336     8336     8333     8334     8336     8334     8333     8336 
    8337     8334     8334     8334     8333     8334     8334     8333 
    8334     8334     8333     8333     8334     8334     8333     8333 
    8332     8333     8336     8336     8334     8333     8332     8332 
    8333     8333     8333     8334     8336     8334     8333     8333 
    8333     8334     8337     8337     8333     8333     8334     8333 
    8333     8333     8333     8333     8334     8333     8332     8332 
    8333     8333     8333     8332     8333     8334     8333     8332 
    8333     8333     8332     8333     8333     8333     8333     8334 
    8333     8330     8330     8332     8332     8333     8337     8336 
    8332     8330     8332     8334     8334     8334     8334     8333 
    8334     8337     8336     8333     8334     8334     8333     8333 
    8333     8332     8332     8336     8337     8334     8332     8334 
    8334     8333     8332     8330     8332     8334     8334     8333 
    8332     8332     8334     8333     8332     8332     8336     8338 
    8334     8332     8333     8334     8333     8332     8332     8333 
    8333     8333     8334     8332     8330     8332     8332     8334 
    8334     8330     8329     8334     8337     8334     8334     8336 
    8332     8330     8334     8333     8332     8336     8334     8333 
    8336     8334     8332     8333     8332     8332     8332     8333 
    8336     8334     8334     8334     8333     8333     8334     8333 
    8332     8334     8334     8333     8333     8333     8333     8334 
    8336     8334     8332     8330     8333     8333     8330     8333 
    8334     8334     8333     8332     8332     8334     8334     8332 
    8333     8334     8333     8334     8337     8336     8333     8333 
    8334     8334     8333     8334     8334     8332     8333     8334 
    8333     8334     8334     8333     8333     8334     8333     8334 
    8337     8336     8332     8332     8334     8332     8333     8336 
    8336     8333     8332     8330     8332     8336     8337     8336 
    8334     8334     8333     8332     8334     8334     8333     8334 
    8333     8330     8332     8333     8334     8334     8334     8334 
    8333     8334     8334     8334     8334     8333     8333     8336 
    8336     8333     8332     8333     8334     8333     8333     8333 
    8333     8336     8336     8333     8334     8336     8332     8333 
    8337     8334     8333     8336     8334     8334     8334     8333 
    8332     8334     8334     8333     8334     8336     8333     8332 
    8332     8334     8336     8334     8332     8332     8334     8334 
    8332     8332     8332     8333     8334     8336     8336     8334 
    8333     8334     8334     8333     8334     8337     8336     8333 
    8333     8332     8333     8336     8334     8332     8333     8334 
    8333     8333     8334     8336     8336     8334     8334     8334 
    8333     8334     8336     8336     8334     8334     8333     8333 
    8333     8333     8333     8334     8332     8330     8332     8334 
    8333     8330     8334     8336     8333     8334     8336     8333 
    8333     8334     8334     8333     8333     8334     8334     8334 
    8333     8334     8334     8334     8334     8333     8333     8336 
    8334     8333     8333     8333     8333     8333     8333     8334 
    8336     8334     8334     8334     8333     8333     8333     8333 
    8334     8334     8333     8334     8337     8333     8332     8334 
    8333     8334     8336     8334     8333     8333     8332     8333 
    8334     8334     8334     8336     8334     8333     8333     8333 
    8334     8334     8333     8334     8336     8334     8333     8334 
    8334     8332     8333     8334     8334     8333     8332     8332 
    8336     8336     8332     8332     8334     8332     8332     8334 
    8336     8336     8334     8334     8336     8336     8333     8334 
    8336     8332     8333     8334     8333     8334     8336     8333 
    8333     8337     8336     8333     8336     8336     8333     8333 
    8334     8334     8334     8336     8334     8330     8333     8334 
    8333     8334     8336     8333     8332     8334     8337     8336 
    8333     8334     8336     8333     8330     8333     8334     8333 
    8334     8334     8333     8333     8333     8334     8333     8332 
    8334     8334     8332     8336     8336     8332     8334     8337 
    8332     8330     8334     8336     8332     8332     8332     8332 
    8336     8337     8333     8333     8333     8333     8334     8332 
    8330     8336     8337     8334     8334     8336     8336     8337 
    8336     8333     8333     8333     8334     8337     8336     8332 
    8332     8332     8333     8334     8334     8336     8337     8333 
    8334     8336     8333     8332     8336     8334     8333     8334 
    8333     8332     8334     8333     8332     8336     8337     8333 
    8332     8333     8333     8333     8337     8338     8336     8333 
    8333     8334     8334     8333     8333     8334     8334     8334 
    8332     8332     8332     8330     8330     8333     8333     8330 
    8326     8324     8324     8326     8324     8322     8322     8324 
    8319     8318     8319     8319     8317     8316     8314     8317 
    8318     8317     8319     8322     8321     8321     8326     8329 
    8332     8337     8338     8338     8340     8344     8347     8349 
    8351     8352     8352     8355     8356     8357     8355     8352 
    8351     8349     8345     8343     8341     8338     8333     8328 
    8326     8324     8321     8321     8324     8321     8321     8322 
    8321     8324     8329     8334     8338     8341     8347     8351 
    8355     8359     8363     8367     8368     8372     8374     8370 
    8365     8361     8355     8349     8343     8333     8324     8319 
    8318     8314     8307     8310     8314     8314     8311     8311 
    8310     8306     8306     8313     8321     8328     8338     8351 
    8356     8360     8360     8360     8364     8367     8363     8357 
    8352     8347     8343     8340     8336     8328     8321     8322 
    8333     8345     8352     8355     8360     8364     8357     8347 
    8340     8334     8330     8330     8330     8332     8336     8332 
    8329     8330     8326     8316     8307     8303     8301     8301 
    8307     8321     8340     8359     8361     8348     8340     8341 
    8344     8352     8367     8380     8390     8387     8368     8345 
    8329     8319     8316     8322     8334     8336     8330     8322 
    8309     8297     8294     8298     8310     8324     8333     8333 
    8333     8332     8332     8334     8340     8345     8352     8352 
    8345     8337     8334     8336     8340     8344     8347     8349 
    8352     8344     8321     8301     8302     8314     8322     8324 
    8330     8338     8333     8314     8301     8299     8297     8281 
    8262     8248     8232     8198     8167     8170     8202     8237 
    8278     8326     8363     8367     8355     8352     8365     8380 
    8391     8414     8446     8444     8413     8383     8363     8338 
    8322     8328     8347     8349     8322     8279     8243     8217 
    8186     8166     8174     8191     8198     8202     8210     8222 
    8237     8255     8266     8278     8290     8291     8293     8309 
    8324     8330     8333     8334     8330     8329     8329     8332 
    8338     8338     8322     8305     8293     8280     8274     8271 
    8283     8316     8340     8338     8334     8340     8338     8319 
    8306     8307     8309     8302     8305     8318     8328     8329 
    8344     8378     8398     8391     8382     8385     8387     8378 
    8367     8364     8359     8340     8318     8301     8275     8253 
    8257     8279     8293     8286     8274     8286     8310     8305 
    8280     8268     8262     8236     8212     8226     8270     8305 
    8324     8348     8370     8370     8365     8367     8370     8365 
    8352     8330     8314     8297     8268     8259     8294     8338 
    8352     8356     8372     8387     8380     8372     8395     8426 
    8411     8355     8317     8314     8321     8329     8368     8434 
    8487     8496     8474     8456     8441     8410     8372     8364 
    8372     8352     8305     8253     8214     8182     8168     8201 
    8278     8356     8408     8454     8490     8494     8463     8426 
    8418     8436     8446     8434     8414     8418     8437     8424 
    8394     8404     8441     8456     8464     8474     8464     8418 
    8352     8284     8214     8135     8050     8006     8025     8075 
    8144     8251     8375     8487     8564     8599     8604     8583 
    8537     8486     8451     8437     8413     8367     8310     8260 
    8232     8230     8268     8357     8474     8561     8591     8581 
    8550     8494     8417     8333     8253     8189     8156     8164 
    8197     8225     8233     8232     8251     8286     8318     8341 
    8368     8390     8398     8410     8440     8464     8487     8532 
    8602     8667     8695     8695     8695     8702     8691     8653 
    8614     8608     8602     8542     8440     8324     8198     8066 
    7948     7885     7881     7903     7943     8025     8139     8220 
    8268     8352     8451     8497     8503     8509     8509     8480 
    8426     8359     8297     8260     8235     8205     8205     8237 
    8259     8251     8229     8209     8176     8132     8124     8164 
    8198     8209     8240     8294     8332     8348     8385     8451 
    8499     8525     8559     8592     8608     8579     8499     8456 
    8472     8463     8410     8375     8361     8314     8233     8201 
    8264     8340     8361     8380     8437     8476     8490     8520 
    8537     8472     8368     8291     8241     8175     8085     7979 
    7892     7847     7846     7940     8148     8365     8529     8710 
    8926     9088     9116     9005     8791     8484     8137     7871 
    7742     7739     7847     8006     8144     8217     8197     8116 
    8056     8075     8175     8279     8302     8262     8206     8143 
    8135     8280     8606     9054     9493     9759     9813     9671 
    9331     8935     8688     8575     8494     8436     8344     8149 
    7878     7611     7464     7518     7689     7877     8114     8398 
    8617     8733     8787     8752     8550     8199     7827     7543 
    7381     7402     7668     8127     8581     8868     8953     8858 
    8614     8340     8182     8168     8189     8144     8060     7947 
    7766     7647     7815     8239     8698     9045     9204     9116 
    8739     8124     7508     7190     7234     7492     7855     8259 
    8519     8487     8318     8286     8421     8594     8799     9080 
    9294     9255     8927     8459     8098     7946     7928     8032 
    8248     8457     8533     8447     8295     8199     8149     8101 
    8158     8403     8635     8548     8116     7635     7337     7202 
    7254     7643     8345     9111     9666     9922     9929     9695 
    9292     8989     8920     8843     8559     8256     8085     7855 
    7508     7348     7545     7900     8209     8472     8716     8868 
    8833     8653     8499     8463     8464     8437     8474     8587 
    8610     8437     8190     8075     8120     8189     8332     8603 
    8746     8592     8317     8048     7756     7493     7389     7558 
    7969     8391     8677     8838     8760     8364     7858     7492 
    7361     7439     7593     7720     7885     8104     8263     8391 
    8599     8824     9000     9162     9278     9204     8900     8540 
    8311     8218     8166     8195     8449     8927     9441     9832 
   10114    10349    10424    10162     9605     8939     8276     7697 
    7378     7457     7788     8158     8598     9137     9625     9971 
   10207    10322    10218     9775     9053     8370     7974     7811 
    7792     8016     8513     9119     9690    10197    10640    11001 
   11307    11584    11643    11196    10200     8887     7588     6582 
    6075     6250     7087     8214     9193     9826    10081     9934 
    9441     8853     8444     8284     8330     8614     9070     9414 
    9483     9462     9512     9494     9267     9004     8974     9127 
    9248     9294     9263     9038     8563     7931     7364     7030 
    6956     7094     7464     8100     8830     9385     9674     9686 
    9374     8863     8370     8017     7865     7888     8020     8235 
    8482     8653     8668     8556     8441     8408     8359     8167 
    7892     7701     7574     7404     7276     7254     7240     7285 
    7601     8205     8827     9198     9398     9694     9998    10004 
    9726     9414     9139     8830     8622     8746     9137     9466 
    9603     9749     9977     9981     9585     9050     8680     8487 
    8272     7974     7799     7769     7746     7830     8029     8168 
    8307     8552     8754     8775     8623     8317     7981     7848 
    7951     8129     8309     8525     8816     9066     9128     9130 
    9263     9454     9524     9387     9057     8545     7831     7014 
    6354     6012     5961     6170     6678     7340     7776     7803 
    7645     7501     7357     7227     7250     7489     7842     8172 
    8437     8648     8715     8586     8480     8615     8862     8997 
    8954     8780     8627     8561     8483     8459     8615     8807 
    8883     8953     9057     8958     8540     8056     7781     7736 
    7807     7931     8217     8702     9126     9300     9364     9397 
    9252     8941     8635     8401     8189     7956     7785     7788 
    7844     7805     7805     7973     8214     8367     8340     8159 
    7878     7550     7314     7280     7404     7626     7952     8252 
    8220     7860     7581     7535     7454     7230     7034     6990 
    6987     6879     6721     6673     6766     7017     7518     8193 
    8704     8811     8681     8563     8385     8066     7824     7823 
    7906     7955     8027     8082     7990     7751     7508     7420 
    7533     7761     7946     7912     7690     7534     7537     7605 
    7789     8137     8449     8579     8633     8699     8765     8781 
    8714     8637     8572     8363     7935     7387     6891     6628 
    6666     6919     7326     7816     8133     8101     7842     7576 
    7479     7551     7643     7758     7962     8159     8245     8194 
    7982     7638     7246     6870     6597     6552     6651     6689 
    6777     7130     7565     7799     7962     8268     8592     8695 
    8559     8382     8355     8428     8391     8175     7940     7794 
    7608     7350     7229     7317     7474     7599     7628     7574 
    7514     7474     7496     7657     7890     8013     7983     7859 
    7680     7493     7446     7723     8314     8995     9504     9686 
    9490     8892     7994     7169     6700     6469     6327     6378 
    6706     7167     7586     7888     8019     7969     7817     7707 
    7690     7650     7561     7592     7789     7989     8025     7921 
    7785     7649     7558     7627     7832     8070     8334     8587 
    8716     8629     8280     7771     7321     6968     6648     6467 
    6515     6664     6815     6970     7111     7203     7206     7164 
    7227     7422     7652     7919     8193     8370     8446     8510 
    8610     8680     8610     8467     8472     8606     8564     8279 
    8035     7951     7860     7723     7704     7885     8136     8283 
    8332     8357     8341     8294     8305     8379     8380     8195 
    7940     7854     7940     8004     7979     7946     7927     7850 
    7682     7500     7357     7298     7447     7865     8413     8839 
    8954     8818     8623     8394     8037     7672     7543     7650 
    7838     8002     8050     7954     7774     7542     7381     7477 
    7798     8167     8556     8972     9252     9252     9059     8880 
    8833     8876     8932     9042     9240     9383     9327     9211 
    9188     9111     8826     8487     8294     8232     8220     8279 
    8424     8548     8568     8557     8606     8698     8849     9184 
    9702    10108    10127     9875     9578     9208     8743     8343 
    8158     8214     8380     8497     8530     8533     8588     8680 
    8745     8833     9018     9171     9111     8911     8718     8460 
    8111     7820     7623     7410     7176     7129     7403     7813 
    8056     8032     7873     7659     7252     6679     6299     6331 
    6659     7094     7570     8062     8472     8707     8768     8708 
    8557     8319     8048     7823     7650     7485     7365     7344 
    7344     7325     7400     7623     7878     8104     8306     8408 
    8306     8021     7689     7392     7102     6858     6756     6808 
    7005     7354     7778     8118     8203     8043     7863     7784 
    7761     7793     7857     7857     7808     7839     7942     7973 
    7944     7936     7870     7680     7472     7348     7307     7381 
    7581     7803     7959     8027     7990     7925     7936     8006 
    8058     8117     8224     8286     8244     8133     7973     7767 
    7542     7384     7391     7499     7599     7657     7672     7692 
    7796     7989     8222     8385     8388     8272     8111     7935 
    7784     7709     7669     7604     7545     7504     7425     7295 
    7168     7091     7119     7269     7418     7431     7349     7248 
    7167     7213     7414     7650     7851     8071     8329     8533 
    8650     8770     8942     9058     8972     8702     8411     8179 
    7925     7643     7443     7345     7285     7296     7447     7690 
    7909     8017     8025     8012     8043     8127     8243     8383 
    8513     8604     8658     8612     8408     8172     8032     7993 
    8091     8372     8691     8810     8684     8556     8603     8684 
    8726     8880     9147     9297     9137     8792     8557     8482 
    8404     8317     8333     8472     8590     8538     8417     8363 
    8279     8133     8075     8077     7981     7819     7727     7753 
    7824     7842     7859     8039     8341     8625     8928     9282 
    9537     9632     9643     9596     9468     9196     8750     8317 
    8143     8233     8421     8618     8891     9288     9740    10127 
   10354    10353    10147     9880     9668     9467     9227     9034 
    8991     9109     9312     9475     9547     9544     9447     9312 
    9339     9543     9740     9906    10054    10027     9799     9578 
    9504     9450     9285     9074     8929     8911     9042     9278 
    9572     9913    10195    10265    10100     9780     9363     8961 
    8743     8776     9000     9270     9440     9504     9504     9401 
    9202     9022     8946     8995     9065     9005     8896     8924 
    9030     9094     9184     9293     9229     8892     8463     8225 
    8310     8622     9038     9509     9917    10118    10111     9996 
    9834     9637     9428     9296     9297     9352     9351     9305 
    9282     9252     9146     9055     9124     9290     9405     9431 
    9424     9450     9489     9478     9451     9454     9440     9409 
    9447     9560     9657     9684     9666     9602     9474     9333 
    9281     9343     9474     9594     9639     9590     9479     9322 
    9093     8768     8451     8324     8440     8721     9103     9491 
    9742     9807     9783     9713     9601     9491     9425     9427 
    9454     9335     9013     8677     8467     8372     8359     8418 
    8533     8606     8588     8565     8560     8497     8391     8340 
    8364     8457     8637     8842     8976     9040     9059     8988 
    8812     8588     8376     8195     8040     7943     7974     8175 
    8449     8654     8773     8846     8866     8800     8646     8490 
    8414     8398     8411     8440     8461     8444     8355     8225 
    8156     8172     8239     8333     8461     8587     8581     8414 
    8244     8170     8149     8210     8446     8827     9196     9445 
    9568     9580     9479     9246     8892     8522     8268     8193 
    8293     8510     8739     8928     9057     9066     8947     8764 
    8592     8537     8649     8854     9066     9216     9244     9166 
    8988     8704     8387     8100     7852     7697     7654     7665 
    7746     7997     8390     8753     8932     8905     8764     8610 
    8406     8086     7789     7705     7821     8055     8348     8595 
    8696     8653     8506     8322     8163     8031     7927     7875 
    7878     7944     8109     8352     8568     8672     8704     8725 
    8695     8532     8255     8000     7886     7903     7978     8116 
    8311     8456     8503     8510     8506     8484     8428     8374 
    8371     8301     8048     7742     7566     7547     7630     7817 
    8156     8617     9073     9421     9595     9587     9478     9339 
    9197     9073     8928     8735     8571     8483     8441     8451 
    8505     8543     8500     8340     8094     7857     7673     7565 
    7551     7630     7804     8017     8125     8031     7785     7560 
    7466     7462     7527     7734     8085     8417     8579     8635 
    8714     8699     8414     7948     7542     7288     7179     7233 
    7476     7823     8066     8116     8101     8073     7890     7547 
    7330     7408     7577     7662     7763     7931     8064     8144 
    8257     8451     8665     8772     8761     8710     8675     8685 
    8715     8683     8563     8359     8044     7685     7458     7411 
    7473     7624     7792     7835     7727     7580     7533     7638 
    7844     8105     8356     8494     8476     8361     8244     8187 
    8158     8141     8181     8203     8082     7865     7697     7630 
    7581     7482     7406     7438     7491     7481     7468     7508 
    7539     7499     7437     7450     7504     7492     7457     7542 
    7716     7835     7865     7842     7796     7777     7804     7847 
    7908     7994     8040     7987     7867     7816     7920     8097 
    8221     8307     8417     8490     8444     8341     8307     8333 
    8293     8175     8087     8064     8004     7823     7641     7611 
    7632     7522     7349     7245     7183     7160     7260     7491 
    7746     7917     8037     8194     8338     8370     8317     8248 
    8149     8000     7871     7799     7774     7835     7993     8205 
    8484     8785     8972     9016     8982     8896     8721     8477 
    8218     7977     7808     7765     7820     7912     8021     8135 
    8208     8226     8212     8190     8221     8299     8326     8322 
    8328     8267     8160     8102     8060     7987     7959     8000 
    8021     8009     8029     8104     8187     8229     8237     8245 
    8251     8262     8356     8599     8889     9069     9155     9185 
    9061     8787     8517     8319     8121     7879     7722     7782 
    7978     8108     8155     8276     8480     8614     8698     8861 
    9004     8929     8671     8440     8355     8363     8418     8576 
    8814     8966     8924     8752     8592     8522     8482     8390 
    8303     8278     8232     8118     8040     8116     8345     8634 
    8874     8991     8941     8748     8513     8333     8286     8406 
    8667     9008     9293     9342     9175     8946     8696     8461 
    8391     8548     8806     9066     9317     9452     9344     9066 
    8754     8428     8093     7825     7700     7680     7696     7769 
    7943     8166     8310     8299     8194     8068     7873     7597 
    7376     7330     7437     7569     7674     7820     7969     7982 
    7862     7794     7900     8050     8063     8014     8102     8271 
    8271     8098     7967     7917     7827     7685     7635     7739 
    7873     7924     7974     8098     8172     8078     7908     7817 
    7839     7951     8170     8421     8533     8426     8175     7921 
    7755     7677     7716     7878     7993     7920     7722     7495 
    7245     7015     6951     7103     7352     7581     7773     7931 
    8028     8002     7911     7851     7813     7751     7738     7834 
    7983     8148     8283     8264     8104     7928     7789     7730 
    7813     8000     8203     8437     8737     9040     9254     9286 
    9086     8750     8453     8226     8021     7917     8033     8329 
    8618     8708     8553     8291     8090     7998     7998     8066 
    8179     8340     8513     8594     8590     8611     8687     8787 
    8947     9166     9308     9274     9116     8899     8650     8434 
    8268     8133     8063     8118     8355     8730     9069     9244 
    9227     9035     8737     8395     8108     7960     7935     7993 
    8141     8375     8668     8943     9113     9189     9243     9267 
    9232     9180     9124     9047     8991     8980     8945     8841 
    8680     8487     8380     8457     8641     8777     8823     8816 
    8762     8630     8410     8179     8064     8082     8147     8235 
    8376     8533     8648     8703     8685     8595     8482     8418 
    8463     8619     8804     8937     8982     8907     8668     8313 
    8023     7938     8027     8240     8564     8916     9196     9386 
    9504     9525     9474     9391     9246     9035     8842     8749 
    8769     8781     8657     8457     8313     8237     8228     8351 
    8611     8885     9049     9119     9169     9136     8947     8726 
    8599     8494     8332     8191     8152     8113     7915     7593 
    7346     7254     7257     7353     7638     8078     8527     8884 
    9171     9378     9391     9185     8914     8718     8584     8463 
    8391     8421     8523     8691     8957     9292     9579     9715 
    9688     9567     9421     9277     9154     9167     9385     9624 
    9659     9497     9255     8999     8752     8553     8454     8479 
    8565     8625     8685     8785     8814     8688     8497     8364 
    8295     8193     8004     7852     7860     7917     7893     7923 
    8129     8359     8444     8441     8449     8477     8431     8239 
    8019     7923     7870     7792     7848     8122     8496     8766 
    8808     8700     8540     8310     8064     7967     8073     8263 
    8446     8633     8784     8820     8661     8359     8210     8286 
    8328     8355     8540     8726     8760     8662     8426     8127 
    7893     7730     7688     7803     7923     7919     7750     7481 
    7369     7523     7816     8233     8814     9424     9829     9899 
    9752     9567     9359     9067     8824     8822     8951     9019 
    9054     9163     9352     9514     9549     9517     9441     9196 
    8743     8302     8086     8013     7931     7834     7723     7647 
    7670     7749     7936     8383     8978     9506     9934    10263 
   10536    10717    10592    10281    10130    10054     9913     9846 
    9877     9917     9879     9717     9585     9578     9497     9219 
    8910     8777     8721     8515     8263     8189     8259     8307 
    8303     8413     8684     8829     8675     8408     8230     8108 
    7954     7816     7708     7551     7444     7488     7481     7344 
    7257     7218     7164     7276     7623     7954     8085     8164 
    8370     8568     8510     8266     8100     8000     7803     7596 
    7574     7700     7782     7878     8332     9016     9337     9236 
    9146     9127     8972     8735     8684     8884     9018     8865 
    8753     8949     9130     9038     8912     8838     8568     8082 
    7578     7283     7362     7655     7890     8047     8182     8206 
    8013     7830     7920     8091     8113     8090     8187     8283 
    8158     7916     7761     7695     7654     7672     7909     8237 
    8283     8113     7952     7785     7630     7561     7680     7948 
    8108     8181     8391     8638     8652     8556     8704     8942 
    8752     8160     7696     7561     7514     7425     7383     7431 
    7510     7469     7373     7472     7591     7566     7799     8345 
    8646     8525     8198     7751     7339     7149     7167     7418 
    7728     7793     7836     7987     7913     7700     7673     7946 
    8426     8598     8275     8116     8494     9116     9740    10444 
   11292    11823    11460    10523     9795     9417     9163     9115 
    9413     9855    10038     9825     9536     9397     9116     8563 
    8252     8553     8988     8893     8479     8456     8796     8969 
    9043     9463    10230    10872    11084    11180    11377    11280 
   10766    10351    10335    10435    10424    10444    10543    10604 
   10620    10597    10500    10284     9933     9591     9458     9499 
    9541     9477     9238     8820     8344     7847     7300     6777 
    6426     6264     6143     6157     6523     7076     7564     7979 
    8431     8939     9252     9317     9491     9767     9748     9462 
    9300     9239     8908     8424     8295     8513     8672     8769 
    9089     9589    10011    10311    10488    10426    10006     9286 
    8591     8095     7612     7037     6420     5811     5344     4953 
    4240     3177     2250     1691     1370     1210     1321     1800 
    2490     3071     3368     3435     3422     3260     2894     2641 
    2604     2435     2191     2319     2754     2970     2706     2173 
    1725     1399     1042      893     1282     1872     2235     2505 
    2848     3094     3200     3541     4337     5293     6237     7373 
    8725     9907    10458    10412    10233    10054     9782     9528 
    9509     9837    10335    10670    10770    10570     9938     9120 
    8509     8166     8029     8208     8749     9387     9725     9643 
    9401     9374     9791    10669    11869    13251    14566    15503 
   16071    16347    16190    15558    14612    13576    12534    11475 
   10497     9791     9586     9756     9856     9733     9406     8926 
    8526     8424     8676     9231    10025    10787    11146    11013 
   10343     9161     7780     6451     5352     4641     4287     4283 
    4665     5373     6222     6974     7539     7881     7966     7903 
    7897     8221     8942     9830    10770    11584    11943    11759 
   11142    10272     9322     8487     8002     7773     7530     7260 
    6930     6438     5887     5454     5271     5521     6349     7652 
    9132    10571    11973    13338    14473    15178    15272    14652 
   13691    12619    10963     9020     7707     6822     6060     5768 
    5980     6407     6669     6569     6351     6122     5746     5240 
    4916     5107     5571     5845     5999     6131     5904     5262 
    4614     4186     3951     3939     4289     5086     6043     6620 
    6687     6516     6259     6158     6536     7350     8391     9586 
   10854    11969    12762    13215    13247    12684    11361     9409 
    7524     6197     5267     4814     5069     5614     5953     6084 
    6129     6114     6081     6174     6470     6943     7652     8587 
    9517    10169    10358    10164     9818     9369     8896     8673 
    8730     8866     9197     9979    11075    12181    13122    13805 
   14137    13918    13138    12193    11446    10962    10670    10508 
   10501    10737    11156    11477    11570    11643    11742    11680 
   11545    11493    11429    11202    10728    10021     9188     8446 
    8128     8421     9137     9872    10438    10966    11385    11361 
   10781     9865     8938     8114     7321     6717     6540     6694 
    6949     7142     7272     7499     7677     7531     7258     7210 
    7369     7551     7851     8500     9271     9699     9845    10108 
   10547    10839    10731    10338     9865     9301     8658     8232 
    8239     8530     8978     9637    10466    11187    11479    11429 
   11329    11115    10832    10824    11095    11292    11207    10972 
   10786    10729    10845    11037    11121    10935    10381     9676 
    9193     9077     9325     9906    10813    11931    12898    13413 
   13437    12982    12032    10739     9483     8437     7550     6902 
    6488     6104     5702     5360     5088     4916     4945     5107 
    5227     5389     5767     6250     6598     6817     6999     6984 
    6644     6147     5703     5443     5498     6069     7229     8606 
    9725    10420    10597    10050     8783     7132     5420     3842 
    2702     2230     2465     3343     4661     6145     7585     8676 
    9111     8958     8348     7155     5560     4252     3717     3801 
    4048     4120     3947     3776     3815     3940     4233     5030 
    6177     7234     8163     9030     9698    10066    10138    10048 
    9960     9768     9351     8775     8043     7114     6072     5262 
    5023     5074     5065     5363     6251     7321     8280     9297 
   10497    11680    12436    12550    12159    11341    10058     8602 
    7531     7115     7117     7269     7771     8692     9440     9532 
    9111     8453     7756     7210     6853     6675     6637     6542 
    6237     5765     5213     4699     4222     3703     3343     3396 
    3697     3956     4129     4253     4287     4245     4274     4521 
    5088     5957     6956     7943     8935     9847    10409    10498 
   10218     9618     8752     7923     7491     7457     7569     7755 
    7989     7929     7399     6789     6377     5977     5509     5162 
    5004     4968     5023     5131     5409     6064     6866     7406 
    7652     7632     7285     6711     6022     5275     4546     3781 
    2913     2203     1989     2218     2771     3744     5131     6711 
    8156     9155     9585     9463     8814     7699     6463     5699 
    5562     5574     5491     5694     6419     7264     7823     8264 
    8891     9553     9953    10084    10112    10042     9687     8997 
    8260     7716     7241     6731     6469     6709     7225     7512 
    7393     7157     6959     6552     5886     5339     5202     5358 
    5540     5629     5694     5763     5661     5455     5530     5942 
    6376     6706     6926     6949     6845     6817     7042     7627 
    8474     9363    10071    10451    10608    10669    10517     9996 
    9174     8324     7650     7264     7294     7723     8456     9336 
   10042    10347    10322     9960     9278     8730     8615     8644 
    8683     8883     9261     9829    10550    11345    12297    13347 
   14211    14671    14601    13961    13034    12272    11788    11412 
   11134    10894    10493    10000     9528     9036     8618     8226 
    7634     6979     6525     6266     6154     6092     6004     5995 
    6065     6137     6276     6590     7086     7541     7723     7793 
    8024     8374     8684     9038     9676    10547    11246    11583 
   11703    11566    10914     9799     8661     7774     7065     6534 
    6340     6531     6980     7485     7859     8001     7843     7515 
    7330     7403     7753     8413     9173     9776    10200    10528 
   10809    10960    10804    10381     9919     9475     8997     8503 
    8014     7595     7298     7086     7063     7334     7678     7923 
    8235     8819     9675    10519    11062    11286    11192    10720 
   10091     9653     9374     9097     8972     9121     9458     9768 
    9872    10007    10447    10899    11101    11178    11138    10887 
   10477     9981     9525     9213     8900     8513     8201     7938 
    7576     7134     6871     7107     7747     8298     8526     8596 
    8584     8270     7645     7195     7236     7518     7746     7896 
    8010     8077     7947     7493     6810     6061     5341     4695 
    4109     3563     3132     2956     3142     3684     4500     5441 
    6251     6701     6767     6600     6342     6064     5791     5582 
    5568     5753     5923     6023     6204     6404     6529     6770 
    7258     7885     8483     8916     9177     9342     9352     9188 
    9073     9123     9161     9124     9177     9300     9232     8901 
    8513     8189     7897     7738     7900     8324     8783     9121 
    9223     9071     8838     8621     8367     8067     7770     7444 
    7011     6465     5976     5744     5734     5854     6093     6278 
    6280     6272     6470     6891     7425     7973     8440     8661 
    8576     8343     8201     8177     8143     8113     8031     7649 
    7020     6338     5656     5186     5090     5220     5440     5741 
    6048     6295     6543     6809     7028     7150     7159     7136 
    7160     7153     7067     6990     6905     6702     6392     6038 
    5817     5913     6160     6382     6735     7257     7773     8136 
    8326     8519     8818     9097     9292     9482     9736     9927 
    9886     9730     9649     9622     9671     9899    10187    10274 
   10131     9910     9725     9634     9559     9444     9359     9250 
    9055     8833     8559     8232     8025     8035     8125     8139 
    8083     8033     8024     8035     8058     8105     8179     8274 
    8360     8436     8530     8652     8839     9097     9437     9888 
   10211    10095     9672     9154     8567     8063     7774     7643 
    7666     7830     8013     8182     8352     8454     8509     8702 
    9046     9305     9450     9660     9888    10010    10084    10212 
   10490    10806    10849    10652    10528    10536    10523    10447 
   10430    10407    10093     9525     9096     8870     8527     8050 
    7763     7844     8236     8710     9115     9541     9850     9747 
    9396     9178     9171     9256     9339     9335     9171     8816 
    8374     8063     7917     7756     7641     7761     7978     8081 
    8171     8394     8698     8896     8919     9026     9468    10004 
   10288    10346    10246     9860     9244     8762     8662     8870 
    9213     9558     9821     9971     9965     9909    10026    10234 
   10237    10017     9776     9562     9263     8941     8839     9032 
    9277     9293     9178     9182     9194     9071     8938     8881 
    8912     8982     9001     8972     8889     8796     8920     9388 
   10053    10717    11365    12079    12852    13516    13839    13726 
   13314    12837    12340    11835    11421    10928    10169     9358 
    8704     8214     7838     7578     7568     7780     7955     8039 
    8168     8394     8662     8849     8839     8685     8537     8503 
    8641     9000     9530    10004    10329    10689    11105    11435 
   11757    12147    12444    12464    12195    11777    11308    10840 
   10584    10714    11080    11388    11399    10971    10131     9104 
    8247     7855     7951     8272     8560     8642     8451     8189 
    8040     7921     7794     7713     7697     7708     7547     7132 
    6705     6519     6529     6517     6448     6486     6582     6516 
    6288     6042     5927     6019     6100     5940     5651     5445 
    5464     6026     7431     9242    10696    11461    11379    10362 
    8649     6739     5301     4677     4662     5066     5965     7150 
    8017     8344     8446     8437     8160     7681     7364     7450 
    7766     7979     7898     7561     7240     7183     7393     7734 
    8175     8808     9606    10345    10943    11523    12050    12294 
   12213    11990    11776    11568    11292    10786     9899     8814 
    7875     7164     6682     6597     6947     7524     8212     9067 
    9867    10042     9427     8579     8048     7771     7523     7431 
    7684     8148     8557     8833     8932     8721     8286     7943 
    7882     8105     8492     8950     9525    10169    10613    10771 
   10917    11188    11329    11202    11102    11307    11669    11826 
   11662    11300    10740    10007     9436     9343     9771    10562 
   11491    12406    12926    12517    11468    10586     9987     9456 
    9215     9521    10285    11117    11607    11620    11101    10065 
    8964     8371     8446     8819     9000     9012     9127     9147 
    8915     8826     9045     9234     9240     9216     9351     9745 
   10293    10821    11287    11678    11963    12151    12259    12329 
   12403    12514    12723    13039    13309    13379    13230    12954 
   12729    12548    12236    11901    11776    11719    11496    11095 
   10619    10195     9879     9661     9530     9544     9720     9852 
    9803     9733     9774     9868     9884     9869    10114    10670 
   11268    11699    11881    11805    11476    10812     9822     8764 
    8033     7807     7792     7611     7298     7030     6756     6412 
    6151     6145     6377     6710     7026     7207     7145     6821 
    6442     6309     6505     6918     7339     7597     7811     7983 
    7761     7182     6759     6569     6189     5528     5015     4951 
    5216     5664     6382     7349     8166     8494     8463     8321 
    7927     7132     6351     6084     6214     6303     6129     5857 
    5798     6038     6432     6815     7111     7300     7350     7240 
    6955     6567     6285     6245     6349     6589     7184     7909 
    8229     8228     8186     8159     8270     8359     8004     7287 
    6696     6214     5692     5502     5741     6103     6411     6434 
    6226     6145     6172     6115     6103     6516     7242     7574 
    7439     7419     7645     7827     7901     8137     8529     8667 
    8505     8324     8136     7770     7184     6538     6023     5688 
    5335     4760     4116     3673     3576     3932     4658     5408 
    5842     5821     5481     5098     4804     4563     4274     3974 
    3859     4003     4330     4922     5788     6504     6702     6635 
    6741     7087     7438     7665     7931     8341     8723     9022 
    9428     9989    10388    10276     9776     9305     9042     8976 
    9163     9596     9994     9913     9107     7881     6945     6637 
    6673     6833     7307     8083     8563     8232     7346     6569 
    6123     5841     5850     6228     6496     6366     6112     6029 
    6243     6802     7604     8441     9104     9423     9359     9047 
    8537     7771     6976     6586     6721     7129     7510     7713 
    7755     7820     8086     8515     8977     9400     9680     9705 
    9520     9252     8816     8124     7437     6948     6448     5823 
    5271     4996     5113     5598     6285     6997     7551     7933 
    8244     8379     8348     8469     8743     8804     8563     8229 
    7905     7645     7577     7723     7971     8182     8243     8182 
    8143     8224     8341     8414     8575     8865     9007     8721 
    8028     7132     6313     5949     6280     7194     8257     8970 
    9251     9358     9285     8896     8480     8473     8671     8561 
    8268     8111     7879     7431     7148     7312     7622     7623 
    7408     7384     7506     7457     7380     7618     8067     8352 
    8376     8398     8672     9131     9431     9321     9038     8823 
    8421     7844     7638     7917     8384     8919     9435     9828 
    9946     9662     9274     9108     9008     8769     8490     8286 
    8109     7993     7954     7900     7855     7908     8000     7956 
    7793     7674     7508     7172     6764     6442     6358     6485 
    6608     6647     6667     6755     6883     6928     6941     7036 
    7203     7402     7574     7722     7859     7942     7963     7939 
    7881     7769     7553     7376     7384     7551     7782     7905 
    7950     8143     8414     8530     8513     8638     8932     9055 
    8964     8980     9180     9255     9011     8729     8587     8433 
    8275     8191     8137     8102     8131     8171     7958     7388 
    6739     6184     5714     5510     5769     6327     6890     7302 
    7469     7358     7030     6605     6285     6172     6214     6384 
    6554     6501     6177     5764     5556     5775     6431     7325 
    8121     8594     8775     8792     8787     8807     8749     8625 
    8517     8367     8240     8187     8095     8135     8532     9024 
    9251     9273     9275     9204     9094     9126     9165     9074 
    8922     8675     8391     8228     8276     8592     9016     9390 
    9768    10197    10543    10544    10191     9703     9227     8880 
    8699     8654     8800     9059     9216     9216     9170     9126 
    9088     9055     8949     8810     8880     9250     9711     9976 
    9925     9648     9297     8959     8645     8506     8756     9263 
    9695     9930     9968     9803     9516     9213     9012     9020 
    9113     9022     8787     8664     8660     8629     8560     8598 
    8857     9173     9325     9406     9489     9359     8942     8517 
    8280     8091     7844     7782     8043     8316     8345     8256 
    8141     7885     7438     7014     6874     7042     7396     7844 
    8298     8635     8785     8819     8874     8968     9097     9324 
    9566     9657     9643     9599     9436     9215     9123     9097 
    8981     8893     9000     9194     9300     9335     9393     9402 
    9193     8807     8428     8029     7605     7477     7776     8179 
    8440     8617     8779     8797     8612     8441     8457     8536 
    8548     8577     8731     8914     8926     8830     8850     8977 
    9084     9165     9267     9406     9540     9639     9741     9836 
    9877     9895     9922     9903     9763     9541     9375     9363 
    9458     9517     9544     9620     9684     9717     9821     9968 
   10029    10022    10054    10126    10193    10170     9967     9695 
    9540     9494     9479     9487     9574     9790    10076    10227 
   10127     9929     9818     9771     9675     9504     9275     8972 
    8584     8215     8071     8220     8525     8838     9126     9370 
    9487     9404     9154     8839     8540     8316     8194     8133 
    8116     8212     8394     8509     8527     8515     8441     8252 
    8029     7916     7933     7938     7905     7969     8097     8164 
    8151     8082     7974     7857     7753     7678     7631     7630 
    7709     7827     7901     7919     7857     7655     7358     7107 
    6998     7061     7299     7666     8014     8206     8278     8311 
    8324     8355     8431     8500     8497     8430     8314     8128 
    7873     7604     7388     7326     7454     7641     7730     7744 
    7761     7756     7707     7712     7871     8078     8163     8155 
    8182     8264     8434     8738     9065     9246     9236     9151 
    9101     8997     8721     8336     7982     7681     7376     7110 
    7010     7099     7280     7488     7693     7863     7987     8062 
    8066     8047     8070     8114     8162     8240     8333     8383 
    8418     8494     8575     8595     8533     8390     8186     7977 
    7785     7614     7538     7618     7804     8078     8463     8823 
    8969     8943     8931     8877     8623     8272     8006     7844 
    7740     7654     7609     7695     7860     7956     7928     7844 
    7796     7812     7894     8055     8222     8264     8154     7977 
    7777     7495     7129     6836     6747     6825     6956     7076 
    7176     7245     7273     7275     7298     7366     7392     7353 
    7414     7628     7805     7825     7763     7705     7700     7739 
    7761     7801     7890     7915     7846     7827     7908     7948 
    7846     7652     7491     7399     7321     7203     7113     7132 
    7203     7171     7010     6809     6646     6531     6455     6478 
    6650     6878     7072     7280     7506     7669     7746     7805 
    7877     7916     7951     8062     8182     8162     8019     7869 
    7722     7553     7419     7360     7366     7429     7533     7601 
    7568     7469     7415     7468     7584     7732     7974     8307 
    8619     8872     9067     9173     9180     9117     9024     8935 
    8918     9015     9116     9119     9066     8985     8862     8727 
    8662     8769     9058     9400     9668     9814     9860     9834 
    9741     9626     9547     9513     9560     9694     9859    10022 
   10174    10291    10368    10426    10494    10575    10665    10767 
   10836    10825    10817    10903    11049    11190    11280    11265 
   11144    10986    10836    10708    10632    10592    10540    10453 
   10319    10174    10093    10080    10120    10207    10309    10374 
   10345    10226    10057     9846     9625     9509     9601     9863 
   10115    10219    10197    10095     9890     9649     9487     9398 
    9332     9277     9225     9173     9131     9111     9142     9240 
    9352     9432     9514     9605     9668     9724     9810     9917 
   10015    10093    10123    10054     9907     9756     9645     9567 
    9460     9304     9178     9159     9200     9211     9161     9082 
    9049     9086     9135     9159     9182     9213     9242     9238 
    9171     9040     8873     8699     8550     8486     8503     8537 
    8568     8615     8664     8688     8699     8673     8565     8433 
    8398     8457     8538     8664     8856     9038     9165     9250 
    9321     9362     9377     9397     9391     9285     9099     8908 
    8754     8633     8540     8476     8421     8356     8259     8149 
    8122     8226     8387     8533     8665     8765     8768     8640 
    8464     8348     8310     8351     8446     8520     8505     8406 
    8302     8256     8268     8324     8387     8385     8281     8122 
    7981     7867     7746     7601     7477     7418     7368     7240 
    7068     6987     7061     7215     7372     7545     7715     7761 
    7635     7460     7391     7437     7507     7599     7758     7931 
    8012     7997     7935     7836     7692     7541     7431     7364 
    7284     7186     7144     7172     7192     7195     7279     7485 
    7732     7959     8213     8510     8752     8861     8870     8834 
    8734     8525     8252     8010     7823     7666     7569     7555 
    7591     7636     7701     7796     7875     7881     7838     7769 
    7593     7275     6952     6777     6729     6698     6683     6790 
    7005     7186     7302     7443     7614     7654     7479     7217 
    7033     6957     6940     6951     7025     7167     7268     7267 
    7252     7275     7253     7155     7064     7015     6948     6828 
    6693     6602     6588     6621     6697     6822     6964     7060 
    7078     7048     7048     7084     7107     7134     7219     7314 
    7325     7248     7148     7106     7160     7267     7384     7519 
    7618     7596     7476     7353     7264     7194     7144     7137 
    7163     7179     7173     7214     7339     7470     7528     7569 
    7627     7649     7631     7649     7720     7766     7730     7661 
    7619     7591     7545     7499     7465     7414     7350     7315 
    7319     7339     7385     7493     7685     7897     8037     8095 
    8090     7994     7832     7711     7676     7655     7589     7501 
    7450     7423     7377     7346     7381     7433     7442     7418 
    7358     7254     7132     7045     7040     7106     7173     7203 
    7206     7163     7044     6899     6824     6844     6898     6936 
    6980     7055     7109     7105     7094     7115     7109     7020 
    6910     6893     6979     7078     7163     7315     7547     7759 
    7889     7958     7986     7964     7912     7871     7869     7882 
    7882     7869     7843     7763     7605     7414     7244     7110 
    7013     6972     6993     7021     7007     6968     6943     6914 
    6845     6770     6751     6777     6843     6983     7182     7369 
    7528     7670     7792     7871     7909     7950     8013     8078 
    8097     8032     7936     7900     7929     7950     7919     7893 
    7908     7881     7782     7704     7696     7720     7773     7869 
    7938     7912     7834     7771     7763     7835     7969     8113 
    8232     8324     8385     8407     8418     8457     8526     8606 
    8667     8716     8812     8946     9046     9115     9188     9224 
    9186     9099     9000     8916     8853     8803     8807     8918 
    9117     9343     9594     9909    10222    10405    10444    10407 
   10312    10164    10004     9886     9814     9763     9744     9765 
    9768     9725     9687     9687     9695     9675     9633     9598 
    9559     9486     9412     9398     9432     9474     9509     9529 
    9558     9601     9620     9618     9636     9660     9653     9612 
    9543     9467     9439     9487     9574     9641     9683     9714 
    9724     9703     9674     9648     9625     9596     9559     9489 
    9382     9255     9101     8910     8745     8667     8671     8735 
    8842     8964     9081     9184     9266     9331     9408     9504 
    9589     9659     9725     9756     9736     9693     9656     9622 
    9568     9522     9541     9609     9641     9586     9468     9343 
    9228     9113     9001     8885     8725     8503     8262     8043 
    7871     7776     7792     7950     8222     8507     8688     8743 
    8718     8645     8573     8568     8631     8704     8743     8715 
    8623     8533     8473     8421     8397     8436     8527     8610 
    8653     8676     8664     8592     8487     8407     8391     8426 
    8461     8482     8499     8519     8525     8510     8525     8594 
    8654     8649     8622     8600     8542     8463     8414     8407 
    8434     8487     8553     8610     8618     8571     8532     8545 
    8594     8633     8648     8649     8652     8654     8637     8590 
    8549     8561     8611     8661     8687     8658     8553     8418 
    8324     8283     8248     8221     8198     8143     8067     8020 
    7986     7920     7816     7713     7651     7641     7685     7776 
    7862     7924     8002     8109     8193     8213     8190     8144 
    8091     8060     8063     8075     8110     8226     8436     8662 
    8800     8820     8756     8621     8417     8194     8055     8055 
    8132     8193     8202     8170     8118     8062     7992     7921 
    7873     7843     7808     7746     7673     7634     7619     7588 
    7534     7444     7302     7121     6930     6770     6663     6617 
    6623     6620     6571     6505     6465     6436     6411     6416 
    6455     6498     6543     6625     6744     6859     6949     7049 
    7138     7160     7129     7109     7127     7157     7190     7242 
    7306     7350     7373     7414     7512     7649     7780     7897 
    8007     8100     8175     8241     8276     8284     8306     8344 
    8375     8394     8391     8352     8294     8260     8275     8319 
    8380     8494     8681     8870     8996     9065     9096     9080 
    9035     9000     8991     9016     9069     9115     9147     9193 
    9267     9375     9491     9580     9639     9641     9559     9424 
    9296     9208     9174     9193     9238     9302     9390     9479 
    9566     9661     9751     9818     9853     9828     9730     9610 
    9475     9321     9212     9188     9197     9196     9215     9267 
    9292     9236     9150     9082     9020     8937     8833     8730 
    8638     8543     8447     8371     8351     8401     8502     8615 
    8714     8775     8787     8761     8715     8671     8634     8579 
    8467     8313     8182     8117     8104     8122     8172     8224 
    8220     8139     8028     7942     7911     7928     7986     8070 
    8122     8094     8027     7993     7992     7992     8010     8089 
    8179     8182     8086     7983     7936     7924     7924     7938 
    7943     7905     7815     7707     7619     7566     7538     7528 
    7527     7514     7480     7449     7457     7493     7515     7512 
    7477     7388     7253     7101     6972     6899     6871     6853 
    6833     6818     6814     6818     6825     6826     6815     6799 
    6782     6759     6751     6781     6859     6976     7102     7203 
    7287     7357     7420     7479     7519     7547     7568     7593 
    7657     7756     7836     7862     7854     7855     7893     7959 
    8025     8089     8135     8135     8113     8101     8089     8086 
    8114     8163     8205     8217     8215     8237     8297     8391 
    8502     8572     8565     8506     8401     8252     8097     7994 
    8004     8122     8290     8454     8583     8654     8683     8688 
    8680     8675     8676     8675     8675     8703     8737     8715 
    8626     8502     8332     8113     7911     7797     7811     7960 
    8209     8496     8793     9058     9221     9259     9220     9151 
    9077     9036     9053     9099     9147     9192     9238     9282 
    9320     9348     9390     9451     9502     9525     9543     9586 
    9636     9655     9655     9621     9499     9300     9097     8966 
    8908     8889     8896     8923     8932     8889     8796     8714 
    8706     8739     8748     8727     8704     8673     8631     8603 
    8637     8719     8804     8883     8966     9050     9104     9104 
    9084     9099     9100     9020     8888     8787     8752     8764 
    8793     8841     8893     8889     8792     8657     8553     8484 
    8426     8390     8403     8444     8463     8437     8408     8410 
    8436     8469     8532     8641     8770     8872     8937     8986 
    9031     9057     9057     9028     8959     8861     8776     8752 
    8807     8923     9043     9117     9124     9096     9069     9036 
    8981     8900     8797     8712     8684     8680     8652     8611 
    8603     8630     8672     8729     8792     8849     8888     8911 
    8929     8955     8962     8932     8908     8935     8993     9035 
    9086     9175     9236     9211     9157     9137     9157     9174 
    9180     9185     9196     9194     9170     9155     9190     9259 
    9305     9319     9312     9282     9212     9113     9016     8926 
    8807     8671     8564     8486     8430     8418     8449     8471 
    8459     8418     8376     8343     8340     8364     8387     8411 
    8437     8444     8431     8424     8421     8401     8352     8299 
    8257     8233     8215     8182     8121     8025     7916     7836 
    7778     7705     7612     7524     7457     7416     7410     7433 
    7480     7545     7593     7609     7612     7608     7599     7593 
    7616     7669     7715     7735     7766     7827     7877     7879 
    7858     7842     7827     7801     7756     7708     7673     7670 
    7728     7846     7969     8064     8137     8190     8218     8212 
    8187     8195     8255     8352     8461     8546     8575     8545 
    8486     8431     8406     8417     8459     8505     8523     8513 
    8480     8421     8343     8283     8275     8303     8343     8356 
    8321     8257     8208     8185     8179     8163     8131     8097 
    8051     7974     7913     7906     7931     7933     7916     7916 
    7935     7924     7892     7875     7860     7813     7730     7634 
    7557     7510     7492     7500     7530     7558     7577     7595 
    7623     7670     7720     7740     7732     7711     7677     7636 
    7600     7573     7545     7504     7470     7473     7508     7550 
    7607     7695     7799     7885     7959     8056     8163     8245 
    8301     8349     8403     8449     8459     8424     8370     8330 
    8347     8418     8513     8619     8729     8826     8892     8922 
    8923     8927     8965     9043     9146     9246     9310     9305 
    9240     9166     9120     9099     9077     9050     9035     9012 
    8966     8935     8947     8970     8951     8904     8862     8824 
    8780     8746     8745     8773     8796     8804     8795     8765 
    8730     8721     8758     8816     8837     8792     8708     8604 
    8490     8407     8378     8374     8368     8356     8352     8367 
    8391     8428     8482     8542     8573     8553     8506     8440 
    8356     8274     8205     8139     8101     8114     8168     8236 
    8294     8332     8344     8309     8218     8102     8007     7962 
    7973     8027     8106     8202     8295     8349     8347     8316 
    8298     8299     8284     8233     8182     8177     8222     8294 
    8355     8390     8410     8421     8395     8332     8276     8275 
    8319     8383     8437     8456     8424     8361     8293     8226 
    8159     8089     8020     7950     7862     7780     7747     7778 
    7842     7909     7967     7996     7986     7964     7962     7998 
    8073     8147     8185     8175     8120     8033     7943     7870 
    7832     7819     7812     7811     7813     7805     7785     7780 
    7804     7832     7846     7857     7884     7913     7912     7878 
    7859     7885     7931     7969     7996     8019     8035     8028 
    7986     7933     7915     7928     7929     7911     7900     7896 
    7893     7920     8007     8139     8253     8317     8371     8453 
    8543     8610     8654     8695     8711     8668     8579     8484 
    8391     8295     8224     8203     8206     8205     8210     8243 
    8280     8297     8274     8224     8168     8108     8052     8031 
    8062     8144     8239     8314     8371     8407     8398     8357 
    8334     8348     8383     8431     8487     8546     8588     8608 
    8630     8657     8679     8698     8714     8692     8631     8561 
    8513     8499     8499     8497     8496     8494     8494     8499 
    8506     8513     8517     8510     8487     8451     8398     8336 
    8262     8189     8129     8082     8040     8017     8012     7994 
    7955     7913     7878     7846     7821     7821     7857     7921 
    7989     8047     8098     8144     8179     8208     8255     8329 
    8403     8447     8451     8431     8418     8404     8387     8384 
    8391     8394     8383     8347     8297     8253     8218     8185 
    8166     8171     8167     8132     8071     8027     8035     8075 
    8111     8141     8163     8156     8135     8143     8187     8224 
    8237     8267     8341     8433     8490     8513     8538     8553 
    8542     8513     8482     8463     8446     8436     8447     8487 
    8543     8598     8653     8710     8748     8757     8749     8746 
    8754     8760     8752     8734     8714     8688     8669     8692 
    8764     8846     8918     8969     8986     8970     8924     8851 
    8761     8675     8607     8556     8510     8479     8460     8437 
    8406     8365     8328     8317     8337     8383     8444     8510 
    8565     8602     8622     8619     8599     8581     8576     8577 
    8591     8612     8629     8642     8646     8606     8522     8428 
    8330     8239     8166     8116     8086     8085     8120     8166 
    8199     8235     8267     8271     8253     8236     8212     8185 
    8176     8195     8233     8280     8314     8316     8280     8237 
    8213     8220     8251     8310     8411     8533     8612     8633 
    8625     8584     8505     8421     8384     8391     8411     8441 
    8494     8543     8567     8552     8507     8449     8374     8290 
    8222     8193     8201     8225     8237     8232     8206     8139 
    8017     7865     7722     7612     7550     7534     7546     7570 
    7591     7597     7586     7558     7519     7479     7446     7444 
    7473     7506     7523     7510     7454     7378     7314     7248 
    7182     7148     7171     7246     7352     7461     7561     7630 
    7657     7674     7695     7711     7713     7699     7673     7650 
    7627     7608     7614     7662     7734     7789     7832     7886 
    7951     8012     8078     8175     8266     8301     8295     8267 
    8191     8075     7955     7862     7811     7789     7796     7844 
    7928     8006     8068     8139     8198     8198     8154     8104 
    8054     8009     8005     8062     8170     8295     8408     8499 
    8573     8634     8687     8739     8793     8842     8877     8893 
    8873     8811     8723     8627     8537     8476     8464     8479 
    8480     8464     8451     8444     8444     8459     8502     8573 
    8662     8756     8854     8959     9043     9080     9088     9096 
    9100     9092     9093     9124     9193     9288     9397     9506 
    9587     9618     9603     9563     9526     9502     9483     9462 
    9432     9393     9352     9325     9306     9283     9266     9277 
    9315     9373     9444     9516     9553     9522     9432     9328 
    9248     9188     9124     9069     9042     9043     9054     9054 
    9043     9019     8981     8928     8863     8806     8760     8715 
    8662     8619     8612     8653     8704     8739     8776     8823 
    8866     8915     8984     9062     9124     9161     9170     9144 
    9074     8964     8834     8703     8584     8492     8414     8351 
    8311     8283     8256     8237     8221     8182     8120     8050 
    7977     7917     7896     7905     7927     7948     7966     7979 
    7990     7997     8006     8039     8082     8118     8148     8176 
    8197     8187     8143     8070     7969     7858     7766     7705 
    7673     7666     7681     7708     7740     7780     7815     7819 
    7792     7776     7789     7815     7827     7823     7797     7727 
    7622     7522     7434     7357     7302     7272     7260     7261 
    7264     7261     7254     7249     7263     7317     7399     7464 
    7477     7450     7411     7373     7344     7330     7335     7354 
    7380     7404     7434     7476     7524     7569     7603     7628 
    7641     7623     7578     7528     7497     7485     7495     7527 
    7560     7566     7546     7518     7503     7515     7550     7597 
    7651     7719     7796     7865     7931     7987     8031     8064 
    8093     8121     8154     8177     8194     8213     8237     8267 
    8310     8371     8441     8519     8591     8638     8667     8687 
    8692     8685     8684     8688     8681     8657     8622     8594 
    8581     8569     8564     8584     8611     8604     8563     8494 
    8418     8349     8291     8253     8241     8237     8245     8276 
    8318     8360     8398     8424     8431     8437     8437     8430 
    8418     8418     8437     8471     8510     8536     8537     8525 
    8502     8463     8428     8417     8411     8394     8375     8365 
    8368     8382     8410     8460     8522     8587     8648     8688 
    8714     8742     8777     8810     8839     8865     8885     8922 
    8977     9030     9074     9104     9116     9112     9085     9032 
    8957     8865     8766     8683     8633     8622     8641     8677 
    8712     8725     8723     8710     8667     8596     8543     8533 
    8567     8621     8662     8683     8702     8727     8749     8762 
    8770     8764     8746     8735     8731     8721     8703     8688 
    8707     8757     8795     8775     8704     8630     8573     8540 
    8538     8553     8571     8581     8588     8594     8612     8644 
    8672     8700     8729     8752     8770     8779     8777     8769 
    8754     8743     8758     8795     8834     8865     8880     8874 
    8845     8789     8719     8634     8538     8457     8408     8383 
    8367     8368     8391     8404     8375     8321     8280     8267 
    8280     8330     8413     8500     8549     8552     8529     8494 
    8456     8421     8401     8398     8397     8390     8382     8374 
    8361     8340     8324     8317     8299     8281     8286     8293 
    8283     8263     8232     8187     8129     8059     7998     7981 
    7997     8028     8067     8110     8163     8218     8257     8280 
    8307     8333     8337     8333     8330     8309     8264     8220 
    8182     8149     8125     8114     8131     8182     8255     8319 
    8375     8424     8476     8540     8611     8673     8714     8730 
    8738     8756     8776     8793     8814     8834     8842     8834 
    8811     8775     8737     8707     8679     8645     8618     8602 
    8590     8575     8556     8546     8553     8573     8595     8608 
    8610     8596     8573     8549     8519     8476     8441     8421 
    8401     8357     8306     8268     8240     8217     8202     8185 
    8162     8154     8187     8247     8309     8363     8397     8391 
    8344     8274     8210     8174     8177     8222     8294     8363 
    8403     8403     8365     8309     8252     8203     8174     8179 
    8221     8280     8334     8363     8355     8336     8326     8317 
    8303     8307     8348     8411     8467     8510     8532     8523 
    8486     8446     8421     8411     8395     8372     8348     8321 
    8286     8253     8232     8232     8244     8237     8197     8121 
    8023     7915     7820     7754     7727     7730     7742     7751 
    7749     7726     7678     7619     7581     7586     7619     7663 
    7701     7738     7786     7843     7896     7955     8027     8095 
    8151     8189     8197     8170     8120     8059     7996     7939 
    7896     7865     7844     7832     7813     7780     7738     7697 
    7674     7674     7692     7717     7746     7765     7761     7740 
    7708     7673     7646     7624     7604     7581     7564     7543 
    7524     7510     7506     7510     7541     7599     7672     7738 
    7788     7827     7860     7890     7925     7969     8021     8062 
    8085     8095     8102     8095     8083     8083     8106     8156 
    8224     8280     8303     8305     8294     8272     8245     8225 
    8215     8213     8210     8214     8228     8247     8266     8286 
    8299     8299     8281     8241     8182     8135     8113     8116 
    8136     8171     8202     8218     8221     8212     8205     8214 
    8232     8241     8256     8279     8295     8295     8305     8340 
    8384     8428     8486     8556     8622     8669     8691     8703 
    8715     8719     8721     8734     8758     8787     8818     8839 
    8854     8874     8895     8920     8974     9047     9099     9107 
    9078     9022     8943     8866     8810     8784     8780     8779 
    8779     8777     8762     8742     8733     8734     8742     8753 
    8764     8764     8750     8729     8711     8702     8702     8714 
    8730     8737     8731     8726     8733     8739     8733     8721 
    8718     8714     8699     8679     8662     8662     8676     8691 
    8721     8766     8799     8811     8822     8824     8812     8799 
    8799     8823     8869     8916     8951     8982     9007     9008 
    8988     8968     8955     8946     8938     8932     8924     8908 
    8891     8877     8869     8868     8874     8885     8904     8916 
    8901     8858     8812     8783     8766     8772     8804     8843 
    8857     8850     8842     8833     8814     8803     8810     8829 
    8847     8858     8878     8915     8955     8997     9038     9053 
    9035     8996     8941     8887     8850     8834     8827     8822 
    8816     8808     8796     8791     8803     8830     8857     8877 
    8887     8868     8816     8757     8719     8708     8726     8769 
    8815     8843     8839     8807     8772     8745     8723     8718 
    8723     8721     8707     8683     8653     8631     8615     8599 
    8588     8579     8553     8502     8428     8344     8262     8208 
    8190     8187     8186     8186     8176     8148     8105     8051 
    7996     7951     7928     7931     7958     7982     7993     8002 
    8010     7994     7955     7915     7878     7848     7821     7788 
    7753     7719     7678     7639     7614     7616     7645     7674 
    7692     7703     7703     7684     7651     7632     7631     7638 
    7651     7676     7704     7728     7742     7756     7785     7824 
    7860     7884     7889     7884     7875     7862     7850     7846 
    7836     7816     7798     7789     7778     7758     7736     7727 
    7738     7754     7753     7736     7720     7713     7717     7742 
    7789     7840     7877     7917     7964     7997     8014     8039 
    8090     8144     8182     8220     8257     8270     8248     8212 
    8171     8133     8097     8059     8027     8014     8020     8032 
    8047     8066     8078     8086     8100     8127     8164     8212 
    8251     8268     8270     8260     8255     8257     8255     8241 
    8229     8215     8194     8162     8124     8091     8066     8035 
    7997     7952     7912     7878     7847     7816     7786     7763 
    7746     7731     7727     7734     7743     7749     7756     7763 
    7763     7749     7728     7720     7732     7761     7798     7835 
    7852     7847     7835     7838     7858     7882     7901     7905 
    7898     7896     7905     7928     7963     8013     8070     8127 
    8175     8201     8199     8182     8152     8121     8095     8078 
    8066     8056     8055     8073     8097     8116     8129     8133 
    8122     8100     8082     8071     8058     8044     8043     8055 
    8073     8082     8082     8085     8100     8124     8155     8195 
    8240     8279     8309     8322     8321     8311     8291     8264 
    8248     8252     8257     8257     8248     8235     8224     8209 
    8189     8166     8137     8116     8109     8109     8109     8116 
    8144     8189     8232     8262     8286     8301     8284     8255 
    8237     8226     8215     8212     8206     8189     8162     8136 
    8133     8163     8218     8289     8352     8395     8413     8417 
    8411     8407     8421     8451     8476     8490     8499     8502 
    8503     8513     8536     8573     8618     8653     8683     8710 
    8743     8789     8843     8895     8942     8985     9012     9022 
    9026     9030     9031     9038     9071     9113     9135     9123 
    9090     9047     8999     8959     8942     8943     8957     8982 
    9015     9043     9053     9030     8980     8916     8860     8814 
    8775     8750     8746     8762     8784     8803     8819     8837 
    8845     8835     8815     8800     8784     8758     8727     8708 
    8687     8646     8591     8543     8517     8496     8476     8472 
    8487     8496     8497     8509     8526     8536     8533     8530 
    8525     8513     8492     8472     8461     8451     8433     8413 
    8398     8390     8378     8361     8349     8338     8324     8307 
    8301     8301     8302     8309     8330     8364     8401     8424 
    8428     8408     8364     8307     8253     8214     8190     8171 
    8152     8129     8100     8060     8020     7992     7983     7996 
    8021     8039     8039     8031     8021     8010     8006     8017 
    8033     8051     8073     8100     8117     8121     8113     8102 
    8090     8068     8046     8035     8044     8062     8078     8100 
    8125     8139     8136     8136     8164     8206     8241     8271 
    8294     8307     8303     8284     8268     8260     8251     8245 
    8239     8221     8195     8164     8128     8111     8127     8148 
    8155     8144     8131     8121     8116     8110     8114     8131 
    8144     8143     8131     8111     8091     8090     8129     8206 
    8303     8410     8510     8591     8645     8676     8699     8723 
    8739     8750     8758     8762     8773     8781     8779     8773 
    8770     8758     8734     8702     8668     8637     8611     8604 
    8608     8607     8596     8576     8548     8523     8506     8492 
    8486     8480     8483     8487     8484     8479     8474     8464 
    8454     8464     8484     8507     8523     8527     8520     8507 
    8487     8467     8444     8424     8413     8411     8421     8451 
    8487     8532     8579     8625     8654     8669     8669     8664 
    8657     8645     8626     8623     8646     8680     8703     8716 
    8725     8726     8715     8700     8691     8688     8681     8660 
    8642     8646     8671     8700     8730     8756     8773     8783 
    8783     8791     8822     8862     8889     8907     8918     8916 
    8900     8880     8870     8877     8895     8916     8946     8985 
    9016     9024     9016     8996     8962     8918     8877     8850 
    8837     8827     8815     8804     8787     8754     8707     8660 
    8617     8587     8572     8569     8568     8553     8537     8527 
    8517     8505     8480     8449     8417     8383     8348     8321 
    8307     8293     8264     8232     8203     8182     8175     8190 
    8229     8274     8309     8332     8340     8329     8305     8286 
    8291     8310     8330     8349     8371     8387     8384     8370 
    8352     8333     8317     8306     8309     8316     8318     8317 
    8313     8302     8294     8280     8256     8229     8212     8203 
    8193     8182     8182     8179     8160     8131     8108     8104 
    8106     8102     8100     8104     8098     8081     8062     8044 
    8028     8012     7997     7992     8001     8007     7992     7958 
    7927     7901     7884     7886     7900     7923     7955     7978 
    7982     7978     7977     7974     7971     7974     7986     8004 
    8017     8016     8007     8001     7990     7977     7974     7986 
    7998     8007     8021     8040     8062     8073     8078     8073 
    8052     8027     8012     8001     7981     7948     7906     7859 
    7809     7761     7727     7716     7726     7749     7777     7793 
    7801     7807     7803     7786     7755     7719     7696     7681 
    7669     7659     7650     7641     7643     7663     7695     7727 
    7754     7774     7780     7777     7776     7774     7767     7754 
    7747     7754     7774     7808     7863     7936     8007     8071 
    8108     8113     8108     8090     8062     8029     7998     7977 
    7963     7946     7929     7929     7943     7958     7966     7969 
    7967     7958     7943     7933     7935     7948     7966     7987 
    8007     8024     8037     8040     8033     8031     8037     8058 
    8089     8121     8143     8141     8117     8085     8056     8029 
    8005     7986     7982     7997     8014     8023     8029     8035 
    8035     8021     7996     7969     7959     7967     7983     8009 
    8040     8066     8075     8078     8085     8100     8124     8156 
    8187     8206     8212     8209     8199     8189     8175     8160 
    8139     8110     8077     8046     8019     7994     7985     7996 
    8009     8010     7998     7985     7978     7987     8014     8054 
    8102     8155     8201     8236     8262     8279     8291     8295 
    8293     8294     8301     8311     8324     8336     8344     8349 
    8352     8355     8355     8349     8341     8343     8349     8357 
    8365     8382     8401     8414     8431     8467     8510     8550 
    8588     8615     8631     8637     8630     8618     8607     8596 
    8591     8598     8607     8612     8611     8594     8569     8546 
    8520     8490     8451     8404     8345     8286     8247     8232 
    8229     8237     8255     8260     8247     8235     8229     8221 
    8213     8209     8201     8190     8177     8166     8163     8174 
    8194     8213     8220     8225     8237     8252     8270     8291 
    8319     8352     8387     8411     8424     8434     8444     8454 
    8467     8490     8520     8545     8552     8545     8533     8513 
    8494     8483     8469     8451     8431     8410     8390     8380 
    8380     8384     8394     8414     8446     8477     8500     8517 
    8520     8513     8502     8490     8482     8472     8467     8474 
    8494     8523     8549     8569     8584     8592     8598     8603 
    8603     8599     8596     8594     8598     8610     8623     8644 
    8673     8704     8731     8761     8796     8837     8870     8893 
    8911     8923     8918     8895     8865     8845     8827     8808 
    8796     8793     8796     8799     8802     8810     8822     8833 
    8850     8872     8889     8907     8926     8939     8953     8972 
    8992     9011     9034     9058     9080     9096     9108     9113 
    9107     9092     9077     9063     9061     9071     9089     9104 
    9111     9094     9062     9022     8985     8964     8955     8955 
    8959     8958     8947     8926     8893     8857     8823     8799 
    8783     8765     8733     8700     8675     8644     8610     8591 
    8579     8577     8579     8588     8602     8615     8625     8644 
    8677     8712     8738     8768     8810     8854     8889     8915 
    8942     8961     8959     8941     8919     8905     8893     8885 
    8895     8922     8941     8943     8939     8935     8920     8899 
    8889     8895     8903     8904     8905     8914     8926     8927 
    8915     8896     8878     8853     8826     8804     8787     8769 
    8745     8718     8695     8669     8641     8615     8598     8591 
    8595     8604     8621     8631     8640     8648     8646     8637 
    8641     8658     8671     8675     8683     8688     8675     8652 
    8631     8611     8592     8573     8556     8545     8533     8513 
    8490     8473     8459     8449     8441     8440     8449     8463 
    8476     8492     8509     8515     8519     8533     8556     8579 
    8596     8600     8595     8584     8560     8532     8507     8480 
    8451     8426     8410     8390     8360     8324     8299     8280 
    8257     8232     8220     8215     8203     8190     8182     8179 
    8170     8162     8163     8170     8170     8164     8149     8120 
    8082     8050     8024     8002     7983     7973     7963     7948 
    7933     7920     7908     7905     7906     7905     7909     7908 
    7900     7900     7905     7906     7908     7919     7939     7959 
    7978     8001     8019     8027     8035     8051     8059     8059 
    8054     8043     8023     7996     7967     7948     7935     7924 
    7924     7928     7920     7902     7881     7863     7854     7844 
    7825     7804     7782     7761     7749     7746     7750     7761 
    7774     7788     7799     7805     7799     7793     7789     7789 
    7809     7840     7878     7906     7913     7903     7896     7896 
    7893     7889     7898     7913     7917     7912     7909     7909 
    7917     7935     7956     7981     7994     7993     7989     7987 
    7982     7981     7983     7983     7973     7948     7920     7890 
    7863     7844     7838     7842     7839     7817     7786     7751 
    7720     7700     7695     7711     7742     7766     7785     7807 
    7827     7846     7865     7885     7906     7927     7938     7931 
    7923     7927     7946     7969     7998     8029     8056     8078 
    8095     8111     8131     8148     8160     8175     8198     8222 
    8244     8274     8310     8338     8360     8375     8375     8364 
    8344     8314     8286     8263     8244     8232     8221     8210 
    8206     8214     8228     8241     8255     8264     8264     8255 
    8240     8222     8194     8158     8118     8073     8027     7986 
    7952     7916     7882     7858     7832     7804     7780     7769 
    7777     7789     7796     7808     7836     7863     7873     7871 
    7873     7877     7879     7884     7900     7916     7923     7923 
    7921     7928     7942     7950     7947     7943     7944     7948 
    7954     7963     7978     7993     8004     8020     8040     8062 
    8077     8085     8091     8106     8128     8144     8155     8167 
    8176     8174     8159     8137     8114     8089     8060     8035 
    8023     8019     8023     8033     8052     8073     8085     8091 
    8109     8136     8164     8185     8197     8217     8241     8253 
    8263     8280     8294     8305     8313     8314     8311     8306 
    8305     8309     8313     8314     8321     8332     8341     8352 
    8371     8385     8397     8404     8410     8411     8408     8404 
    8403     8411     8424     8433     8431     8431     8431     8424 
    8408     8390     8375     8371     8378     8397     8430     8464 
    8482     8492     8509     8522     8533     8543     8552     8557 
    8552     8533     8520     8517     8513     8510     8519     8537 
    8561     8581     8591     8603     8626     8654     8681     8707 
    8729     8745     8750     8752     8758     8769     8776     8781 
    8789     8795     8792     8784     8773     8762     8756     8754 
    8754     8750     8742     8742     8748     8745     8730     8710 
    8688     8671     8658     8654     8664     8679     8688     8688 
    8685     8671     8652     8640     8637     8641     8652     8661 
    8661     8648     8625     8603     8588     8581     8579     8583 
    8595     8606     8606     8600     8595     8594     8596     8602 
    8610     8625     8642     8655     8661     8665     8672     8680 
    8688     8699     8703     8698     8684     8676     8675     8675 
    8675     8677     8688     8704     8716     8715     8712     8710 
    8700     8692     8688     8688     8687     8672     8657     8654 
    8655     8648     8635     8629     8625     8619     8604     8573 
    8536     8496     8449     8404     8374     8345     8313     8284 
    8270     8259     8248     8243     8243     8240     8232     8225 
    8232     8245     8255     8256     8256     8271     8293     8303 
    8310     8326     8343     8343     8336     8337     8343     8351 
    8361     8375     8383     8378     8365     8355     8338     8318 
    8299     8283     8275     8274     8274     8270     8267     8275 
    8290     8305     8316     8322     8322     8314     8313     8322 
    8336     8344     8351     8360     8368     8376     8384     8391 
    8394     8384     8370     8352     8324     8291     8256     8235 
    8225     8225     8236     8253     8266     8262     8252     8247 
    8247     8239     8232     8241     8256     8260     8259     8259 
    8256     8240     8217     8206     8213     8220     8225     8240 
    8263     8281     8297     8307     8310     8306     8302     8303 
    8303     8305     8303     8298     8295     8302     8314     8324 
    8328     8330     8338     8351     8361     8372     8383     8391 
    8390     8382     8379     8382     8382     8379     8380     8376 
    8367     8355     8344     8341     8347     8351     8348     8348 
    8349     8345     8332     8314     8302     8293     8279     8263 
    8253     8252     8251     8257     8272     8286     8290     8281 
    8271     8266     8259     8243     8221     8206     8195     8176 
    8151     8128     8108     8081     8052     8040     8047     8060 
    8070     8073     8067     8050     8020     7994     7983     7983 
    7981     7981     7985     7990     7987     7981     7979     7982 
    7985     7994     8012     8023     8023     8021     8023     8024 
    8029     8040     8051     8058     8060     8056     8051     8051 
    8059     8078     8110     8136     8149     8158     8167     8176 
    8182     8191     8202     8214     8218     8214     8208     8199 
    8191     8186     8189     8197     8203     8214     8222     8225 
    8224     8221     8224     8235     8251     8267     8279     8293 
    8302     8306     8303     8303     8314     8329     8341     8349 
    8363     8368     8364     8359     8352     8341     8333     8324 
    8318     8333     8365     8407     8461     8515     8561     8595 
    8623     8650     8676     8698     8721     8749     8783     8814 
    8839     8865     8889     8910     8932     8953     8969     8989 
    9007     9020     9032     9047     9062     9069     9061     9049 
    9036     9020     9008     9005     9007     9003     8992     8978 
    8966     8958     8951     8939     8928     8916     8888     8851 
    8815     8776     8743     8727     8721     8718     8718     8716 
    8706     8694     8676     8655     8642     8633     8629     8630 
    8629     8617     8595     8569     8542     8513     8494     8479 
    8469     8460     8451     8434     8411     8385     8363     8348 
    8341     8343     8345     8344     8340     8336     8332     8324 
    8310     8303     8301     8295     8286     8275     8266     8260 
    8257     8259     8263     8263     8256     8248     8245     8240 
    8221     8201     8182     8163     8139     8114     8082     8050 
    8023     7997     7973     7960     7958     7962     7966     7967 
    7969     7973     7978     7986     8005     8032     8056     8077 
    8098     8114     8125     8137     8152     8170     8191     8206 
    8209     8212     8218     8224     8233     8247     8259     8270 
    8278     8278     8268     8257     8252     8247     8245     8255 
    8264     8268     8271     8271     8275     8280     8283     8284 
    8291     8297     8291     8276     8259     8244     8235     8224 
    8217     8217     8218     8224     8233     8240     8244     8252 
    8256     8252     8245     8240     8229     8220     8214     8213 
    8213     8212     8210     8208     8205     8198     8193     8194 
    8206     8224     8245     8268     8284     8297     8310     8322 
    8326     8328     8326     8319     8314     8303     8290     8278 
    8268     8260     8255     8255     8255     8247     8235     8229 
    8228     8213     8179     8144     8118     8095     8062     8035 
    8027     8021     8006     7994     7987     7978     7966     7952 
    7943     7936     7931     7929     7933     7943     7948     7948 
    7944     7940     7933     7929     7931     7938     7948     7964 
    7981     7996     8013     8028     8031     8023     8012     8006 
    8016     8037     8070     8120     8181     8233     8270     8302 
    8330     8348     8356     8367     8380     8387     8391     8401 
    8418     8441     8463     8487     8506     8513     8519     8520 
    8513     8503     8500     8502     8509     8510     8506     8494 
    8483     8464     8440     8417     8404     8401     8398     8398 
    8398     8401     8401     8397     8398     8410     8421     8430 
    8437     8441     8447     8451     8460     8473     8492     8510 
    8520     8532     8545     8553     8561     8571     8579     8586 
    8584     8577     8571     8559     8548     8545     8556     8581 
    8612     8634     8638     8635     8621     8588     8557     8538 
    8523     8517     8519     8517     8507     8487     8456     8417 
    8371     8326     8290     8266     8253     8253     8259     8260 
    8263     8271     8275     8278     8286     8298     8316     8332 
    8343     8356     8367     8367     8359     8344     8321     8294 
    8271     8264     8270     8279     8290     8299     8299     8293 
    8286     8286     8291     8297     8301     8302     8303     8307 
    8313     8318     8324     8332     8330     8324     8314     8295 
    8271     8247     8233     8230     8226     8226     8241     8256 
    8257     8263     8276     8283     8284     8286     8283     8275 
    8262     8251     8247     8241     8236     8229     8214     8198 
    8186     8175     8164     8151     8139     8133     8125     8114 
    8105     8098     8094     8093     8093     8093     8097     8102 
    8104     8109     8120     8121     8114     8113     8120     8129 
    8143     8164     8182     8191     8195     8197     8189     8176 
    8170     8171     8181     8197     8217     8233     8233     8222 
    8206     8191     8179     8171     8171     8185     8198     8205 
    8215     8230     8236     8237     8239     8237     8226     8203 
    8182     8168     8159     8154     8152     8151     8152     8159 
    8172     8187     8201     8213     8221     8220     8213     8208 
    8205     8197     8191     8208     8232     8245     8248     8245 
    8244     8247     8256     8279     8310     8340     8360     8374 
    8383     8390     8391     8397     8411     8426     8441     8456 
    8464     8469     8479     8487     8490     8492     8494     8487 
    8472     8459     8444     8437     8436     8444     8464     8482 
    8487     8490     8499     8510     8526     8553     8579     8583 
    8583     8586     8579     8565     8559     8559     8560     8564 
    8576     8592     8600     8604     8603     8592     8575     8553 
    8526     8496     8467     8437     8421     8414     8413     8417 
    8418     8410     8401     8390     8375     8363     8357     8359 
    8361     8365     8374     8382     8382     8372     8363     8360 
    8360     8360     8364     8376     8390     8398     8408     8424 
    8441     8454     8463     8473     8484     8494     8507     8519 
    8525     8533     8549     8563     8573     8583     8596     8608 
    8615     8615     8608     8602     8600     8608     8622     8633 
    8645     8661     8677     8688     8700     8708     8710     8716 
    8733     8752     8772     8787     8791     8787     8785     8785 
    8787     8793     8797     8800     8802     8799     8796     8791 
    8783     8780     8779     8770     8758     8748     8739     8726 
    8708     8699     8695     8688     8680     8676     8677     8681 
    8681     8681     8683     8685     8684     8677     8668     8657 
    8645     8633     8622     8615     8615     8621     8634     8654 
    8672     8687     8698     8703     8707     8710     8708     8708 
    8714     8714     8710     8707     8703     8695     8681     8668 
    8654     8638     8622     8603     8581     8567     8552     8532 
    8522     8525     8523     8519     8519     8525     8526     8523 
    8522     8517     8509     8500     8494     8492     8490     8487 
    8484     8479     8473     8471     8467     8472     8486     8500 
    8517     8533     8546     8549     8546     8548     8552     8553 
    8549     8542     8527     8505     8477     8459     8444     8421 
    8397     8375     8349     8322     8305     8294     8293     8298 
    8303     8309     8310     8298     8279     8256     8233     8215 
    8208     8208     8208     8205     8202     8198     8185     8159 
    8139     8132     8124     8114     8110     8106     8102     8106 
    8110     8113     8122     8133 
